26.3007
25.6705
24.1981
22.9922
23.9522
22.0776
22.4503
23.5145
22.0398
23.7937
22.9000
23.4587
21.4162
21.1932
22.6623
23.4479
23.4600
24.8028
25.1718
24.6507
25.9513
25.4348
24.7418
24.6588
24.5223
23.8229
23.2657
24.1120
24.1449
24.1367
23.9435
23.5247
22.4601
22.2078
22.2937
24.3138
23.2960
22.9359
23.2871
20.8333
23.0486
21.6665
22.8175
23.4998
22.9000
23.6026
23.3133
23.7916
24.1218
24.2164
23.2596
24.1614
24.2377
22.1614
23.1495
23.4803
22.3901
23.1471
21.6247
23.6871
24.5277
23.6826
23.5035
24.5211
23.9721
23.1223
23.3214
25.1857
23.5125
23.5512
24.1006
23.9573
21.0262
22.2600
23.2438
22.9569
23.0905
23.0689
24.4449
23.0047
25.7818
23.0786
24.7226
23.6554
23.8934
24.5523
21.9658
24.1337
22.3019
22.0972
24.1820
25.2484
25.0372
24.1602
23.8388
22.4470
23.2147
25.1390
23.7090
23.6855
24.6615
24.3657
23.9845
22.5770
22.9916
23.3106
22.9296
23.4131
24.7412
23.3140
24.0959
25.1674
22.9357
24.9753
24.8934
23.8021
24.6186
23.2193
25.2174
25.2640
24.8247
24.6373
24.2042
23.9247
23.6303
21.6439
21.1149
23.5146
25.0404
23.7148
24.6641
24.2969
25.8569
22.2048
24.9104
25.0344
23.7798
25.4776
23.6294
22.3214
25.2074
24.5090
25.6595
25.0614
22.6787
22.4219
23.4364
24.5973
24.1566
23.1880
23.4433
23.4772
24.0763
23.7608
24.0034
23.8250
23.3612
24.1711
23.4082
23.8872
24.8358
24.8603
22.3780
24.9265
26.3901
26.2255
24.1277
24.1080
25.2608
23.7681
23.4833
23.1682
23.9361
22.7037
24.6444
24.4242
24.9505
22.9643
23.8128
24.9477
24.3944
26.0005
25.6355
24.8683
23.6619
24.3123
25.9330
24.0280
23.2511
23.9285
24.5781
23.8073
24.1772
23.6044
23.1083
23.5120
24.3052
24.9826
23.6379
23.3314
25.3279
24.2450
24.7454
25.0899
22.7201
24.4785
24.0679
24.4663
24.3368
23.2167
25.3914
25.8893
24.2017
22.7500
22.3870
23.3166
23.8934
24.6659
26.3480
27.1506
25.2011
24.6735
25.4598
24.6023
24.7953
24.7039
25.4379
25.2030
24.3026
23.8670
25.1659
27.7351
24.8935
26.6960
23.0776
25.2731
22.2072
22.9124
23.6857
24.0838
23.2478
24.5570
24.8600
23.5603
24.1715
23.6688
25.4484
23.6326
23.0060
23.5084
23.9872
23.6794
24.0751
23.3975
23.1843
23.0719
23.4446
22.8183
22.7047
22.5140
24.5653
23.5613
24.5874
24.2971
22.2989
20.4985
20.8548
20.8783
24.1489
22.7277
22.7292
22.2367
21.1215
20.5647
21.9391
23.4339
23.0577
23.6050
22.8924
23.3104
24.0689
23.6852
24.7151
23.8860
26.0372
26.1993
27.8854
25.1280
24.8424
24.0195
24.0002
24.6698
25.7924
24.8521
23.4139
25.1812
24.1496
25.6676
25.3931
23.3674
24.4822
23.7447
21.3846
22.5630
24.0015
24.5801
23.2318
23.7575
23.1559
24.8280
24.1549
22.8679
24.1364
24.2390
21.9412
23.4613
22.0203
22.9983
22.2941
21.8133
23.0492
22.5172
24.3252
21.8077
24.7096
24.9499
23.7430
25.0669
24.6476
22.7057
24.1433
24.4306
22.9411
23.7204
22.5952
23.0596
22.4836
22.0443
22.9072
23.4513
23.2300
25.2571
23.8463
24.0827
24.6278
23.1728
23.4118
23.3828
22.4578
23.0514
23.7591
22.9471
22.9022
23.4465
23.9973
23.1476
24.2678
23.3622
22.5176
24.2504
22.5937
22.8254
22.9775
23.0319
22.9322
23.9386
23.0029
23.3910
23.5684
23.7225
24.7792
23.4069
23.0049
23.1188
24.3165
24.2070
23.8724
24.5417
24.5648
26.2714
23.8010
25.5156
24.4314
23.8184
25.0296
24.6180
23.8288
23.8351
24.1021
23.9555
23.5480
24.4556
24.3179
23.8176
24.5800
25.1709
25.2659
23.2685
25.2062
24.4815
24.2501
23.8983
23.7345
23.0603
24.8207
25.7605
23.7691
24.4603
23.6918
25.2347
23.6125
25.7845
23.6103
23.4902
24.3042
23.3207
23.5917
23.6338
22.2468
23.9444
23.0557
23.1138
23.3577
23.5233
22.7397
23.2822
25.0234
23.1571
23.4359
25.1971
24.2129
26.4116
27.1721
24.0785
25.6728
24.8149
24.8376
24.6452
25.5636
27.8939
25.0223
25.3787
26.5454
26.3040
23.9758
24.8627
24.5617
25.4468
25.6070
25.6488
26.0485
24.9102
23.7335
24.1346
24.4971
24.3330
23.9888
24.7090
23.5189
25.5813
24.7359
24.4421
24.0151
24.2864
24.9010
25.0011
25.0287
24.1509
23.9182
25.0654
23.7221
24.2399
23.9655
25.5119
23.8151
25.5154
24.2823
25.9053
26.1924
25.4939
24.2243
23.9770
23.8404
23.8022
22.8082
22.4018
23.4955
25.2325
24.5738
24.4847
23.8557
25.9412
23.3227
23.4441
22.7631
23.5790
23.0267
24.3797
26.2297
28.5272
25.3815
24.3174
25.2675
23.5134
23.2575
23.6512
26.1358
25.7301
23.4114
24.0750
24.8926
24.6781
24.1234
25.0309
25.0361
25.1805
23.6643
23.0919
23.2167
23.2223
22.3982
22.7974
23.4244
24.5009
22.9084
21.9565
22.1905
22.5488
22.7735
23.2145
23.1075
23.8560
24.0529
25.5613
24.2648
22.9909
22.7401
23.2923
23.4391
24.7161
22.9310
24.4874
24.0492
26.7691
26.6402
26.8020
26.5743
27.9751
25.0808
28.1938
26.8910
29.9484
28.6958
27.3315
29.9721
28.8652
27.5431
29.2448
27.7315
26.8707
28.4187
31.0082
28.8438
30.6186
28.4756
26.2004
26.5941
28.8123
29.5264
25.7478
26.1265
25.3385
24.9919
26.2398
27.2499
25.9609
25.4044
25.8189
23.2074
23.8797
22.7665
23.9715
23.5919
23.4821
23.7591
22.0065
22.9332
23.8983
23.2041
24.3220
23.1005
23.0547
23.5086
24.0586
24.9022
25.3408
24.1931
24.2726
23.2761
26.4317
26.5783
23.1354
23.4962
23.0760
23.6988
22.8910
22.6467
25.5925
24.4277
24.8137
23.8417
23.1284
21.3644
22.6865
22.9878
23.7024
24.0405
24.2156
23.7643
27.1323
24.6455
23.9652
24.4835
23.7687
24.8371
24.6360
24.2469
25.3549
24.5253
23.1812
21.3560
23.7852
24.8646
24.0909
23.9346
23.7029
24.6084
24.7739
27.4707
24.4593
23.0491
25.0775
24.8999
23.6796
25.5700
24.3533
24.8337
23.1433
25.9312
22.9823
24.0753
24.0204
23.6111
24.0833
23.0349
24.3450
24.6098
25.3730
27.0987
24.9551
23.9699
24.9857
25.1439
26.7615
25.5533
28.6247
27.3364
26.8879
27.9471
29.3565
29.4673
29.6698
30.3497
29.6140
29.6411
29.4292
27.9563
27.2978
31.5375
27.3841
27.3001
26.9030
27.0189
27.7489
25.3667
28.7683
28.9259
27.8157
28.5974
28.7941
28.1136
29.0432
28.8708
29.7246
29.3494
28.7481
29.4138
27.2704
26.4209
28.1052
29.4977
28.1845
24.9233
27.8632
26.1576
25.8253
28.9684
28.8251
29.5943
27.0444
28.2266
30.3152
28.8311
29.5779
26.9079
27.8985
29.7345
29.4688
30.7291
28.6508
29.1202
30.5718
29.9808
28.8286
28.4633
27.7796
27.4316
26.2610
26.7568
29.8365
32.2698
29.9205
30.0190
29.6857
32.2155
30.5699
29.5341
31.1519
29.7665
31.5056
30.5249
28.6572
28.4775
26.6973
31.5214
29.1510
29.1559
28.9075
27.5212
27.9997
28.7445
27.2145
25.2053
23.2183
23.7290
26.5307
30.2499
28.3864
28.9375
30.9206
29.1596
29.6418
29.1418
27.4261
28.5725
30.5874
30.3656
29.2250
28.8565
27.3272
27.8774
28.3265
27.5693
28.4644
24.8254
26.6491
30.6193
27.1335
27.4298
28.5933
30.0774
29.4980
30.2216
29.9771
30.8848
30.5030
31.2265
30.2352
30.6238
30.6016
32.3712
31.2937
29.9194
27.3744
29.0132
29.2151
30.2169
29.1133
28.0729
27.1946
28.2217
26.0154
27.6739
29.0735
29.9512
28.5673
31.2221
29.1926
28.6889
29.3498
31.6089
30.8418
28.9163
29.6723
31.4369
30.8118
29.9783
27.7652
28.4833
29.3894
32.5409
30.7694
32.2618
29.6893
30.5738
33.1284
31.2904
29.8445
30.9116
29.4232
29.2737
29.5472
29.6280
32.2532
32.2349
30.5719
27.5188
27.1190
28.4121
31.2093
28.7134
28.4222
27.0256
28.0554
28.9811
27.7875
31.0089
29.7670
31.3346
30.0782
27.2889
25.8267
25.3023
25.2037
23.5413
26.8792
25.0648
27.2904
26.0080
28.5785
29.2004
28.9215
26.4061
27.0171
24.2815
27.0256
29.1757
27.4425
26.9415
27.4479
29.5756
29.8354
29.9692
28.0885
29.4057
29.7115
28.6867
29.6262
30.9834
30.6868
30.1326
28.5341
28.1508
29.8960
26.6185
28.6948
28.5388
28.4592
30.3931
28.3675
29.7358
29.3314
27.9329
27.4788
26.8492
25.6895
26.1672
26.8301
28.9031
31.3444
30.4347
30.9564
28.2269
26.6475
29.9595
30.0613
31.6455
30.3866
31.4521
28.8465
28.1237
27.7027
29.2145
28.7295
27.5532
27.8080
30.0910
30.0054
28.1299
27.0636
27.1437
26.4522
26.0846
25.5669
26.3816
29.7001
28.0271
27.7930
28.9906
26.4669
26.3234
27.8386
26.3623
28.4370
27.2963
29.5841
28.5839
27.7805
28.0545
27.0388
26.3240
27.6522
27.2262
27.2843
26.0326
29.0892
27.7622
28.8230
28.1522
30.4869
29.8511
28.9990
29.2317
27.2651
29.8804
30.4421
30.8730
28.2968
25.0044
27.0815
28.3579
25.2220
26.2583
27.8632
27.6644
28.5663
27.0193
27.6103
25.9636
27.1243
27.3549
25.1657
29.1081
29.5519
29.8385
26.3045
27.6571
26.9057
26.8558
29.8210
29.3451
28.6328
25.0728
26.2718
26.6270
28.1257
26.6452
25.6269
26.3899
27.7989
26.4699
28.5129
26.5509
29.8592
28.6121
28.4568
28.0024
28.3100
29.2242
30.0714
28.0524
25.8663
28.2668
31.1175
29.6526
28.2352
28.1650
30.6244
29.7366
29.6849
31.9743
31.6163
32.1065
29.0913
30.6909
29.4138
31.9124
30.9364
29.7267
28.0390
31.3162
31.4824
28.6431
30.7729
30.0487
30.6623
29.8037
29.4021
30.5761
27.1050
28.3663
28.1067
30.0684
32.5278
28.5298
31.1086
29.4797
28.3783
28.8916
29.5284
29.7389
27.5764
28.5724
29.6295
30.1987
27.8292
29.3893
29.2580
30.2930
27.0445
28.0085
29.7161
30.5342
31.5056
30.0418
30.5386
31.8459
31.6084
29.4074
30.2571
30.3332
30.4997
30.8346
30.2228
31.2893
30.7830
28.2375
30.0958
27.9509
28.9820
28.4331
29.2706
28.6572
28.3205
28.3857
28.4896
28.7722
28.8982
28.8364
29.8370
29.9287
30.2477
31.3417
29.1545
28.3764
28.4612
28.2277
26.7064
29.0928
30.1151
31.4406
30.6348
30.9331
31.3634
29.7566
31.4816
31.2891
30.6093
31.1785
32.0081
30.0459
28.5888
30.9114
29.3602
29.4806
28.5751
29.7366
26.1272
28.2635
28.1524
26.3699
28.2004
29.0591
29.1571
28.4309
27.8595
26.1863
29.9748
24.7220
29.4520
29.4676
28.1441
28.1998
28.9706
30.7183
28.0358
26.4096
28.9727
28.1913
26.2633
27.2913
28.6644
28.7950
26.8216
30.8793
31.4989
31.3252
28.7555
29.7631
29.1254
29.1491
29.5011
28.8884
28.3290
27.2013
28.3666
27.6217
27.8681
27.9633
24.9615
24.7563
24.5046
25.8090
27.7382
28.4308
28.3170
27.5618
26.9186
26.1371
27.7659
28.2948
26.8293
27.2808
28.0768
27.2755
27.1892
26.5607
26.6984
26.0531
25.9959
27.8744
26.5939
25.4825
27.5609
28.2736
26.6225
26.0605
26.7131
26.4509
26.1139
27.5345
28.0361
28.0268
26.0051
25.3527
26.3045
28.8115
27.6900
26.7855
26.0765
27.9675
28.6379
27.2227
31.1793
27.8170
28.3040
28.4189
29.5237
30.3179
27.2612
26.9810
26.6602
29.6755
27.2192
28.6898
27.6480
27.7697
24.8586
27.4141
26.7104
28.4810
26.1103
25.7750
28.1401
29.0757
27.3523
24.9652
29.6183
27.0845
27.5862
24.6257
24.8776
24.1355
25.3896
24.3873
23.7591
23.2464
23.1904
25.6984
25.5049
25.8263
25.6855
24.7319
26.2374
27.1731
27.4096
27.1856
29.1513
29.0051
28.4486
25.5062
25.9514
27.3150
26.5676
27.4597
24.9466
28.8817
31.8233
29.8592
28.3335
26.3100
28.8211
29.0856
29.4537
27.8626
27.3929
26.8901
28.5563
28.1627
27.4663
27.0561
26.0886
30.8223
25.4730
24.8174
26.8870
26.6174
25.6376
26.3558
24.1113
28.2059
26.3521
29.0640
29.6975
27.2262
25.7747
26.4493
27.1061
26.6057
27.1520
28.1706
27.3493
28.1553
28.1495
27.2468
25.4214
26.2459
27.2106
28.0157
28.9308
30.3558
29.9886
28.2455
30.1554
27.3056
28.0203
29.2834
28.8620
28.6492
28.4171
28.3538
29.1297
28.6674
27.4820
28.7348
28.2037
28.1240
28.7307
26.4743
28.6386
25.8463
29.9713
28.4531
27.9314
30.6733
27.8808
28.6261
28.7039
27.9859
30.1000
26.9495
27.6019
27.6064
27.9785
30.8446
29.7096
26.0705
28.0089
27.6292
24.2515
28.0321
27.3886
25.7822
28.2377
28.5257
27.1905
25.7877
28.6533
29.2761
29.3488
27.4910
27.8980
27.7884
30.2403
28.9868
27.5541
29.6841
28.7994
29.3882
28.3029
29.1117
31.0760
29.4285
29.8139
27.9559
26.4855
26.7556
27.9880
27.6895
28.4318
29.5391
30.9562
30.9902
31.0445
30.0043
30.7654
29.7205
27.8092
27.1997
28.4279
27.4088
28.2016
27.4356
30.2648
30.4457
29.0620
28.3056
30.7159
30.7150
31.5594
28.2194
29.2215
28.3084
30.8573
32.0302
30.4461
30.3383
30.0426
28.4160
28.5974
28.3458
30.4570
29.8039
27.5556
28.8100
28.4098
29.3727
29.3575
30.2993
29.9561
28.4289
28.4677
28.0230
27.7699
26.5920
26.2375
26.1335
25.0871
25.4939
27.0518
28.5325
28.5996
27.8453
28.1871
26.6166
28.3552
25.8582
26.7794
28.4400
29.3910
26.2434
24.4657
23.8920
25.1821
24.5721
21.7691
23.4499
23.9273
22.7492
25.2172
24.3617
21.9094
22.6372
23.6828
23.1535
21.6142
26.4622
28.6413
25.9813
24.2758
21.9803
24.5123
25.1031
23.1421
22.4055
20.2778
21.1328
23.2553
23.5211
22.7852
23.3459
23.0239
23.8718
24.0435
25.2241
23.3556
23.4503
24.2360
24.2308
24.9757
22.8861
24.5739
23.6279
23.7512
23.3659
22.2912
24.3262
22.8559
22.6828
24.7191
25.4474
25.1083
23.2527
24.9975
24.6192
26.5874
27.2197
27.8131
24.7670
25.8600
24.4982
24.7350
25.0279
24.3963
27.8380
25.8664
26.7321
26.1921
23.7375
25.1620
22.3410
28.5567
25.4029
23.9134
23.6834
23.7187
24.2310
23.1980
22.2339
23.1996
21.8831
24.3066
24.7558
23.7963
23.6407
23.6291
22.7640
24.3405
22.3328
19.6431
22.7799
21.9642
22.3672
25.0475
23.2083
26.0218
25.2668
23.9296
23.2134
22.4100
23.2886
22.8274
23.4241
24.7459
23.0076
22.6724
22.7335
24.3117
23.7881
25.2954
26.6983
24.4384
25.2317
26.0706
25.5137
25.1322
25.3790
26.7202
26.8799
27.2436
27.4276
23.9655
24.0825
24.6810
24.7691
25.5612
25.7762
23.7046
25.1451
23.2938
23.8494
23.9534
23.2328
21.7571
22.4037
24.0524
23.2286
24.0851
24.1272
24.2738
24.4647
24.1035
23.8872
23.6527
22.3840
24.3174
23.9525
25.3542
23.7222
23.3301
23.2349
21.7976
21.1880
24.1355
23.1134
24.4722
23.4673
24.0382
23.9187
22.6107
23.4151
24.1638
23.9238
24.6262
23.4439
23.3535
24.3116
23.9713
22.5304
22.9028
22.6612
22.2906
22.7586
23.1240
22.8483
22.2185
23.4051
24.1145
21.5859
23.2692
23.7835
21.0339
23.1100
22.4849
24.4326
22.6522
23.6244
23.7821
22.6187
21.7144
23.3588
22.7571
21.8109
22.4552
20.3168
22.8580
21.8751
21.5221
22.5002
22.3298
24.9918
23.2066
24.5043
21.8247
22.9205
23.6813
22.6045
24.4123
24.4198
25.8359
23.5930
22.9483
23.3972
24.2578
23.5552
23.3037
23.2040
25.2529
23.9707
24.4803
23.8946
26.3262
25.2242
23.7672
23.1821
24.0033
25.7503
25.6182
23.1784
23.5550
24.5744
25.7256
23.8119
23.8830
24.6266
25.3562
23.3738
23.2488
24.0303
23.9508
23.2805
23.3231
23.8728
23.4283
24.1717
24.5091
24.7466
23.4748
23.9167
24.0638
24.5097
24.7684
25.0364
23.4487
23.3267
24.6430
24.5680
25.8737
25.1648
25.9337
23.5762
25.4322
25.5599
24.3659
24.4302
22.4222
23.5855
23.9017
23.5758
25.0965
24.4556
24.6297
24.2092
25.5225
23.4011
23.7475
24.1745
23.6178
24.7557
24.9332
24.8190
23.7513
24.8421
25.7855
26.3354
23.9606
24.5917
27.2547
26.3090
24.5247
24.4337
25.0607
25.5913
26.7076
27.4061
29.1221
28.2332
25.3275
27.5012
25.5802
25.8533
27.0164
26.8962
26.9963
25.9985
28.5644
27.4103
27.5994
26.7060
28.1872
27.9037
29.1548
26.8955
27.4129
29.2207
26.5409
26.6151
27.6021
29.5903
28.8645
28.2842
30.3977
26.6032
27.8141
27.3687
27.6787
30.1144
29.9582
27.3131
27.9089
26.5406
25.2105
27.6321
27.4191
27.0988
28.0495
27.3029
27.0846
26.3473
27.0965
27.3458
28.5820
26.7726
30.1681
28.3432
27.2781
27.3564
27.3540
26.2950
26.8649
27.1804
26.7659
27.0709
24.8725
25.4045
25.4896
25.7866
25.6411
26.3072
26.4145
26.9752
24.6307
27.1650
27.6042
27.0396
25.9565
27.2116
28.1448
27.9273
23.6243
25.5075
23.3665
26.2588
27.9091
28.1881
25.4724
25.3602
24.7487
23.2956
22.5476
28.0205
29.5480
28.1911
27.3710
27.1432
30.4571
26.8368
26.8620
26.5560
26.2126
26.0820
25.1184
25.0908
27.8150
28.6569
25.6281
30.4976
28.4441
30.3926
29.7951
28.6845
28.9029
27.6303
30.1107
32.8750
30.0706
30.3625
29.6162
28.6288
28.7218
27.4066
27.3248
29.5939
30.4217
29.8459
30.2478
27.7168
29.0486
27.1787
27.1876
25.4809
24.7354
24.6702
26.2952
27.0066
26.7112
28.5843
26.8839
25.6170
28.9238
27.1422
27.0254
27.0127
28.0097
27.8987
27.9500
25.9932
28.7048
26.6800
28.0263
28.6580
27.4904
26.8475
26.0170
26.2264
27.2668
26.8911
28.4700
26.8535
27.9436
26.4575
25.3882
27.3858
27.6851
28.8969
30.0313
28.7556
28.1845
29.2594
29.1419
28.5448
28.2944
24.9910
24.7661
27.5292
27.7016
28.6048
26.8449
28.7044
28.2091
27.3558
27.8446
28.8366
28.2150
28.9179
28.0141
29.6897
27.5202
26.5562
27.0958
28.5578
29.6072
28.0681
27.9102
25.7197
27.1956
26.9085
27.1933
28.1416
27.1949
29.2582
28.5278
27.8659
27.3503
27.6745
26.8799
26.3403
29.2342
25.9687
29.1149
27.9592
27.3516
28.9190
29.9570
27.8016
30.2636
28.5985
29.5158
28.6162
28.6886
28.0883
28.3834
28.2244
26.7666
28.1689
27.6302
29.5018
27.6293
31.4305
28.3218
28.9184
29.5726
28.4060
28.7972
29.2186
26.8784
27.3970
28.3143
28.6907
28.6609
28.9988
28.3236
26.6347
26.1982
27.0793
27.6152
28.4349
27.8371
29.0512
26.6393
27.6021
27.5505
27.7343
26.7866
25.8889
25.0787
25.4281
25.5307
26.2065
27.1007
28.5359
29.0364
28.7791
29.7009
28.9058
28.9446
26.0084
30.0812
28.4967
28.5738
28.3453
27.8300
29.2976
30.8955
30.5886
28.9235
27.2672
29.5913
27.4435
28.4357
30.4760
30.2719
31.2065
28.5197
28.4441
29.8239
28.3910
29.1825
30.1582
28.8677
26.8749
27.8755
27.4122
28.5932
27.3067
27.4268
27.1261
27.2403
28.3755
27.2632
28.0943
26.4173
26.6951
25.4386
26.9311
25.3132
26.7836
26.5195
24.8486
26.4531
24.7282
26.6342
27.0217
26.2196
27.1967
25.8691
28.8671
26.8789
25.0083
25.1220
26.5832
26.0821
26.4600
27.4345
25.6891
26.5379
29.8172
28.8922
26.8504
27.8112
28.1298
29.9327
26.9749
28.5302
28.9930
28.0182
29.9772
31.3600
28.1865
29.8116
29.0294
27.8972
27.1978
26.1607
27.0576
27.4570
25.1893
24.5652
25.9377
25.6128
28.6827
28.5144
29.9802
30.4426
29.5628
26.4634
28.9359
28.2357
29.0498
29.2310
28.4269
29.2815
28.7595
28.6132
29.3743
27.4146
27.1245
26.9495
29.7872
27.1944
27.1343
27.0646
27.7425
26.6793
28.5462
27.4642
27.6220
29.4592
28.2171
28.8719
26.8378
27.9244
27.9058
28.3752
25.6589
26.2483
25.8038
28.3366
28.3078
28.6356
27.2114
27.4211
25.4567
27.5007
27.2639
29.2417
29.8566
30.9198
29.8445
27.9754
32.5044
29.7527
28.9810
28.8371
25.3980
26.4269
25.6183
25.5242
26.8169
27.8310
25.7938
25.2800
25.5598
25.8502
26.2719
27.1448
25.4689
24.3008
24.5458
25.0216
24.7650
26.5521
27.1354
26.6459
26.5053
27.9129
28.3472
29.1729
28.4467
27.4932
28.5700
27.6064
25.5503
24.9186
25.5146
23.3557
25.0167
23.8505
24.2039
25.9138
25.3344
25.2163
26.0306
26.7754
27.0808
27.9941
27.6560
25.6501
26.9829
26.1246
26.5870
27.9977
24.9106
24.6639
24.9237
24.0750
24.1907
27.6691
26.5789
27.5606
24.9822
25.1274
25.0040
26.2387
25.3122
23.6772
24.5593
25.4523
23.8449
26.9314
25.5230
25.4006
24.7395
27.3937
26.8469
27.2189
25.6447
26.6485
25.3776
24.7608
26.0356
25.0403
24.0845
24.2905
24.6736
27.9838
24.7790
25.9976
28.8132
27.4786
24.9348
24.8830
23.8124
24.3065
24.9439
25.6884
26.2843
24.7206
26.9960
23.1273
25.2748
28.3951
26.4210
27.6292
27.7752
27.3213
26.4664
25.1321
27.9384
27.7144
26.3664
27.9664
24.8727
26.6155
25.6698
28.2684
29.4769
27.0183
27.0281
26.7955
27.3473
24.5002
23.9518
24.7569
26.3848
25.7968
25.1258
24.8880
23.8398
23.4852
22.9836
23.3731
23.5512
25.0594
24.0482
23.6840
24.3057
24.4358
23.5439
24.2593
23.0338
23.9563
22.9599
21.3631
23.8698
24.4172
24.7738
23.8241
23.3533
23.0030
22.3941
22.4896
21.7259
21.5832
20.1053
21.5463
22.2129
22.7220
22.3584
22.4702
21.6947
23.5628
24.0919
24.6720
24.3732
24.9484
25.5521
23.8351
24.3637
24.2502
22.1897
20.6751
21.8453
21.0328
21.0928
21.9656
21.5500
21.5028
23.3824
24.0025
21.5026
22.6324
22.8864
20.6657
22.0180
21.6255
20.7796
20.9320
20.7288
22.4193
21.1012
21.9716
23.6627
22.6646
23.1364
22.1458
23.6788
24.7196
23.3304
22.8567
23.0562
21.8081
22.2910
22.1381
21.2296
20.4570
23.2717
23.2289
24.2720
22.5896
23.5450
23.2529
23.3987
23.7563
25.5614
24.0873
26.0744
22.9731
23.2326
22.3224
22.9045
22.8993
23.6248
20.9909
21.3892
22.0971
21.3118
21.4795
23.5206
23.4565
25.4275
25.5894
26.6626
23.3656
22.8781
24.9450
24.4362
26.6145
25.2208
22.5951
22.6281
25.8088
25.2900
23.1134
22.3394
23.3199
21.5970
24.9350
23.5448
23.0276
22.6528
23.3307
22.3063
25.4113
24.3040
23.3907
24.7841
24.6368
23.0859
23.5519
23.6400
23.7526
23.8606
23.6573
23.0515
23.8361
22.8992
22.6544
24.1174
22.7380
22.7553
22.9778
23.9935
22.8631
22.7227
25.4393
24.7231
24.4036
26.3768
24.0675
20.9798
23.8407
23.7891
22.9445
24.8666
24.2287
22.5105
25.2654
23.5918
24.6931
23.5301
22.0560
24.1640
26.7395
25.4147
24.0118
23.8771
23.6664
23.3958
25.1977
22.4785
24.4268
23.6732
23.7084
25.2084
23.1448
22.9063
25.6237
25.4392
25.4040
23.8931
27.6763
25.0274
22.9945
22.9166
25.7880
25.3560
26.2624
27.5284
25.3654
26.8720
26.6825
27.8994
27.8158
26.8166
24.6510
26.4469
25.7944
29.1597
26.7921
27.8280
26.8974
26.4464
29.3832
27.9150
28.2247
29.1516
26.8838
28.0499
26.2162
28.2707
30.1635
28.1097
26.3101
26.3210
27.7624
27.3705
26.8098
25.2484
26.7870
23.9442
24.7258
24.1444
23.4910
23.3814
24.4670
23.3123
23.5473
23.8266
22.9993
23.1174
27.0767
24.0697
23.9821
25.9352
25.4134
23.1853
26.3551
24.8243
24.5697
23.7633
22.9207
21.8947
23.5846
25.2325
23.0067
23.0892
22.6759
22.3842
22.9743
23.1810
24.7217
27.3311
26.0243
24.5221
24.5254
24.5956
23.8983
25.9151
22.5116
24.3704
24.5584
24.0525
21.5439
24.4263
21.9977
23.0817
21.7265
23.5672
22.4300
21.4658
22.3463
24.5223
24.0342
24.3745
25.0908
23.9334
25.1022
24.3136
22.8838
23.2008
24.3593
24.4202
23.5930
23.7476
22.6774
23.0827
22.8904
23.1104
21.3898
22.4226
22.3160
22.7396
22.2846
21.8824
22.3406
23.3651
21.7613
23.6379
21.6616
22.0439
23.0866
23.1548
22.9024
24.3457
22.4458
21.9066
22.7632
21.6716
22.9566
22.5579
20.6238
23.3303
23.5839
22.6856
20.3775
22.9985
24.4583
24.2561
23.0547
22.9198
21.9801
22.5676
24.1031
24.7995
22.4196
23.6981
22.7224
23.0849
23.9837
24.7355
22.7613
22.8218
23.8690
23.1717
23.2842
24.1622
22.4614
22.8548
25.1058
23.4777
26.4238
25.8490
25.4153
30.3740
26.2834
26.5797
26.9297
26.6547
24.8802
25.2773
25.9885
27.5622
24.5634
25.5513
26.0501
27.3999
25.5401
23.2566
23.3591
24.1732
25.6530
22.1705
25.5993
22.9648
23.9853
24.4508
27.5239
25.5438
25.5567
24.8624
23.7246
23.8984
24.5250
23.0585
23.9476
25.2268
24.5040
24.3903
22.3920
24.2123
22.6846
24.0067
23.8625
24.5843
25.5095
23.7648
24.8561
24.5975
23.2184
24.0460
22.7930
24.1019
23.8982
25.1752
23.3073
25.0005
24.7139
24.6189
22.3609
24.1218
22.9335
26.3062
25.0258
27.4846
28.4358
29.2362
29.5380
30.2268
31.2596
29.0113
28.0765
27.5495
28.5875
28.3054
27.2079
26.8627
27.9630
28.7341
30.5228
27.9133
25.1423
28.3557
27.8522
26.7671
26.6812
25.4551
22.9377
25.2412
23.3342
24.2395
28.1112
24.0951
22.1276
22.2172
26.5338
27.8781
27.2756
27.1666
24.3568
23.6619
24.9031
23.8682
23.8844
22.4559
23.0910
23.2734
22.6729
22.7973
25.1915
26.6335
25.9023
25.5840
22.5462
23.5769
23.6319
22.9209
22.8344
23.3747
23.3020
23.0764
22.9806
20.8481
23.5164
23.0230
22.9236
23.7045
23.9320
21.6010
21.5847
22.5330
23.9022
23.0093
22.8627
23.7234
22.4843
22.6844
24.5036
21.9848
21.1095
22.1935
21.6356
20.2334
22.8485
23.1553
23.9726
21.7343
23.2716
22.0715
21.7682
23.3016
22.8492
23.8087
22.7612
24.3613
24.1475
25.0421
25.3613
23.0516
24.4239
21.8334
23.5857
23.0914
24.0814
24.4582
26.1755
26.7497
23.9548
23.6717
24.0916
23.4996
23.6028
23.0431
24.0245
23.7674
24.3348
23.1710
24.7222
25.5661
24.8106
26.0403
27.8443
28.7115
27.0944
28.6928
29.5502
30.6516
30.7326
27.5828
28.1141
28.8127
29.4689
31.5396
31.0262
30.0254
29.5613
30.3190
32.0551
30.4534
31.2832
28.9633
29.2346
28.6971
29.0135
29.1963
29.3467
26.7637
27.8861
30.4153
31.2027
28.0804
27.6979
29.1000
28.9407
31.0011
26.8636
29.6651
29.7113
26.3429
25.9271
24.7973
25.9336
24.8744
28.1721
27.4002
27.7704
27.7334
25.4348
27.8756
26.5796
28.0068
28.2809
26.1593
31.5470
29.4503
29.4848
26.9128
28.7405
27.8614
27.9145
29.8962
28.3835
23.9515
25.8806
25.8354
25.6130
26.2524
24.4070
23.7190
23.3882
22.8646
24.4777
23.9964
22.9043
22.9683
24.2494
22.9470
22.3947
24.7801
26.1855
23.9221
23.4166
24.5954
25.2943
23.5574
23.1606
24.5961
24.0755
24.0652
24.8903
22.7154
22.4986
24.2956
25.3681
25.2573
23.6274
23.9757
24.1495
24.1131
22.3433
22.4061
23.8855
23.4221
23.3299
22.6866
22.9681
22.4045
23.0171
24.0351
23.5461
23.6086
21.6992
23.9501
22.0500
21.9774
22.8432
22.8398
22.6650
22.1376
23.9831
23.2425
22.4697
21.6517
21.9611
20.6778
21.7665
22.0341
21.7628
21.0812
22.9691
24.5052
22.0644
24.7671
23.5592
22.2335
22.0901
22.5778
23.8056
25.1227
24.4577
24.1536
22.2484
21.4370
21.2057
22.3075
22.1473
21.2175
23.7854
21.5966
21.4682
20.4874
21.2288
21.1764
20.5296
21.2020
22.0133
20.5076
20.3666
20.3308
22.7573
20.1440
22.3973
20.1460
21.3196
23.1354
21.4621
21.9866
22.6968
21.4417
21.4538
21.0374
22.8522
21.5592
23.6994
22.8522
22.3349
22.3246
23.0929
23.5054
24.0003
23.8787
22.7878
23.1622
22.9787
23.7930
26.0845
24.2339
24.5634
23.7815
24.8764
25.8067
23.7352
23.5891
24.6059
25.1124
23.6777
23.8936
22.5653
24.5190
22.6661
24.0479
23.4711
22.7516
23.6627
23.1264
23.3546
24.7146
22.6118
22.6620
22.9371
23.2218
24.5828
23.7250
24.1440
25.4146
23.5468
24.5510
22.3527
23.1494
21.4210
23.4895
23.1083
21.8734
23.3298
23.7168
23.9121
22.8144
23.4144
22.3670
22.3431
23.9731
26.1753
27.3755
27.2545
26.8114
25.6004
23.5587
23.1790
23.9340
24.3013
23.3265
22.0638
24.0722
23.4098
23.2860
24.0722
22.6687
23.5060
21.9769
23.6830
22.8211
22.6619
23.1060
24.5001
24.3191
25.0642
24.4852
24.1276
23.7721
22.3557
24.1928
27.9556
25.8001
25.4505
26.6347
24.7546
25.9433
24.1554
24.6842
23.7644
23.0306
24.1855
23.0059
21.9550
23.4424
22.8189
21.3844
22.6229
23.3341
25.2182
26.1352
23.8072
23.5491
25.0235
24.5429
27.1507
26.1357
25.3514
27.2808
25.1624
26.9836
26.1264
28.1558
26.5787
26.7407
26.1412
27.2992
26.2159
26.6487
28.4480
28.6667
28.1278
29.3592
29.6546
30.4700
30.2499
28.4914
27.3221
26.8901
24.5283
26.6562
26.5840
25.8602
28.0876
28.8572
27.3162
26.9892
28.4586
27.6138
28.2300
28.2937
28.8980
29.3421
27.1015
27.2207
25.2005
27.3217
26.4047
27.0116
26.1859
27.7683
27.4652
26.3418
27.0159
26.8517
28.3480
26.5126
28.7691
28.8166
26.2370
25.6672
29.3251
31.1919
29.3940
30.9809
30.1470
30.1686
29.1719
29.7600
28.7886
26.6580
28.1393
29.6598
32.0487
29.9139
28.9545
29.4688
31.1148
28.5426
29.6416
27.6288
26.1244
29.3319
28.9334
28.1690
30.0379
27.7979
29.6656
27.8473
30.5350
29.4090
30.6712
29.2124
29.3285
31.6589
29.6450
29.1280
29.1949
30.2260
29.8284
29.0298
26.4258
28.3863
29.5150
32.3633
30.3592
32.9150
29.8506
30.7550
27.9582
26.7046
27.3205
29.7594
28.6835
27.7364
30.1748
29.1184
28.0359
28.0080
29.1989
28.1129
28.9285
28.0602
27.0839
25.8004
26.6138
28.3983
30.3067
27.4837
28.0725
27.2569
29.1406
27.5566
28.4847
27.2537
29.9898
26.8978
26.7670
28.1727
30.2621
28.7460
28.9833
28.8840
27.1154
28.7981
31.1346
27.5932
29.1192
28.2429
31.7426
30.3541
30.0518
29.3719
28.4981
25.2288
25.8676
26.4216
27.4105
26.0586
26.2028
25.3011
26.8504
26.7715
27.9188
26.9404
27.6262
29.9136
27.0314
25.6779
25.1865
27.2482
27.4515
28.0693
28.2983
27.0684
25.9404
28.6954
30.8866
28.1814
29.6322
30.4601
28.7108
30.3875
28.5952
29.4457
27.8198
27.6862
28.7145
28.4769
28.6183
28.3550
29.4860
28.3748
29.3788
25.6422
31.2762
30.5421
30.1794
25.4776
26.2438
26.1213
25.4074
26.9325
24.5784
26.3665
27.9741
27.1746
28.2049
28.9096
29.1105
30.5954
28.4309
30.0623
29.0616
31.2300
28.5738
31.2930
29.9440
27.8370
27.7911
29.0650
30.7518
30.2387
29.9683
30.4101
28.7586
29.6115
28.4777
29.9032
27.7458
28.0981
26.4199
27.5559
27.5026
25.3663
27.6077
26.4725
25.7102
28.1093
28.3598
27.3080
26.3883
28.6730
27.1276
26.9565
27.8472
28.6318
30.7201
27.7641
26.7910
26.2079
25.5751
27.7866
26.8134
29.7554
27.3926
26.9850
26.6323
25.1944
26.6066
30.3563
29.6179
27.6954
26.2976
27.2463
28.6521
26.7658
25.9422
26.3536
24.7021
26.7453
27.4476
28.4474
29.2148
27.8435
27.4309
25.7346
27.5814
27.0502
27.8276
25.8428
25.1127
25.0041
25.1838
23.3531
24.1049
25.2881
27.4074
26.5530
25.7373
24.7746
23.9934
24.2456
25.2581
25.4851
24.2692
25.8510
25.3707
25.7322
24.5828
25.3234
24.5974
23.8733
23.5904
24.6748
24.2825
23.3970
23.6108
24.7745
24.9059
25.2648
24.9745
24.1477
24.5567
25.5536
24.1799
25.3171
23.8917
24.5822
26.5597
25.0865
28.4569
26.2189
25.7051
25.3861
28.6567
29.3285
29.6068
28.2743
27.4304
27.7717
29.3358
29.2475
27.4311
26.6013
27.8908
27.5432
26.1760
25.0744
28.2445
26.3526
26.0948
25.9377
27.4477
24.7578
23.7526
25.4398
26.7752
27.8063
26.6915
27.6703
29.2203
27.0321
28.6769
28.4130
27.6624
25.8521
25.4532
27.7184
29.0854
31.4341
28.2903
27.2703
28.6216
27.2153
27.5268
25.6864
26.1665
27.9251
25.5719
23.9680
24.1100
25.1823
25.4373
24.4995
25.8627
26.3750
26.1864
28.8230
25.8299
23.7846
26.0090
25.2994
25.3592
25.5230
23.6119
25.5077
27.8291
26.5930
23.8653
25.8014
25.5115
24.9138
23.1913
23.9864
27.0154
23.0511
24.7796
23.9140
23.6657
24.1416
27.4435
25.7927
24.3404
22.4569
24.8628
22.8965
23.5151
23.6058
23.8616
23.1064
23.9982
25.0794
23.9790
24.8699
25.4165
26.4484
24.5057
24.6353
23.7240
26.2399
25.6264
25.0917
23.7652
24.6841
25.9928
25.6000
25.1048
24.7705
25.7994
23.8236
24.2671
24.5406
25.6861
24.3718
25.0296
26.4995
24.2597
24.3242
26.4503
24.5810
25.6385
25.7826
25.4323
24.3352
24.3852
24.8349
25.9152
23.2661
24.0108
25.9336
26.4918
24.9168
24.5190
26.4856
26.7212
23.6487
23.8449
23.2332
23.6082
24.3011
21.9770
22.5256
23.4864
23.3971
23.4006
23.6808
23.2786
25.5501
26.7921
26.8698
27.9688
28.7885
28.3567
29.6825
26.2490
24.6646
24.8472
25.6853
25.7241
24.8024
25.5486
25.7156
28.8146
29.3710
26.9063
24.6294
25.6923
22.8954
23.6907
24.8118
25.5703
25.7390
24.7864
24.2836
23.0939
23.5677
23.5110
26.0296
23.5475
24.8813
23.3888
22.8366
23.7475
23.6145
24.0436
23.4246
23.9505
24.6691
24.3349
24.5041
25.3403
23.8796
24.6028
23.6480
24.2966
23.7954
22.5934
24.1015
25.7686
25.2136
22.6817
23.4687
23.1885
23.8221
24.2843
22.9907
21.5025
23.7636
23.6765
24.0832
24.4113
23.7860
23.8792
24.2955
25.1085
24.1598
26.7446
26.7006
27.1955
25.3740
25.5273
24.0078
22.8718
23.1077
24.4496
23.9088
22.8079
21.5028
21.3704
24.0159
22.5241
23.8534
22.5860
22.9170
22.8719
22.3396
20.6623
22.7279
22.8021
23.6069
23.9073
24.3249
22.6376
24.3523
24.1444
23.2960
22.7542
23.9973
23.7033
24.7412
25.4501
23.3532
23.9958
21.7525
23.7367
22.2195
22.8116
25.1994
24.7477
24.9961
24.6910
24.2201
24.5495
25.1017
24.4260
25.8110
24.1218
24.7215
24.4488
24.1548
25.4764
23.8241
23.1772
24.0748
25.1956
24.3564
24.3567
26.1996
23.0165
23.2260
22.2553
23.1689
24.8347
23.8673
23.2134
24.1313
25.4233
25.4242
25.4191
25.0469
23.2242
23.5922
24.8992
25.6962
24.2472
23.8797
23.9959
22.6637
24.9923
24.1743
23.8676
22.6445
24.3927
25.0489
24.6529
24.1081
24.4084
23.2167
23.5229
22.3114
25.2526
24.5219
23.0326
22.9506
22.6051
23.1688
25.0536
23.0904
24.6647
24.5000
21.9303
21.9275
22.3396
21.7081
22.8649
23.3336
25.1340
22.9149
23.8828
24.1886
23.1068
24.6196
22.5975
20.3546
20.3089
20.0440
20.9109
23.2365
21.8527
21.5071
21.0754
22.5396
23.6731
24.4581
23.7783
25.8097
28.3051
26.3040
24.4736
26.1382
25.2739
26.8688
26.4958
27.6873
25.8070
26.5808
23.6023
24.6041
24.8073
27.2049
27.2196
25.4589
25.3863
27.5282
24.8523
23.9604
24.1196
22.7886
23.3638
23.1856
22.9866
22.8414
23.3926
23.0492
24.5462
23.7484
23.4001
24.0376
24.2213
24.2114
23.8245
24.2537
23.5432
23.9740
23.4375
22.6715
23.0718
23.3829
22.8866
22.6999
24.1294
23.4502
23.9530
23.4661
25.6445
25.3041
22.1194
23.3154
22.0237
25.5883
25.3246
26.8341
25.2480
25.4023
23.0740
23.8052
24.4714
23.5722
24.0796
24.1581
23.7889
23.4110
25.6726
24.8348
22.9485
22.4870
21.6542
22.8171
22.9420
25.1696
23.1853
23.9934
25.1051
24.1031
22.6119
23.4946
21.9870
23.9109
22.7075
22.7006
24.7689
23.2577
23.5981
23.6631
23.2618
24.8119
23.5612
25.2754
25.7703
23.7920
22.0539
23.0575
23.3688
22.4457
22.4863
22.2074
21.0837
22.7861
22.0439
22.0436
22.1221
23.4530
23.9614
24.5136
23.3026
23.1028
24.5431
25.7103
25.2971
23.7817
24.0676
23.3289
24.0062
23.2859
24.0142
23.5409
22.7615
22.9081
23.7662
24.1253
24.1614
24.3541
22.9905
23.5032
23.1966
22.5175
23.2628
24.4209
22.5224
22.4058
22.7716
22.3340
23.2540
23.7978
22.6173
23.6611
23.3275
23.2011
22.4934
22.4238
23.6287
22.5261
24.4551
23.1800
25.1647
23.7210
23.0132
23.9581
22.3146
26.7692
24.0095
22.2832
21.9769
23.8990
23.9687
23.5531
24.1521
23.7771
22.6432
22.6244
21.6757
23.9943
22.8281
22.5997
22.5685
21.7618
22.5943
23.2998
23.6332
23.2966
23.7919
24.8435
24.5150
24.4746
23.2498
23.8962
24.3976
24.7829
24.2113
25.1807
23.8427
23.6237
22.5422
24.1879
25.0720
25.7637
24.8738
23.7334
22.8312
23.1134
23.7400
25.3357
23.3483
24.0399
23.5205
24.4042
24.5788
22.3016
23.2716
24.3710
24.8756
24.1754
24.8575
24.8817
23.4036
23.9477
23.5444
23.6807
24.1360
23.4817
23.5812
24.7991
25.2694
24.6019
24.2790
23.7212
24.9823
23.4920
22.1770
24.1447
23.0949
24.8092
21.8645
21.9990
22.9683
23.5052
22.1463
22.6523
22.2002
22.3222
23.1365
23.4964
24.4223
22.0967
23.3517
23.8489
22.8177
23.0574
22.9991
24.0918
23.9535
24.0876
22.9937
23.5950
24.2211
23.1533
23.3811
22.5677
25.5171
27.6129
28.1580
25.5840
23.5479
22.1989
23.1552
24.2929
24.4064
23.6461
23.9247
23.8829
21.9353
22.8137
23.7708
26.3730
22.9579
23.1734
22.1375
21.5938
22.6281
24.1118
23.5325
22.8744
23.4603
21.5594
24.9522
23.6468
23.5030
24.6962
24.6210
25.4160
24.0841
23.8938
27.3153
26.3585
26.9314
26.4632
24.4567
26.0753
27.7110
25.2034
26.9599
27.7842
27.1538
26.5450
23.2216
22.6680
23.7109
23.2614
23.0827
23.2100
23.0422
22.4580
21.0688
22.6126
25.8119
24.7417
23.5349
22.7578
23.8164
24.4474
23.2414
23.6236
23.2062
23.8055
24.2795
22.8647
24.5189
22.7908
23.4699
21.2757
22.5823
23.4803
23.3435
24.7427
23.9409
22.3752
22.1962
22.3006
23.1092
23.0153
24.4148
22.8605
21.8556
22.7522
24.4041
22.6200
23.2723
22.2865
23.2260
23.4710
26.1228
24.5641
26.6079
24.3775
24.3719
23.4101
24.4032
25.2388
23.6048
22.6977
22.1873
21.7605
23.9544
24.9289
24.1171
24.7496
25.6203
25.1235
21.9201
23.9026
23.4320
22.9966
23.5101
22.6123
22.1451
24.1782
22.8763
22.2113
22.7180
22.9113
24.1219
24.5994
21.4987
23.5574
22.6816
23.0718
23.6395
23.1083
21.8288
23.4336
22.1204
24.5455
25.3567
26.9954
26.4030
25.4836
26.6011
23.4231
22.5898
22.8638
24.0644
23.4026
22.0947
22.9842
23.0145
22.8373
22.5350
24.0167
24.1210
22.4123
21.7472
22.2533
23.7242
23.6220
23.4456
22.6182
22.4572
25.8110
24.2991
23.3768
22.7919
23.9825
23.5621
22.2886
24.3163
23.8533
21.4470
22.3289
22.4057
23.2770
21.3731
23.0468
22.5630
21.9356
22.7373
23.0283
22.4551
20.9538
23.5339
22.6624
23.1044
22.6656
21.7889
23.8128
22.9820
22.7658
21.4692
22.2915
22.2919
21.1301
20.5159
21.7974
22.1871
21.1583
23.0010
22.2342
21.8810
21.8071
22.6426
22.0099
21.3442
21.3235
22.3909
22.1960
22.3356
21.6854
20.6317
22.0788
22.5923
21.4800
22.2760
21.9949
22.2694
22.3053
22.1697
22.0343
22.0082
21.7868
22.1377
21.9084
22.5218
22.4586
21.6870
22.7068
22.1717
21.6203
21.4189
21.4380
21.9208
22.6486
22.0267
20.9438
21.0311
20.7856
21.8763
21.7663
22.4510
20.9706
23.2237
22.1957
22.0403
21.9020
22.2428
23.6968
22.6365
24.1278
23.1033
21.7264
21.8522
21.4935
22.5559
22.0856
22.4964
22.6415
22.6053
23.1497
22.1734
22.5974
22.0795
22.8429
22.5389
22.9689
21.8117
21.7129
22.1918
22.7443
21.6573
21.4496
20.2277
20.5291
21.6653
22.6723
21.5255
22.0378
21.7771
21.9614
21.4867
22.6621
22.0533
20.2729
21.6602
20.8991
20.6632
20.8895
20.3661
20.5996
21.9354
22.0403
21.5827
21.1015
20.3005
20.3604
22.0735
21.0939
20.4458
20.8342
21.2394
21.5448
23.5010
21.3342
22.5617
21.9480
22.6243
20.7867
21.5673
21.2844
21.4142
20.5542
19.7581
20.7710
20.4562
21.1073
21.8482
22.0277
22.0921
22.0330
20.4662
21.4291
21.3976
22.2530
21.4301
22.0912
21.2535
20.8606
20.3487
20.8443
22.4754
21.6582
21.2295
21.6431
21.3135
21.1327
21.7131
21.0517
20.7427
20.4395
22.0097
21.3391
21.6976
20.6354
22.2802
20.9804
22.0064
21.8153
23.3292
22.0782
22.3450
21.9781
21.8885
22.2305
21.0511
21.8312
22.0128
21.7693
21.1849
22.1504
24.6010
21.9317
20.9484
21.7521
22.1182
23.9205
22.2325
21.7730
20.6765
21.6996
21.0089
20.7425
20.7818
22.0407
22.5392
21.1328
22.3146
21.1370
21.8349
21.7814
21.9603
21.7484
22.9310
21.6813
21.3676
21.2606
20.5036
20.0626
21.1323
20.5657
21.5084
22.3000
22.5722
22.9831
21.3938
23.3988
22.1206
22.7764
24.2476
22.7366
23.8165
23.7217
23.2481
23.2746
21.6355
20.4805
24.0030
21.5304
22.7951
23.5676
21.9957
22.0118
22.1867
23.0076
22.1564
21.4254
23.5496
21.4203
23.4449
23.7638
24.4165
22.3611
21.4997
22.8953
22.5656
22.5684
21.7898
21.9772
22.9821
24.7126
21.6038
21.4290
21.9264
22.2555
21.7795
22.3403
21.3812
21.3836
21.9485
22.5858
20.9613
21.7099
21.1493
21.7955
21.8602
21.3608
21.2668
21.2788
21.6392
21.3714
21.2417
21.0344
21.4111
22.0387
21.9978
21.4299
23.0066
21.6180
21.4181
21.9667
22.1062
19.8051
21.1512
21.8646
22.2604
22.2251
20.7194
22.0067
21.9969
22.0806
21.9775
21.3966
21.8430
21.4386
18.8905
21.8959
21.9890
21.2812
21.9566
23.0951
21.5238
22.2267
21.9112
21.8095
23.3905
21.8488
21.7436
22.5902
22.1334
22.5166
20.9361
21.5235
22.2796
23.5682
22.1628
23.3777
21.4746
22.2407
22.7888
22.3512
22.3759
22.0077
20.9088
22.0738
22.7413
21.4288
23.6221
21.5176
20.5529
22.7753
23.0657
22.6510
22.4963
22.9381
21.1413
19.7894
21.3120
22.2285
21.6196
22.1441
20.6845
21.0110
22.0512
23.0120
21.8457
23.0611
22.0466
22.7316
21.6864
21.7178
22.5553
21.7450
21.7208
20.8361
21.9336
22.5894
23.1203
21.7041
22.4646
22.9999
23.9219
22.2137
21.1882
20.8751
20.9986
20.9051
20.5383
22.9731
22.1281
21.5284
21.9937
21.5783
21.8784
22.6542
21.1202
22.8425
22.4481
20.9850
21.8129
21.1582
22.2902
21.6492
22.5904
20.4568
20.8039
22.9583
22.4506
22.2989
21.0417
22.3422
21.3996
21.2335
21.8148
20.2939
22.3633
22.8571
20.7062
23.0339
21.5304
21.9198
23.0736
22.9669
21.0807
23.0698
22.5321
22.3549
21.4435
20.3288
23.3608
22.0665
22.7778
22.2794
22.4407
21.8607
21.6603
21.3721
22.2362
21.6673
22.7563
21.7352
22.5156
22.4475
22.8314
21.9795
23.3574
22.9753
23.3314
23.3780
21.6282
22.2932
22.0615
20.0778
20.5881
20.6969
22.6838
22.1169
21.9728
22.4002
21.7158
23.1042
20.9063
22.2599
21.1372
22.6720
21.8790
22.6326
23.8144
23.4688
22.0140
21.9053
22.9081
22.8051
22.4916
22.5420
23.0519
23.5573
22.0925
21.6375
23.2411
20.8915
21.1568
21.4902
22.6652
22.5869
21.3952
22.1530
21.5755
22.0000
21.7895
20.1135
21.9683
22.6328
21.9267
22.1087
22.9701
20.4799
22.7162
23.5179
25.0293
22.6183
21.9112
22.2694
22.7276
21.3255
22.1351
20.3832
23.2196
21.9747
23.6521
24.5343
23.4548
23.3695
22.5130
24.4407
22.0995
22.8569
22.0108
22.5019
23.6353
22.0617
21.8980
23.2182
22.5714
21.6905
21.7632
22.0837
22.4687
21.6518
23.4025
22.9820
22.1811
22.2292
22.2417
22.7122
20.8667
23.3703
23.2618
22.8172
22.7707
22.3514
24.7298
23.8640
23.9966
24.8491
20.9192
20.8964
23.0682
23.1487
20.9571
21.8271
22.2821
23.0838
22.4001
22.1928
22.0819
22.4400
22.3483
21.8927
21.5880
21.9499
20.9263
19.1816
22.0456
20.8400
22.6349
23.2295
22.0328
23.1510
21.9081
22.1330
22.9108
22.9430
22.4747
22.7608
22.2733
20.3179
20.4675
22.5585
21.8524
21.3907
23.0741
25.3203
22.4359
23.2480
21.1420
21.7770
21.8091
23.4350
23.2357
21.6312
23.0828
22.1064
22.1900
22.2003
22.7655
22.0082
22.5186
23.2685
21.9270
22.6622
22.9704
23.3128
22.7210
23.1714
22.5648
20.4444
22.3231
23.5136
24.2574
23.0455
21.7359
22.6391
21.7906
23.0924
23.7573
22.7230
21.4223
22.8709
21.6287
22.5879
23.5570
22.7535
24.0886
22.3391
21.9077
22.6501
24.0185
21.1406
22.8987
22.9188
21.8506
22.0037
23.3085
23.2224
24.5155
24.0332
24.8815
24.4215
23.1327
22.8544
22.7643
21.9386
22.3542
23.6821
25.2527
22.6075
22.3981
20.7990
21.8248
23.5134
22.8473
23.0226
22.1335
21.9652
21.9344
22.0296
21.0432
20.7438
24.0903
22.4951
21.8299
24.2039
25.4404
23.1955
22.3072
22.1346
22.9611
24.6599
23.8772
23.1448
23.6440
23.3941
23.0512
22.8701
23.0022
22.5252
22.2370
22.1862
22.9871
21.4452
22.3932
21.7007
23.2794
23.5561
22.1858
22.0742
21.7065
22.8568
22.2013
22.6030
22.1092
22.0766
23.2301
22.7747
22.8506
22.7638
21.6317
22.2711
20.2017
22.5456
23.3058
21.3366
22.8258
22.7050
21.3742
21.8757
22.3626
20.8105
24.3674
22.4417
24.1082
24.2826
22.7461
21.4805
22.0794
21.7390
20.9190
21.4342
22.2445
22.5364
23.2754
25.6852
26.9151
23.4477
22.2045
20.8128
21.1895
23.6281
22.3900
22.7630
22.0012
22.7302
23.0367
22.2719
21.8745
22.0798
25.5486
22.7665
24.1190
23.4252
22.4563
21.7499
22.7152
23.8519
21.9200
21.7183
21.3988
23.1179
23.3487
23.5031
24.0168
24.5127
26.5915
26.9586
27.0188
28.5189
26.9664
27.4231
25.8288
26.3746
26.2688
26.9877
26.3619
25.2513
27.7692
27.3985
25.9681
24.8476
26.8818
27.4575
25.2019
26.5830
25.3553
25.9936
26.0106
25.3641
25.6067
28.1893
25.2987
25.5770
25.1085
23.1228
22.1418
22.3061
23.8481
23.2245
22.8793
24.2991
23.9597
26.0197
25.9740
24.8499
25.0329
23.4854
22.8998
22.3316
25.3365
25.4945
25.0720
28.5514
25.7515
26.2646
25.8630
24.1660
26.6873
28.0112
25.8196
26.4593
25.4410
24.1029
25.1277
24.7495
25.8828
26.8516
25.8652
27.7104
25.7788
27.1231
26.5774
24.7784
25.2961
26.0920
24.3487
25.9740
25.1442
28.9951
26.9677
25.6460
26.4651
26.9899
27.1532
27.0443
26.7827
25.3225
28.0611
28.0922
26.9909
26.8669
28.1939
28.2480
27.6748
28.7624
27.1280
26.8125
26.1946
26.3172
27.3044
27.1106
24.6913
26.3058
26.0320
25.4892
25.6059
25.5751
22.6514
22.0018
21.2603
22.2666
22.2153
22.7953
22.9721
20.8836
23.1644
22.3912
24.0305
24.0391
25.7566
23.1670
24.9067
22.5677
23.7971
21.5709
22.8520
23.5698
24.5825
24.3660
24.9154
24.5266
25.1175
25.1518
24.0125
23.4397
22.9665
22.9870
25.3853
25.5781
22.8171
22.6705
24.1134
22.7542
23.2267
22.7215
22.6794
23.8203
23.8401
22.0607
21.9833
21.4246
24.0700
22.9042
22.8723
22.9104
25.0437
22.2459
22.9193
22.7390
22.6786
22.6040
23.8121
23.2539
22.9861
25.5654
25.0893
25.3408
23.9517
24.2622
24.2472
23.9359
21.9004
25.4755
23.3625
23.5298
21.4915
23.3006
23.6968
24.4561
25.2340
23.8599
22.8195
22.8960
25.2372
22.6512
24.1005
24.0382
23.0473
22.2903
21.2671
22.3299
22.9919
22.9575
24.8295
23.8139
23.1425
23.4772
22.0619
23.4140
22.2004
22.4565
24.5841
24.1870
23.4631
24.3264
22.1412
21.5658
22.6213
22.5828
24.3490
21.2031
26.3954
22.7746
23.3063
23.0827
24.6526
23.2683
22.7504
22.1701
22.7393
22.0630
23.1755
23.7255
23.6637
22.9565
23.5606
23.9160
22.4789
21.9902
23.2298
23.5326
24.6030
23.6180
23.9106
22.5220
23.0685
23.3146
23.0710
22.9452
23.0490
23.1761
22.5788
22.7103
21.5790
23.1684
24.3226
24.8357
24.0307
24.1797
25.1875
22.7647
23.2960
23.6131
23.6275
27.0485
24.4473
25.0197
24.7613
23.6717
25.9239
25.5496
25.9687
26.9255
26.7020
27.7887
25.1066
27.3279
27.0836
29.6855
27.6215
27.7176
26.8698
26.7292
25.6069
27.7334
26.7079
26.1275
26.2909
28.0170
26.5075
25.2809
26.6166
26.9307
26.2489
24.7008
27.2158
26.3383
28.0878
25.6032
28.4209
25.7552
27.3841
24.7517
25.3795
25.6770
23.5923
24.4436
24.5856
25.1738
23.7659
24.8404
23.4348
23.6949
24.6374
24.0179
22.7141
24.0496
24.1579
22.4428
24.2873
21.8766
22.9212
22.9072
22.2004
21.9072
22.4145
24.7599
25.8186
22.8689
24.8990
22.4881
23.1991
23.7166
23.0705
22.3941
22.4634
22.1253
21.6896
23.4623
21.9817
22.6995
21.4952
21.4352
22.7544
22.7028
22.2080
22.0798
23.0513
22.9027
22.2490
22.7627
22.7347
21.8471
22.4040
23.9999
24.2042
24.6473
25.2920
24.4275
26.4904
22.7253
25.9696
23.4726
23.6414
26.9847
26.6166
26.6068
26.7426
26.6048
25.7032
27.5341
27.7067
25.9678
26.7584
25.4064
27.1973
25.5903
25.8661
25.9726
27.0738
25.2681
25.0682
25.0161
24.5878
26.1673
27.2373
27.1006
28.0727
29.3536
28.1905
28.7391
26.9732
24.1888
24.4995
26.0177
28.4760
27.1344
26.3620
28.5755
24.4786
26.7828
28.6746
26.8754
26.2055
25.0401
26.8089
28.1215
26.8886
29.1339
26.3670
24.9120
26.6061
29.0212
27.1205
27.0947
29.2905
30.2763
28.5819
29.6967
28.5548
29.0876
29.8401
27.3821
27.7267
26.2568
27.1325
28.5646
25.6272
25.7811
24.8792
24.6388
24.5740
26.4635
24.0396
24.3788
22.9024
26.0445
25.4999
25.7636
27.1339
23.7140
25.4582
26.1973
25.8454
27.8925
26.0928
24.0733
24.3847
20.5564
22.1362
21.7510
21.0167
21.7402
22.8989
22.7661
22.4138
22.0284
21.3112
21.0287
20.2424
22.3676
22.0365
25.8947
24.3117
22.7571
23.6075
21.7579
24.4119
24.6465
24.4377
23.3434
28.2568
24.6916
25.2019
28.1327
25.9011
25.8507
24.6194
25.6730
25.4306
23.6446
24.1116
25.7905
25.5179
24.1423
24.6220
24.9860
23.4278
22.2444
21.9144
23.7445
22.4193
21.6320
21.0359
23.2549
23.6398
23.8720
26.6974
28.5128
27.3209
27.0607
26.7229
27.3972
28.4415
26.9647
27.9485
27.3913
28.7138
24.8021
26.1999
25.6230
26.8849
26.2280
26.5258
26.5573
26.1273
28.0390
27.4869
25.7394
27.4508
28.1026
28.0247
28.1993
28.7528
26.8962
27.7722
26.8821
26.8232
27.6049
27.3704
30.0458
29.0150
28.9186
23.9944
23.7919
26.2959
24.9097
26.1287
24.3490
23.9633
24.1042
24.8988
26.6540
26.0539
25.9474
25.2796
24.6945
24.9634
26.2270
25.2932
26.1427
25.4803
24.2277
24.4368
25.6605
26.1725
27.0041
26.0305
25.4251
26.8594
26.9881
24.5127
26.7049
27.4062
26.2445
27.3291
26.6443
27.8201
28.0270
26.1848
26.9473
25.4678
23.5314
24.8501
25.4036
22.6924
23.5514
22.7421
22.2190
21.5996
22.7474
22.5273
23.5173
21.6842
22.9263
22.3510
20.9978
21.7715
22.0929
22.4134
23.5684
21.7934
22.4713
24.2386
23.5293
22.8859
23.0322
22.2621
23.1447
23.1201
23.1093
22.8209
22.2700
21.7513
23.5650
21.7147
21.4297
21.7620
19.8625
22.3190
21.9390
22.2542
20.2346
22.6914
23.1440
23.0985
23.9065
23.8019
23.9465
22.9616
25.2710
23.4362
24.0519
21.6225
22.0694
21.8179
22.9993
20.6626
20.9965
21.6849
21.4997
22.6129
20.6492
22.8235
22.0305
22.0741
23.3171
23.1137
23.6196
25.5933
24.8272
24.5934
25.1584
24.0934
22.0169
22.8527
24.0666
23.8954
22.7932
24.0036
23.9063
23.3401
24.0853
25.1757
28.3915
25.2548
23.5987
25.2274
24.9232
25.8661
24.8244
23.9117
21.8730
23.2742
24.1752
24.0999
21.0384
22.2132
20.2178
21.1847
20.7083
21.4861
22.4667
22.7391
21.7333
22.9937
23.9333
22.2453
21.4380
22.9826
23.1194
22.0614
21.8948
22.3167
22.1576
23.4112
22.7532
21.6150
22.0258
23.6455
23.2996
22.7711
23.3522
23.8228
24.5112
22.5308
24.4648
22.7361
23.4194
22.8518
22.8149
22.5413
21.4756
22.7037
23.1277
22.5843
23.5989
23.7954
23.4120
22.8645
20.6325
22.1955
22.4823
21.6998
21.8981
20.9103
22.5426
22.4977
21.9245
21.4705
22.7058
22.2519
22.6898
22.1666
22.6275
22.8982
23.2326
24.5153
22.6629
22.7209
22.0123
21.5980
23.0316
23.9719
24.7375
25.1598
23.9557
22.4454
25.0142
23.6118
23.3947
23.2248
22.7910
22.0421
23.0891
22.5693
23.1232
22.0990
24.0751
23.9128
22.3761
21.7499
23.8317
23.0149
22.4867
22.1931
22.4192
22.5530
22.6509
23.5398
24.4117
22.7205
22.2608
22.2065
22.5368
22.6780
22.4084
23.9451
22.7252
22.7282
22.0024
23.1561
22.1037
23.8451
23.1533
21.7754
22.5757
22.7362
21.1748
23.1793
24.8579
24.9249
23.9210
22.5508
22.4158
23.7464
23.7551
22.3891
21.8055
21.6931
21.9656
21.7665
22.5711
21.3223
20.7604
22.1628
21.3764
21.5509
22.6986
21.5871
21.9848
22.3903
23.1560
22.4490
21.6557
21.9235
22.6061
23.0649
23.2680
22.4314
23.2638
23.5522
21.5828
21.9732
23.3175
23.1013
24.0203
23.9685
24.9594
23.8619
23.1928
23.8017
23.1051
22.2995
22.7289
23.3581
24.6430
22.9507
23.0930
22.7242
22.7215
22.3197
21.7920
20.9363
21.5072
23.7507
20.9204
23.7714
21.8672
22.8235
22.2387
21.1731
23.2574
23.0588
22.3621
22.9652
21.5685
21.2996
21.8434
22.7005
21.9593
23.3749
22.9861
23.5636
23.4782
23.1944
24.5182
23.4361
22.3905
21.8500
21.4494
23.1701
22.5481
23.0074
22.9004
23.7463
23.6994
22.4885
21.0649
22.7192
22.9560
25.5956
24.1736
23.7957
24.6007
24.8299
21.7704
23.2987
23.8125
22.5673
22.0963
23.7484
23.4257
22.7286
22.8848
23.3260
22.3674
21.5441
22.5522
23.9913
21.7620
23.2361
21.8589
22.9545
22.2622
22.5919
22.8333
22.4607
21.9128
21.9237
22.1377
21.0454
22.1579
22.4686
21.4437
23.0035
23.2666
23.2270
22.6697
22.4980
22.4589
22.2111
22.6281
23.2044
23.2753
22.6352
21.5899
21.9429
21.2337
21.7576
21.6248
22.5594
23.4834
24.2479
23.4996
22.1804
21.3949
23.0269
21.9098
22.9011
20.8185
23.3593
21.8114
20.7042
20.8332
20.7485
20.9918
20.3340
22.0807
22.7933
22.3031
21.3868
22.1117
21.9925
21.5930
20.6849
19.5792
21.2388
20.4995
20.8889
19.9844
21.7242
20.9027
23.1202
21.0697
21.3953
22.7120
22.5186
21.3385
21.3339
21.7191
22.0074
24.4522
23.4611
24.3644
23.5946
25.0268
24.2565
23.8630
24.0037
23.5407
22.7205
23.2288
24.8315
22.9037
24.1193
23.0330
22.5888
23.4613
23.7106
21.9505
21.6306
22.4088
22.3591
22.0163
21.4522
21.5258
21.5056
21.7121
20.3707
19.1188
21.0818
21.8125
21.9239
21.9119
23.0525
22.6864
23.7533
23.5015
22.5508
24.3304
23.3936
23.7742
22.2218
22.4071
24.8177
24.7847
24.0495
23.5670
22.9862
24.7174
23.3984
21.7716
22.7152
23.5549
25.4928
24.4998
22.0625
21.7724
19.8067
21.0835
22.1833
22.4239
21.3206
22.5142
20.8943
21.9589
23.4589
22.1366
21.2729
20.0596
22.3856
23.5231
23.1214
22.5110
23.5241
20.7418
20.5395
23.1457
23.4102
21.6965
22.4098
22.6896
25.1898
24.6855
22.3850
25.3795
23.6001
23.0197
23.5730
24.4504
21.8590
24.0576
23.9880
22.3804
21.4474
22.4358
22.6919
21.0827
23.8408
22.1235
22.7290
21.6114
21.8997
20.8773
21.4396
21.1002
23.1113
21.3629
22.5757
22.3525
22.6321
21.6322
22.5407
22.2324
22.7360
22.2362
22.5244
19.4508
20.5274
21.0391
21.3269
24.5870
22.7830
23.7150
24.1409
24.9024
25.7413
24.1364
23.5422
23.7469
23.7433
23.6240
22.9357
23.8685
23.2469
21.5375
22.8231
22.9950
22.6523
22.6118
22.5196
23.5274
21.7903
22.9693
23.3018
23.5692
25.4471
24.5621
22.7614
22.2368
24.3149
23.4831
23.3450
24.3449
23.2336
24.3462
23.4536
22.8583
22.2743
21.3803
24.7194
23.2328
21.1170
21.6557
21.9822
21.9577
22.4341
22.4196
22.1361
21.6697
20.9030
22.0426
22.6606
19.8270
22.9514
22.2491
25.0591
23.5389
21.5418
22.6039
22.7133
23.7477
23.4169
22.6604
22.6096
22.1451
22.6903
25.0213
23.6219
23.9336
24.2855
21.8452
25.1925
23.5337
23.0825
23.3440
23.2054
23.2971
24.0030
21.8760
21.8402
21.6719
20.8253
23.0979
22.8006
23.6248
20.9843
21.2549
23.3843
24.3242
24.3811
24.9371
28.6008
26.9461
24.0148
24.5994
24.8640
25.0402
21.9503
23.7298
21.1622
22.0018
20.8346
21.0881
21.4754
22.5612
22.3919
20.3758
21.2001
22.2072
21.6564
21.3827
20.6497
21.7798
21.5754
21.4169
22.8006
22.8504
22.2347
23.7676
21.0006
21.9564
22.6326
22.7250
21.9531
21.8877
21.6475
21.5477
21.1296
21.2414
21.1729
21.7448
22.1566
20.9389
22.4035
21.0501
21.9343
21.1110
20.3813
23.5367
22.8650
21.8471
22.5639
22.4079
21.7324
20.8184
20.5775
20.4245
22.1425
20.9067
22.0920
21.1245
21.1619
22.0625
21.5559
22.9413
21.6528
21.4428
21.4716
21.5935
21.7867
22.5622
22.1008
22.5519
22.0016
24.2462
22.3367
22.5988
24.0251
22.0769
22.5655
24.2426
22.5461
22.3241
21.3341
23.1111
21.8375
19.7104
19.5914
20.8238
21.0247
21.6533
22.1067
21.4443
21.8647
22.1049
22.8326
23.1169
23.8052
22.8668
22.5771
21.7030
22.6401
19.7874
20.7402
20.8576
22.2301
22.9755
21.7345
21.4818
21.7719
22.9299
22.9873
22.3362
21.5502
23.6179
22.3278
22.4122
21.5909
22.8919
21.2380
21.6968
20.7439
20.6999
20.3306
20.5110
19.2422
21.1973
22.1416
19.8185
21.1600
19.4904
20.2816
20.4516
22.6001
21.1672
20.0765
21.7471
23.5964
21.8365
23.2807
20.8117
23.2806
22.7233
22.8888
21.9317
21.1814
23.5703
22.3680
22.4251
21.2096
21.5235
22.8298
21.9366
24.2965
23.1502
22.3369
23.9919
23.1810
23.7873
24.7279
24.5883
22.3935
22.9665
22.5659
23.2353
23.4873
23.1983
21.7624
22.5015
23.4227
23.8074
23.3205
22.1546
22.1062
21.4376
22.8691
21.6519
22.1829
21.3856
22.3626
22.2971
22.3302
22.0828
22.9221
22.5550
22.1785
23.4014
23.2787
23.1703
22.1057
23.5001
22.7179
22.9378
24.3406
23.4006
22.0182
22.6301
21.9709
23.9456
20.5829
22.7817
23.1406
26.3768
22.0453
23.8751
22.8928
21.7650
21.7593
21.4406
22.1626
23.1557
22.4452
23.5585
21.6867
22.2721
22.4659
22.6542
22.3075
23.2880
22.1359
22.7329
22.8413
22.7196
22.8835
23.3943
24.1149
24.3160
24.0829
23.8767
22.7946
23.3253
23.8050
22.1626
22.3518
22.1963
21.9080
21.6268
20.3483
22.4699
22.8189
23.2916
24.1422
24.0057
22.9729
22.7189
21.1542
20.4652
22.3712
22.2874
22.7001
22.8571
23.2059
22.8517
24.0391
23.3908
22.3707
22.6880
22.9423
24.8944
21.2433
23.8779
23.1925
22.1895
22.2285
22.4765
21.9639
21.3807
21.5616
22.0316
21.3365
21.5411
23.2251
23.3185
22.4984
22.4075
21.7637
21.8981
23.0108
22.9998
21.6700
22.1373
21.7105
22.7470
23.4220
23.3708
24.2159
23.4451
22.9405
23.1781
22.1507
22.9793
21.4245
23.3869
22.4930
22.9664
23.4734
21.2151
21.9289
22.5028
22.9826
22.2441
23.1235
23.3526
23.5943
22.6677
23.0569
22.2889
22.0013
23.1699
23.1625
21.9207
22.4848
22.4680
23.7832
22.5731
22.8970
22.1249
23.2455
22.3356
23.0106
21.6032
22.8865
21.5364
23.1159
23.2178
22.7944
23.3609
23.3589
20.5400
21.8483
22.1159
22.0541
22.3461
22.2050
23.0279
22.6865
22.9765
22.2018
22.6565
21.7954
22.9601
22.4496
22.3867
21.8627
21.9095
22.3661
22.2921
21.7172
22.6025
23.0476
22.4695
22.3779
21.0795
22.1027
22.0177
23.5548
23.0995
23.3103
22.5332
23.2199
21.6954
23.1438
22.3615
22.1912
22.9964
22.4724
24.2982
23.5652
21.0080
21.5419
21.7894
22.1425
22.2141
21.6220
22.9927
22.2572
20.9625
21.9466
21.7807
22.0405
23.5767
21.6303
22.2741
23.6151
21.3523
21.8652
20.6651
22.5458
22.3503
21.4183
21.7843
22.0795
22.7727
21.4600
22.0410
22.7043
22.3904
22.0289
22.3889
23.4871
24.3037
22.9104
23.8732
24.1041
22.6524
22.6353
22.3824
22.5942
20.3950
22.0524
22.2457
20.9750
21.6103
23.5222
24.0085
22.2261
23.1587
21.8831
21.0082
22.5176
21.8350
23.7601
22.8771
24.1883
24.7158
25.4317
24.1597
23.6428
24.8005
25.7462
23.2169
22.9910
24.2276
23.4306
23.7864
23.8699
22.2290
22.6659
23.9331
23.1184
23.3085
24.3321
22.1479
21.3447
22.6126
21.3096
22.5588
23.5443
22.9516
24.1282
23.5110
23.5566
22.8040
22.9348
23.2623
21.9535
23.5820
22.9941
23.5599
22.4024
23.7008
22.9471
23.7068
24.3815
22.0525
22.7292
23.3806
22.9297
22.7738
22.5522
23.5466
22.6586
23.8348
23.0073
23.0526
22.2313
23.1515
21.9756
23.7436
25.6326
22.4544
23.6533
22.9150
24.0657
23.9855
23.2126
22.4563
23.9652
23.9426
22.7571
24.4594
24.7956
24.0129
23.5082
25.1743
21.2288
24.3860
24.3090
25.3594
24.1144
24.4196
25.0956
23.1720
23.2552
24.1120
24.4581
22.6244
23.3169
22.8938
23.2341
23.6404
24.2734
23.8013
22.8782
23.2641
22.1370
22.6189
23.2858
23.0990
23.3669
23.3135
24.0393
23.9052
24.0807
22.2635
22.8378
24.0355
22.8591
23.4653
23.2628
23.7774
23.7969
21.4627
22.0948
23.5601
22.0068
24.4106
23.8195
23.5509
23.3688
23.9044
25.0707
25.4443
24.8832
22.2087
22.8545
24.0617
22.6214
23.2313
22.7352
23.6499
23.6069
22.3475
21.8991
22.1242
23.0733
23.0027
22.6541
23.0549
23.0671
22.1491
23.0608
23.5663
23.7067
23.8159
22.1648
23.5536
23.1827
22.8405
23.2063
23.4273
21.9301
23.4428
21.4278
21.4118
21.9696
23.1599
23.0166
23.6094
23.4379
23.3410
23.4706
22.1897
23.1421
22.7410
23.0567
22.3113
23.6206
21.7829
21.5587
20.4315
21.4442
24.3424
24.5868
24.1686
23.1663
24.1529
23.3885
22.4875
24.1387
23.4909
24.6370
22.6990
22.3099
21.7311
22.9254
24.1943
22.5551
21.9746
22.9577
23.0511
22.8388
23.0348
23.5556
21.9109
22.7119
23.0261
24.6193
22.5232
22.9253
22.6347
22.9954
21.8446
22.1688
22.2098
23.3338
22.1747
24.7544
23.4152
21.9515
22.8574
23.1492
22.8882
22.1723
23.6855
23.3828
23.2184
23.6019
22.1485
22.6905
21.2547
22.7361
22.9612
23.7103
22.1573
21.8335
21.6076
20.5923
20.1648
21.4243
20.9003
21.7059
20.2092
22.0770
21.2735
22.7032
22.7405
23.0101
22.2134
21.5760
24.2882
21.7913
23.5039
23.8631
23.0505
22.4860
23.5137
23.1221
22.3115
21.7441
22.1042
24.4143
24.7937
24.4804
22.1741
22.7876
22.3267
22.0364
23.3720
22.2563
22.7981
25.6411
23.6028
25.5303
24.2063
23.6468
23.5014
25.4886
24.8494
24.1966
24.3570
24.9450
26.4688
25.8760
24.7154
26.8747
27.1654
26.3914
25.4107
24.5226
23.4408
23.4733
25.4352
24.6709
25.9789
25.5452
26.2454
24.2904
23.9961
23.3325
21.2121
21.9306
21.6094
23.6508
24.9263
26.6640
25.7944
23.1506
22.4667
22.8327
23.2902
23.8723
23.5375
25.6916
25.6009
25.2061
23.2292
23.0655
23.7100
23.7741
23.7446
24.5768
27.4944
25.3606
22.8417
23.6927
21.5347
21.4926
21.6462
23.4590
23.0225
25.9148
23.1020
23.9612
26.7158
25.2106
25.3163
25.4572
23.6031
23.0262
23.6225
22.5281
23.5645
21.9191
24.0863
22.9760
23.8605
23.4381
23.6942
24.0399
21.9111
23.1655
26.7426
24.5695
26.5490
25.7898
25.6395
24.5428
25.3087
27.6270
26.1386
26.6706
25.0548
25.1184
26.9156
25.3424
25.6857
26.1231
28.3023
27.5743
26.6664
26.3283
25.6228
26.6547
25.6403
29.2356
29.9870
28.2455
29.5335
28.2709
29.1101
29.2971
31.2212
28.7724
31.2360
30.9164
28.7824
26.8751
27.8887
29.2124
28.9334
28.3517
28.5030
29.4850
27.8992
25.0926
27.3692
25.7137
27.1222
26.3034
26.9504
25.7536
27.8091
24.5663
25.3335
27.4540
27.8894
27.7276
29.8598
27.7106
26.5183
30.1559
28.1564
27.6598
27.0450
27.3976
25.4739
24.4030
25.0069
24.7636
23.7063
22.9291
24.0111
24.9206
22.7924
24.5376
22.2961
24.5107
24.0424
24.1715
25.3862
23.3645
24.3396
24.5255
24.4132
27.0684
27.7079
30.6780
28.0109
29.9428
27.9267
26.8432
26.0807
27.1971
25.8446
24.7680
25.5587
25.7625
26.2591
26.3838
25.3605
22.9261
24.0342
23.9842
24.4048
22.9827
24.9539
23.2591
24.2173
24.3749
22.9326
23.7509
23.9786
25.4702
24.0345
22.9277
23.8319
23.8334
23.4880
24.2725
23.0047
23.6484
25.5910
24.0990
23.4017
24.4131
23.7246
25.0236
24.4470
24.9168
26.6640
27.5852
25.3040
25.8889
27.7910
27.2547
27.7267
29.5309
28.8196
31.4808
29.9325
29.8127
28.3507
28.8441
29.3989
29.1134
31.5680
32.6159
30.1246
30.2592
29.8179
29.8824
30.6453
30.9147
25.2318
29.2091
31.4096
31.6158
29.7741
28.1144
27.0936
24.3251
24.0342
25.6851
24.4727
24.3698
25.2060
23.7161
23.6319
23.3305
24.9019
26.2929
27.8485
27.1982
28.9205
26.8126
24.1075
23.8064
25.2625
23.2514
25.0710
24.8869
23.4227
26.9107
25.6266
23.6161
22.9667
23.3847
23.7992
24.7129
24.2312
25.9127
24.4494
25.2803
24.4177
23.1098
22.9133
22.5427
24.3692
22.9899
21.8870
22.3938
23.5215
22.7338
22.5966
23.3523
21.6288
23.6003
23.2671
23.0945
21.5177
23.7788
22.8007
24.6917
23.2359
21.1887
22.9200
22.9432
22.2863
24.7786
24.9066
22.6615
23.1595
22.4593
22.5093
20.4208
22.2075
21.4591
20.6634
23.3768
21.1492
22.6167
20.9685
20.4643
22.2414
21.3102
20.2100
19.5822
20.2239
20.9939
22.1904
22.9692
21.4408
21.8795
22.1402
22.6123
22.2664
21.7911
21.5296
22.1230
22.0031
21.4440
21.4594
20.6275
20.9369
22.4850
21.7264
21.6191
22.3523
20.9493
22.8837
22.0316
23.0736
22.4550
22.4748
21.2552
20.9332
21.2338
21.7105
22.2764
21.6816
22.5791
21.9594
21.4195
19.6581
20.0481
21.1241
19.7361
20.2197
21.1537
21.8976
21.7495
20.7700
19.0588
19.4706
19.6463
19.8743
20.2420
19.4770
20.1578
19.8420
19.5058
19.9542
20.0914
20.5561
20.3909
19.8075
20.6642
19.9159
19.7005
21.0231
19.7929
19.1859
19.1941
20.2817
19.7146
19.4707
19.5190
19.9349
20.4380
19.2398
21.8043
21.2545
21.1613
20.1902
21.1563
22.7091
22.1512
22.5529
22.2278
22.5523
21.2850
22.7465
21.9169
22.4441
22.2742
21.5633
21.3658
22.5179
22.2438
19.9781
21.5127
22.3695
21.3908
21.2079
21.2451
21.3076
20.7707
22.3915
20.9175
20.1522
20.9255
20.7555
21.4168
21.9896
23.9715
23.4111
24.0949
22.8449
22.6691
23.4063
23.6388
22.9402
22.7461
22.5182
22.1627
22.4184
23.0442
23.1986
24.3856
23.2761
21.2700
25.1511
23.0095
22.6125
23.4445
20.5292
21.7561
22.1382
22.2859
22.1370
21.1457
21.6567
21.5871
22.8839
23.2101
21.8700
21.2036
21.3814
20.6557
22.7677
21.6056
21.3390
21.1364
21.8286
21.3152
21.5687
21.3832
20.9502
21.1702
21.9426
21.9914
22.1361
22.0188
21.4639
23.1009
22.2922
23.8878
22.3616
21.6541
21.4459
21.1542
21.7258
21.0940
21.2194
21.0641
21.3715
22.5225
22.1091
21.8634
22.6781
21.3799
20.3070
21.5364
19.8256
22.9071
23.1117
24.9171
23.1779
22.3562
21.9429
21.4801
21.4591
20.6169
20.4641
20.6838
21.4908
20.2245
20.5274
20.6031
20.2706
21.7697
21.9239
20.3552
20.0894
22.7269
23.3923
21.9017
21.7090
21.9638
21.8595
21.6586
20.5036
20.7772
21.2233
24.0193
21.7589
21.4564
21.8532
19.9793
21.8655
21.9830
21.7826
21.5112
22.1446
20.8713
20.8918
22.0099
23.0885
22.1024
22.0736
21.7550
22.2912
21.8270
21.9316
22.3162
22.5157
21.4417
22.2758
21.8773
22.8950
22.9784
22.1647
22.0857
22.3256
22.9569
22.7163
23.7386
22.6411
22.2947
21.0100
20.9960
21.5531
22.0598
23.7836
21.6159
22.3779
22.5978
22.7581
23.3612
21.6102
22.8617
22.7240
22.3078
22.9976
22.1729
23.0381
22.5388
21.8562
20.8607
21.8642
21.6501
20.7999
21.3032
21.8127
23.1216
21.8694
21.6144
21.8202
22.2959
22.1255
24.2450
21.2794
23.7889
22.1601
21.4150
21.2360
22.1160
22.1032
21.2858
20.8233
20.6716
20.5006
22.3964
21.4332
20.7417
22.3439
19.6782
18.5314
20.5944
19.2201
19.9892
19.7746
19.3056
19.7260
19.4851
19.7807
20.2613
19.6740
19.9751
20.0606
19.5888
19.7569
20.2340
20.0182
20.0818
19.6398
19.4263
19.7226
20.1852
20.4547
20.1649
19.7420
19.4903
19.6987
20.3738
19.6815
19.9843
19.3658
19.2519
19.7663
20.2547
19.8179
19.4525
20.3308
20.4926
19.5825
20.4038
19.8445
20.7019
20.0987
18.7780
20.2480
20.3279
20.3472
19.8310
19.5645
19.9402
19.3562
19.9891
21.2782
19.9666
19.4067
19.7047
19.7314
21.2618
21.6119
22.2501
21.9891
22.4355
22.0602
23.4347
22.2918
20.4600
20.7584
20.2321
21.0409
20.2543
21.1635
22.6704
21.1354
21.8198
23.6733
21.9730
20.5514
21.4499
21.2166
20.8173
22.1594
21.7037
23.1084
21.9709
21.8687
23.2442
23.0933
21.8597
22.9123
21.6531
23.5165
22.2156
22.2411
22.1290
24.0443
23.0836
23.5844
22.6556
22.8101
23.1516
22.0217
23.6539
24.6412
23.3314
23.2461
24.2992
23.2956
23.6812
21.3002
21.3278
21.1182
21.5394
22.9888
21.5005
22.8093
22.7648
22.5572
20.3515
23.0455
22.3888
21.8505
23.7461
22.6318
22.9587
22.2458
21.9110
23.2377
20.4639
21.4141
20.3960
20.9591
20.7518
21.0445
20.5699
19.6466
21.6954
21.6839
21.1311
20.5319
22.1656
21.9108
22.2764
20.4083
19.8529
20.4961
19.7779
19.7390
19.8749
20.0610
21.2244
20.9353
21.4534
21.6325
22.1559
21.7776
22.9912
21.5712
22.3716
22.6280
22.4693
22.2514
23.5383
23.5307
23.3495
22.8942
22.0407
21.6210
22.2590
20.7036
21.4765
21.3560
21.1025
20.6697
20.7416
19.3310
19.2910
20.2839
20.2766
20.1051
19.8137
19.7019
19.4757
19.0794
19.3532
19.1398
19.0216
20.2751
20.5893
19.9653
19.1707
19.7826
21.3742
20.8165
20.8205
21.5114
21.5300
20.6413
20.6724
20.2899
20.9769
20.6529
20.0943
19.4020
22.0928
21.4300
22.6532
20.3499
21.0964
21.1143
22.1903
20.3061
21.4613
20.9847
20.7003
21.5408
20.3422
20.8982
22.4070
21.9881
20.5191
20.6199
22.0646
21.9553
22.1128
23.0361
22.4053
23.5008
21.6007
22.2689
23.2644
21.9872
22.1913
22.2879
22.3719
22.0717
22.5631
21.8406
22.2078
21.5894
23.2710
21.7778
23.1287
22.4642
22.8033
21.9957
20.5587
21.9830
21.2402
20.8541
22.5374
21.8842
23.2749
24.2985
23.0176
21.8799
21.2654
20.5586
20.7938
20.9759
20.2822
20.7295
20.3393
22.0681
20.4126
22.0227
21.2459
24.5575
22.3635
22.1071
22.5356
21.7553
21.7066
20.5884
21.6629
22.7434
21.6502
22.8048
20.6323
21.4326
21.2120
22.0392
22.0970
21.2702
21.7005
22.0095
21.6970
21.9607
22.7641
22.1876
21.4237
21.0832
22.4678
22.0960
21.3032
21.6321
20.3575
20.3221
20.3689
20.9574
20.8089
21.1397
23.2628
21.4703
20.9263
21.9870
21.6309
21.3575
20.5923
23.2708
24.3266
22.4399
20.4904
21.2523
21.3296
21.2345
20.1338
20.3162
20.3511
19.8819
21.5196
21.9496
21.9927
21.3891
21.2508
21.1408
21.6637
22.7656
23.1736
21.3716
22.3054
21.4651
22.1554
21.0407
20.9368
21.8204
22.5656
22.7074
23.5651
22.5662
21.2834
20.9137
20.1511
21.0854
20.6031
21.3422
21.8996
21.4734
22.0777
20.6674
21.6410
20.3960
21.9785
22.1233
20.8221
22.7318
22.3647
22.7433
22.5323
22.5331
22.9286
22.3884
21.1309
21.2078
21.3831
21.3104
20.3933
22.2666
21.8861
21.3114
20.5823
21.4054
21.3469
21.1501
19.5699
20.4960
21.1706
20.8615
20.7903
22.1976
21.0834
20.9906
20.9284
21.6977
22.4666
20.7610
21.0171
18.6671
19.3306
21.1017
20.3365
21.2484
21.0508
21.8491
21.1136
21.1528
21.6988
20.4034
21.0655
20.4455
22.0205
21.7344
20.9130
21.8803
21.1350
21.0744
20.5517
20.2416
22.1093
20.4699
21.5518
20.7338
22.2613
19.8694
21.1877
21.6206
20.6524
23.1222
21.5936
21.0861
20.4002
21.4544
20.8719
21.1626
22.4016
22.7179
21.9710
21.5878
21.9293
20.6601
20.3363
22.0007
21.6383
21.0249
21.7632
21.7040
21.1099
23.3201
20.2671
22.0578
21.4366
21.5241
21.1194
22.0482
21.4643
20.6430
20.7875
20.5746
21.4216
22.7933
22.3170
22.3032
21.7038
22.2979
22.3589
21.9834
21.1669
21.3130
22.1916
21.3731
21.6948
22.0256
20.8149
22.7143
22.0360
21.6805
21.9579
21.5416
21.4573
21.5258
21.4820
21.0422
21.4194
20.6338
20.0982
20.6651
20.8184
20.1413
20.1561
19.5115
20.1741
20.0166
19.1901
19.5403
18.9433
19.6101
19.5392
19.9701
19.6413
19.8444
19.5398
20.2653
19.8447
21.1882
19.9678
19.0767
20.6725
19.7009
20.4250
19.5281
20.6002
19.9974
19.3047
20.1984
19.7751
19.6733
19.5251
18.8332
19.1509
19.8111
19.9991
20.1799
19.9117
20.1825
19.0193
20.4095
19.5711
19.7912
19.2871
19.7425
19.4724
19.5779
19.1474
19.5863
19.0837
19.3242
20.7731
20.1307
20.1445
18.8386
19.3721
19.1216
20.2784
20.6952
19.9748
21.1817
19.3755
19.3276
19.8754
21.4374
20.9207
20.4559
18.9720
19.8940
19.3889
20.3253
19.4301
19.6907
19.0257
19.1800
19.4572
19.7850
19.2774
19.9227
19.9093
19.5732
19.8439
19.0909
19.4609
19.6216
19.4481
19.6169
19.9410
19.9240
19.7163
18.2573
19.4342
20.1917
19.3238
19.3874
19.6432
18.7187
18.2452
19.6258
19.6990
20.0860
20.6208
19.3139
20.1000
20.4203
20.8001
20.4992
20.2160
21.1527
22.0625
20.5060
20.5020
19.9225
21.1886
20.8208
22.4890
20.6120
20.9429
21.5282
22.2398
21.7158
21.8539
21.7154
22.0693
23.0220
21.4352
20.7405
21.4064
21.1232
22.4869
21.0709
20.3847
20.9133
21.4450
20.7531
20.6792
20.1018
21.0211
21.8616
20.3338
19.9830
19.3321
20.7604
20.7495
23.1417
23.5896
23.3910
22.5860
22.9453
24.0128
23.8558
22.3993
19.9061
21.0234
20.4650
20.4641
20.5948
20.8065
20.9238
20.5997
21.1452
20.2181
19.9787
20.3206
20.4505
20.3897
20.8528
19.9818
22.2278
23.2857
22.1734
21.3447
21.2379
21.7747
21.3395
20.3690
20.1618
21.1824
20.8296
20.7419
21.9323
20.8997
22.7286
22.0271
20.9159
21.3017
21.9881
22.7378
22.7924
20.8370
20.8166
21.0695
20.9802
21.4844
20.7240
22.1025
22.5097
24.3403
21.4454
21.6200
21.5469
21.2991
23.7444
23.2363
22.9282
22.0183
21.8681
22.5228
24.3886
24.5734
24.8686
25.8962
24.1771
24.7207
23.7487
23.4096
23.0700
22.3337
22.9894
21.4864
20.3370
20.4272
21.7513
21.5191
21.2868
24.0343
24.0822
22.8098
22.9026
24.5672
23.9996
21.7772
22.6751
23.3106
23.9134
23.2740
23.5519
24.9031
25.6795
23.2739
22.8133
23.5655
24.1695
23.6717
24.0026
24.4637
23.6143
25.9403
24.1777
25.9694
25.3840
25.3641
24.2810
21.3928
23.1627
23.1604
22.3541
22.8171
21.9736
22.5910
21.8917
22.4311
22.5484
21.8295
20.5073
20.4503
21.2345
20.7140
22.7130
21.3429
21.1070
21.1494
21.5692
21.3690
21.4605
20.9529
20.9484
20.2398
21.3611
21.9975
20.5553
21.8842
22.7155
21.6999
22.0475
22.2371
22.7100
23.7773
21.1866
21.2675
20.3863
22.6066
21.1283
20.9579
21.5392
21.2466
22.1644
21.0781
21.0944
20.1003
20.7191
21.6783
21.7448
20.2073
21.0257
21.0467
21.3601
20.8693
20.7389
20.2739
21.4877
21.1087
21.3690
20.8937
22.0703
22.2477
21.2997
21.0232
21.3673
21.4636
21.5338
20.5620
20.0953
21.1216
21.1257
21.5236
22.1830
20.4916
19.9192
20.4951
21.2230
21.2839
20.8587
20.4180
20.6752
20.8648
20.3855
20.8385
20.9288
22.3249
22.1544
22.4841
20.9027
20.9362
22.9335
21.6144
21.5377
21.9869
20.4127
21.6181
21.5191
21.0804
21.4438
21.3619
20.8036
20.9914
20.7006
21.5717
21.7435
23.8915
21.7054
20.4003
21.2923
20.8002
20.9662
21.0239
22.0846
22.2236
22.4531
21.8128
23.1546
23.4677
22.5340
22.6804
23.9535
22.4819
23.4796
23.1632
22.4119
22.3494
22.9723
23.1735
22.3756
21.0841
21.6663
20.2325
21.2929
21.6699
22.1432
21.4545
20.7952
20.5538
22.2907
20.5887
21.1775
20.5048
20.8904
20.0521
21.8266
20.4804
19.7915
21.4883
21.5406
23.3716
21.0968
21.4167
21.6421
21.9386
21.6394
22.5719
21.6407
19.8359
21.3405
21.9955
21.6712
21.1002
20.7639
21.0769
21.4888
21.3527
22.3362
21.3645
23.2509
20.4892
20.3261
20.6832
21.7009
22.1999
23.5898
22.6062
24.4325
23.7628
23.0097
21.9411
22.3979
21.8214
21.7278
22.1005
21.0124
21.3287
20.1648
21.2969
21.6621
22.8978
20.6813
22.0056
22.1543
20.1402
21.3599
21.0208
21.5848
22.6436
23.2848
22.0496
23.1012
22.8512
23.6425
25.1119
25.8440
22.7100
22.9103
23.6605
23.8025
21.0308
21.7746
23.6283
21.9669
21.1381
21.7019
19.4641
21.7258
22.8152
23.5547
23.7885
22.7267
22.1406
21.2980
20.6283
21.4155
21.1392
20.2577
20.4703
20.6173
20.3304
20.9890
21.3842
20.6071
20.7110
21.1796
22.9122
20.2680
20.6690
19.7980
20.4449
19.6378
19.5480
20.2691
23.0676
21.8859
20.5827
20.2374
20.0390
21.5880
20.7861
20.8909
22.0823
23.1548
20.5112
22.3480
21.1984
21.4899
21.7981
20.0537
22.2177
21.0419
21.5813
21.9167
20.6699
22.1758
20.6946
21.8585
21.6897
21.2466
22.2588
21.2238
21.3962
20.3845
20.1701
23.5479
21.0598
21.7015
20.4966
19.7188
21.6238
21.4905
21.0212
20.8067
21.7155
21.1550
20.6509
21.4743
22.6200
21.2082
22.1293
21.3970
20.5793
20.8779
19.9960
20.4394
20.4966
20.7679
20.5301
20.1137
20.7370
20.0685
20.4247
21.2886
20.1594
20.5112
21.4425
20.3241
21.1597
21.0676
19.7137
20.4268
20.7362
20.2111
20.6707
20.7304
21.0561
21.0563
21.2091
21.0361
21.4210
22.2033
21.3744
21.3336
21.8270
22.1368
24.1147
23.4087
23.7406
23.4295
21.9810
22.3126
21.3480
21.8105
22.1244
22.3326
21.3175
20.6965
20.4645
21.1511
23.2303
22.8055
21.5757
20.5255
21.0209
20.9985
22.2831
20.9305
20.7103
20.9306
21.6479
20.7948
20.5896
22.1271
20.9156
21.4338
21.8573
21.5774
21.4882
20.8210
20.4613
19.3925
20.9945
21.2708
21.7456
20.1409
21.7552
22.1936
21.3317
20.3056
22.6331
21.5159
20.3931
19.6399
22.2434
23.8759
21.1177
21.5633
22.1496
21.2809
22.3937
20.7139
20.2187
22.4973
20.0272
20.6255
20.4661
21.3025
21.6052
22.3615
20.5930
21.6819
20.1568
20.3263
21.4780
20.0946
20.3140
22.4286
20.6620
21.1727
20.5238
20.8946
21.9282
19.4118
21.6679
22.8961
21.6499
22.3708
23.1421
21.9547
22.2263
21.0086
21.7583
21.3785
20.8386
21.4858
21.9494
21.2722
21.3500
21.2269
22.1377
22.3311
20.6284
20.7305
21.5270
20.5664
20.3149
22.6247
21.8006
21.8896
21.4467
21.6463
21.9820
21.8572
21.1980
20.4160
21.9730
20.4389
21.2467
20.3382
20.4628
21.3824
21.0517
20.8172
20.3444
20.7221
21.0369
21.2849
20.9637
21.3130
20.4317
20.6447
20.4407
20.3488
21.3591
21.3075
21.2424
22.2701
21.5972
20.9587
20.3937
21.6805
22.1448
22.4472
23.2967
21.1841
21.0068
22.7657
22.3289
23.3162
20.9772
22.3542
21.6286
22.0256
22.5566
21.9337
21.7022
21.4865
21.2464
20.9254
22.7001
22.4300
20.9259
21.9621
22.5808
20.4888
21.3058
20.9043
21.0301
20.4681
20.9149
20.4616
21.7374
21.9544
20.7071
20.2991
22.2902
22.0178
22.1868
22.3186
20.5790
21.4787
20.2705
21.1141
21.3423
22.1208
20.6770
20.9087
22.2802
21.6883
20.0253
21.8823
21.2618
21.3705
21.3284
21.6362
22.3580
21.7565
22.0042
20.4511
19.9135
21.7323
21.5318
20.6673
22.0167
22.0714
20.1012
19.2129
19.6306
19.4141
20.1911
20.6363
19.5634
20.3847
21.3933
20.9868
21.4908
21.0513
21.2851
22.0378
22.6656
21.7230
21.2853
21.2366
20.5746
20.8950
21.6278
22.1212
21.0726
21.0858
20.6929
20.7484
21.6611
20.8808
21.4307
21.4404
22.3019
20.3203
21.4494
21.3944
20.8239
20.0815
20.5460
21.2819
21.6382
20.8890
23.1759
20.5236
20.7161
20.3277
20.4263
20.5884
21.3455
22.7220
22.9254
22.9855
23.4574
22.6742
22.9592
20.7679
19.9008
19.8624
22.2702
20.8576
20.8581
21.1985
22.2609
21.8995
20.6918
21.4597
21.9057
21.1281
21.1401
21.4710
21.7279
23.6314
22.8420
21.9932
21.7816
21.5562
22.2619
22.5718
21.3605
21.5360
21.2762
21.6397
20.4364
20.7072
20.0373
20.8640
21.2592
20.5396
21.9266
20.8514
20.5430
22.2409
21.2490
20.4019
21.0808
20.7987
21.8962
19.3883
20.8131
20.1891
20.7147
21.1659
20.2417
19.3920
21.2668
22.1891
22.5031
22.8995
21.3575
20.7920
20.6777
19.9865
20.0789
20.0541
19.9549
19.8149
19.7047
19.6101
20.6493
19.9365
20.1922
19.8360
20.0030
19.4383
19.9956
19.5056
19.5620
20.0314
20.1846
19.4571
19.1873
19.7119
20.7244
20.0445
20.1280
19.9613
19.7028
19.8786
20.4685
19.8190
20.2763
19.5930
19.7883
19.3367
19.9816
19.5616
20.4199
19.9350
20.5033
20.2834
20.0967
19.4851
20.5700
19.1434
19.2402
20.6149
20.1225
19.6881
19.5623
19.9551
19.9894
20.2357
19.3064
19.7627
20.2676
20.9401
20.3324
20.2193
19.6386
20.1848
20.0471
20.0631
20.4064
21.9161
22.0856
23.2013
22.0458
21.3936
21.8914
21.8548
22.2252
23.7948
21.8587
20.9583
21.6876
21.4453
21.4975
22.9231
23.7298
21.6205
22.3463
23.2172
22.6902
22.5717
22.1110
22.6452
21.9982
22.4941
21.0083
21.7316
21.3985
22.0160
22.3699
21.8734
23.0184
23.2946
22.8339
23.4847
22.0121
22.3519
22.2858
22.6094
21.9405
22.3070
23.4288
22.3733
22.1592
22.9254
23.0824
21.8782
21.4025
21.8626
22.4866
21.9643
22.5114
21.9966
22.3707
20.5251
23.1056
22.0170
22.3113
22.3839
21.8019
22.0470
22.5449
23.3255
21.7074
21.2381
21.9292
22.1446
23.4633
23.0681
23.5584
22.4735
21.6590
22.8831
23.0920
22.0621
22.6473
25.4014
23.4741
22.3611
22.1541
23.0653
24.1157
23.6121
22.2798
23.7658
22.8046
22.2995
21.5710
22.3316
23.4026
23.5483
23.3644
21.4999
22.8286
21.6691
22.4145
23.0045
25.3171
25.7951
25.1696
25.3174
23.0757
23.7351
22.5982
22.9549
22.8785
23.5936
23.3753
22.4134
23.3375
22.2638
22.7160
22.3484
22.9954
23.0827
24.4754
21.8274
23.1413
22.6894
22.7056
22.6302
22.9861
23.4242
22.0130
21.8472
22.3475
23.2669
22.6475
22.3284
23.5388
23.1008
23.8601
22.6945
22.2991
23.1439
24.0212
24.2154
22.9876
22.8498
23.5212
21.3962
22.3829
23.3788
22.3339
23.8398
25.4437
25.1595
25.0659
24.8907
24.0166
24.0036
23.8927
23.8055
23.8607
23.9161
22.9994
21.9932
23.8117
22.4368
22.6488
24.1711
23.0553
22.7174
24.3411
23.1183
23.6676
24.6848
23.3457
24.6961
23.7599
23.2667
24.5649
24.1627
24.8150
24.0222
23.6934
23.6523
23.4896
22.8306
22.7175
22.9700
22.7264
22.9161
24.3612
22.9603
22.2700
21.2779
20.8931
21.0767
22.5265
21.4775
22.8986
21.7794
20.7945
21.5039
21.0368
21.5611
21.4321
21.4746
21.3451
20.5889
21.0498
22.6453
22.1605
21.6771
23.7195
21.8985
23.0950
22.9965
22.8682
22.9856
24.1459
23.7306
22.9317
26.0351
24.0550
25.3922
23.8200
25.3751
24.2982
23.0236
23.1093
26.1289
22.1631
24.0119
24.3746
24.4090
25.1474
24.8548
24.3599
22.6677
23.7544
25.1335
24.3453
25.6327
29.3824
27.5655
26.3719
25.9365
25.0520
24.6744
25.4956
25.9047
25.7059
23.9717
26.1766
24.9402
23.8017
23.6850
24.0957
25.1058
25.9869
25.0412
25.9096
25.3119
24.5883
25.2723
24.9502
24.6410
23.7249
24.6100
25.0546
25.2866
24.9025
25.9141
24.3291
23.1168
24.6481
22.6663
23.0654
25.5986
24.5264
23.8947
24.6085
29.0345
24.3608
25.5054
24.1888
25.1181
24.6852
24.8514
22.8688
22.8290
23.7376
23.8104
24.3891
24.3795
24.7123
23.4046
23.6010
25.4024
23.1263
23.1324
23.8995
21.9224
23.7050
23.8223
23.0858
22.1708
22.7035
23.6184
24.8346
25.2058
22.6051
24.5787
22.8701
23.2672
22.7531
23.0932
24.0153
23.8120
22.2458
22.9997
23.1439
23.0176
23.0276
21.7197
23.1472
23.6718
24.4191
26.6293
25.7887
22.3614
23.5567
23.4509
22.7931
24.5343
25.8420
24.5556
23.1930
23.2812
24.6994
23.4250
24.7793
23.8973
24.3199
23.8725
24.3290
23.6679
23.9287
24.0415
24.5579
25.5278
23.9213
24.4086
25.4287
25.4479
24.6687
24.2641
27.9419
26.0439
23.3627
24.8112
24.7130
26.1601
22.9528
23.4183
23.6041
22.8564
25.4638
23.7868
24.2904
22.7509
24.2484
22.6158
22.4764
24.1191
23.3764
23.6734
23.8577
22.4686
23.4409
24.4582
23.9962
25.6971
24.9623
27.3864
24.8993
23.6793
22.7998
23.0404
23.4360
21.7983
23.8167
22.3315
24.0341
24.2009
25.3510
25.5681
24.9282
24.3430
23.6981
23.5766
23.5749
23.4874
23.3592
23.3151
22.2625
21.3052
24.2693
23.0705
21.1522
21.7079
24.5261
23.4401
24.7389
23.6825
23.2011
21.9433
22.8616
20.7274
20.6792
22.5210
21.9016
23.1838
21.2767
22.7947
22.1364
22.9115
23.4724
23.5239
23.7322
21.9781
24.2689
22.8813
22.0463
23.0824
23.0435
23.3324
22.2586
22.8070
22.9705
22.8143
22.8345
22.6280
20.2564
22.4382
23.6584
21.7438
21.6554
21.8531
23.0130
22.7116
23.4269
21.9632
20.9952
23.5209
23.1530
24.0441
23.6739
24.6914
23.6407
24.5745
23.6100
24.5222
26.1533
29.3668
29.0449
27.3008
28.1746
26.7166
24.6627
25.8498
23.7320
24.7722
24.4145
26.1298
25.9577
24.7935
24.2937
23.1835
23.8873
22.7747
22.6871
23.2024
24.6116
21.4849
22.1180
24.8764
22.6425
23.6002
23.8494
23.8048
24.6444
23.1466
23.0900
23.8174
23.9968
25.6805
23.7836
23.7761
22.4083
22.1712
24.8821
26.8523
25.2261
26.1509
23.8322
26.5556
25.7054
25.6898
25.0201
24.8142
23.8143
22.9308
22.5117
22.7360
24.2881
23.5779
22.2618
23.5288
26.3943
27.2201
25.4880
26.4855
24.2388
23.9055
24.6150
24.3057
24.7175
26.4318
23.4365
23.4216
26.0263
24.1390
25.8024
26.0693
25.6637
23.9021
24.5219
24.0253
24.3677
25.2991
22.7214
23.6502
25.1043
23.7491
23.0196
23.5455
22.5928
22.9389
23.1507
22.5674
23.9831
24.7483
23.5237
25.7931
22.7631
23.1133
24.3956
23.3480
23.7858
23.6868
23.7532
23.3352
23.3979
25.0443
24.1159
24.6293
26.6348
23.3843
23.3920
24.0184
24.1864
25.5816
28.6861
26.3392
24.4703
24.2257
28.2693
27.9649
26.6206
23.5727
23.5363
21.9974
22.2521
22.7910
26.2284
25.4610
25.7357
23.4402
23.0892
24.4212
22.9589
23.8154
23.6272
24.8448
23.3437
24.6722
23.6639
22.8301
21.2637
22.5572
22.8058
24.0954
23.3050
22.6627
23.9143
21.3457
23.1070
22.8482
23.3353
23.4359
21.9065
22.8387
22.6956
22.3468
23.5867
23.5596
23.6207
22.9482
22.8364
22.5058
22.6248
24.8070
24.6248
23.9935
23.5293
24.1679
21.8499
24.7294
23.3066
23.8193
25.6137
24.1460
23.5735
23.7110
23.0427
23.0016
23.0735
22.3169
23.6565
24.0664
23.1094
22.7234
22.9252
23.5509
24.6396
24.5283
23.5204
24.4031
24.4265
23.1279
23.8878
23.9686
24.8712
23.5902
23.9699
24.9835
22.9224
23.3052
25.2932
27.2137
25.8268
23.0956
24.4109
25.0659
25.5512
25.3046
23.0321
23.1028
22.3717
22.4955
22.2190
22.7711
22.0233
23.4782
22.4108
23.1150
23.7279
24.3187
22.6448
21.5551
22.7606
23.3911
23.8846
23.5814
23.0827
23.7478
24.2701
23.1784
23.2534
23.7632
22.7527
25.9909
25.2760
23.2119
22.4303
22.9238
23.6812
23.7313
24.4900
23.7783
23.8779
24.7700
25.4600
23.9386
23.9820
25.7654
22.9144
24.2699
24.0932
23.0622
22.0739
22.4156
21.4391
22.9168
23.8688
24.1290
24.4054
23.9305
23.2516
22.4033
21.5126
21.0187
22.7187
22.0041
21.1894
21.9901
22.6169
21.7212
22.0690
22.5279
23.5893
25.3140
22.9292
22.7282
22.7784
25.1921
24.1793
22.2597
24.5682
24.2982
23.8355
25.2479
24.3828
24.6307
22.2643
23.6730
22.6166
23.5731
25.8371
24.2300
25.3060
23.6720
23.9015
22.8302
24.4635
24.1380
23.3882
22.5195
23.7599
22.9432
22.3427
23.7620
23.7349
22.5403
25.0101
24.1429
25.7129
23.4155
24.3600
25.3199
23.7097
24.2954
24.0263
26.3400
24.8457
25.3033
23.8071
24.9949
24.4802
24.2233
23.2562
24.4227
26.1217
23.9640
26.5843
25.4176
25.5337
25.6537
25.8710
27.8109
28.2889
25.8634
24.4666
24.3934
26.5480
24.8783
23.4489
23.6344
24.2926
24.1600
23.5003
23.7117
24.0292
23.7868
24.6594
23.8337
24.1679
23.1022
24.7567
24.1454
23.9879
22.6443
23.2111
23.1584
23.9373
22.2528
22.0754
20.7524
21.3543
22.8101
23.0330
23.8386
23.0455
23.1473
24.0285
24.7668
22.6524
23.3819
23.3098
25.1663
23.6448
24.5077
24.5873
25.5434
25.1023
24.0286
25.6027
24.6499
25.9443
24.0613
22.9204
25.9158
23.6037
22.5206
22.3032
21.7525
21.8170
22.0568
21.8474
22.0600
24.3904
22.2135
23.3428
23.3430
24.9825
22.6355
22.6650
25.3766
26.8551
23.1932
23.5852
25.5351
25.0037
24.9695
25.0699
24.5107
24.9414
24.4100
23.5161
23.1669
23.6200
23.9885
23.8395
24.4926
23.1695
23.4127
23.3018
22.5447
23.8363
23.9945
23.7860
24.8039
24.2074
23.2029
23.2678
24.3149
23.2959
22.7777
24.1990
21.4099
22.5735
22.3230
23.1327
21.5850
21.6555
20.8208
19.8518
22.1354
22.5107
22.2693
21.4415
20.2994
20.8980
21.0916
20.3123
21.7632
22.7860
21.3533
21.2481
22.0453
22.4738
23.2045
22.2420
22.1811
20.7258
20.8816
21.0843
20.9066
20.8613
21.5744
21.9378
22.2352
21.3375
21.3455
20.7679
20.5580
20.9706
20.9141
20.5360
20.8073
20.0037
21.2417
21.7680
20.7478
20.7600
20.7844
21.4975
24.0059
24.6831
23.6475
24.2817
24.1767
25.6870
24.2651
23.6038
23.4900
24.1088
23.9636
24.2495
24.4308
23.6237
23.5295
22.3467
24.1686
23.5328
23.7051
23.6414
22.3098
21.6363
24.2729
23.2621
25.2245
26.2868
23.1858
22.0540
24.4022
23.6882
22.5696
24.5669
26.2277
24.9878
24.0797
23.1644
24.7139
23.0345
23.4354
22.8812
23.5414
22.9626
22.5797
23.9784
23.3485
23.8100
23.5130
23.8445
25.3256
24.2781
25.1551
24.3928
24.1384
23.3639
24.1130
26.1596
22.7988
23.3564
23.3558
23.2043
23.8604
23.1938
28.9242
27.9811
28.7885
28.4641
29.1292
27.9740
26.4433
26.8745
25.7407
23.7273
23.1368
23.1535
23.9147
24.0824
23.4597
23.5465
23.2519
23.6608
22.5265
22.9242
23.6317
24.7798
24.2364
25.1278
25.6738
25.4778
23.6216
23.5606
24.6213
23.8709
23.0465
24.7779
24.0172
24.1163
25.7399
24.4666
24.4390
24.6222
27.6962
25.7260
27.0342
26.5145
23.8598
25.4021
24.1897
26.5517
23.8617
24.6435
24.2236
24.7377
23.7699
24.8770
22.6355
24.4415
25.4222
24.4339
23.7077
24.5264
23.2874
24.1187
24.0900
23.4783
23.2839
24.1522
24.1041
23.9348
22.9913
23.9235
22.4934
22.1258
