23.8342
24.7130
24.8416
24.6599
25.3209
24.5765
24.7648
25.1802
24.4642
23.6397
23.9994
24.7479
24.1293
24.5430
24.1697
24.7949
23.6094
24.5789
24.4767
23.9999
24.6092
24.3035
23.6964
23.4280
23.6260
23.5421
23.7892
23.9571
24.3625
23.8179
24.4585
23.9870
24.2512
24.8831
24.0433
23.9258
23.8523
23.8373
23.5764
23.6333
23.6496
23.1725
24.7653
25.1378
27.1191
27.6355
26.6550
25.8331
25.5736
23.6717
24.3741
25.7098
26.4728
25.8015
25.5556
26.5856
25.9466
26.1103
25.5164
25.6610
26.0258
25.9518
26.0447
26.1429
26.7654
25.5229
26.3742
26.0062
26.4848
26.8032
27.0177
26.4251
26.2003
26.8842
27.0201
27.3849
27.4471
27.5126
26.4844
27.3060
26.6835
28.0409
26.7817
26.8891
26.4498
26.5373
26.1201
26.1579
26.6971
26.6724
26.4347
26.1531
26.9943
27.0651
26.3886
26.6287
26.6602
26.0110
26.8254
26.5050
26.2154
26.7517
26.7926
26.7148
25.8989
26.7892
26.6297
26.0339
27.0995
26.3090
27.0098
26.6825
26.4189
26.3691
25.8243
25.9807
25.9319
25.3244
26.1176
26.1377
25.7993
25.9924
25.5505
25.6070
25.9396
24.6893
25.7025
25.1357
25.4905
25.9403
24.8966
26.2780
25.4875
25.1662
25.8259
25.3928
25.3578
25.4408
25.9371
26.1796
26.2108
26.1889
26.5878
26.0593
26.9139
27.2982
26.5248
27.3713
26.7573
27.4096
27.2777
27.2568
27.9504
27.7723
27.8388
26.3266
26.6369
27.4342
27.3082
27.2881
27.2692
26.2582
27.2955
25.4721
26.7755
26.6231
26.6789
25.8742
27.9664
27.4466
26.5077
27.3775
27.6742
27.5481
26.5382
27.3182
26.9304
28.4454
27.0886
26.2283
26.3022
26.8894
27.3788
26.3709
27.5632
26.6515
26.2961
25.7404
26.3639
26.2273
25.7492
25.5787
25.7867
26.7895
25.8926
26.4308
25.5430
26.0902
26.9219
26.0898
26.6177
26.2184
26.8709
26.6350
27.0436
26.7372
27.8683
26.6150
26.9292
27.4807
27.7364
27.3069
26.1480
26.5237
26.1599
27.4590
26.6340
27.3358
27.7714
27.0084
27.7860
26.6797
26.7414
27.0690
27.1230
27.0496
25.7494
26.5238
27.1965
26.4278
28.2525
27.2103
26.7595
28.0534
27.7940
27.2086
27.7439
27.0527
27.3890
26.6165
27.1210
26.7197
27.4929
26.6234
28.0795
27.4095
27.1121
26.0925
27.4336
27.0681
27.1839
27.5693
26.9825
25.4078
27.6868
26.3011
27.3843
26.7825
27.3055
27.1011
27.2900
27.6116
27.3525
27.6788
27.9171
27.3173
27.5359
27.6861
28.1566
27.8652
26.6512
27.1539
27.1073
27.7119
27.5497
27.5807
27.5000
27.4151
26.7327
27.9639
27.3247
28.5505
27.9919
26.6521
26.8078
27.1087
26.7639
26.7546
26.1723
27.1101
25.9832
27.7854
27.7353
26.5817
26.7419
25.9396
25.9710
27.2739
26.8035
28.1067
27.0072
27.8607
28.2036
27.5693
27.6331
27.0419
27.6143
26.9952
26.6124
27.6971
26.4531
26.8408
27.8085
25.3725
26.6885
26.1232
26.6989
26.8373
26.5894
26.2041
26.8494
26.6546
25.6108
26.0468
26.1043
26.1242
26.1778
25.6039
25.4475
26.1597
26.1264
26.3622
25.9372
26.4198
26.7646
26.7656
25.2291
26.1209
25.4873
25.9497
26.4144
25.4531
24.3762
25.3064
24.4954
25.4262
24.5321
24.7914
24.7842
23.6335
25.5256
24.8488
25.0977
25.3283
25.1410
25.2992
25.1972
25.2092
24.2100
24.2098
25.1542
25.0245
25.6731
24.8164
24.9379
24.6091
25.0842
24.5117
24.5435
24.8186
24.2946
23.8776
24.9157
23.8023
23.7942
24.4160
24.3332
24.7613
23.7494
23.6974
24.7975
24.1971
23.6149
24.1645
23.8741
23.7002
23.7036
24.6428
23.5581
24.4512
23.8893
23.8218
24.1124
23.9444
24.1608
24.3866
23.8837
24.4273
23.6627
24.4401
24.3323
24.1513
24.1272
23.8953
23.4667
23.5536
23.9905
25.0978
24.0362
24.3146
24.0707
24.3782
23.6686
23.8349
24.3959
24.1985
24.3855
24.2726
24.2675
23.9493
24.4063
24.6181
24.7269
23.8529
24.0662
24.4989
23.8847
23.8644
24.5251
24.5089
23.5905
23.0267
23.6223
24.1697
24.8344
24.4574
24.2634
24.0140
24.7650
23.7561
24.6364
23.8761
23.8101
24.5246
24.2758
25.1655
25.1597
25.1769
25.0529
23.7839
24.5888
24.4816
24.7425
25.0461
24.1990
25.0583
24.6775
23.3944
24.6485
24.4012
24.4775
24.9050
24.7767
24.4361
24.3394
24.2199
24.7598
24.1977
24.3329
24.2227
24.7716
23.6848
24.9312
24.9038
24.9073
24.8182
25.1864
24.8943
25.0300
25.4165
24.9995
24.9134
24.4983
24.5780
24.7381
24.9162
24.6420
24.3801
24.2544
24.4608
23.9856
24.8327
25.0484
25.0355
24.6870
24.1939
24.4368
24.1504
24.3324
24.4461
24.4982
24.8187
24.5758
24.4755
23.7875
23.8581
23.9123
23.4772
24.0644
23.7200
24.8369
24.0916
23.9197
24.6027
24.8201
24.6284
24.9264
23.9395
24.2809
23.6176
24.6051
24.8917
24.8332
23.6332
24.0480
24.2721
24.4991
24.5049
24.6579
24.6595
24.7307
24.6807
24.8190
25.0655
24.6238
24.7787
24.6521
24.6759
25.2741
24.7367
24.4512
24.1361
24.2865
24.1148
23.5821
23.3643
23.7123
24.2682
24.3611
24.0097
24.3699
23.9478
24.2976
23.7817
24.9352
24.6023
24.8288
24.4305
24.4995
25.8688
25.7398
24.8300
24.6398
24.6004
24.7870
24.6546
25.2945
25.2637
24.7545
25.1001
24.6868
24.7993
24.0993
24.4051
24.5855
24.6211
25.4768
25.4378
24.9036
25.6562
26.1195
25.0940
25.5031
24.9362
24.4579
25.5468
24.3598
24.7287
25.6110
26.3832
25.4820
26.0522
25.2816
26.2668
26.2177
24.9956
25.3492
26.4530
24.4602
25.5929
25.2896
25.3511
25.7168
25.2169
25.3448
25.0064
24.8750
25.0405
24.4907
25.4393
25.9402
24.8468
24.6540
27.0347
25.9303
25.3660
25.0913
26.2736
25.1309
25.2149
25.0980
26.4904
26.0704
25.7508
26.0839
25.0328
25.4748
25.1376
24.5110
25.6661
27.3991
26.8892
25.7482
26.1693
25.3832
25.7171
26.0272
26.9750
27.1257
26.5392
26.2499
26.4524
25.9843
26.3997
26.7438
26.2328
27.0517
26.1483
25.2821
26.2682
25.8493
27.2409
26.2582
26.4143
25.6738
26.4513
25.6386
25.3677
25.2504
25.1085
26.0113
26.0713
26.5806
26.8134
26.4025
26.7875
26.3450
25.7365
25.9019
26.3615
26.6594
24.7353
24.7910
24.0701
24.8422
25.0812
24.7327
25.0926
23.9034
24.6323
24.9910
24.1908
24.2216
24.6329
25.1810
24.6548
24.9327
24.1545
25.0025
25.1675
25.7771
24.4662
25.4445
24.3916
25.1936
24.3793
25.1286
25.1123
24.9784
24.5997
25.7870
26.1555
24.6105
24.3579
24.6926
24.9443
24.7838
26.2419
26.0102
26.2318
26.3924
26.1311
26.0446
26.5146
27.2750
25.8395
26.8107
26.5727
26.7260
26.4606
26.1760
26.7382
26.3472
27.3289
26.7810
26.3743
26.6082
25.9221
26.8689
24.7887
26.5049
25.9265
26.6336
27.2104
26.3051
27.7290
27.9800
29.6886
28.2224
27.5519
27.4067
27.8502
28.4227
30.1673
26.9060
29.3145
28.6218
27.9013
28.8806
29.0836
28.6654
30.1726
29.1193
29.3392
29.3033
28.6240
28.4366
29.7389
29.0010
28.7592
28.5355
28.5578
28.0577
28.3988
26.1086
27.8481
28.2797
26.7934
29.3777
29.4588
29.1784
29.6078
27.9494
26.8713
26.9957
26.9796
27.2100
26.4326
25.8465
25.8552
26.6335
25.9847
25.7451
25.4235
25.9797
26.9359
26.0519
25.6136
25.4397
25.2532
26.8296
27.8213
24.8023
25.1247
25.2058
25.4857
23.9818
25.2823
25.0396
25.1918
26.1422
25.4787
25.8460
26.2831
25.4880
25.5078
26.0596
25.1104
25.5242
24.6341
25.4040
25.6848
26.1608
26.4444
25.2708
25.7561
26.1243
26.4151
25.9230
26.1167
26.2517
26.6307
26.5196
26.4976
27.2134
26.8313
26.0302
26.8646
26.6096
25.5210
26.4609
26.3935
27.7251
27.4264
27.3415
27.8958
27.5909
28.0214
26.8953
27.6195
27.6942
26.0953
26.8605
27.1465
27.5237
27.4033
25.9512
26.0521
25.9794
25.8837
25.9456
25.3999
25.2535
26.3148
25.3201
25.7467
25.8861
25.3790
25.9944
26.6201
26.9185
26.0667
26.5819
26.7306
26.5957
26.9292
26.6441
25.6571
27.3645
28.2530
26.4691
26.4539
26.5293
26.5118
28.7924
27.1728
27.7464
25.9271
26.7904
25.7586
25.8407
26.8809
26.8309
27.7042
27.1457
26.3613
26.5466
25.6111
25.9988
25.5406
25.4483
26.7089
28.0461
25.2285
25.5068
25.7799
26.4795
26.4875
26.2534
26.4484
26.8422
26.7674
27.9118
26.8765
26.9556
27.1696
26.3274
26.3633
26.2393
26.9596
25.5874
25.8079
26.2777
27.0879
27.1973
28.0400
25.7855
25.4603
26.5576
25.7033
25.9277
25.3911
25.7601
24.4853
25.2823
25.4628
24.9722
25.1508
25.5517
24.8861
26.5091
25.9489
26.2621
25.9772
25.7216
24.8531
24.0002
24.6949
25.0848
25.5457
24.3616
24.9068
24.5116
24.1859
24.9034
24.7737
24.1138
24.2426
24.9333
25.8235
24.5362
24.9579
24.8063
24.8832
24.8599
24.5905
25.3361
24.7118
24.9945
25.3476
24.9866
24.8765
25.3352
25.2650
24.7214
24.5502
25.2863
24.8499
25.0167
25.2916
24.0209
23.8377
23.6658
24.9057
25.5508
24.1413
23.5033
24.4004
24.0997
25.0475
24.1423
24.0770
25.1640
25.0002
25.2334
24.8931
24.6404
25.0726
24.1881
24.2497
23.9789
24.1890
23.8907
24.6062
24.3997
24.4252
24.4864
25.7647
25.0166
25.2629
24.5547
25.3278
25.6583
25.1863
25.1697
25.3506
24.9987
25.1726
24.8437
24.8641
25.7261
25.2791
25.1500
24.9091
25.0085
25.1226
24.9648
25.4159
24.7102
24.9219
25.6898
24.3604
24.6835
24.4685
24.5030
25.0237
25.5429
25.5007
26.2703
26.7981
26.7655
24.5536
24.9619
25.2101
25.4955
25.0021
25.8973
25.2722
25.1908
25.2905
25.2312
25.0396
24.7090
25.1981
24.3109
24.6026
25.5406
25.1332
25.3581
25.0852
25.0622
24.6145
24.6548
24.5665
25.7437
24.5658
24.7194
25.1263
24.7665
25.2956
25.2368
25.3167
24.9458
24.6501
24.6916
23.9950
25.0444
25.1885
24.6129
25.5206
25.7010
24.9212
25.1883
25.1361
24.9945
24.5501
24.7939
25.8847
25.3928
24.9626
25.4544
24.4177
24.8845
25.3721
25.1090
24.1713
25.1073
25.0780
26.5723
25.4032
25.2184
25.3123
25.6094
24.9354
25.1652
25.2261
24.8710
25.4508
25.1665
25.0425
24.5511
24.6696
25.3918
24.7663
25.0605
24.5262
25.4414
25.5804
24.6823
23.7587
24.7196
24.8145
24.2305
24.9165
25.7031
24.8390
24.5656
25.3040
25.6738
24.7988
25.2235
24.4700
25.1143
25.4014
24.2815
24.8963
24.7859
25.8111
26.0261
25.3919
25.5250
25.7592
25.9198
25.5693
24.8267
24.0069
25.7026
24.9948
25.0817
25.0652
26.0710
25.9017
25.1238
25.6468
25.5502
25.5004
24.9080
25.2321
25.0859
25.3651
25.5081
25.2081
25.0219
26.3087
25.2588
25.9723
24.8825
24.5795
25.8006
24.4208
24.6288
24.9498
25.0326
23.9193
24.7383
25.4591
24.9510
25.0885
25.0342
24.4528
24.8609
25.1466
24.9883
24.0200
24.8444
24.4246
24.3831
24.2825
24.8872
24.0628
24.6209
24.3085
25.1739
24.1866
24.2869
24.3679
25.2887
25.0552
24.3912
24.9642
24.7200
24.6668
25.0304
24.7617
25.3334
24.6960
24.5828
26.2669
25.6167
25.6829
26.2335
25.6800
24.4396
24.8370
24.6634
24.5223
25.1810
25.5566
25.8431
24.7839
25.4598
25.2114
24.6931
24.7479
24.8907
24.7834
24.8402
25.0936
25.0668
24.8924
23.7032
24.6534
25.3875
24.7372
24.6546
25.1536
25.0249
24.5755
24.0509
24.5110
24.6262
24.4768
24.7134
24.3052
23.8825
24.3891
24.8992
24.5333
25.0541
24.0322
24.3477
25.3478
25.5043
24.7183
25.1543
25.0182
24.6902
24.9785
25.8733
24.8295
25.4089
24.8854
24.8409
24.5657
24.5114
23.9754
24.0647
24.6227
25.0338
25.1546
23.8828
23.8655
24.5505
24.1524
24.6202
24.1968
24.4550
24.2859
24.3442
24.6579
24.6396
24.9894
25.1359
23.6927
24.1494
24.1191
23.9686
24.5259
24.8803
24.2696
24.4358
24.1687
24.4777
24.6745
24.7066
24.5233
24.7206
24.0713
24.7252
25.2666
24.7462
24.6594
25.0227
25.3578
24.2096
23.9331
24.7122
24.3641
24.8295
24.6731
24.7695
24.6841
24.5549
23.3967
24.7749
24.5175
25.1654
24.4537
24.6962
24.9741
24.8423
26.2100
24.5628
25.2404
24.7461
24.8335
24.5583
23.9864
24.5183
24.2969
24.6975
24.6197
23.8565
24.7656
24.4620
24.4910
24.7815
24.3817
24.8759
23.7727
24.0046
24.5462
23.6993
24.0257
23.8943
23.5946
23.9823
24.2629
24.1500
23.9226
24.5277
23.9430
23.7711
24.1900
24.5064
24.8593
24.2051
24.2160
24.8719
24.3992
24.1033
24.0968
24.6488
24.5361
24.7981
24.9920
24.0592
24.1331
23.7317
24.4604
24.1454
23.7419
23.6624
23.4678
24.1342
23.5290
24.9374
24.4811
23.8400
23.5777
24.7251
24.1049
24.3056
24.6936
25.1123
24.3505
24.1396
25.0697
24.1943
24.4787
24.8039
24.3155
24.4311
24.0761
24.4785
23.4979
24.3625
24.3556
24.6292
23.9034
24.5149
24.7460
24.8527
24.4441
24.0501
24.5295
24.1989
24.2740
24.6214
24.6725
24.8892
24.4403
24.6409
24.5060
23.4929
23.8545
23.4758
23.8232
24.7049
25.0302
24.8414
24.4825
24.4048
24.8139
24.7032
24.4820
24.6049
24.3411
24.6229
24.9029
24.4053
24.8969
24.4157
24.5186
24.9303
24.2853
24.4759
24.4387
24.7116
25.1351
25.4261
25.0477
25.6849
24.6547
24.6263
24.5784
24.4851
24.7939
24.6592
25.0017
25.4517
26.6661
26.6158
26.0934
25.1935
25.3382
26.7676
26.5281
25.7350
26.1209
26.6801
26.0818
26.0769
26.8599
26.0098
25.7195
25.2880
25.0255
25.0779
24.4993
24.2311
24.1323
24.4225
24.6242
24.4091
24.1619
24.3736
24.4099
24.5215
24.3670
24.6786
25.0892
24.3239
24.1084
24.0159
25.4754
24.2455
24.6304
25.1146
23.8792
23.8239
24.5239
25.6011
26.0714
25.5997
24.6174
24.2599
24.2117
24.7590
24.2680
24.8303
23.5784
25.1347
25.3928
24.5403
25.4808
24.5349
25.0944
24.5689
25.1856
25.0629
25.0360
23.6288
23.7668
24.7330
24.2988
24.8079
24.4538
24.4619
24.2304
24.8337
24.0463
23.9513
23.7413
24.2177
23.7893
24.3554
24.6336
24.3055
23.9210
24.5862
23.5629
23.7586
24.7618
25.8104
25.2337
24.4725
25.7438
24.2139
25.2226
25.4419
24.5121
24.9346
24.3791
24.9498
24.6609
24.5531
25.1349
24.7320
24.3251
25.5119
24.2403
24.2852
23.1991
24.3909
23.8427
24.8388
24.1500
24.6491
23.5666
24.0035
25.0881
25.1424
25.4636
24.2854
24.5202
25.4306
24.4373
25.0480
24.1968
24.7123
24.4409
25.2645
24.7466
25.2683
24.3013
24.5650
25.5098
25.2037
24.7818
24.4610
24.5776
24.9998
24.4613
25.6786
24.6218
24.7660
25.1174
24.6300
24.3087
24.3304
24.4854
25.2305
25.2394
24.3727
25.5323
25.9148
24.9411
24.8328
24.1563
24.9810
24.3679
23.3596
24.2707
26.2746
25.0058
24.1142
24.6532
24.1888
24.3450
24.5753
24.3007
24.9661
24.4415
24.1617
23.5771
24.4144
25.7888
24.9627
25.3086
25.0204
25.1118
25.3915
24.8087
25.1879
25.7199
25.2748
25.8059
25.4993
25.7313
25.7541
24.8918
25.3438
25.1426
24.7931
24.5640
25.8012
25.6326
24.1115
25.0913
25.4731
25.3892
25.2774
25.1678
25.8175
24.5788
24.6595
24.5712
25.7780
24.9334
25.6890
25.0763
25.8788
25.3675
25.1497
25.6664
25.2627
25.4464
25.3635
24.8706
25.2106
24.1025
24.9243
25.3523
24.9443
25.0134
24.6929
25.5342
24.5492
25.0678
25.0782
25.0250
25.5431
24.8468
25.9379
25.3068
25.0585
24.6807
25.1351
24.7626
25.2749
25.8152
24.9609
25.1529
25.5073
23.9749
24.8041
23.8974
25.0191
24.4923
25.1478
25.1185
24.6476
25.0612
25.2361
24.9843
25.1030
25.0066
25.3335
25.0465
25.3554
25.0330
25.9544
24.6375
24.7794
24.5250
25.9796
25.7505
23.9030
24.1790
24.8858
25.6109
25.7849
25.3298
25.0251
24.4462
24.7474
25.5754
24.8822
24.5530
23.8931
24.5415
24.2837
24.3022
24.9796
26.1206
24.9590
24.8316
25.0824
24.6446
24.2866
24.5301
23.9747
24.6208
24.4679
25.4488
25.2449
24.7865
24.5790
23.6372
24.3257
24.1284
25.4104
24.3621
24.9349
24.7386
24.8638
24.2027
25.0534
24.7861
24.5817
24.3725
24.7990
24.9512
24.0315
24.6357
24.1481
24.0040
24.3342
25.0637
24.5758
24.6486
24.2237
23.9964
24.4370
24.8697
24.5665
25.3014
25.0419
25.1394
24.2361
24.9144
25.0373
25.0154
24.3381
24.7840
25.2396
25.4563
25.6284
24.7885
24.7013
25.5018
25.4747
24.6592
24.8625
24.6141
24.6217
24.7566
25.3789
25.4923
25.1398
25.9981
25.6465
24.4917
24.8284
25.6266
25.2195
24.9582
24.6303
23.9970
24.8991
25.8400
26.1242
25.6163
25.8007
25.3621
25.6561
25.6140
25.5663
26.0289
25.3128
24.4146
24.7235
24.7177
24.7421
25.3382
25.2794
24.6979
25.9836
24.9680
25.3900
25.5487
25.0849
25.8532
25.5005
25.3244
24.6652
25.4317
25.6340
25.6824
25.2923
25.4495
25.3067
26.1129
26.3218
25.4804
26.3076
25.7882
25.3330
23.9472
25.3568
24.0174
25.0685
25.8117
24.9032
25.7709
24.9744
24.7274
24.9930
25.3932
25.2938
24.1523
25.5443
25.5118
25.1260
24.7206
24.8947
24.8031
23.9640
24.3636
24.8580
24.3313
25.1267
25.6123
24.8246
24.6560
25.1304
25.5400
26.0149
26.4753
26.2039
24.7535
25.6981
25.5465
25.2709
25.3977
25.0763
25.5330
24.3242
25.6745
25.6641
25.1132
24.6682
24.1486
23.7588
23.5132
25.2541
25.3204
26.2401
25.7123
24.6471
26.3707
26.4829
24.6536
25.1912
25.1698
25.6420
25.2143
24.8663
23.8545
24.6824
24.4380
25.0965
24.2110
24.9946
24.5095
23.9449
24.8493
24.2455
24.0862
24.2462
25.4703
24.9889
24.8293
24.6939
24.9315
24.7055
24.7553
24.8448
24.6663
24.3231
24.7466
24.6719
24.3810
24.2542
25.2853
24.1430
23.6390
24.0757
24.4281
24.2545
25.1950
25.0042
24.4166
24.4002
25.3477
24.9650
24.7100
24.1460
24.5319
24.7243
24.5276
24.4280
24.8613
24.4370
24.5187
24.5324
24.6967
24.3494
24.5992
25.1514
24.8633
24.1285
24.3600
25.0463
25.6924
24.7867
24.1017
24.5797
24.2847
23.6958
24.2669
24.5264
24.8463
24.3534
24.4504
24.6853
24.0872
24.6553
24.2308
24.5687
24.4772
25.3546
25.0269
24.8981
24.9237
24.2764
24.3283
24.6182
25.1890
25.1054
24.0393
24.3649
24.7946
24.7774
24.9073
24.2403
24.3603
24.4518
24.2228
24.5959
24.3287
24.7811
24.7914
24.9552
24.2892
24.8413
25.0212
25.4200
25.4476
25.1396
25.4797
24.2975
24.9730
24.7023
24.4537
23.9928
25.5011
25.3866
24.3621
25.1446
25.8223
25.6605
25.5025
24.4429
24.5310
25.1036
24.2269
24.9853
25.8677
24.7546
25.8563
25.1230
26.3036
25.6877
24.1115
24.7054
25.0352
24.2639
24.7439
24.2459
23.8590
23.6015
23.9472
23.7293
23.6490
23.6744
24.3645
23.8410
23.8006
23.1816
23.7151
23.7811
24.1160
24.0590
23.7751
24.9149
24.5711
24.6053
24.3209
25.6336
24.1555
25.0296
24.9884
25.6546
24.9153
24.9691
24.2442
23.6393
24.0942
24.3402
24.4995
24.7317
24.7944
24.8646
24.6585
23.6708
23.7942
24.0099
23.7302
24.1204
25.0128
24.5083
23.6921
24.6157
25.0114
25.2632
24.5813
23.9292
24.0909
24.9241
25.6212
25.2627
24.3230
24.8427
24.9996
24.6033
25.1515
24.9478
25.4224
25.7251
24.6468
25.8877
25.1238
25.4796
26.0944
24.4270
24.3251
24.7363
24.6535
24.6746
25.1192
24.1050
24.5045
24.6491
24.6466
24.1716
25.1519
24.7623
24.8974
25.3200
25.7136
24.7608
25.3766
26.7904
24.8942
25.7480
24.7883
25.0426
24.1518
24.8509
24.1498
24.3803
24.1708
24.8424
24.9693
25.2740
25.6281
24.5370
24.9447
25.3045
25.8811
24.8901
24.5467
24.8159
25.5338
26.6271
25.3789
25.4399
25.7926
27.2927
26.8027
27.2135
26.6335
25.6322
26.4120
26.8722
27.9924
26.7912
27.4935
25.8719
26.4413
25.2117
25.3393
26.5783
27.1226
26.4708
26.9164
27.0254
26.1943
25.8232
27.1367
27.3981
27.5712
27.3341
26.3452
25.7354
26.8005
26.9932
26.9717
25.9283
26.8649
26.5530
27.7002
25.9759
25.8282
26.7342
26.7072
26.7474
25.6088
25.9285
27.0295
26.9755
26.4845
27.0965
28.6382
26.0715
26.1994
25.8878
26.2052
26.8552
26.7958
25.5605
26.0332
26.8888
26.1164
27.4603
26.4456
27.6224
26.1694
27.2551
28.0254
26.5600
26.7989
27.0613
26.0528
26.8974
27.9347
26.7726
25.7787
26.2502
27.9337
26.8357
26.4692
26.7151
26.0305
25.8393
26.5742
27.0682
26.8568
26.9746
26.7458
26.1583
27.8521
25.6468
26.4785
25.8925
26.3084
26.3713
27.0932
26.2914
26.2653
26.1852
26.5898
26.0527
28.1165
26.9289
27.0086
26.6607
25.3582
25.5262
26.1042
25.7076
26.3092
26.3466
27.4650
26.7599
26.3055
26.1195
27.7302
26.7619
27.5825
26.7567
26.4938
26.9352
26.9695
26.1275
26.2549
25.5014
25.6449
25.7601
25.5261
26.3546
25.7793
26.5709
26.6457
24.7380
26.1292
25.8498
25.8582
27.4865
27.3331
27.5903
27.4721
26.6829
27.2937
26.3139
26.4302
26.3817
26.8643
26.1549
26.9261
26.0926
26.4270
26.2523
25.3310
25.1849
25.1957
24.7592
25.5409
26.4406
25.3681
25.8702
25.6409
26.4214
25.9086
26.4604
26.0037
26.0213
25.8713
25.8612
25.2279
25.2055
24.7473
23.4859
22.5801
23.0842
23.1039
22.9520
23.0835
23.1904
24.5343
24.5000
23.7687
23.8805
24.2200
23.6210
24.4993
24.4106
25.6772
24.5888
24.2525
23.5109
23.6819
24.5019
24.4568
24.5355
24.0816
25.0826
25.9709
24.4663
23.8188
24.3403
24.3102
24.5980
24.1994
25.6754
24.9248
24.4171
24.5575
23.1707
24.6126
25.6645
26.2465
25.0407
25.6711
26.5072
24.3331
27.0996
27.6313
27.1462
26.4327
26.2002
26.7158
25.6037
26.4789
26.0983
26.7105
25.3731
25.8757
27.2064
26.9900
25.8942
26.2682
25.7663
26.5737
25.8582
26.1729
25.8172
25.7777
26.8238
26.4427
28.0772
27.2453
26.9712
26.1434
27.5303
27.2432
27.3617
25.1281
25.8202
26.9523
26.0480
26.0616
25.0114
25.3923
26.4445
25.9207
25.7431
26.9833
26.8391
27.3739
24.6337
25.0208
25.3254
24.6930
25.5764
26.0300
25.8373
26.4078
25.2464
26.5137
27.0612
26.5196
25.5446
26.3918
27.6820
26.2721
27.7409
27.6144
28.1213
26.6351
26.9116
26.4514
26.8929
25.7473
25.6944
25.0132
25.5187
25.9866
26.4375
26.6984
24.8162
26.1283
25.3621
25.5923
25.0370
24.9359
26.1340
25.4305
26.0978
26.0911
25.8466
25.8490
26.4560
26.8283
26.9234
26.1823
26.3205
26.1297
25.3389
26.1890
26.1393
25.8507
25.9135
26.4599
26.0099
26.4384
27.4733
27.1281
26.2475
26.8920
26.5037
26.4154
26.0620
26.1707
26.6324
27.3811
27.4978
25.7819
26.4019
27.1641
26.1886
25.7608
26.1591
25.8141
26.3231
25.8173
25.5252
24.9509
27.1265
26.4104
27.1510
27.3655
26.5704
28.0330
26.6730
26.0291
28.4820
27.1722
27.7347
27.8816
28.1376
28.6774
27.8122
27.1019
26.6858
24.4892
25.4042
24.8370
24.0526
24.2881
23.9866
24.6278
25.6163
25.4666
23.6880
23.5646
23.6401
24.6016
25.2826
24.8815
25.7685
25.0765
24.0171
25.9756
24.4710
23.5961
25.5297
26.7147
26.1001
26.0501
25.8833
24.7090
24.4921
24.8771
24.4710
25.8943
24.6794
25.9769
25.1674
25.2146
25.3832
24.6899
25.2585
24.2298
25.4717
25.3460
24.7991
24.3141
24.8738
24.1889
24.1498
24.5722
23.8432
24.6064
24.1572
24.3204
26.6592
26.2014
26.2547
26.1751
28.1670
27.7494
28.9577
27.7753
28.0016
27.5008
26.3484
25.1646
26.2779
25.8318
25.3532
26.1092
26.4905
26.8417
27.9707
26.9569
26.6116
27.2985
26.7555
26.5943
26.5349
26.6008
26.3392
26.7628
26.8414
27.0640
25.3694
24.2509
26.4527
27.1556
27.4828
27.4018
27.3672
26.7779
27.6144
26.9644
27.5473
27.5833
27.0688
27.9418
27.5788
26.6612
27.1923
26.9965
26.7226
25.3052
25.8965
26.4790
26.6693
26.2119
26.8127
25.9232
26.0674
25.5826
25.6614
25.4452
25.5430
26.1103
25.3837
26.5800
24.7529
25.0247
25.6210
26.9491
25.2741
25.4260
26.4911
26.7721
26.6587
26.4664
25.7778
26.0358
26.2212
25.6765
25.9849
25.6217
25.4022
25.1283
25.3015
25.3170
25.9327
25.1767
25.4924
24.9002
25.7956
25.8069
25.5989
25.1290
25.4971
25.2482
26.4312
26.3867
25.2801
25.2768
24.6946
25.0410
24.9719
26.0125
25.9656
25.9971
25.7131
25.1141
25.6335
26.7892
25.4009
25.4749
25.3141
23.7694
23.9512
24.2645
23.5708
24.9097
24.3201
24.6653
24.4956
24.7689
24.6829
24.6500
24.5405
25.1325
24.1600
25.2037
25.0982
24.9588
25.0455
24.7655
24.9807
24.2453
24.7080
24.6341
24.4737
24.7079
25.0484
24.9280
24.4363
24.4267
25.7287
24.5832
24.0353
26.0193
25.2750
24.1267
25.7705
25.9308
26.2173
26.5728
23.4995
24.4461
24.5309
26.5918
26.5209
24.9095
24.0487
25.1065
24.7551
24.3803
26.3284
25.9607
25.8171
26.8684
25.9987
25.7482
25.2257
25.3226
24.0656
24.9533
25.1014
23.6796
25.2729
24.9260
24.6695
25.5818
27.4768
24.5131
24.2744
26.4441
25.7153
24.2059
24.6816
25.8441
26.0137
25.8730
27.5331
26.7281
24.4705
24.8063
25.3756
24.6156
24.3734
24.9906
24.1629
26.1662
27.0494
27.6570
27.3922
27.2058
28.5826
27.5781
27.6986
27.2212
28.9837
27.0373
27.1100
26.6135
27.4604
26.4042
25.2067
26.8601
28.0024
26.8365
26.1952
25.2151
26.5522
27.3813
26.6845
27.4869
25.1574
26.4015
24.1235
27.3889
27.0680
28.1560
27.5289
26.5299
28.2710
28.4327
28.5353
28.3491
27.3600
26.6585
26.9403
26.7065
24.8653
24.2398
24.3037
25.4372
26.0629
24.0325
24.4115
23.3742
24.0272
24.5893
24.0210
24.5158
24.2791
25.1690
25.0574
23.9905
24.7902
26.0430
25.8338
25.9983
24.4399
25.5573
25.4874
26.8920
25.5513
26.5927
26.3643
26.3777
26.3131
25.9253
26.3349
26.1858
25.7418
26.0720
26.1531
26.4950
25.5573
25.9401
25.4814
26.1075
24.9922
25.8682
26.1253
25.7638
25.7518
25.1840
25.2631
25.9255
28.0467
28.3220
27.3599
25.7960
25.0511
27.5173
26.9036
27.2040
28.4875
27.7520
27.1131
26.5146
26.7830
26.8654
25.2971
25.8479
26.3673
26.3739
25.4572
27.0473
27.4227
26.4725
27.6441
26.2393
25.2968
25.2488
26.5261
25.5503
27.3366
27.4862
26.2465
26.3774
26.3725
26.8660
26.9418
26.5280
26.1419
25.6580
25.6043
26.5989
27.9739
26.3793
27.8408
26.9324
27.9585
27.5271
26.5388
25.0901
24.3398
25.7315
25.1820
26.5333
28.0503
26.9727
27.3170
27.7355
27.0072
29.0065
28.5963
30.6570
27.2094
27.6709
26.6181
26.9069
25.3501
26.3125
26.8688
26.7880
25.8605
25.9821
26.3433
25.0775
25.9402
26.6363
25.9216
26.2712
26.2074
26.6476
24.9837
24.7489
25.0823
27.2185
24.7277
25.9512
25.1700
27.3296
26.1111
26.2080
24.2557
23.9875
23.7788
24.0167
23.2746
24.0062
23.6376
23.8419
23.9716
23.1475
22.6653
22.1531
22.4135
22.5864
23.5596
23.2729
24.3307
23.2870
22.5080
22.8497
22.7527
22.9004
23.5582
23.8521
23.3896
22.4563
23.2646
24.0038
23.5277
23.5646
24.2001
23.1362
23.5487
23.9444
27.0329
26.6098
25.6291
24.0130
24.4052
24.7341
24.3878
24.8252
25.2846
25.5381
25.3008
24.8841
25.4320
26.4833
25.4856
26.1032
26.0484
22.6921
23.3725
23.7088
23.5635
22.6477
24.0247
24.3364
23.4283
23.9229
24.7099
24.8533
25.9033
25.6867
26.1115
23.8296
22.8764
24.3050
23.9893
24.4050
24.7229
24.5710
24.5238
24.1373
23.6713
23.7539
24.1677
23.0539
23.7448
22.4869
21.9092
22.9649
22.4566
22.4899
22.6600
22.5175
22.4659
24.1724
25.7069
25.1494
24.6785
23.5442
25.4372
23.7927
25.5394
25.1581
24.4104
24.8144
24.3300
24.3421
24.8182
25.0089
24.6421
23.6577
24.5448
24.9461
25.0930
24.4385
23.6731
25.2614
24.9217
25.1713
24.8874
24.3438
24.2451
25.1653
24.9462
25.4604
25.0094
25.1081
24.8447
25.4689
24.7971
25.1815
26.0618
25.3971
25.5010
24.9309
23.9791
23.6056
24.8856
24.8465
24.3883
24.0790
24.5241
24.4567
25.1430
26.4062
26.0630
25.6501
25.9533
26.1754
26.1840
25.6174
25.5012
25.9345
25.4464
25.1880
25.4236
24.2716
23.8605
25.3303
25.1907
24.9237
25.7387
25.1603
25.7580
25.3948
26.1614
25.2582
24.9107
26.0509
25.2241
25.5020
25.2532
24.8138
24.4167
24.0212
24.7965
25.5655
25.4883
25.7757
25.6864
25.8566
24.8584
26.5082
25.1554
24.8532
25.5247
25.5917
25.9234
25.7387
25.3079
24.1874
23.9355
24.6349
24.4133
24.6666
24.9514
24.4824
25.1970
24.7248
25.5543
23.9672
24.0955
25.0874
25.0297
23.2354
24.2180
23.3946
24.5267
24.2571
25.4305
25.0497
24.8157
25.3009
24.7877
24.5513
23.8151
23.3347
23.7752
24.4749
23.9810
23.9353
25.2472
25.3459
25.3106
24.6694
24.9115
25.5358
25.5343
26.1467
26.1273
25.5956
25.7605
25.8126
24.7947
24.7944
24.0739
24.1445
24.9074
25.3824
25.3386
25.8708
25.1286
24.8145
23.8954
23.8694
23.4353
24.6869
24.0338
24.3452
23.2203
23.8535
23.9228
24.3089
25.3414
24.8871
25.2262
25.7663
23.8223
24.5323
24.2107
25.0505
25.1577
24.8310
25.5233
24.9798
24.4551
24.1640
25.1276
24.2495
25.5791
25.3706
25.5715
25.2539
24.8729
24.2818
24.4621
23.0285
24.5351
25.2464
23.5938
24.1070
24.7173
24.9172
25.1621
24.8323
25.1145
25.4601
25.0538
25.1360
25.8649
25.6374
23.6612
24.3179
25.2971
24.7831
25.9616
25.3103
25.5879
25.7095
25.0625
24.2786
24.2966
25.3331
24.1625
23.4827
25.3146
24.2856
24.4868
23.9861
22.7771
24.6210
24.8806
25.6193
25.1524
25.4332
24.1525
24.1778
23.7911
24.2910
23.7548
23.8472
23.8632
24.0379
23.8116
23.2847
25.1389
25.7737
24.8701
23.9605
23.7984
24.5143
25.5072
24.3218
24.6888
25.1701
24.8204
24.4300
23.9954
25.3204
25.4586
25.2133
24.9231
24.6613
24.0336
25.6666
24.7494
24.4631
25.5921
24.9000
23.1674
24.4948
24.9185
24.4730
24.8338
24.3651
24.4691
24.9839
25.2213
25.4223
25.4966
25.6496
24.8062
25.5449
25.0410
25.7194
25.7966
25.5819
25.7327
24.5130
23.7849
25.1383
24.4315
23.6585
24.5027
23.8015
23.8542
23.8574
22.6798
23.4391
23.5481
23.1330
23.5509
23.1716
24.0357
24.4621
25.6606
25.0480
25.7407
25.2647
25.8547
25.3204
25.6207
25.3673
25.8345
25.5240
25.6114
26.4855
26.6014
26.6880
26.6043
26.3891
25.6978
25.4335
25.4701
24.1880
25.8787
25.3457
24.7472
24.3282
24.5275
24.4212
24.5308
24.5718
24.9569
24.0513
24.6950
24.4797
24.5250
24.3857
24.2090
24.6569
24.1673
24.2069
24.2565
24.5951
23.7673
23.9775
23.9396
24.2075
25.0337
23.9172
24.3893
23.6918
24.9280
24.6626
24.8844
24.4410
24.2007
24.9747
24.1259
25.1802
25.1385
24.2832
23.5404
23.8175
24.2189
24.0885
24.4035
24.4758
24.5813
23.5926
23.8223
24.2472
24.3061
23.4185
23.5986
23.1664
24.3758
23.0819
23.2710
21.9675
23.2090
22.3062
23.0118
22.9616
22.6008
22.2764
22.5807
23.0489
22.6354
22.0497
23.6197
21.8812
22.5400
22.3179
22.9392
22.5680
23.7814
23.4232
23.5168
23.2476
22.9092
23.2839
23.8809
22.9378
23.9348
23.0394
23.2150
24.2311
24.5420
24.3224
24.3214
24.2493
22.9238
22.3012
23.5140
23.1550
24.0554
24.2992
23.9049
24.0202
23.2470
22.6184
22.6830
22.4603
23.8724
23.2725
23.1792
23.0040
22.6761
22.7446
23.2285
23.0853
23.8526
23.0298
22.4046
22.6567
22.9203
22.5797
22.1434
22.6994
22.4193
23.2986
24.0205
24.1573
23.4883
23.3975
24.1786
24.7474
26.0322
25.9032
24.6800
25.7115
26.0966
25.6910
25.2821
25.3843
27.4992
26.9979
25.7997
24.9710
26.1724
24.9721
24.6836
24.9099
24.0203
24.0828
24.6102
23.9177
23.4104
23.8021
23.0780
24.2300
23.2450
23.9263
22.5185
23.7489
24.4103
23.8137
23.6082
22.0478
23.1462
23.2700
22.9294
22.7693
23.9493
23.0695
23.5914
23.0394
23.8772
23.8208
23.8504
23.3026
24.3882
24.2861
23.2116
23.0640
23.2509
23.5763
23.5543
24.5713
23.7553
23.7408
23.3693
23.3607
23.7530
24.5695
24.6995
24.5769
24.3933
24.0281
23.2124
24.1017
24.2890
23.9970
24.1751
23.9626
23.7268
24.0518
23.9003
24.0066
24.3208
23.6572
23.6791
23.5526
24.5980
23.8546
23.9563
24.6002
22.6889
24.2346
23.3664
25.5218
24.0052
23.4555
22.9490
24.4882
23.6329
23.6087
23.9103
24.3246
23.7710
24.0736
23.0654
23.5938
24.8320
23.5488
23.3201
23.5644
22.7326
23.8964
22.6762
22.5749
23.7962
24.2472
24.0354
24.0367
22.9893
23.2159
22.8526
23.6794
23.0521
22.8935
23.3714
22.9135
22.2798
22.7309
22.4471
23.3182
23.4445
23.6694
23.8632
23.0221
23.0038
22.8880
21.9728
23.3363
23.2603
22.2495
22.6557
23.0006
22.6789
23.3034
23.0867
21.9417
22.8936
22.5059
23.0085
23.7290
22.9911
22.8664
22.9550
24.0624
23.4121
23.3334
23.5768
23.3097
23.1810
22.4115
23.0426
22.8003
22.6154
22.6051
23.6737
23.6193
22.6295
21.9169
22.2564
23.0216
23.0100
22.7205
23.2753
22.5655
22.8326
23.0081
22.5807
22.6386
22.5852
22.0618
22.7975
22.6161
22.8447
22.4260
22.7360
23.2844
22.4843
22.4478
22.6915
22.3884
22.9138
23.3406
23.0292
22.9528
23.5023
23.2737
22.2987
23.1047
23.3116
23.1222
23.3712
23.4100
23.1807
22.7723
22.9009
23.8506
23.1288
23.1981
22.7818
22.9782
22.9560
23.5173
24.0263
22.8502
23.4979
23.0854
22.7333
23.1595
22.5444
23.3702
23.2236
22.1378
22.9647
22.3507
22.2400
22.6528
22.3107
23.9584
23.2061
23.3332
22.9664
22.8867
23.1276
23.3640
23.5963
23.3481
23.9128
22.9047
23.1055
23.1666
22.6122
22.7077
23.0322
22.7670
23.2356
23.3328
22.5507
23.5089
23.1404
23.0127
22.5810
22.8022
22.9926
22.6178
22.9063
23.3601
21.9889
23.7425
23.1749
23.9943
23.7364
22.9851
23.6170
23.4430
22.6343
23.4256
23.8500
23.7998
23.3851
23.7909
23.1213
23.1643
23.1573
23.7392
23.3779
23.0569
23.4671
23.2102
22.8333
23.2048
23.2259
23.5121
23.7409
23.4620
23.5076
22.4049
22.7271
22.5726
23.2883
24.6299
23.5736
24.3992
23.7274
23.0868
23.3100
23.2339
24.0549
24.2086
23.7337
23.3689
22.8695
23.6351
22.8931
22.8464
22.1203
23.1274
24.4243
23.1413
23.3192
23.4571
22.8003
22.8674
23.5171
23.1978
22.3998
22.9140
23.6626
22.6836
22.5247
22.7068
22.7901
22.9809
22.5932
22.9930
22.9334
22.8011
23.2522
22.6158
22.1203
22.3696
21.9884
22.3191
22.1948
22.7211
22.5130
22.6832
22.3539
22.5434
22.3457
22.5185
23.0634
23.2904
22.7849
22.7454
23.2744
23.0611
23.6493
23.3602
23.4503
23.4975
23.1556
23.2422
23.2685
23.2480
23.5384
23.4409
22.7621
23.7204
23.5468
23.9845
23.2500
23.3389
23.4434
23.3480
23.2610
23.3372
23.0532
22.8019
23.6647
24.6533
23.4094
23.6831
23.5250
23.4287
23.4360
23.4408
23.0569
23.1667
23.2360
22.6280
23.4350
23.0805
23.7412
22.6762
23.4920
23.4219
23.6576
24.1714
24.8443
23.8551
23.6811
22.4131
22.6560
22.6253
22.8419
22.7871
22.9334
23.4631
23.7700
23.7053
24.0703
24.0605
23.3162
24.3870
23.5646
24.5695
24.6342
24.4034
24.9352
25.4920
24.3162
24.5132
24.6541
25.0368
23.9687
24.7638
24.2598
24.0620
24.4835
25.1611
26.5830
26.3051
25.2771
25.7620
25.1841
24.4134
24.4242
24.4008
24.7370
25.5394
24.0002
24.1271
23.1766
23.7160
24.1946
25.0122
23.8354
25.8273
26.4274
25.4875
25.0620
26.4914
26.1230
26.0993
24.2219
24.2635
25.2054
24.5748
24.3455
24.7658
24.3136
25.6029
25.6081
25.1126
25.5364
26.4733
24.4923
25.6508
25.8105
25.6478
24.8707
25.2219
24.8350
26.4684
24.4294
23.9554
24.2846
24.4754
23.7961
23.9056
24.8186
24.1939
25.2240
25.0113
25.7134
25.4860
26.1279
25.9099
25.8768
25.4717
26.8952
25.7391
25.0512
25.1379
25.8279
25.8809
24.9276
24.2046
23.5591
24.5061
24.9298
24.3103
25.9208
25.0662
24.3623
24.1528
25.7658
24.7344
24.6935
24.5023
24.7507
25.0507
23.7294
23.2872
23.0538
23.1011
23.1280
23.4358
23.4192
23.2157
23.1426
23.9475
23.5789
23.0797
23.6556
24.1119
23.7836
24.1062
23.2405
21.8411
22.4857
23.4179
21.8384
23.4292
23.5528
23.6637
24.6161
24.7765
24.2338
24.3641
24.1951
24.2176
24.3434
23.2276
24.7446
25.5882
23.8335
23.6601
24.6474
24.6650
24.1857
23.0763
23.0658
23.2737
23.3385
23.0540
23.0002
23.0271
23.2150
23.6627
23.4977
23.1666
23.4842
22.8799
23.9163
23.8353
23.0619
24.2136
23.8312
23.6448
24.2927
24.5611
23.9493
23.4944
22.7452
22.9872
23.4839
23.4641
22.4222
23.2690
23.2591
23.7054
23.4174
23.5743
24.2519
24.7952
24.7580
23.9115
23.2167
23.5692
23.2678
23.2272
23.5529
23.5779
23.8804
23.4905
23.4669
23.1743
24.0204
24.6454
24.2567
25.0748
24.1083
24.2657
24.5465
24.4754
24.9852
24.4513
23.3043
23.1689
24.6272
24.4466
24.3510
24.6657
25.1729
24.1609
26.0267
25.4050
24.2928
24.6792
23.1057
23.9491
23.7697
23.7962
22.7971
23.2366
23.2361
23.1226
24.7707
24.4725
23.3444
23.7546
24.0616
23.1203
23.7189
23.8392
25.2934
24.9186
24.8914
25.2299
24.3514
24.6171
24.4037
24.0673
24.5610
23.5616
24.1948
24.5565
24.0259
24.3744
23.8483
23.9714
23.8308
24.6568
25.0547
24.0395
24.6498
24.5854
24.5340
24.6481
24.6707
24.8618
24.5703
24.7714
25.2558
24.7254
25.4799
25.7657
26.2620
24.8864
24.9435
25.2072
25.8013
25.3860
25.4156
23.4983
24.8785
24.8413
24.3139
24.1363
24.2702
22.8961
23.3783
24.4900
24.5060
24.7950
24.0255
24.2702
24.8047
24.4714
24.7859
25.5699
23.2694
23.6263
24.1163
23.2992
23.2795
22.7086
24.2234
23.6116
23.9879
23.3462
23.7128
24.1210
24.5097
23.7097
23.8738
23.5380
23.9024
24.5994
24.2184
24.4902
25.3439
24.1172
25.0643
24.5448
24.9135
23.8432
24.4211
25.2410
23.1761
23.6275
23.7939
24.4160
23.8474
22.7823
24.5265
24.1772
24.0577
24.2433
22.8343
23.6342
24.3870
24.3365
25.1884
23.5171
24.4583
25.2765
26.2296
24.9979
25.8128
24.4409
24.0881
24.1440
25.3447
25.1894
25.2122
25.0816
24.7747
25.6121
25.0163
23.6087
25.7572
24.8990
25.7719
24.4855
25.2266
24.0731
23.8346
23.5498
24.1056
23.5478
24.6168
24.5601
24.1458
24.4945
23.7835
23.7244
23.8201
23.1510
23.1946
23.3639
23.5960
23.3634
24.0717
22.4291
23.1805
23.8599
23.0310
24.1820
23.2669
22.6200
23.9365
24.4063
23.4269
24.2585
23.6515
22.1299
22.7612
23.1381
23.3598
23.0775
24.1246
23.9445
23.5707
23.6500
23.4167
23.9496
24.6513
24.6465
23.4525
24.1674
23.8617
24.7098
23.8720
24.6305
23.8504
24.0606
23.2135
22.6589
22.9184
23.4913
23.3182
23.1844
22.7833
23.4132
23.6739
23.2508
23.4025
24.6345
24.3522
23.3382
23.7651
23.0767
23.9765
24.0766
23.3918
24.2238
23.1805
23.5328
23.7392
23.3659
23.1410
24.3654
24.0687
23.6932
23.0980
23.4129
24.3290
23.4909
23.3179
23.5820
23.7501
24.0032
23.8925
25.7226
24.7518
23.8692
23.9405
24.0304
23.7991
23.9049
23.9095
23.5090
24.0570
23.7673
23.6369
22.5932
23.2701
22.9864
22.3665
23.0687
23.4254
24.4860
23.4356
23.8575
24.1457
24.5683
24.0253
23.8270
23.5842
24.3540
23.8717
23.9985
24.5860
25.4807
24.1570
23.8073
23.3937
24.3558
24.4050
23.4525
23.6238
23.5840
23.3782
22.9583
23.4061
23.5508
24.0362
24.0634
24.0718
23.1824
22.7854
23.3756
23.5333
23.3855
24.3762
24.6905
23.5287
23.3361
23.8471
25.6740
24.4381
24.6718
24.8138
25.4326
25.1822
25.8582
25.7962
25.1237
25.1512
25.3687
26.6106
26.0292
26.7732
25.4174
25.8705
25.7507
25.4106
25.8778
25.9564
25.7690
26.1983
25.5446
25.5946
25.6570
26.0228
25.5033
24.8253
24.5355
25.8081
26.1593
24.6010
26.0496
25.2738
25.1483
25.6010
25.0892
25.0878
25.1355
25.3372
26.0547
25.5931
24.9219
24.6703
24.9236
25.6779
27.3820
26.4989
25.8906
26.5573
25.0319
24.5222
25.2092
24.1551
24.7157
24.7056
24.9379
24.9065
24.3529
25.0701
24.1819
24.2626
25.7171
24.8754
25.1347
24.9337
23.4206
23.6473
23.3125
23.4380
24.0034
24.1994
23.4429
22.6084
25.5446
24.5352
25.1063
25.2684
24.9036
24.4128
24.5605
25.0835
25.3733
24.3590
24.4376
24.5168
24.4601
24.0389
23.6156
24.0140
24.1861
24.7257
24.8318
25.3751
25.2844
23.6858
24.2584
25.0507
24.3005
25.4257
24.1032
23.3652
24.6032
24.7540
24.9972
25.3455
24.2999
24.9708
24.6641
25.3949
24.2015
24.2806
24.9843
23.9869
24.1202
24.1349
23.9300
24.4910
24.4332
24.7740
24.4912
23.7557
24.6639
23.7839
24.1388
24.7672
23.6470
24.8250
25.0795
24.8882
25.2987
24.1710
24.2704
24.7087
25.5366
26.5200
25.7697
24.5400
23.9758
25.4369
24.8552
24.9242
24.8507
26.3861
26.5066
25.5702
26.7299
26.1637
25.3421
23.7325
24.7273
23.8010
25.2221
24.6696
25.0851
24.4114
24.3913
23.6387
26.1490
25.7849
26.7008
26.7070
26.1245
27.5844
26.1041
27.2497
27.4217
26.4395
26.4617
27.0015
28.4088
27.4974
26.9010
24.6861
24.9582
23.9365
24.4285
26.1222
25.1531
26.2111
25.1734
25.2639
24.8379
27.0350
24.9894
24.7945
24.6158
24.4968
24.3079
25.9620
25.9112
26.7597
25.6712
24.6773
24.8009
24.5528
25.2085
25.1802
24.9556
24.6702
24.6391
25.3156
25.1430
24.8451
25.1416
26.1782
25.7706
24.5050
24.8320
25.4283
24.8099
25.4929
26.4259
25.2881
24.9389
25.0024
25.3721
24.7722
25.4329
24.3772
24.5251
24.8802
25.0931
24.1365
24.2650
24.7210
24.4864
24.5922
25.3180
24.5605
24.1694
25.0049
24.7652
26.1415
25.2990
25.8184
24.5466
25.2179
24.2000
24.9079
24.1391
24.1538
24.7763
24.4175
24.0249
24.0605
24.6845
24.2755
25.2577
23.5312
24.5317
24.0815
25.2071
23.4928
24.9807
24.5254
24.8607
24.5744
24.7320
24.6648
24.8534
24.2309
24.9770
25.7285
24.3439
24.9490
24.7953
25.0542
24.4548
25.0543
24.7347
24.3550
24.1840
24.7633
24.8633
24.6695
23.2736
23.7872
23.6218
22.9940
23.5385
23.5783
23.9651
23.8030
23.7371
24.2913
24.6082
24.3232
23.7731
24.2090
23.9285
24.7297
24.7564
24.7352
24.3613
23.9981
23.3025
24.8944
24.3074
23.8748
24.2284
24.7720
24.6009
25.1438
24.3767
25.5040
24.4809
23.6469
23.7183
23.7385
24.2276
24.4585
23.8946
23.9537
23.9189
24.7581
23.8943
24.7061
24.2555
24.0726
24.1021
24.4418
23.8128
24.3180
23.6642
25.4984
24.1297
25.4660
24.2760
24.2220
24.5247
24.1352
23.8094
23.9752
23.6783
24.0232
24.5862
24.5533
24.3776
24.5082
24.4540
24.9454
24.2766
25.0344
24.9168
24.8335
25.1252
25.5614
23.8933
24.2742
24.9005
23.2833
23.8532
24.7324
24.7826
25.0021
25.6042
25.2170
23.4259
23.9086
24.4269
24.5539
23.2937
23.4719
24.7551
25.0969
24.2450
24.8578
24.8131
24.9706
24.4054
24.5229
24.6008
24.9300
24.1660
24.6255
24.9838
24.8571
24.7218
24.2206
24.9174
25.3160
25.4881
24.4786
24.1241
23.8391
24.0682
24.6491
24.6105
24.7447
24.1110
24.7961
24.5444
24.7435
25.0482
24.7987
25.0915
24.6514
24.7540
24.7793
24.6861
24.3831
25.1754
25.0393
24.8078
24.7652
24.5238
24.9284
24.5424
24.7797
24.8057
24.3263
24.2293
24.8516
24.6822
24.8990
25.0382
25.0148
25.0582
24.3064
25.1424
24.2868
24.7955
24.6329
25.0682
24.6730
25.0091
25.0883
24.5636
25.3912
24.5140
24.5744
24.8757
25.0170
25.3304
25.6373
25.2661
24.6653
25.4142
25.0632
25.4172
25.0223
24.4842
25.6691
25.0008
24.8730
24.8367
24.6020
24.7686
24.9465
25.2411
24.5433
24.3408
24.4391
24.6390
24.7745
24.4840
24.0150
24.5724
24.6190
24.1960
23.9763
24.1745
24.4912
24.0356
23.6377
24.4716
24.2083
23.7856
24.2893
23.5722
23.5713
23.8455
24.0234
24.0779
23.8104
23.7163
23.3549
23.8935
24.1369
23.6268
23.8879
23.8806
24.0427
23.8189
24.2927
23.8408
23.8750
23.4005
24.1562
23.5120
23.6715
23.4385
23.6786
23.3170
24.1521
24.1023
24.0217
23.9368
24.4513
23.4931
23.9689
24.0369
23.8163
23.1278
24.0318
24.2719
23.6754
23.9420
24.0620
24.3821
23.7318
24.2358
23.7222
23.9496
23.6023
24.0748
23.9610
23.4514
24.6597
24.0740
23.7081
23.6228
24.2641
24.0056
23.2200
23.3914
23.3652
23.2011
24.1837
24.0166
24.2135
23.1915
23.4450
23.8906
22.8640
23.8466
24.0704
23.7565
23.8934
24.2066
23.9829
23.6479
24.2094
23.6844
23.7778
23.7535
23.7448
24.0195
23.7498
24.0181
23.2991
23.5269
23.7032
23.8511
23.3885
23.5279
23.6142
23.9775
23.0477
24.2611
24.4842
23.9794
23.5597
24.0780
23.3912
23.7306
24.0308
25.1577
24.3703
23.9101
24.1796
23.9265
23.4026
24.1663
24.1192
23.9254
23.5267
24.4553
23.9689
23.8900
23.4021
23.4732
24.0456
24.1964
23.9940
24.2013
23.2470
23.1782
23.4666
23.3277
23.1418
23.9465
23.4234
24.0005
24.1740
24.0736
23.7559
22.9953
23.9093
23.4074
23.4908
23.1424
23.4594
23.8565
23.5990
24.0591
23.9802
24.0884
23.9619
23.8100
24.3746
23.7835
23.4264
23.8311
24.2614
23.4675
23.4373
23.9683
23.4739
23.1380
23.9545
23.4002
23.7070
23.1466
22.8329
23.8550
24.2717
24.8764
23.6969
23.6352
23.8282
23.9486
23.5624
23.9897
23.9965
23.7798
23.9978
23.8504
24.0846
24.1783
23.8006
23.7907
23.7994
23.5472
24.3537
23.0296
23.6044
23.9251
23.9135
24.0079
23.6913
24.0127
24.0407
23.4044
23.3763
23.6170
23.2680
23.9549
23.6213
23.0215
23.7850
23.8201
23.5875
23.6599
24.0179
24.1154
23.6948
23.7808
23.8706
23.6472
24.0152
24.0185
23.7804
24.1355
23.9435
23.2867
23.6323
23.4495
23.7778
23.2425
24.0254
24.5667
23.6877
24.3942
23.4570
24.2364
23.6571
23.0441
23.3745
23.4929
23.5512
24.3308
23.8283
23.7030
23.8606
23.9825
23.9871
24.0113
24.1215
24.1193
24.0592
23.3982
23.3677
23.3343
24.3055
24.1213
23.9341
24.2526
24.0055
23.7438
24.2447
23.6337
23.4754
23.9395
23.4983
24.4053
23.8093
23.5180
24.1311
24.2302
23.7177
23.6651
23.7748
24.2875
24.4865
24.1492
23.4378
23.9716
24.1402
24.3966
23.5378
23.6231
24.2212
23.6297
23.8924
23.7338
24.0332
23.1127
23.6750
23.4228
23.4534
23.7530
23.6763
23.4058
23.7996
23.5477
23.6308
23.8636
23.7258
23.5929
24.4827
23.9106
23.7620
23.4996
24.6486
24.1201
22.7996
23.3639
23.7188
24.3664
23.9968
24.3617
24.2091
24.2366
23.9425
23.7017
24.5406
23.9084
23.9392
24.3374
23.9695
24.0395
24.1904
23.1298
23.8167
24.4582
23.8769
24.2790
24.1092
24.1981
24.1289
23.8561
24.1986
23.8997
23.8972
23.5433
23.7558
23.6244
23.9982
23.4891
23.9587
23.4920
24.2964
23.5181
23.9135
23.5374
24.0154
23.6701
24.2546
24.1899
23.4724
23.8158
23.5452
23.6289
24.1460
23.9903
24.0559
24.3735
23.7200
23.5357
23.9611
24.1446
23.8395
23.7187
23.9354
23.7646
23.9238
23.9226
24.2663
23.9906
23.8757
23.6319
23.9076
23.4044
23.7532
24.5716
24.2014
23.7448
24.1166
23.6390
23.7331
23.7370
24.3953
23.6672
24.2549
23.7526
24.2013
24.8987
23.3517
23.4175
24.0819
23.1822
23.5293
22.8494
23.5745
23.9892
22.8825
23.1829
22.3367
22.8957
22.3019
23.1672
23.7693
23.2142
22.9952
23.7947
23.7926
23.7942
24.5655
24.8205
25.0740
24.5219
24.8624
24.6376
24.9789
24.4991
24.1888
24.7898
25.1822
24.9451
24.3031
24.2222
23.4571
24.7067
24.7621
25.0260
24.4888
24.1836
24.4084
23.7236
24.2665
23.6169
24.4936
24.7012
24.9516
24.9185
25.1465
24.3213
24.6621
24.6053
24.4843
24.1700
24.1456
23.5851
24.6961
24.3388
24.3827
23.8891
23.6826
23.9726
24.5282
23.4934
23.8638
23.6668
23.9467
24.3970
24.4999
24.0768
23.9312
24.6590
24.8422
25.4984
24.5465
24.2917
24.3474
23.4256
23.8777
23.9916
24.1638
24.3401
23.9231
23.7172
23.9223
24.4243
24.0097
23.9834
24.9696
24.3164
23.7842
23.5915
23.4624
24.0338
24.5230
23.6344
23.8610
23.4294
24.0140
24.1309
23.7515
23.6128
23.8303
24.2222
23.8210
24.3893
24.0150
24.0004
24.1966
24.4462
23.4431
24.1767
24.5096
24.3070
24.1003
24.6641
23.5528
24.2802
24.2844
24.7901
24.3075
23.9055
24.1430
24.0364
24.3904
24.3752
23.5923
24.5702
23.8737
23.4272
23.7393
24.4043
24.3158
23.7709
24.2671
23.5453
24.2454
23.8842
23.8911
24.0282
24.5654
25.2574
25.0261
25.2403
25.3535
25.9500
24.5135
24.4056
25.6173
24.9890
25.4147
25.0465
25.4258
26.0604
25.5259
25.0361
25.5212
25.2436
24.9599
25.6367
24.6202
24.1280
24.2261
23.7435
24.4445
24.4003
24.8064
24.6244
24.6559
24.3080
24.5265
23.9942
24.4130
24.3819
24.1604
24.6306
24.4913
24.0193
24.7757
24.2285
24.3863
24.2204
24.4313
24.2747
24.9125
23.9621
23.9430
24.3627
24.4184
24.6509
24.8576
24.8473
24.2851
24.2876
24.7528
24.5967
24.2235
24.2266
24.0813
23.5340
24.0465
24.5283
24.6633
24.4205
24.3491
24.3456
24.5671
24.4086
23.9986
24.6031
24.2205
24.4212
24.4058
24.8826
23.9005
24.5381
24.9322
25.1021
25.4145
26.0146
25.9010
25.2116
25.2166
26.3219
25.2072
25.7927
24.4713
25.6214
26.0298
25.1514
25.0116
25.1659
24.9346
26.1075
24.7605
24.1912
24.3864
24.6206
25.6155
25.6411
25.8489
25.8889
25.8039
25.1634
26.2133
26.0108
25.1575
25.6420
25.6669
26.3984
26.1101
25.3733
24.6505
25.3184
26.0033
24.7237
24.7763
25.1451
24.8806
25.6137
24.6154
24.7530
24.5179
25.1198
25.2147
24.9280
24.1066
25.5741
24.3417
26.0326
25.4781
25.2595
25.1063
24.4137
25.1405
24.4044
24.2193
23.8132
24.3764
23.6870
23.6717
23.9582
24.1378
23.7091
24.5734
24.3653
24.2519
24.0956
24.4455
24.1815
23.8968
23.2201
24.2795
24.1422
24.9885
24.3263
24.3404
24.2164
24.2654
23.7715
23.7735
24.0298
24.7136
23.8950
23.6104
23.4027
24.6427
24.1174
24.2974
23.9686
24.5680
24.5570
22.7905
24.4926
24.4736
24.0339
23.7995
24.1220
23.6319
23.4369
24.0091
23.2171
24.0380
24.6625
24.1157
24.3233
23.3035
24.7849
23.9078
24.1519
23.3128
23.7709
24.5002
23.0543
24.6723
24.5370
24.3365
23.9610
24.5335
24.2972
24.4281
24.2614
25.1403
23.9245
23.9756
23.3556
24.0606
23.6886
23.8596
23.6015
23.8284
23.7411
23.6319
23.7137
23.4148
24.1915
23.9026
23.5983
23.8885
23.5892
24.2907
24.1994
23.8036
23.2899
23.3592
23.8063
23.7814
25.0558
24.8628
23.9611
24.9306
24.5214
24.4891
23.3710
24.4805
24.3411
25.0344
23.4677
23.5290
24.2624
23.4126
24.1118
24.4380
24.7024
24.6133
23.1602
23.6567
24.2475
22.9988
24.6189
24.3518
23.7920
24.4487
24.5905
24.1263
24.2658
24.0190
23.8154
23.6695
23.6019
23.6597
23.3200
23.2692
23.5147
23.7337
24.8610
23.5319
24.4600
25.3945
24.0605
24.2039
23.7657
24.6960
24.6188
24.5183
24.4757
24.2499
24.4783
24.1044
23.6604
23.8979
23.6377
24.0051
24.5769
24.6407
23.9330
23.9643
23.8782
23.6307
24.0097
23.7138
24.2522
24.0108
24.5282
24.0511
23.5041
24.2659
24.1846
23.9812
24.2097
23.8377
24.1741
23.9567
23.5500
24.8265
24.6634
23.8448
24.3312
24.1606
23.6361
23.9071
24.6856
24.2808
24.1742
24.6711
25.3395
24.9864
24.7638
24.3218
24.4860
24.0080
24.6654
24.4750
24.1440
24.5273
25.3173
24.8465
25.0918
24.7213
24.4795
24.3314
24.0813
24.1337
25.2557
24.2614
24.2195
24.4406
24.5751
24.7666
24.1497
25.0206
24.8668
25.5293
24.4913
24.3628
24.8256
24.5162
24.1962
23.5171
23.5697
23.8041
23.9998
24.3453
24.0732
23.7960
24.2774
24.4847
24.5290
24.6387
23.9565
24.4996
24.0403
23.8423
24.3920
24.1605
24.0301
24.5282
24.0910
23.7855
24.6323
23.5802
24.4486
24.3293
24.7557
24.8696
23.9282
24.5168
23.8000
23.5481
24.4374
23.6718
24.4086
24.6647
24.4923
24.5333
24.1808
23.9940
25.0017
24.5919
24.1618
24.2587
24.3956
24.2502
24.9868
24.0164
24.0759
24.1612
24.6310
24.5146
24.2895
24.1378
24.7971
24.0817
23.8398
23.6641
24.5729
24.8204
24.5902
24.3396
25.0190
25.2915
25.9963
25.6235
25.9375
25.1418
24.6537
24.1143
24.4829
26.0069
24.6941
25.4667
24.8897
24.6422
24.5233
24.9276
23.7707
24.4258
23.8521
24.7006
24.4611
24.3017
24.7632
25.6439
24.3070
24.5302
23.8643
24.7304
24.8472
24.9814
24.4813
24.1006
23.9755
24.2647
24.4522
24.7389
24.9502
24.5581
24.2080
24.3535
24.7123
25.3697
24.1893
24.5103
25.2372
24.2750
23.7932
24.4493
24.4508
24.3243
23.8682
23.8706
24.0160
24.1954
23.2414
24.7679
24.0810
23.4907
23.6948
24.2510
24.3774
23.7236
23.8866
23.0705
24.0237
24.2169
23.5593
24.0242
24.0844
23.7921
24.3948
24.3532
22.7731
22.8737
23.2851
22.9680
23.6615
24.1251
22.6670
23.8351
23.2121
22.3309
23.3950
23.5518
22.8201
22.6018
22.3462
23.3392
22.9965
23.1998
22.5196
22.0857
22.2789
22.1681
23.1148
22.6058
22.8487
22.7347
23.4372
23.1611
22.9958
22.7858
22.3096
22.2652
22.1231
22.8310
21.5232
21.8814
22.7518
22.5075
22.7936
23.1838
23.0450
22.9018
23.3164
23.5582
23.5055
23.1260
23.4295
23.6936
22.9825
23.5956
22.7052
23.8488
23.9078
23.6421
23.8787
23.9353
25.0813
24.5873
23.1192
23.8057
24.1583
24.1568
23.5845
23.9086
23.8556
23.7939
25.0864
24.1430
24.3139
23.5476
23.8661
23.7270
24.2155
24.5825
24.2294
23.9573
24.7177
23.9143
24.2062
24.6539
25.1755
23.9356
23.4963
24.8176
24.3137
24.3489
24.2208
24.4987
25.2319
24.8326
25.0102
24.7843
24.8041
24.5221
23.7227
24.0049
24.3631
24.0134
24.4681
23.7337
23.6653
23.6630
23.5305
23.6944
23.6925
23.4293
23.8316
23.9269
24.2143
23.9605
24.1345
24.0898
24.3612
23.8588
23.8203
24.1607
24.0152
24.0935
24.3567
23.9628
24.1917
24.0681
24.0083
24.4532
24.7944
24.4517
24.7253
24.1671
23.6061
23.7795
24.3932
23.2279
23.8315
23.4046
23.8539
23.3630
24.0750
23.8208
23.8017
24.5198
24.1257
23.7469
23.8851
24.8488
23.7884
24.3414
23.8204
24.0443
23.5743
23.7056
24.0599
23.7374
24.0557
23.6336
23.7320
23.7298
24.0899
23.5785
23.6329
23.9964
23.3442
23.7472
24.7997
24.3609
23.9710
24.4891
24.2095
23.9359
23.9754
24.4497
24.2029
23.3859
24.3427
23.7917
24.3305
24.7182
24.0454
23.8901
24.0050
24.2320
23.9141
23.7730
23.9279
23.7642
24.4466
24.2981
23.9464
24.1296
24.6772
24.2908
24.2257
24.1724
24.2664
23.9565
23.4412
23.8711
23.9191
23.9405
24.3370
24.3714
24.4213
24.1782
23.4525
23.9694
24.5565
23.8618
23.9597
23.8710
23.7205
23.6831
24.1711
23.3057
24.6719
23.6993
23.5296
23.9439
24.0867
23.5749
23.6558
24.1595
24.2007
24.2478
24.5073
23.5105
23.9174
24.2540
24.2448
24.0836
24.1245
24.4452
24.4300
24.0035
24.4277
24.2907
24.1401
24.1300
23.6382
23.7100
23.8527
24.3289
24.0837
23.6986
24.8082
24.1923
24.8756
24.2975
23.9041
24.1711
24.4880
23.8047
23.9042
24.4851
23.6253
23.8514
24.2938
24.1599
24.0853
24.7079
24.3316
23.6851
23.1758
23.3028
24.6240
23.2373
23.7256
24.8071
24.3628
24.3405
24.8132
24.6157
23.5025
24.2078
23.9102
24.6241
24.7990
24.6456
25.8716
24.2862
24.3959
23.5521
23.6284
22.9236
24.9895
25.7549
24.4387
24.7639
24.0262
24.4531
24.3012
24.2888
23.6598
23.6292
23.6367
23.6637
23.5946
23.4788
23.5398
23.9807
23.8613
24.0438
23.6144
24.1285
24.4287
23.9008
24.2616
24.0445
23.2794
23.9913
24.2547
23.6612
23.8183
23.9380
24.0099
23.8863
24.2407
23.8454
23.7932
23.7437
24.7785
24.1470
24.3796
23.2526
24.0692
23.7056
24.0015
23.8726
24.3897
24.0101
24.4603
24.2450
24.1143
25.4590
24.3057
24.6907
24.7701
24.7214
24.7162
24.0164
24.1199
23.8481
24.2278
24.7670
24.0859
24.5099
24.6660
23.9478
23.8763
25.2705
24.6031
23.6261
24.0895
23.6475
23.3586
24.3864
23.5442
23.9991
23.7062
23.1125
23.8578
24.1639
23.4294
23.9753
23.7434
23.7809
23.7471
23.9700
23.6093
24.0549
23.6579
23.8121
24.3337
24.1861
24.2362
24.2748
24.0037
24.4063
23.8047
24.1202
24.3504
23.7462
24.4252
23.7556
24.6927
24.9178
24.4327
24.6240
24.1815
24.2580
23.8334
24.0923
23.8039
24.3066
23.9063
23.8803
25.0131
24.1032
23.2918
24.1784
23.6857
24.4716
24.0633
23.7421
24.2180
23.9547
24.4432
24.2730
24.2511
24.8762
24.2004
23.6389
24.0728
23.8398
24.2547
24.4168
24.0318
24.2587
24.7270
24.3441
24.2289
24.3271
24.4593
23.6578
24.4045
24.2398
24.1548
23.8472
23.9577
24.3055
24.2162
24.0700
24.5596
24.5352
23.7879
24.5700
23.3388
24.3397
24.2634
24.3778
23.3193
24.2614
23.9491
24.3649
23.8283
23.9525
24.2768
24.5996
24.1336
24.3296
25.1656
24.2627
24.6107
24.0897
23.2241
23.7729
23.6410
23.9445
24.3419
23.6039
23.6445
24.5970
23.5762
23.5918
24.1259
23.9205
23.9038
23.1030
23.6440
23.7925
23.7263
23.9406
23.7705
24.0175
23.8921
23.9697
24.2204
23.8476
24.1161
24.1071
25.0897
24.9392
25.1317
25.4419
25.6535
23.4023
23.6792
24.1839
24.5434
23.3127
23.6397
24.2611
24.3560
23.9663
23.8331
23.2889
24.2316
23.5237
23.6668
24.3606
24.6199
24.1608
23.7348
24.2086
24.6220
23.3024
24.3388
24.4125
24.4280
24.4871
24.4135
23.6826
24.5824
24.1347
23.8866
23.7845
24.9739
24.2899
24.6472
24.2508
24.3077
23.8996
23.9452
24.3464
25.1014
23.8649
24.3209
24.3913
24.1965
23.8972
25.1044
24.2426
23.9961
23.4614
23.5301
24.5823
24.1823
23.9269
24.3845
24.7677
23.2396
24.7405
24.1029
23.9090
24.2931
24.0215
24.2412
24.4824
23.7813
23.8646
23.9009
23.9234
23.7633
23.5553
23.1815
23.7326
24.2773
23.3801
23.5222
23.7282
23.4839
23.5661
22.4073
23.5184
23.1773
23.5590
23.7955
23.2626
24.2247
23.9029
23.5652
23.5047
23.8473
24.2480
23.9295
23.9975
23.9906
24.4347
23.6092
23.8294
23.8345
23.0794
24.3461
23.9221
23.8923
23.7605
23.2983
24.6505
24.3972
23.8840
23.7868
24.0247
24.1780
23.7416
24.4563
24.0909
23.8641
23.7202
24.1935
24.0377
24.7394
24.1291
24.0565
24.4548
24.3423
24.1216
23.7925
24.3100
24.1813
24.2932
23.7096
24.4176
24.1273
24.2076
24.4997
24.5220
24.2203
24.3520
23.8526
24.6098
23.7336
24.7773
23.7296
23.9542
23.9653
24.5429
24.1456
24.1700
24.6590
24.3441
24.6128
24.2694
24.0948
23.9340
24.3524
23.8428
23.1844
23.5419
23.3942
23.6395
23.6237
23.7346
23.5824
24.5001
23.7357
23.9285
23.3447
23.7228
24.1137
23.9515
23.7315
24.2038
24.3970
24.0451
24.4730
24.2124
24.3066
24.5493
23.9566
24.2345
23.7028
25.3454
25.0007
24.0911
24.1683
23.2451
22.7071
23.5937
23.3727
23.7350
22.4906
23.1550
23.4939
23.1531
23.7426
24.1796
23.4837
23.6153
23.6503
24.0209
23.7401
23.3804
23.1680
23.7421
24.3702
23.6819
23.8791
23.6079
23.9048
23.6276
23.2445
24.2709
23.6638
24.1035
24.4873
26.0348
25.5357
24.5388
24.4439
25.4839
24.8556
25.3528
25.1551
25.0781
24.5111
24.5729
24.4883
24.9901
23.9472
24.1154
23.6896
24.3066
23.9502
24.3569
23.5851
24.0547
23.9336
23.6986
23.7907
23.8467
23.1702
23.6400
23.7864
23.5912
23.3958
23.9699
24.2829
23.9051
24.1216
24.0746
24.1784
23.7951
23.5346
24.0723
23.8152
23.9700
24.1146
24.3807
23.7330
24.2595
24.0607
23.8144
23.5104
23.6007
24.6543
23.7401
23.9382
23.5186
24.3012
23.9828
23.5512
23.9954
23.3502
22.9712
24.3656
23.8298
24.0312
24.1324
23.5268
23.8901
23.7967
24.2593
24.0642
24.2262
24.2329
24.0117
24.2119
23.6831
24.0204
24.0889
23.7290
24.1154
23.2377
23.4853
23.7507
23.8933
24.0191
24.8866
24.0386
24.1728
24.0145
23.3708
24.5846
23.8965
23.9504
23.4836
23.7713
23.4148
24.0383
23.6112
23.5248
23.2565
23.7676
23.6247
23.8088
24.1451
23.5405
23.3650
23.7533
23.0514
23.9812
23.8623
22.7934
23.6700
23.5913
24.0960
23.2316
23.9949
24.2071
24.3079
24.1420
24.4897
24.1135
24.2153
23.5305
23.9361
24.2325
23.9280
24.5957
23.4490
23.8886
23.6674
23.8050
23.7935
24.3741
23.7726
24.1022
23.8323
23.3696
24.3824
23.9322
23.7691
23.7482
24.1606
24.3255
23.7544
23.9659
23.4421
23.9520
24.1173
23.4683
23.8486
24.1036
24.3105
23.5358
24.1040
23.4313
23.1784
24.1240
24.1893
23.7702
23.8613
23.5583
23.5478
24.5482
25.1940
24.2224
24.7909
24.3219
23.6464
24.1269
24.1486
23.5517
23.3205
23.4013
22.6648
22.6359
22.9848
24.2324
24.5178
24.1736
24.0992
24.3549
24.2710
24.4231
24.3157
24.3963
24.8290
24.3699
24.4489
24.4440
24.5817
24.0927
22.9317
23.4065
22.8041
23.3001
23.6564
23.9806
23.3331
23.1947
23.6992
24.1594
24.7025
24.3980
24.4072
24.2923
24.6469
24.7725
23.8785
24.3552
24.7232
24.6985
23.9635
24.2497
24.2833
24.2284
23.5361
23.3013
23.5302
22.9572
22.6291
22.6875
22.9969
23.0705
24.0973
23.1074
24.3511
24.1218
24.9383
24.9474
24.6327
24.3176
23.5903
24.0301
23.9886
23.9680
24.1381
24.2935
24.0508
24.4473
23.3148
23.1155
24.6493
23.2175
23.7615
23.9116
24.1804
24.6062
23.6530
24.8761
24.5422
24.0262
24.0853
23.4092
23.9915
23.6545
23.0885
23.9251
23.9465
23.2210
23.3330
23.6812
23.3201
22.7417
23.4748
24.0634
23.3548
23.3684
24.2029
23.6486
24.9106
24.5140
24.6970
24.1989
24.2670
24.8230
24.8921
24.5252
24.1959
24.3373
24.2106
24.4782
25.1057
23.3133
23.4428
23.9632
24.0550
24.3154
24.3620
24.3418
23.9322
24.2205
24.4085
23.9459
23.8484
24.5656
25.0067
23.5961
23.7687
24.2705
24.6997
24.7336
23.9649
24.3208
23.7520
24.8420
24.0106
24.4409
24.4806
25.1185
23.2404
24.1862
23.8373
24.3585
24.1951
24.3777
24.2805
23.8191
24.7816
24.3548
24.6720
23.8307
23.5411
24.0752
24.3521
23.9096
23.9988
24.0067
24.3638
23.9394
23.9663
24.0605
24.4722
23.9096
24.3559
23.9060
24.6119
23.8238
24.1253
24.0736
23.5300
24.8537
24.2185
24.1088
23.3217
23.5615
23.1240
23.1726
24.4772
23.1450
23.5167
23.0565
23.4304
22.6695
22.9766
23.0470
22.6491
21.9659
22.9544
23.2632
24.1864
23.8024
22.9394
23.8828
22.8934
23.1621
22.9710
23.3772
24.2178
23.6893
23.2487
23.6427
23.7384
23.8498
23.3338
23.2144
23.1466
23.7213
23.2531
24.2524
23.5893
23.4937
23.4571
23.5445
22.6702
23.3532
23.1627
22.4827
22.9553
22.2569
23.0997
22.8882
22.7051
23.3851
22.3274
22.9184
25.8404
23.5573
23.8259
24.0505
23.7733
24.6281
23.6588
23.6441
24.5726
24.6777
23.4155
23.5595
23.8330
25.2969
24.9373
23.9024
26.2899
25.7053
25.6948
25.8788
26.1806
25.7525
24.5807
25.2636
25.7183
25.2190
25.9314
24.4249
23.9960
24.2386
24.1926
24.2648
24.4746
24.5942
24.0881
24.1753
24.3548
24.1118
23.9008
23.3731
24.3473
23.7188
24.6597
24.7215
24.6107
25.0825
24.6673
24.6766
24.8249
24.9849
24.6595
25.2370
25.5041
26.7545
25.0831
25.2318
24.9772
25.4765
25.1327
25.4605
23.7680
25.2176
26.1197
25.9210
25.8314
26.0466
25.9370
24.8086
26.0572
24.9710
24.0384
24.3151
24.7956
24.2533
25.2444
24.5261
24.3956
23.9567
24.3374
24.0423
24.4769
24.5226
25.6470
24.6720
25.5596
25.1798
25.1890
25.1482
23.8507
23.2237
24.8852
23.6370
24.4417
23.2827
23.7410
23.9940
23.4995
23.0889
24.0043
23.6295
23.5660
23.2018
24.4408
24.7990
24.0908
24.6619
24.0764
24.4918
22.9559
24.2161
24.4090
25.2404
24.4799
25.4773
25.6593
24.7473
26.0574
26.6484
25.4406
25.4386
24.4865
24.7605
24.2264
24.9359
24.0659
24.5597
25.0653
24.4793
24.9920
24.1428
24.1425
25.7546
25.6780
25.4906
25.1724
25.3386
25.3798
26.5227
25.9124
25.9842
25.7768
25.2559
25.1145
24.8518
25.2255
26.0876
26.7180
25.8540
26.2291
26.2585
26.1313
25.7185
25.8334
26.0840
26.2739
26.2285
26.3291
26.0216
26.2272
25.7414
26.3554
24.6606
24.2233
24.4155
25.1077
24.1660
24.4311
24.7350
23.8676
24.2343
24.4267
23.9037
25.3349
25.3517
26.0812
24.9560
26.5116
25.9416
26.1390
26.3264
26.6032
25.1078
26.2307
26.1318
25.7177
25.6854
26.8401
25.3969
25.3653
25.5770
24.8408
25.7210
26.0863
25.6719
26.6568
25.6289
26.0584
26.1469
25.9427
25.5492
25.1489
25.2700
25.9010
26.1904
26.8745
26.4748
26.2968
26.5082
25.5156
25.4265
26.0403
26.3460
25.9119
25.1137
25.3989
25.2568
27.2362
25.8829
25.4834
25.8406
25.8629
26.1314
25.8215
25.3581
25.8693
25.9902
25.4664
25.7414
24.6355
23.6409
25.1222
24.2802
24.7181
24.7941
25.3739
25.1457
25.6857
26.4246
26.1463
25.8610
25.9649
24.7717
26.1890
25.1459
25.2660
25.3743
24.8075
25.9285
25.1690
25.2413
25.2775
24.4736
24.2395
25.0801
24.8033
24.2900
24.1790
24.7448
24.1638
24.6983
24.0912
23.6853
24.3731
23.9077
25.0717
24.7681
25.4530
26.0719
25.6034
24.5843
24.8664
24.3339
24.8400
23.7218
24.5213
24.4921
26.1103
25.7440
24.7857
23.6389
25.4484
24.4620
25.5561
25.5031
24.4562
23.8663
24.7633
25.7705
25.9804
25.7592
25.3554
25.2755
26.4275
26.1821
24.4765
25.5073
25.2332
25.0731
26.0217
24.2355
23.6243
24.2851
24.5811
24.1684
25.5135
24.9673
25.9991
26.0356
25.1590
25.9104
24.6795
23.7321
23.8357
24.0599
24.5926
24.5202
24.4587
24.1379
24.4246
24.1194
24.6574
24.4096
24.5243
24.5071
24.7970
24.4277
25.0150
24.8326
24.3422
24.1542
24.6399
24.3373
24.7887
24.6345
24.7396
24.4674
23.9327
24.2491
23.7409
24.1293
24.3661
24.5865
24.2426
24.6873
24.2351
24.6702
24.6178
24.5447
25.2197
24.9720
24.1328
24.6030
24.8912
24.6817
25.1778
25.6852
25.2665
25.3115
25.1051
25.5480
25.4071
26.3615
26.2046
26.2863
26.1238
25.7047
23.9103
25.5059
24.7628
26.4574
25.2678
24.3117
24.5430
25.3589
24.6908
24.8397
25.2463
25.5476
25.5198
25.8515
26.0536
25.3966
26.2566
25.8315
25.5314
26.0301
25.9287
25.6266
25.7604
26.2460
25.6228
25.3880
25.5500
25.3741
25.5846
23.9663
24.1853
25.1426
25.2464
25.5478
25.3844
25.2320
25.3901
26.7221
25.7215
26.0908
25.6817
25.9083
26.0179
26.2207
25.5651
25.3360
25.8172
25.2024
26.3856
25.9432
25.5698
25.8510
25.0627
23.9388
24.0240
23.9317
25.5919
24.1806
25.3223
23.8961
24.5560
24.3811
25.0355
24.9360
25.6861
26.1261
26.0905
25.3690
24.8191
25.6222
25.7465
26.6479
25.4361
25.2167
25.3475
26.2031
25.7885
25.5890
25.0017
25.7671
26.4355
25.2598
25.2278
25.5712
24.7210
25.1015
24.1845
25.4225
25.4689
25.1345
25.6408
26.2658
25.6119
24.6593
26.1038
24.9245
25.4340
25.1331
25.3870
24.8191
25.1512
25.0939
25.8404
25.4077
25.6430
26.1427
26.1042
25.9150
25.7877
26.3757
25.0362
25.4109
25.4270
25.8291
25.0810
25.9382
25.9511
25.7930
25.2392
25.4038
24.7919
24.3413
24.6026
24.6333
24.8924
25.7644
24.4392
23.4500
24.9514
24.6359
24.5300
23.4465
23.6123
23.2038
23.8498
25.0566
23.9577
24.4515
24.7743
25.1324
24.9491
24.7340
24.6341
24.8838
24.3536
25.5508
24.9299
24.1495
23.8013
24.8829
25.4863
24.4730
24.4818
24.6296
22.7517
23.0108
24.2415
23.3838
24.7381
24.7222
24.8068
23.6038
23.5018
24.8954
24.5126
24.8866
24.2484
24.4709
24.0374
25.0670
25.4014
24.7221
24.5744
23.9106
25.5542
24.2743
24.7635
25.2441
24.2482
24.7879
25.5481
24.6429
25.6617
25.9500
25.4737
24.9364
24.4050
25.0798
24.5290
23.9393
24.4282
24.2790
24.4718
23.7932
24.4761
26.1419
24.3306
24.6592
24.3067
24.2187
25.2118
25.2061
25.5445
25.8946
24.2985
23.9447
24.0160
23.9393
24.0207
24.2998
24.1369
23.9922
24.6101
24.6168
25.6476
25.5623
25.1371
24.3849
23.9027
24.3861
24.1156
24.0227
22.6752
24.6818
23.8643
24.7059
24.3874
24.7358
23.9016
24.6092
24.5359
24.7702
24.2274
23.9596
23.8382
24.6356
24.4396
24.0776
23.9338
24.0487
24.2156
24.4346
24.2158
24.0733
23.9035
24.6663
24.5893
25.0696
25.4136
26.4094
24.9375
24.0835
25.4730
25.1977
24.2243
24.0875
23.7929
24.4391
24.0742
24.3265
26.1824
25.3538
25.4036
24.9169
24.4118
25.0005
24.5603
24.1191
24.2263
25.3316
24.5317
25.3068
25.7970
26.4170
25.7234
25.8915
24.7216
24.1388
25.1287
24.4057
25.7744
24.3652
24.2887
24.5573
24.0567
24.9144
24.4791
25.2226
24.4633
24.7900
24.3963
26.0309
24.9255
24.6728
24.0746
24.8816
23.4676
25.5255
24.8385
24.6687
25.4750
24.4031
24.8579
24.6390
24.7951
24.7736
24.8993
24.4634
24.1728
24.0030
24.4878
24.3766
23.8109
24.3644
24.4657
24.5836
23.7659
24.0190
24.6934
26.0598
27.1672
26.3499
25.3809
26.2931
27.6774
27.0339
26.6764
26.5956
26.9302
27.0287
26.6865
26.9974
27.5167
26.2962
26.7407
26.9920
25.7639
26.9465
26.2244
26.9901
26.8737
25.7807
25.0803
25.7834
25.9428
25.7338
26.0000
24.1312
25.6791
26.1795
27.4119
27.0765
26.5900
25.9184
25.7514
25.9900
25.5411
26.8370
26.5545
27.1188
27.6101
27.3794
27.6228
27.5218
27.2625
26.6292
25.4016
27.0637
26.2634
26.8917
27.5092
27.1250
26.6539
26.6962
26.2210
26.3305
26.1758
27.3133
26.6066
26.0215
26.9905
28.3165
27.3255
27.6981
25.7679
26.0044
27.3963
27.6131
26.7648
27.3264
27.5007
27.9766
26.8702
26.8571
27.3862
26.1449
26.9607
26.5713
26.9807
27.1773
27.7170
26.8851
26.9954
27.7472
27.5333
27.2350
27.5481
27.4208
26.8195
26.5495
26.8953
26.7262
26.6264
26.7216
26.6637
27.4990
26.9309
26.6975
27.7218
26.7066
27.6563
27.3906
27.1955
26.0273
27.3679
27.5120
27.8675
27.3990
27.5771
27.4665
27.8851
28.5247
26.5792
27.3580
27.1546
27.0769
27.0395
26.1089
25.8624
26.8260
26.2430
26.9032
27.2121
27.2898
27.6922
27.1419
27.7432
27.1730
26.2210
25.8261
27.6576
27.8705
27.2381
27.9863
27.2259
28.0251
27.0879
27.5557
26.9804
27.4307
26.4114
27.2041
25.3571
25.7333
26.7134
26.8808
24.9695
25.2741
26.5904
27.0417
27.6992
27.2401
26.6776
26.9525
26.9815
26.6958
25.5539
25.6745
26.8933
26.8289
25.4404
25.0673
23.9915
23.6630
23.6771
24.0300
24.3582
23.6878
24.2007
25.5850
25.6232
26.0527
26.0460
25.6616
25.1867
25.3119
23.8876
25.4733
24.9762
26.1776
25.2177
26.4835
25.4673
25.6198
25.5288
26.6764
27.1928
26.8650
26.3656
26.6577
26.8455
27.7592
27.3877
26.5265
25.4179
27.3601
26.5013
26.8597
25.2933
24.7675
24.0912
25.0114
24.7211
24.8780
25.3980
26.8425
26.2563
25.4754
25.6849
25.5418
26.6906
25.7934
25.5085
26.2971
26.7798
26.3633
26.0316
26.4689
25.9532
25.2416
25.5761
25.5887
26.2127
26.1438
25.5847
25.3668
24.8179
25.3421
25.2409
24.9684
25.4541
24.8229
25.1571
24.5097
24.5003
24.6149
25.9408
25.9295
25.4765
25.4825
25.9590
26.8364
27.4113
27.1893
27.3749
24.7770
25.0451
24.6886
27.3817
27.5195
25.2596
26.5864
27.5883
27.1445
26.7856
26.0153
26.3782
25.9895
25.7556
26.4540
25.5237
26.2478
26.0543
25.7145
25.3624
26.5985
26.5491
26.0987
25.8194
26.7113
25.0761
25.3216
26.8472
25.4697
25.7255
25.4478
26.2679
24.3645
26.0053
25.4902
27.0573
25.5288
24.9678
25.5804
26.6787
26.0539
27.2801
28.0960
27.8895
27.7657
25.6414
26.2329
25.4387
26.6654
26.5532
26.8701
26.7227
26.3474
28.4542
28.3830
28.8186
27.2942
27.2299
27.5023
28.1661
25.8572
26.4757
26.7810
26.2914
25.9106
25.3011
26.2398
25.1114
27.5860
26.1000
25.7595
25.2873
25.8396
26.3009
25.6165
25.8934
25.0735
25.7456
24.9886
25.1428
25.1761
24.3681
25.5366
25.6481
25.0184
25.4315
25.6372
24.0340
25.4694
25.3067
25.6684
25.8653
25.6563
26.7785
25.6199
26.3166
25.0419
26.5146
26.7612
25.9646
26.5680
25.8695
26.0475
26.7155
27.9110
26.1608
26.6380
25.9515
26.1036
26.3392
25.6947
27.7646
26.9179
26.0393
26.2271
25.7055
24.6188
26.1432
25.7723
25.9045
26.2762
25.8665
26.4188
25.7857
25.9949
27.3673
27.0773
26.6586
26.9527
26.0951
26.4746
26.2712
25.3617
26.6371
26.4133
26.7266
26.4262
26.2303
26.1010
27.2773
27.3128
25.8330
25.4100
26.8279
26.8108
27.3634
27.3398
27.7376
26.3199
26.2420
27.6404
26.7125
27.3405
28.0642
26.1443
27.2618
25.8545
26.8273
26.4589
26.8060
27.0950
27.9443
26.4315
25.9003
26.9243
27.2091
27.6270
28.4083
27.9929
27.8970
27.4396
27.5425
28.1958
28.6315
28.0164
27.8013
27.1429
27.8699
26.5794
27.4045
28.2774
27.5194
29.7221
28.4882
26.7013
27.7701
29.0084
27.9194
27.2647
27.2060
26.8532
27.9575
27.5746
27.8954
26.8036
27.6510
27.2972
27.7549
26.9585
26.8542
28.4308
28.2146
27.6995
28.0902
27.2125
27.3767
27.7576
28.0340
28.0820
28.0798
28.4367
28.3235
27.0287
26.9924
27.2053
27.1730
26.8825
26.7332
27.8890
27.1136
27.3107
27.5865
27.1162
27.9757
27.4801
27.9091
28.7066
28.6766
28.7415
28.1793
30.2083
27.4265
28.3789
28.8501
29.0187
27.8205
27.3707
27.5786
27.0592
27.7069
27.7870
28.2126
28.8956
30.0675
28.7501
27.9734
28.1635
28.1729
28.5900
28.2304
27.3384
28.0304
28.6125
28.2101
27.8172
27.7690
27.1293
27.3688
29.1618
27.7290
28.2935
28.6919
28.7646
30.2111
27.3750
28.2210
27.6365
27.3892
27.7131
27.3059
28.0249
27.4691
27.6354
27.4686
28.0231
27.4535
28.1311
28.4457
27.5456
27.9802
27.6250
27.5860
26.3951
27.3983
28.0754
27.0073
27.9136
27.1571
28.0764
27.5247
27.1812
27.7285
27.3218
27.6659
27.0827
27.3053
28.6253
27.3276
27.8489
27.6297
26.6527
27.0501
26.7803
27.1849
26.8545
27.2219
27.8178
28.1556
27.8942
27.3167
27.1594
27.7799
27.2070
27.6542
27.4739
27.8212
27.6458
26.8290
27.5073
27.6575
27.3426
27.4214
27.2862
27.1088
27.4114
27.0850
25.5936
26.2528
27.0613
26.5001
26.5069
26.6617
26.2970
26.7011
29.0286
27.1818
27.5844
26.7277
27.7271
26.5667
27.4818
27.6809
28.0665
28.1134
27.8535
26.8122
28.5416
28.4529
27.9187
27.7232
28.7837
27.7550
27.6347
27.5430
27.2346
28.6124
28.3206
28.3317
28.7217
27.9091
28.3666
29.1801
28.3002
29.0004
27.4305
27.0819
27.1040
27.8513
27.6753
27.4864
27.3342
27.4329
26.7735
28.1238
27.9717
27.9378
27.0417
27.3030
27.3809
27.5958
27.2803
27.5953
27.3025
27.5633
27.8403
27.7616
26.9838
27.9538
28.6801
28.5844
28.4496
28.2014
28.4748
28.3971
28.0340
27.9762
28.7104
28.2340
27.7529
28.2575
28.4696
27.0984
28.1596
27.8195
28.2364
28.2595
28.0484
28.3013
27.2771
27.5847
28.1399
27.7107
28.1564
27.4132
28.9936
27.9474
28.0483
28.1188
28.5374
28.2167
27.8398
27.8616
28.8479
28.0734
27.4922
28.4638
28.3314
28.6321
28.5200
28.1096
27.4045
28.0081
27.4503
28.2634
27.7108
28.1492
27.6985
27.6513
28.1244
28.8272
27.6343
27.0385
28.4437
28.0630
27.1446
27.8326
27.7992
27.8947
27.9154
27.8205
27.8243
27.9283
28.3176
28.2560
27.8523
27.3581
28.2215
27.1670
28.1712
27.7178
27.2665
26.7217
27.7601
27.8873
28.4820
28.0403
28.6862
28.2682
28.7581
27.6156
27.8039
28.1849
28.2340
28.3364
28.3337
27.5194
28.2645
26.9885
27.4219
27.8563
28.2225
28.1227
28.7482
27.9385
27.3969
27.5927
27.5180
27.6050
28.0164
27.3937
27.5265
27.7662
27.2561
27.4051
27.1715
27.0390
26.7462
28.1331
27.6994
27.6763
28.0764
27.3955
28.0068
26.7831
27.4199
28.2851
27.3664
27.5270
27.9115
27.2984
28.7496
28.2125
28.8056
28.3229
27.8931
28.0492
28.0196
27.8402
27.8407
28.6086
28.8681
27.4979
27.6653
27.4061
27.7031
27.9305
27.1720
26.9142
27.6489
28.5161
28.0605
27.1435
28.3662
28.3363
28.7690
27.9348
27.9599
26.9876
27.7675
27.9104
27.5593
26.9939
27.5110
27.2007
27.1976
27.4601
27.4314
27.9665
26.8292
27.7914
27.7557
27.4546
27.8180
26.7000
27.6934
27.1600
27.2680
27.5161
27.6657
26.8843
26.3691
26.2753
27.5455
25.6777
28.0403
27.1554
26.8347
26.7033
26.8626
26.9591
27.3964
28.2710
27.6794
27.0501
27.2194
26.6392
27.6715
26.8854
27.5469
26.9164
27.2161
27.2735
27.5917
27.6006
28.4314
28.1591
27.6818
28.1027
27.4227
27.6803
28.2661
27.2120
27.8726
27.7410
27.5324
28.7665
27.8134
28.0584
28.9861
28.7049
28.2134
28.1247
27.7710
28.4233
28.0575
27.5448
27.6984
27.8264
29.7121
29.3895
30.4025
29.2057
28.5928
27.8520
27.6535
27.8470
27.5315
28.0668
28.2422
27.5353
27.8015
28.9472
29.5212
28.1177
28.1734
28.3396
28.5842
27.6390
28.4316
28.6899
28.2240
27.4240
28.5919
28.8026
28.0245
28.3103
28.3761
28.2735
28.0079
28.0372
28.2790
29.1584
27.7162
28.2553
27.7154
27.2243
28.4112
28.6111
28.7292
28.6856
28.6455
28.2004
28.4277
27.4706
27.8292
27.8333
27.5637
28.9572
27.9820
28.1047
27.9108
28.7122
27.6328
28.1411
27.7318
27.3420
26.9709
27.4891
27.4571
28.3589
27.3962
27.6044
27.2977
26.5988
27.5914
27.6255
27.3563
26.9815
28.1351
27.7500
26.9527
28.0224
28.0146
27.5482
27.1921
26.7114
27.4882
27.4766
27.5326
27.9131
26.9232
28.1785
26.9372
26.8855
27.7397
28.9262
27.3958
27.4122
29.2992
28.1892
28.3189
29.0191
27.6092
27.7815
27.5364
27.9173
28.1034
27.6605
27.8527
27.9682
26.5845
27.1642
27.5892
28.1412
28.1345
27.9882
27.6100
27.6758
27.6406
27.8584
27.9414
28.0663
27.3485
28.6675
27.8667
27.2676
27.3282
27.5280
26.9684
27.0364
27.9641
26.5957
27.2326
27.4863
27.7542
28.1122
28.2088
28.9397
27.8094
27.8041
27.6996
28.8015
28.4935
27.7565
27.1706
28.3476
28.2922
28.2733
29.1172
29.5525
28.6898
28.7585
28.0390
27.6610
27.9724
28.0824
28.7627
28.1312
27.9002
27.5221
27.8566
27.8451
28.2100
27.2083
28.5720
28.2346
29.1474
27.7960
28.5451
27.4684
27.3679
28.3305
28.0141
28.1700
28.9498
28.6322
28.4003
27.8784
26.9911
27.8803
27.4919
27.1479
28.0056
28.2896
28.3828
27.0725
28.4123
27.6646
27.8917
28.1556
28.0849
28.0783
27.9249
27.6793
27.9130
27.8298
27.2931
27.9776
27.8663
27.8351
28.7274
27.2388
28.1152
27.6933
29.0850
28.8128
28.1855
28.2656
28.9426
27.3044
27.9695
27.9184
27.4809
27.3168
27.6050
27.6519
27.0291
28.2267
27.8176
27.8627
27.4034
27.6421
28.2082
28.6136
27.4358
27.5219
27.6285
27.4824
28.0922
27.3791
28.0753
26.7553
27.2872
28.3081
29.6815
28.7584
28.5830
27.4852
28.1629
27.6727
27.5936
27.6108
27.7102
26.6056
26.8864
27.2004
27.6307
28.2330
27.3433
27.0973
27.6131
26.5651
27.2066
27.9716
28.1080
27.0647
27.3900
28.2612
27.5911
27.5317
27.6589
28.1224
28.0775
28.7521
27.7522
27.6163
28.4927
28.5008
27.6291
27.9035
27.5221
27.3977
28.6203
27.8096
28.4085
27.9038
26.9586
27.1212
27.8636
28.0323
27.5409
27.7270
27.8100
28.0851
26.6522
26.5855
27.0718
27.2746
26.7881
27.0432
27.2932
27.6800
28.6059
29.0621
28.8850
28.4143
28.2593
27.7649
27.8903
27.9153
27.6729
28.3256
27.9729
28.3432
27.9574
28.1099
27.5157
27.6570
28.1623
26.7402
26.6208
27.1550
28.4490
27.5205
28.4136
27.7873
28.6737
27.7446
26.7856
27.6287
27.9786
27.4383
27.6135
27.6377
27.9126
27.7874
28.4325
28.1044
28.0628
28.5965
28.5055
28.4170
27.2285
27.6041
28.0720
27.8031
28.0422
27.4170
27.8268
28.0698
28.3633
28.0170
28.1983
28.2479
28.6259
27.5317
27.2726
27.3656
28.4136
27.3778
27.9171
28.6282
27.9139
28.2049
28.1836
28.8806
27.9842
29.2797
28.3392
28.7147
27.8454
27.2005
26.7687
27.6311
27.3873
28.4983
28.8178
28.6465
28.4933
27.8757
28.1906
27.2624
27.5545
27.4773
28.4895
28.2811
27.2004
27.7223
27.9054
27.3037
27.4714
28.2918
27.5245
27.8266
28.2050
27.3940
28.3434
27.6252
26.3428
27.3576
27.6248
29.6378
27.8848
27.3430
27.4504
27.0327
27.4040
27.6008
27.1950
28.1644
28.1968
28.6987
28.2158
27.5075
28.7751
30.0488
30.0763
29.6421
29.4676
28.4204
27.4463
27.2088
26.6437
27.2100
27.7572
27.7615
27.7684
27.2293
27.7048
28.0269
28.1151
27.7632
27.8391
28.0875
28.3594
27.5750
26.7388
27.4384
28.8065
28.4903
26.6739
27.2648
27.0175
27.2976
27.4036
27.7921
28.1467
28.3403
27.3613
27.4606
27.3640
28.0756
28.4765
28.7221
28.7365
27.9882
28.1972
27.7893
27.6600
28.3157
28.3600
27.9996
28.3567
28.5076
28.4039
27.9755
28.3057
28.4135
28.0586
29.5808
27.5465
27.6460
28.6598
28.4528
28.6691
28.1165
27.5772
28.4751
27.8308
27.7796
28.2822
29.4726
29.2504
28.5428
29.4600
29.4264
28.9422
29.4614
28.8535
28.2802
28.6575
29.4978
28.4870
28.5748
29.1368
28.6391
27.5562
27.8004
28.0379
28.5616
28.6756
27.8583
28.4345
27.9699
28.1469
27.6312
29.1009
28.3367
28.8854
28.0801
28.3378
28.3097
27.7923
27.5509
28.3222
27.6714
27.1173
27.1089
27.4965
26.6359
28.4588
27.4026
28.2699
27.6943
28.9956
27.9518
27.4269
26.9069
27.3749
27.0090
27.7591
28.0198
27.8884
28.1554
28.7218
28.4768
28.0038
29.7094
27.4763
28.1330
27.8758
27.3518
27.5796
27.3402
27.3925
28.1835
27.9114
28.0544
27.5869
28.0651
27.2282
27.8499
27.7215
27.9032
26.8749
27.5063
27.5670
27.0655
26.4179
27.5429
26.9644
25.8117
27.0042
28.5183
28.1003
29.0789
27.9751
27.2845
27.2610
28.1270
29.2348
27.8912
27.7836
27.1886
27.5148
27.8158
27.8036
27.6368
27.7556
28.1726
27.5290
28.1747
29.0009
27.9417
28.1674
28.1103
28.6339
29.2523
28.6843
29.7144
28.9087
28.3833
29.3982
28.5122
27.9570
28.3876
27.7173
28.7167
29.0659
28.8248
27.2839
28.2152
28.0646
27.5544
27.7576
27.4746
27.0862
27.9460
28.2794
26.8077
28.5204
28.4997
28.5644
28.5214
27.9623
27.5794
28.1534
28.2553
27.6024
27.8032
26.8339
28.0740
28.1825
27.9005
28.0585
27.3506
27.9324
26.9709
27.3836
27.7561
27.1424
26.2792
26.6967
27.7903
26.8389
28.5188
28.1401
27.6876
27.5249
28.0216
26.9942
27.8143
28.0988
27.7143
27.5377
27.2114
28.2313
27.2219
27.9810
27.5770
29.2149
27.1049
28.1896
28.1534
27.8316
27.0702
27.5947
26.9409
26.8006
28.0736
27.7078
27.8772
28.1682
28.4747
27.4494
27.7889
28.1642
28.2021
27.3057
27.8052
27.3676
27.4086
26.7125
27.6834
27.1543
27.2309
27.5763
27.1871
27.4897
26.5021
27.2571
27.7373
27.3933
28.2146
27.3605
28.3173
28.2379
28.5031
28.3862
27.9178
28.0826
27.7546
27.6867
27.4330
27.5805
29.4663
27.7837
26.7035
28.2294
27.4433
28.0463
28.7804
28.1151
29.0520
27.9586
27.7908
27.6112
27.9007
27.7709
27.1268
27.3322
27.7725
27.1190
26.8557
27.7209
27.3649
26.6943
27.7469
25.9318
26.5332
27.7975
27.2438
27.8870
28.3023
29.8274
27.7761
27.1606
27.4330
26.9323
27.6105
28.4316
29.1179
27.2947
27.1794
27.2657
27.3177
26.6511
27.4924
28.7865
28.2260
28.1077
27.4885
27.5662
27.3370
27.9817
27.5114
27.6426
26.6230
26.5799
26.6544
26.5224
27.6990
27.8377
27.9670
27.7533
27.3784
27.5184
27.6955
28.6226
28.7854
28.1309
27.0237
27.9778
27.8149
28.1416
27.8670
27.9578
28.3153
27.7824
27.5983
27.9415
27.4844
27.3052
27.9460
26.8806
27.4988
27.8167
27.1068
26.6755
25.5421
25.7975
25.3613
24.6758
25.3428
26.1926
26.8978
26.2987
26.8766
26.1300
26.7616
26.7111
26.9368
26.7173
25.9721
26.4257
27.6008
27.7125
27.6210
26.2146
26.8658
27.4429
27.2766
27.6205
28.4970
27.5539
26.8156
27.5479
28.1407
27.1785
28.1105
27.3771
27.3213
27.6331
27.7590
27.9286
27.8029
28.0733
26.7126
27.4331
28.2180
28.1027
27.9925
27.9978
27.6435
27.4884
27.4031
28.1570
27.5941
27.3410
28.2353
28.5412
28.6938
28.6778
28.2683
27.8604
27.5089
27.7733
27.7455
27.4892
27.4220
27.6465
26.9154
27.0271
25.9458
27.6524
28.5718
28.9572
28.1109
27.0119
27.2118
27.3337
28.9932
27.8329
28.5751
28.3740
28.3277
27.5449
28.1472
28.2805
27.9798
27.5170
26.7212
27.1850
26.3250
26.8706
27.8358
25.7547
27.3484
28.4054
26.7338
28.2828
27.9916
26.9236
27.9986
28.2850
28.0681
27.6152
27.2457
28.0127
27.0895
27.5763
27.5298
27.2627
26.8153
27.5433
26.5585
27.0566
27.5783
27.3335
27.3136
27.6077
27.5103
28.1724
28.0753
26.9249
26.4041
26.9126
27.4393
27.8412
27.2790
28.2622
28.1299
28.0574
28.1513
27.7877
28.3023
27.9812
28.0109
28.2819
27.8903
28.3374
28.0343
27.8767
27.2987
28.2817
29.4224
28.4261
28.2991
28.9611
29.3388
28.6401
29.1737
28.0368
28.4054
28.5157
27.1062
26.7514
27.7938
28.2035
28.0979
27.8910
28.9228
28.1943
27.5764
27.8634
27.9227
28.4298
28.2859
28.4488
27.4455
27.7087
28.1242
28.6645
27.9006
27.8696
27.9537
27.1028
28.4091
28.2391
27.2830
27.4627
27.6426
27.4818
28.7228
27.7164
28.0441
28.0987
27.4550
28.4330
27.9915
28.4864
28.4333
28.6479
27.5963
27.5440
28.0772
28.1236
27.9849
28.0103
27.5921
28.0458
28.3060
28.6124
28.0236
27.7079
28.4027
27.2160
27.2375
27.0468
27.5024
28.1760
27.6382
27.9314
28.0903
27.6754
27.8056
27.6832
27.0098
27.2475
27.8346
28.3496
27.4166
27.4910
28.3873
27.9497
27.3136
27.8770
27.3256
27.9989
27.9712
27.9645
26.9819
27.8105
28.0653
27.7370
28.1161
27.2604
28.4690
27.9686
27.9795
27.2122
27.9884
28.1916
27.6725
27.8843
27.0378
27.7038
27.8185
28.5945
29.0153
28.3826
28.0542
27.0219
28.1125
27.2375
27.5626
27.8928
27.9616
28.4460
27.6652
27.7749
28.0255
27.8640
28.0374
27.7894
28.0305
27.5316
27.9118
26.3631
27.8140
27.1242
27.4191
27.6147
27.5787
28.6392
28.0296
27.4688
27.6979
27.9617
27.0696
27.4502
27.5006
28.3811
26.6765
27.7272
27.7057
27.5547
27.4431
26.9683
27.8370
27.0440
27.6735
27.7902
28.3734
26.9374
27.5499
26.7705
27.6775
28.0972
27.8447
28.1274
27.6270
27.1130
28.1386
26.7768
26.7648
26.7436
28.0398
27.6848
27.5113
28.8415
28.1107
28.9097
29.3450
28.9087
28.4891
27.6710
27.8196
27.9575
27.1682
27.1099
28.1442
27.0299
27.5741
26.6720
27.2530
28.7485
28.1972
27.8708
28.2088
28.0141
27.4177
27.9908
27.6059
28.0345
28.2130
28.0505
27.6756
28.1337
27.7469
28.2215
27.8873
27.8683
27.5942
27.7041
26.8973
25.7028
26.7862
26.0133
26.8167
27.3901
27.4464
27.2238
27.0553
27.2034
26.6123
27.6330
26.9261
27.5497
27.4011
26.8984
28.0371
27.0940
27.1566
26.8400
27.4167
27.2924
28.3911
27.8564
27.1645
27.7864
27.2772
27.8479
27.4003
26.9966
26.0452
25.0288
26.4677
27.2788
26.6719
28.0426
27.7528
29.6725
28.7888
29.2592
29.6490
29.3938
27.9434
28.7127
28.5477
29.2665
27.8648
26.7145
27.3635
27.4314
28.4746
27.1560
27.2426
26.2380
27.6801
27.8112
27.3293
28.0162
26.5355
27.1518
27.7096
27.7261
27.5448
27.5666
28.0032
27.1952
26.5601
27.5411
28.3294
28.2494
27.9579
27.6953
26.6255
27.4278
26.9608
28.0255
28.1607
27.8986
28.5729
26.9369
26.9839
27.4600
27.9871
27.3090
27.5059
27.5412
28.0397
27.9142
28.5412
27.4867
27.9424
28.2003
27.1573
26.5368
28.1311
28.0040
28.1048
27.9163
27.7083
27.9833
27.8549
28.3432
27.6051
27.1152
26.9611
27.2254
27.6821
27.5759
27.7939
28.5117
28.0218
27.2475
28.6301
28.1439
28.6315
27.5385
28.4150
28.7400
28.7245
27.8078
28.2284
28.5315
29.0645
28.3836
28.8653
29.1398
28.4621
29.1502
28.6486
28.3820
28.5771
28.6650
27.5462
28.2895
27.7057
27.2621
27.5179
27.8612
27.7654
27.6277
26.8086
27.9708
27.2974
27.4001
27.0750
27.5955
27.8126
27.1984
27.5220
27.6303
28.1953
26.9041
27.8899
26.8668
27.4273
28.0015
26.9955
27.2689
27.5056
26.2621
27.1995
27.6271
27.0108
26.4377
26.5792
27.5606
27.0489
27.1365
27.4134
27.1012
27.8349
27.7687
27.3247
27.9907
27.9627
27.3102
28.6842
28.3745
28.6703
28.2055
28.0848
27.9573
28.5253
28.1116
28.6905
28.7631
28.4637
28.6242
28.6863
28.4838
28.1222
28.2195
28.7335
28.4673
28.2265
27.2463
28.8472
26.6914
26.6157
26.3036
26.8037
26.8391
27.1272
27.4727
26.9907
27.2862
27.2959
27.1725
27.0495
27.6788
27.2299
27.1481
26.7982
27.3304
27.5166
27.2823
28.2777
27.5848
27.3718
26.8790
27.3297
27.7070
27.2903
27.3173
28.2093
27.8231
27.0132
26.9468
27.8709
28.6795
27.8133
28.0386
27.5596
27.7417
27.2923
27.7538
28.0442
27.3507
27.4668
28.1185
27.9170
26.5713
26.5562
27.0288
27.3407
27.3266
27.2204
27.5398
27.2751
27.3856
27.0363
27.3564
28.0093
27.4134
26.9076
27.2487
27.2307
26.4271
26.6322
28.0196
27.2854
27.3150
27.4289
26.8356
26.9071
28.2211
27.2840
28.3152
27.8397
27.9000
28.6719
28.9731
28.1435
28.7177
28.6092
28.8083
27.7917
28.4829
27.7898
28.5222
28.7589
28.1053
27.9009
28.2452
26.6295
27.8863
28.4980
26.6245
27.3582
26.7432
27.3289
28.0839
27.7351
28.2930
27.3891
28.1290
27.6071
28.1698
27.6616
28.2838
28.3143
27.6959
26.9934
28.1942
28.7075
26.6292
28.9588
29.0005
28.1679
27.7954
27.6537
28.3630
28.4275
27.9376
27.7542
27.4060
