22.6995
22.1195
22.5473
23.2271
23.1581
22.1664
22.7840
23.5060
23.4149
22.6738
22.7680
23.1427
22.6199
23.4317
23.1317
22.7045
23.4466
22.9809
23.1907
23.4941
22.9721
23.6955
24.0277
24.6940
23.3035
23.9501
22.9673
22.5509
22.9077
23.4721
23.4209
23.9852
22.8987
23.1950
23.3095
22.7194
23.3795
22.7981
23.5260
22.7471
22.6534
23.8302
22.6223
23.2925
23.2528
22.6738
23.6288
23.8331
23.7947
23.1498
23.4636
23.5196
24.1469
23.5540
23.8110
23.0917
22.8617
22.8155
21.8447
23.2682
22.7457
23.2358
23.1250
22.4815
22.0997
22.2228
22.6095
22.8480
22.1213
22.5097
22.4774
22.3174
22.2918
22.8429
23.0010
22.8362
22.5799
22.4396
22.4983
22.6078
22.7330
22.2825
22.9176
22.9836
22.9234
23.8024
23.9920
24.6772
24.8580
24.4681
23.5492
23.9610
24.9253
25.2758
24.9537
26.1315
25.5951
25.9162
24.3701
24.1120
23.9827
24.6018
24.7878
24.4955
23.9625
23.7841
24.9634
23.0987
24.2309
23.8004
23.9270
25.1752
23.1850
24.0044
24.5175
25.1207
24.0832
25.3315
25.2578
24.7335
25.5353
25.4398
25.8383
25.4165
25.0377
24.8348
24.4987
24.6548
24.5079
24.6185
25.3980
25.2543
25.2113
24.8897
24.5091
25.0193
24.5118
24.4966
24.0699
25.6769
25.0892
25.2065
25.7387
25.1191
24.7732
24.8585
24.0493
24.9947
25.1211
25.7128
24.7522
23.7828
25.7178
24.5028
25.8832
25.6213
24.5820
24.7410
24.2709
25.9648
25.4480
24.5154
24.3639
23.9476
23.9462
24.2508
23.8925
24.6250
25.1165
24.5149
25.3064
24.3849
24.9100
25.0025
24.0853
23.0701
23.3986
23.7612
23.3864
22.7862
24.7597
24.2971
24.2532
24.1782
25.1496
24.3282
23.9185
25.1476
24.3760
24.3600
25.3725
25.4252
24.9237
24.9789
25.7925
24.8733
24.6390
27.1396
25.9156
26.9621
24.8520
26.2073
24.7446
24.2999
24.5777
25.1956
24.4567
24.0890
24.8263
24.0334
23.8779
25.3605
25.2993
24.1474
24.8773
25.3069
25.9270
25.3107
25.3434
25.8290
25.6729
25.7908
25.5407
26.1850
25.9578
25.2173
25.2314
26.3884
25.7237
25.5944
25.3410
24.4753
25.4842
24.7235
26.5446
25.7408
25.5156
25.6410
25.5808
25.3090
25.8758
27.1134
26.0249
25.2354
25.9750
25.3219
24.7661
25.7838
24.5723
24.8730
25.5543
24.4008
24.9715
25.4197
24.1745
23.3918
24.8647
24.4621
24.3134
24.3438
26.1126
25.2592
24.7981
25.1488
25.6277
25.4126
25.4950
24.0611
24.3791
24.2034
24.9445
24.4206
23.9883
24.8045
25.4596
24.9095
25.1324
25.7002
24.9089
24.6188
24.5808
24.8487
24.4028
24.1778
24.4720
24.9508
24.6884
24.3455
24.4059
24.3382
24.2249
24.4109
24.3849
23.9205
24.9603
23.7816
24.3748
24.4627
24.7220
24.8374
24.8604
24.8342
26.0603
27.2529
24.4295
24.5289
24.1328
24.3808
24.9466
24.3719
24.3441
24.2598
24.2282
24.3253
23.9471
23.8154
24.4700
23.5391
23.9408
24.1754
24.8581
24.1908
23.6385
23.9485
24.2193
24.5722
24.7105
25.1679
24.5120
25.0507
24.1958
24.3201
24.2148
24.4630
24.3423
24.2247
24.4093
24.9193
25.0009
24.9989
24.8533
24.7816
24.8249
24.2193
25.0983
26.4802
24.3888
23.9057
24.2143
23.3285
23.6166
24.3398
24.4172
24.3415
24.3571
24.9607
25.4129
24.6941
25.2400
24.0624
24.0566
23.6905
24.2209
23.9521
24.2907
25.3321
23.7063
24.1116
24.4814
24.3960
24.4876
24.3552
24.2403
24.7243
23.7143
24.5092
24.4972
23.7865
24.2129
24.6469
24.1683
24.4092
24.5512
24.4508
24.4521
24.9606
24.5316
24.3769
23.9367
23.8610
24.8202
24.5061
24.7790
24.7059
24.2916
23.4851
24.8855
24.5581
23.8206
23.2840
23.6355
23.3323
23.3746
23.7399
23.6601
23.6434
24.3649
24.1293
23.6415
24.4268
23.5010
24.3210
23.6395
23.3680
23.6388
24.1007
25.1803
24.3791
24.2785
24.1514
24.6626
24.1381
24.3604
25.1157
25.2097
25.9914
24.7222
23.8053
23.8887
24.1719
24.7956
24.2016
24.3518
24.5449
24.5762
25.6338
26.7204
25.9358
26.9803
27.0521
26.3962
25.0068
24.0864
23.9613
24.4972
24.1542
23.9376
24.0558
24.4020
24.2112
23.7875
23.8483
24.2602
24.3407
24.2344
24.3300
24.5172
24.6900
24.4676
24.0261
24.4636
23.7663
24.0348
23.6136
24.0440
23.9845
24.3558
24.0124
23.8763
24.2154
24.2333
24.8878
23.9268
24.0085
24.1527
24.7705
24.7675
24.3479
23.9340
24.7148
24.1058
24.6264
24.1822
24.2466
24.4242
24.3066
23.4326
23.9605
24.0682
24.2685
24.3006
24.2192
24.5617
24.8716
24.4200
24.9273
24.0314
24.4686
24.3966
24.5776
24.5352
24.8248
24.8623
24.1919
24.8980
24.6952
25.2076
24.5040
24.6605
24.4880
24.7667
24.3384
24.8283
24.5419
24.1574
24.5762
24.6287
24.7132
24.5504
24.6557
24.3882
24.7916
24.6234
24.8425
24.4163
24.0021
24.3126
25.1064
26.6300
26.1072
26.9436
28.0387
27.0037
27.6232
27.0746
26.4701
27.6000
26.8841
26.5063
25.4816
25.5746
26.1043
27.5002
26.8748
25.9497
27.3829
26.3188
28.0515
27.2348
27.6733
25.5844
26.3664
25.9085
27.2472
27.1637
25.9361
27.0278
27.0896
27.0039
25.7211
25.5797
26.1605
26.2870
26.1497
26.4797
25.6298
26.3920
27.0080
26.4492
26.8713
25.8271
23.7916
25.6811
25.0800
25.5908
26.6520
24.3519
24.1176
24.6741
24.4889
24.8340
24.0478
24.7892
25.1003
24.8681
25.2506
25.2016
25.7444
24.4954
24.8359
24.6338
24.6613
25.0583
24.5220
24.6048
24.4774
24.0912
24.4674
24.2571
23.9163
24.3008
24.7200
23.8415
24.5192
24.2550
24.6146
24.9787
24.1627
24.1327
23.7340
24.3679
24.8354
24.4987
24.0190
24.3601
24.1309
23.9242
23.6945
23.9649
24.1157
24.5478
24.8932
24.6808
24.2434
24.4048
24.5753
24.9988
24.7426
24.7578
24.4454
25.1294
24.3384
24.7512
24.8337
24.3892
25.0648
25.0290
25.2694
24.4966
24.4800
23.4756
23.8456
24.5376
24.1128
23.8499
25.3968
24.4012
24.7410
24.8107
24.2500
25.7635
25.0489
25.9297
24.7486
28.3358
26.5638
25.3436
24.9335
25.1776
25.0666
24.1514
23.7506
23.8534
24.5948
23.6214
24.2858
24.5645
25.0710
25.2938
25.4287
26.0118
25.4667
25.8007
26.0090
24.6947
25.0174
24.8233
25.4193
24.5172
25.2269
24.8704
25.5814
24.6522
23.9663
24.5308
24.8500
25.0931
24.7674
24.8905
24.2213
25.2001
25.2504
24.7724
24.9755
24.9025
24.4888
24.9677
24.6410
25.8693
25.0461
23.8887
22.5048
23.7650
23.1611
23.5326
22.8457
22.7997
24.9158
24.0907
23.4156
23.6181
23.3206
23.7207
23.4931
23.8862
24.3993
23.1111
23.1016
23.6060
23.6865
23.3531
23.0706
24.6559
23.6055
24.0558
24.5577
24.6479
24.7473
24.8968
25.2227
25.4973
24.9958
26.7710
27.0688
27.3183
25.6036
26.1126
25.1115
26.1331
24.9507
25.2806
25.4626
25.9035
26.0952
24.6415
24.4361
23.9914
24.1769
24.9567
24.7241
24.2085
23.4863
22.2430
22.6118
22.2553
22.1924
22.7699
23.0449
23.6123
25.1990
25.2677
24.5801
23.8915
24.8275
24.3673
24.4429
23.3927
23.8871
25.0040
23.2116
23.3536
23.7930
23.8524
23.6807
23.3570
23.0163
22.9998
23.1716
24.3708
23.9405
23.7459
24.4053
24.7255
25.0468
24.7437
24.3947
23.8643
24.3399
23.3214
23.0878
25.4208
25.0076
25.2405
25.0813
25.3691
24.6035
24.6224
24.5244
24.2581
23.2973
24.1796
23.7634
23.4475
22.8765
24.2848
23.9060
24.0117
24.0528
24.3390
24.9939
25.2432
24.9776
24.4703
24.3234
25.3564
25.3545
25.4954
25.0486
25.7105
24.5951
24.5101
24.8127
24.6303
25.2604
25.3216
26.3246
25.1472
25.7331
25.2810
24.0496
24.8706
24.0650
25.3310
25.5061
26.8262
24.9321
23.6690
24.7620
24.9914
23.6229
24.4261
24.5316
24.8298
24.2859
25.0122
23.9179
23.8462
25.1430
24.0106
25.0846
24.4918
24.3202
24.1503
23.1962
23.5761
22.9172
22.9859
23.6408
22.9024
21.6363
23.3586
24.4082
23.5976
24.1255
24.8908
24.9747
24.8179
24.4054
24.8177
25.0754
24.7039
24.5170
25.4518
23.8752
24.4261
25.1697
25.4488
25.8528
25.8449
26.6552
25.8367
25.9601
23.7970
23.3881
22.7432
23.0727
23.7233
24.8395
25.7519
25.6068
24.3147
24.5849
24.8060
26.3483
25.3303
25.9556
24.1821
24.2024
25.0198
25.9583
25.8267
25.1387
25.7828
24.7991
25.1278
26.3874
25.3751
25.7547
25.6416
24.9194
25.1712
25.4738
24.5365
24.7843
24.3133
24.8668
24.1094
24.4135
25.4289
25.1994
25.1103
24.9153
25.6938
25.2672
25.2387
26.3631
25.5193
25.3496
24.8376
24.7640
24.9361
25.1923
26.4952
25.4090
25.8420
25.3781
25.8776
25.6026
24.0034
25.2667
25.6406
25.8996
24.5164
25.7806
25.2767
26.0184
24.8681
24.9779
26.2720
25.0464
25.8196
26.3592
27.3290
26.1970
25.0542
25.8385
24.6633
24.7614
24.9274
25.9787
25.1888
24.2223
24.0491
23.3747
24.1604
23.3170
24.0198
23.1333
22.8545
23.6791
24.2773
24.0630
23.1457
22.4817
25.4367
25.4834
25.3242
24.1915
24.6035
25.0482
24.6718
24.1670
26.2606
25.1030
24.9168
25.1944
23.6842
24.6621
24.7200
25.7817
24.7958
25.3419
25.6372
25.0004
25.1018
25.3080
24.7934
24.8591
25.5034
25.4122
25.4290
24.9619
24.7487
26.6870
25.5859
25.8467
25.0819
25.5393
25.5142
25.1928
26.5896
25.2732
26.3081
25.6602
25.9512
25.0848
26.0818
26.3811
26.1215
24.5974
24.4480
25.3187
25.2687
24.8062
25.9161
25.9392
24.5642
24.8891
25.1607
25.6558
24.4773
24.7164
25.3117
26.2569
25.2933
25.6690
25.2039
25.0791
25.0438
24.5557
26.1480
25.3430
26.0723
25.6600
25.4697
24.9043
25.3127
25.4666
24.6503
24.0415
24.9002
25.5877
25.2673
24.4594
24.3677
25.0292
24.9729
25.8644
26.9733
26.1857
26.1990
27.2772
24.5235
23.9553
25.8577
23.2103
22.5687
23.2514
25.9229
25.4028
25.4333
24.7055
25.0129
24.7665
24.0480
24.9610
27.1601
27.6793
26.3644
28.0252
27.2656
25.8063
27.2952
27.2182
28.8687
26.0514
26.9730
25.4983
26.6517
26.9903
26.8766
25.9367
25.3361
25.6299
27.2280
26.6092
27.5197
27.9938
25.6044
27.5380
26.7714
28.3636
26.5086
28.8737
27.4126
27.1256
26.3628
27.9610
26.9054
28.0937
27.2328
26.9539
27.4397
26.4237
27.5417
24.9149
25.0553
26.3348
28.0459
25.3814
27.7304
27.7573
27.5006
27.8252
27.5323
27.6322
27.0418
26.5813
27.3394
26.3870
24.3924
25.3020
24.9265
25.0098
24.3744
24.5855
27.4344
24.8590
26.8427
27.9063
25.8275
24.4576
24.2591
25.3033
24.6375
22.9234
23.6225
24.1558
23.9750
24.3900
23.8630
24.1846
24.2229
24.5798
24.2903
23.8532
23.2528
24.0905
22.9365
23.2396
22.8459
23.1985
23.2314
23.8361
23.6354
22.9543
23.2197
23.5554
23.4642
23.3326
23.8411
22.1957
21.8964
23.0056
22.2668
21.5013
22.2148
21.9358
21.6918
21.7406
22.4619
22.5444
21.5852
22.5084
21.6613
22.4627
21.9900
22.6557
22.3763
23.3617
22.9881
23.5305
22.8681
22.7730
23.0248
22.7497
22.9732
23.5825
23.2148
22.4827
22.8914
22.4772
22.2795
23.0011
22.7032
22.6061
22.8044
22.9382
22.4569
22.2927
21.7458
22.9437
21.8443
22.7023
22.3762
22.5765
22.9858
21.3526
22.2559
22.2391
22.7515
22.7893
22.5896
22.0467
22.3606
22.0021
22.0725
22.7482
22.5584
22.0681
22.4002
21.8477
23.1292
22.5532
22.3626
23.0302
22.3524
22.7165
22.7749
23.1679
22.6406
23.2633
23.6098
23.7756
23.4839
22.6214
22.3725
22.3051
22.3928
22.2325
22.3621
21.7897
22.9374
22.5665
23.0470
22.2125
22.8801
23.0086
22.8058
22.5861
22.4618
22.0948
23.0686
21.7367
22.6918
22.1560
22.4761
22.4250
22.7081
22.5828
23.3507
22.4939
22.1164
22.7232
21.8717
22.5168
22.8995
21.6057
22.4876
23.5109
22.8195
23.2555
23.8528
23.1080
23.5379
23.2822
24.1022
24.7830
24.4751
22.9188
24.6089
22.9770
23.8337
23.1434
23.9136
23.6829
23.0337
23.1951
23.1433
23.0231
22.6015
23.0540
23.3930
22.6373
22.7993
23.0327
22.8700
23.4675
23.8078
23.0788
22.7929
22.6093
23.1395
22.9864
23.0816
22.5437
23.1018
22.9695
22.6944
22.8275
22.7121
23.2261
22.9422
21.8677
22.5330
22.4927
22.1669
23.5413
23.2453
22.6524
23.1125
23.4440
22.1186
22.4558
23.1769
22.9369
22.8532
22.8297
23.1571
24.4675
25.2801
26.1219
25.1661
25.5146
25.6545
25.4156
25.9669
25.3862
25.3919
25.1530
24.8762
24.7118
24.4930
24.2746
24.7454
24.5225
25.2417
25.2565
25.7236
26.0758
25.3415
24.0659
25.5661
25.5317
25.4283
25.6043
25.4705
25.1056
24.6599
24.6621
24.9465
25.2209
25.3449
25.2013
25.5921
25.2241
24.9936
24.4471
24.6900
24.6964
25.3354
24.9783
25.2249
25.4353
25.3039
24.3076
24.6579
25.8286
23.0390
23.8628
24.3972
23.8278
25.3376
25.6023
26.3697
25.0223
25.6281
26.0046
25.5488
25.1883
24.4009
23.3369
23.8567
25.2036
25.8851
25.5944
25.3827
25.3394
26.0285
26.0697
25.8012
24.5215
23.7363
23.7218
23.1030
23.4912
25.3962
25.9274
24.4417
24.7464
24.7213
24.6406
26.0090
26.9471
26.1345
25.5833
25.8967
25.6885
25.4829
25.3802
25.7486
26.1067
24.2760
24.1244
24.0293
24.8147
24.5010
24.4045
24.3766
23.7985
23.5210
22.7274
23.3256
23.1467
23.9554
23.5534
23.2640
23.5797
24.1242
23.9190
23.1087
23.6960
23.8421
23.9410
24.7094
24.8224
24.9710
25.0123
24.3964
25.0648
25.7422
24.4017
24.4835
24.0563
24.2958
25.3477
25.7608
26.0461
25.8206
26.0747
26.5736
24.9167
25.0401
26.6464
26.7639
28.0566
26.9050
27.0577
27.1119
26.2968
25.4182
24.9842
25.6079
25.4368
25.1991
24.8778
24.9066
25.9408
25.2198
26.5511
26.4764
25.1925
25.7096
25.0642
25.2831
25.5807
24.5870
24.1842
23.1893
23.4484
23.1637
23.5126
23.6177
23.7444
23.3752
25.4426
25.4385
25.2545
25.2309
24.8737
23.1604
23.8261
23.4287
25.6987
24.2592
24.9075
25.2867
25.9995
24.6598
24.7200
24.9132
25.5308
24.8263
25.5332
24.4057
24.1130
24.5200
25.9990
25.5577
24.8338
25.3360
26.2246
26.3988
26.1691
25.3867
24.9453
26.3956
24.8821
25.1340
23.7157
23.2576
23.3288
23.1760
23.4694
23.7514
23.0965
22.9898
23.3218
23.0552
23.2605
23.8434
23.2495
23.1696
23.1931
22.1569
22.6862
21.8807
22.0893
23.7913
23.2087
22.9271
23.6825
23.6596
23.0951
23.6051
23.3943
23.9184
22.9284
23.6060
23.4068
23.4881
23.2205
23.6740
23.1159
23.4205
23.9301
23.7397
24.0278
23.2089
23.0735
22.9810
22.7010
23.9015
22.8945
23.0593
22.9714
22.5611
22.7089
22.6186
23.6414
23.2328
22.9542
23.6633
23.7231
23.0364
22.8848
22.1437
23.7251
23.7700
23.1023
23.9770
23.9342
24.1596
23.9379
24.0250
23.6901
24.7422
23.2121
23.9425
22.9312
23.2883
23.3704
23.9085
23.8486
23.6505
23.9163
23.5616
22.1442
23.0922
24.0051
23.6711
23.3008
23.8566
23.9208
23.6590
23.1715
23.3529
23.3780
23.0155
22.8162
23.3264
23.3275
22.9194
23.0614
23.7383
23.6209
23.4906
25.1629
25.8186
24.6726
22.9733
24.6729
24.2607
23.9961
23.8856
22.8396
24.7340
24.7248
24.1166
26.2486
25.8350
25.6482
25.8111
24.3201
22.8973
25.0287
24.3220
24.2085
22.3669
23.3974
22.6451
23.6246
23.3494
23.6732
24.1117
23.4603
23.8640
23.0750
24.3590
24.0178
22.9485
23.3349
23.1510
22.7417
23.6846
24.3822
24.2197
24.1568
24.7947
24.3990
25.0858
25.4472
24.7728
25.3866
23.9058
25.2229
24.0855
24.6527
25.6339
25.5992
24.0642
24.5472
24.3580
25.5922
25.1753
24.8692
24.8609
25.1794
24.9258
24.1362
24.2666
24.4702
24.8772
24.9374
25.5032
25.9986
23.8537
24.2114
24.7004
24.2835
24.0831
24.9131
24.3570
25.2196
24.7790
24.2303
24.8364
24.3394
24.6117
24.8809
25.5195
27.1274
25.8307
27.2377
25.1453
25.1903
25.8432
24.4932
23.9307
25.0196
25.4697
25.0342
25.6595
26.3780
25.2334
26.6369
25.7730
25.7297
25.6393
24.5432
25.2425
23.0676
23.0298
23.3444
22.3833
23.4488
23.7170
24.7488
23.8156
23.8051
23.8338
23.9989
23.7656
22.9306
22.7173
22.6103
22.8500
22.7877
23.9572
23.7974
23.8631
24.2002
23.5407
23.6136
23.6805
23.6622
22.9691
23.7037
22.1906
23.0965
23.0894
22.5733
23.2673
22.6290
22.5056
22.3843
22.4685
22.6620
23.0032
22.2389
22.8372
22.9928
23.4003
23.3774
23.9523
23.3751
23.6231
23.1853
23.6550
22.6862
22.8550
22.6170
22.3693
22.7926
22.5585
23.3134
22.8470
22.7811
22.5572
24.0583
23.9426
24.3938
23.3417
23.6965
23.3181
23.6750
22.3294
22.2120
22.8211
22.4692
22.7496
23.2929
24.5073
24.1800
25.5646
25.3537
24.9450
27.0157
24.7654
25.1260
27.1221
26.2103
25.4918
25.7837
25.3906
26.3316
26.4685
25.5829
23.4821
24.3251
24.6833
24.5916
24.2473
24.3967
24.3226
25.0403
23.4871
24.4154
23.8796
24.3879
24.9155
24.0330
22.9972
22.9939
23.1208
23.4065
23.9027
23.0966
23.5859
24.0939
24.0157
23.8870
23.7313
23.1998
24.0443
24.1417
23.9020
23.4689
24.8337
24.3647
24.4133
24.5509
23.8269
24.8489
24.4464
24.0640
22.6687
22.7469
23.2412
24.0225
24.3493
24.5368
24.3812
24.9323
24.4949
24.7273
24.2036
25.3592
24.0006
24.9573
23.6440
24.8162
24.2464
24.0515
23.9031
24.5968
23.8609
24.2467
24.6181
24.5309
24.1400
25.3281
24.1604
25.2179
24.8753
24.7938
24.3370
25.0398
23.4170
23.4766
24.3892
24.1047
22.8521
22.8385
22.7564
22.9847
22.7574
22.2664
21.3710
21.9027
22.0797
23.2219
22.6097
22.5981
22.6608
24.3190
24.5398
25.3399
24.0780
24.6423
24.2787
24.0656
24.8868
24.2465
23.7151
24.2031
24.0522
23.9381
23.7082
23.2883
24.6395
23.5773
23.4374
24.6327
24.2449
25.5759
24.1792
24.9131
25.2438
24.8013
25.3848
24.3395
24.5764
24.6238
24.4392
24.8650
24.5725
24.7103
24.4838
24.6635
25.0068
24.3441
23.6437
24.6530
24.2243
24.2507
24.7788
24.7802
25.8311
24.8444
23.9123
23.9566
24.1695
23.9223
24.9592
25.9580
25.2463
25.6427
25.5579
26.1138
26.7741
27.7210
26.8816
27.9521
26.0177
25.5087
25.4027
24.6530
25.3307
24.7441
26.2763
26.1162
24.4442
24.7282
24.9794
25.5837
25.1112
24.2963
26.2877
26.3817
26.2929
25.6881
26.4190
25.9803
24.9421
25.2780
24.8059
24.9885
25.0157
26.1281
24.9311
24.9541
24.2044
25.2927
26.0647
25.5809
24.8638
25.2194
25.1840
26.6129
26.2151
28.4783
26.8387
28.0447
26.7311
28.0576
28.8451
29.2527
29.2453
27.1077
24.9742
27.8630
25.7247
24.8824
25.7944
26.9604
25.7573
24.6077
24.3963
24.7612
24.0209
23.5684
23.8848
24.6969
24.2566
25.0364
25.4368
24.6325
25.9232
24.7064
24.7508
25.1771
24.8848
24.5036
23.5834
24.1646
24.7526
24.1853
24.8210
25.1176
27.2966
26.0202
26.0347
26.2936
24.6614
24.0787
25.2709
24.5561
25.1828
24.5355
25.9515
24.0645
25.4568
25.4326
24.6026
24.2746
26.0798
24.3181
25.0455
24.4253
24.5110
24.5553
25.6334
25.7500
24.5628
26.4600
26.9091
26.1221
26.7950
25.6592
26.7250
25.5172
25.1257
26.2004
24.5562
23.8542
26.0139
25.5883
24.6355
24.4920
24.1567
25.3516
25.3682
24.8567
25.3269
25.1740
25.1492
26.2034
26.3245
24.9990
24.5117
27.3260
25.7984
25.9750
24.5711
25.9959
27.7465
28.1081
28.0045
27.9770
26.3070
28.3989
27.1423
30.1981
29.6697
29.7478
30.3749
29.3653
28.7199
27.2624
29.5387
29.2165
29.5863
28.6792
29.7655
29.6388
28.1517
27.4683
25.5990
29.0786
28.6968
28.8629
27.9997
28.7103
27.5826
28.3835
27.5207
28.7057
28.7679
28.2230
27.4155
27.4783
27.5360
27.8113
25.4611
25.2205
25.9192
25.4210
24.6156
26.8974
26.6694
25.9046
26.9733
26.6183
26.0496
26.3531
26.0937
25.8205
25.4653
26.8057
25.0354
26.2989
24.3243
24.8311
27.2276
27.2338
26.8304
25.3851
26.0958
27.0378
26.3083
28.1852
28.3909
27.2301
25.4335
23.9175
26.6855
25.6935
25.8496
25.5878
25.0318
25.8149
26.5500
27.4076
28.1627
29.3788
29.7203
27.8347
26.2910
28.2325
28.1165
29.5734
27.9966
26.0041
26.4702
26.5372
26.7705
26.7983
27.1901
25.8964
25.3582
26.0907
25.0992
26.8215
27.5166
26.9890
26.8138
26.4313
27.9210
25.9814
27.1290
27.1334
26.8397
26.4519
26.6559
26.9727
26.0578
25.8658
25.4549
26.6809
27.5126
26.4442
25.8539
24.8990
26.8108
27.1302
27.4702
27.0104
26.2324
26.1605
26.9514
28.5301
26.6568
27.4185
27.3012
27.9580
28.3966
25.0362
25.8932
27.7873
26.7528
26.3623
27.6272
27.0978
28.4152
27.6611
26.8692
26.9056
26.1659
26.6673
26.7872
25.2150
25.8645
27.5657
25.9636
27.9066
26.9274
28.2602
28.6643
28.1159
27.2918
28.2529
27.6657
27.6649
26.4308
25.7715
25.3688
27.2185
29.0041
28.8442
28.2120
29.6295
28.1927
28.0266
29.2939
29.3979
28.6343
28.7574
28.3337
26.9447
27.4799
27.6752
27.5931
28.6049
28.9189
27.9445
26.8690
28.9817
29.9043
28.5142
27.2538
28.3115
27.9928
28.1327
27.7785
27.2996
27.6602
28.6187
28.9184
30.0190
30.4875
30.4098
29.0451
29.4162
28.1927
27.6205
28.5284
28.5191
28.8027
26.9536
27.0675
26.8412
26.5108
24.9741
25.5637
24.7813
24.0354
26.7477
28.4871
29.1714
27.4316
28.5673
28.4157
29.3987
27.9638
27.0556
26.9829
27.2378
26.1042
26.8291
26.6765
26.9849
26.2886
26.1420
26.6524
26.8628
26.7153
26.2405
27.7183
25.6905
26.0854
25.6874
26.5119
25.2587
26.6065
25.6359
25.9279
24.8899
25.8478
27.1656
26.3056
26.2750
25.8545
24.9926
24.9162
24.6283
24.0884
24.5567
25.5002
24.0156
25.2442
26.5136
26.6613
26.0072
26.1455
26.3560
26.7213
25.8499
25.2207
27.6616
27.8321
28.2965
28.9046
27.5543
28.8025
29.5294
29.5535
27.6743
29.1676
28.8737
27.5333
30.0379
28.4568
28.7895
27.8354
27.3615
29.0017
28.8022
28.0596
28.4726
27.7450
27.1735
29.0783
27.3658
29.1133
27.9626
26.6611
24.2543
25.3640
26.5398
26.0534
25.5316
25.5540
25.7354
26.4486
25.6062
25.1881
26.0495
26.7770
26.2745
25.9415
27.1002
27.2141
27.9571
27.5885
27.3231
27.1899
26.9191
25.5500
26.2121
25.5605
27.1594
26.7739
28.5585
28.3565
28.9891
27.5511
27.8052
28.6318
28.8950
27.9426
27.8879
27.8159
26.4712
27.2065
27.8479
26.8918
28.1982
27.5274
27.0346
28.9150
28.5973
28.0537
28.5162
28.0695
27.8073
28.8729
27.9493
27.0352
27.5560
28.2163
27.2358
28.0929
29.6128
29.1642
28.2952
27.3145
25.7020
25.0602
23.8581
24.6517
24.1986
27.0635
26.1650
25.6244
26.1101
25.1766
24.4016
25.4373
26.7909
27.7793
27.4971
26.8359
26.4374
27.1330
27.7153
27.0111
27.6016
28.4054
27.7758
27.2102
29.7771
28.2637
28.4268
27.5937
27.6381
26.0906
26.1625
25.9483
24.7933
26.8598
26.3657
25.3693
26.0068
26.9414
26.6950
27.6133
26.7788
27.9299
27.4180
27.2524
27.9808
27.2996
25.9877
28.6450
28.4365
27.7190
26.6897
28.6185
27.8814
28.6721
28.0752
27.2425
27.0982
27.8265
30.3057
29.4364
27.4209
27.2069
27.8986
28.1288
27.7584
28.0652
26.8984
25.2720
25.9908
26.4007
26.1717
26.0006
26.5719
26.6673
27.4331
26.0591
25.9988
26.4272
26.3830
25.2599
26.1986
27.2973
27.0379
27.8909
27.8323
26.6711
27.5340
29.2664
28.8696
27.4835
27.4916
29.3652
27.9109
28.3623
27.2159
25.4980
28.9581
29.3674
28.2600
27.8545
27.7990
27.9960
29.3166
27.5642
30.4375
27.7426
26.5704
27.2161
26.2016
25.0858
26.4926
26.6650
28.8567
29.6342
27.3887
25.7451
26.9281
26.7501
25.8099
26.4747
26.8542
27.7685
25.7685
26.2021
25.4949
26.4944
26.4273
27.1417
29.1339
28.2444
26.8573
27.6187
27.6185
26.4693
27.0417
27.9537
29.0166
27.4820
28.2535
27.1936
28.3230
27.5544
27.3214
26.0283
24.7414
26.8555
25.2499
25.9567
25.6316
25.7445
26.7128
27.1830
25.7377
26.0846
26.3248
24.3261
24.6523
27.7625
27.5382
27.0311
27.4670
27.8232
27.7089
28.2677
26.6093
27.7362
28.1184
27.2066
30.4594
25.9209
25.1370
25.9415
26.4668
27.0824
27.8041
25.9152
28.5099
27.2203
27.2075
27.1793
27.5746
27.8188
26.4382
27.7479
26.8022
28.3178
26.3000
25.0414
27.1435
26.5953
28.3296
29.2038
28.2920
29.1918
29.7061
28.5309
29.0796
28.9180
28.5007
27.5277
29.2959
29.0114
28.7083
27.1295
25.4676
26.4796
26.8241
26.1583
26.2608
25.7963
26.9440
24.9375
25.0685
24.9688
25.2861
25.3563
24.6352
25.2929
25.5408
24.9557
25.5676
25.2537
25.2864
24.5960
25.3316
24.4958
25.3868
25.1118
25.4317
25.4025
26.4721
26.6138
26.4856
27.6861
27.9301
26.0564
26.7662
27.4451
27.0810
25.5309
26.1358
26.9304
25.1294
25.7989
25.8083
26.7569
26.7263
26.7197
26.8400
27.8065
27.6337
27.6153
27.6020
27.7374
27.4536
28.3980
27.6150
28.0402
27.7276
27.4492
28.7161
27.6636
28.8667
27.9928
27.4936
27.6754
27.0355
27.5478
27.7451
27.0844
27.3389
27.8379
27.4033
28.2589
28.6155
28.5557
27.2522
27.7626
27.9237
27.5607
26.9816
28.0618
26.5744
27.0888
26.3299
27.8667
27.4823
25.6259
26.8394
27.1924
27.7721
29.3106
29.7149
29.1988
27.9001
27.1478
30.6818
29.2631
30.7010
30.7228
28.5720
29.4649
28.5675
30.2855
28.8618
26.6238
26.0115
27.4619
27.7957
27.8477
27.5767
28.0305
27.9785
28.2557
27.1023
26.3382
27.3442
26.4383
27.2688
26.4559
26.9170
28.8871
29.3962
25.4797
29.4958
29.3476
28.2529
31.0884
29.8467
28.3284
26.4493
24.7443
25.1482
26.2447
25.9535
26.6266
26.0188
26.7220
28.4355
27.1295
27.0041
26.8052
26.4748
27.2723
27.3341
28.5327
27.9757
25.5579
24.2351
26.3315
26.5017
26.7775
24.3533
25.0829
25.9127
25.2316
24.1856
25.7313
25.8731
25.0211
25.1062
24.2916
23.8051
24.0818
24.2442
24.6831
24.9401
24.3578
22.5199
22.8998
25.3024
23.3484
22.4527
23.3053
22.9530
24.3997
24.4062
22.6879
22.5419
23.0349
23.5301
24.0241
22.5374
24.3785
26.4173
23.5724
24.4189
24.8526
23.7517
23.2331
24.5828
24.1638
23.6303
22.9476
22.3922
22.8485
22.3160
22.9711
23.0362
22.1755
24.6655
24.0751
23.3401
23.8670
23.3528
23.3845
23.4976
24.9834
25.0957
25.6025
25.6071
22.9779
22.8818
23.8078
24.1742
24.9413
24.5781
25.1443
23.9517
23.7347
23.1205
25.7220
25.7593
25.1994
26.8632
25.4218
25.1803
26.6238
27.0155
24.6165
24.9248
25.1570
25.7699
26.8876
26.0488
24.6343
27.4858
25.1676
24.8033
25.2157
26.0092
27.9863
24.7620
23.7046
23.2569
25.4264
25.2341
24.5674
25.4730
24.2226
26.0943
25.7222
25.2099
25.3531
24.1556
23.1790
24.3661
23.4237
24.4682
25.6589
24.7318
23.7114
23.8149
24.4532
24.4158
23.2632
24.4659
23.3068
22.6576
22.9516
22.1937
23.2496
22.8456
21.1542
22.7267
22.8564
22.5383
22.3885
24.6731
24.4535
25.4384
24.3596
23.8315
22.9316
24.3144
22.6846
23.8062
23.3729
23.6399
24.3975
24.5444
25.1800
24.1788
22.7915
25.1939
23.0342
23.7398
23.8113
24.0846
24.3785
26.4517
25.6060
25.7664
25.3282
25.7124
25.6340
26.9388
24.3375
25.9436
26.0125
25.5354
25.2846
24.6955
23.8254
24.1256
25.4010
23.5577
23.4429
23.3538
24.5737
24.4369
24.0408
24.1881
23.6676
23.9920
23.6354
23.7502
23.6244
23.3646
23.1378
23.8130
24.3483
24.2797
23.6618
25.0666
24.3644
23.2199
24.3585
24.0290
23.0161
24.1212
25.3460
25.2750
24.4294
26.1168
24.6228
24.1301
24.0250
23.5135
23.7596
25.2465
23.7742
25.6381
26.9615
26.3305
25.7402
26.2120
26.5574
26.2930
26.2327
26.0090
26.2072
24.1226
24.7778
26.1204
25.3265
25.0199
25.5033
25.6737
26.3259
25.7838
26.0332
26.8109
25.5665
25.9039
23.9403
24.2678
25.0262
24.0253
23.5648
24.0783
25.1779
26.1128
27.3640
26.6821
24.8111
24.4061
26.1456
27.2186
25.9014
26.6219
24.6266
24.1364
24.9406
24.2947
25.1361
25.0286
24.4372
24.7568
24.9776
26.4754
25.1770
25.9013
25.8435
24.8082
24.8378
26.2867
26.2815
27.2437
25.0853
23.1753
25.2068
25.4255
23.3726
23.5407
23.7314
23.9657
22.8604
24.0697
26.5283
25.1939
25.2911
24.8075
26.1372
26.8430
25.7429
25.8669
25.1906
24.8239
24.5320
26.4169
26.4275
24.4548
24.0316
24.5917
24.4762
26.0828
24.3114
25.2316
25.8501
25.3579
26.4018
28.0505
26.3106
25.7354
26.4007
26.9661
25.8193
25.4280
24.8482
23.8206
23.7673
24.2050
25.2697
25.7739
23.9391
26.0557
26.2161
25.0011
26.2304
26.2688
24.1924
23.7474
22.8928
21.9464
23.0504
23.1501
24.6049
22.3611
23.4579
25.1083
24.6346
25.8594
23.1907
23.1961
23.3628
24.7539
26.3867
25.8259
24.5703
25.1564
24.3693
24.9132
24.3198
23.4971
24.0054
23.3756
22.7518
23.1850
24.8271
23.5793
24.7899
24.9679
25.1185
24.3037
23.0294
25.6637
27.3863
26.6899
27.1015
25.9318
25.6095
23.5655
24.1973
25.6881
25.1944
25.2792
25.7208
26.7280
25.2667
24.1348
23.8829
22.8880
24.5916
25.7488
24.9182
23.8724
24.9203
24.3255
24.5393
25.3044
25.6365
25.6337
28.1007
24.7763
26.0104
25.0334
26.3976
24.8550
25.5208
24.6983
25.1871
26.6242
27.0787
28.4904
25.7990
26.8691
27.0105
27.5393
26.5995
26.8738
27.0085
26.7174
26.0081
25.8172
25.8488
23.9713
25.1639
24.8700
24.2039
25.1632
23.7509
24.7511
25.7839
24.6769
25.2805
25.3847
24.8315
24.7749
25.9606
25.1267
24.4011
26.2454
27.4074
25.5735
26.6447
27.8703
29.0385
30.5491
28.4346
27.7918
26.0328
25.6784
26.7304
26.8186
25.7390
25.8097
25.3894
27.2034
28.6055
25.7204
24.9567
24.8344
25.1879
25.1118
23.9301
25.5869
24.7155
25.7802
24.7880
24.3177
25.7749
27.0920
26.5102
25.4797
26.0995
26.7926
26.9748
26.9220
24.1932
24.1549
27.0384
24.0423
25.3325
25.1042
23.9824
25.3649
24.4323
25.7401
24.1113
24.2577
25.3720
24.1605
23.1921
22.8353
22.9992
23.2972
22.5371
23.5495
25.0526
25.3148
25.6737
23.7439
23.6540
23.1886
23.4308
22.8085
23.3432
23.2252
23.2639
23.4650
22.9720
23.8957
24.7132
23.9937
23.5178
23.7335
24.3780
23.1675
22.2661
22.9113
23.3616
23.0283
23.9235
24.4649
24.5028
24.7122
24.9551
23.5574
24.4519
24.0626
24.2056
24.5485
26.8433
24.7647
25.3403
26.7937
27.3668
25.8209
26.4331
26.4436
26.2672
26.7586
26.8817
26.1412
25.9326
25.1138
25.3926
25.4167
25.6321
25.8941
25.5129
25.4769
25.0210
23.9470
25.1421
24.5622
23.6449
25.5144
25.6092
27.0092
26.9899
26.6975
25.6184
25.7394
26.2791
27.4151
25.4990
25.3093
26.6808
26.7929
26.4120
27.7572
27.3727
25.6150
27.3300
25.8468
27.7313
27.2150
28.6709
26.9564
26.8901
25.9496
26.1199
27.3978
27.4892
25.9851
25.4196
27.5090
26.5203
25.4418
24.9656
25.6102
26.7269
25.5769
25.7897
25.9402
25.3012
25.4728
24.3696
26.8904
26.2072
26.0201
26.1120
26.1786
26.7546
26.0264
27.4769
26.0999
23.6717
24.8849
25.4341
23.8737
24.1565
24.7222
25.2765
25.1355
24.0262
24.6683
24.9294
23.8611
24.9314
24.3402
25.2508
25.9273
23.5916
25.3461
23.8012
23.9926
23.3510
23.2216
24.5834
23.0638
24.6497
25.0182
25.5817
25.6996
25.3330
25.0026
25.1217
25.2229
24.8657
25.4890
24.6918
24.8358
23.2501
24.7193
26.1753
25.2398
26.1908
25.9644
25.4168
24.7082
26.5633
23.9915
23.5749
24.2533
23.3565
24.5496
25.0888
25.9983
24.3753
25.8870
25.8080
25.0344
24.8914
22.4096
23.0314
22.8041
23.2101
23.0944
22.5793
22.7718
24.4715
23.3239
24.5486
23.7294
24.5074
22.9795
23.3231
23.0295
23.2450
25.0982
25.1301
26.2197
25.2857
24.3896
25.1818
24.5668
24.7826
24.9732
24.4696
25.2126
23.9893
24.5339
23.6342
23.4679
23.2830
24.4294
23.4080
21.7891
22.4887
22.7518
23.0678
23.3468
22.8746
21.4526
22.6126
21.6187
21.5580
22.3974
22.2577
22.0121
23.3218
23.6910
24.8339
24.6527
23.2053
23.1390
24.0722
23.4798
24.0508
22.9003
23.2579
23.6830
24.0509
23.9493
24.3553
25.3014
24.4463
24.4654
24.7876
24.9006
24.7318
24.7570
23.9669
24.5908
24.4633
24.4212
24.2139
24.4678
24.8523
23.6923
23.2427
23.1857
23.8395
23.6822
23.3499
24.7389
23.4350
24.6436
24.9757
24.3911
23.9143
23.9934
23.1989
23.6532
23.6898
23.8591
22.6906
22.8562
23.6532
24.1657
23.9845
24.5407
24.6232
24.4234
24.6552
24.8012
24.2462
24.1206
23.0496
24.2779
22.9900
24.1400
23.1984
23.0489
22.8536
23.5698
22.6679
23.2550
23.1014
23.1261
22.8891
23.1714
22.8224
22.7943
23.1495
22.7108
22.9639
23.7503
23.4028
23.2122
23.3133
22.8686
22.8945
22.7502
22.9064
22.3920
23.4742
23.8222
23.9149
24.4049
22.8369
24.1741
23.0365
22.9318
23.3353
23.5347
23.4583
23.8915
24.7566
24.6384
26.4184
26.2805
26.4386
27.2917
27.6774
26.6133
27.0942
26.5277
26.3832
25.6704
27.6286
26.8123
28.1562
28.1158
29.1769
29.3374
28.1692
25.5684
25.9845
24.4778
25.9166
24.6532
26.2893
26.2477
24.5009
25.2303
25.6783
25.5926
25.9637
23.5456
23.2190
24.1878
25.7234
25.1963
26.4200
25.1773
25.5547
25.1676
25.3404
24.7237
24.1119
23.9494
23.6773
23.8427
23.0424
23.3445
23.2086
24.4628
23.5954
24.7565
25.4819
23.9375
24.8791
25.8541
25.4151
24.1784
24.5465
23.4146
24.2586
24.6404
23.4903
24.5716
23.6985
24.4197
24.4666
23.6405
24.4521
25.4837
22.6722
24.9472
25.1520
25.4509
24.0269
24.0727
24.1998
24.1749
22.7702
22.4098
22.1057
22.3065
22.7389
23.1968
26.2092
23.8488
24.3802
23.9531
23.8234
22.6355
23.3245
23.9385
24.3925
23.4402
23.5753
24.9993
23.9881
25.6818
22.7660
24.2758
23.2843
24.4392
23.6846
23.0431
22.7061
22.9186
21.5813
22.0614
23.0813
22.7812
23.7934
23.5616
24.4632
23.5940
24.9798
26.3555
25.8481
25.0694
25.6208
25.7160
26.0090
25.5339
26.1209
25.4994
26.9947
25.7918
27.2474
25.3345
24.1619
24.7509
25.3466
26.2196
25.6068
25.8694
25.3658
25.7243
26.8331
27.3323
24.7141
25.3767
24.6885
23.3613
23.5408
26.4037
25.6510
25.5783
26.8625
24.0451
24.3140
25.0679
25.1969
24.8409
24.7956
25.2353
24.7495
25.0327
24.5387
25.0480
24.2641
23.5570
24.4860
25.0051
23.7167
25.3367
24.3705
25.4123
24.9466
25.7406
24.6841
24.3602
23.8377
23.3178
23.4101
23.9717
25.1240
23.8632
22.5848
22.5661
22.9429
24.4584
23.3298
23.3752
25.4478
23.0789
25.0320
25.8816
24.5846
24.6946
24.9395
25.3283
23.7438
25.1670
23.1895
23.8120
23.4789
25.4120
24.7614
25.4174
24.6497
26.3895
25.0513
26.5104
27.2172
27.3232
25.4015
25.1256
24.7867
24.6687
25.8124
25.1029
26.4232
26.5499
26.6919
25.6128
26.2037
25.3134
25.4377
25.4530
25.4965
26.5079
25.7959
26.5721
24.1809
24.8225
24.1921
25.8435
25.1697
24.5866
26.5669
26.1762
24.7302
23.1634
21.9690
23.9584
23.4913
26.0064
27.1015
27.9932
26.4107
27.1603
26.9790
26.2837
26.4298
27.8951
29.5403
26.7406
27.1666
28.3146
26.5819
26.1396
25.2975
26.2703
25.7112
25.6909
25.0659
27.3211
25.1179
25.3063
23.9971
26.2143
26.8185
26.7388
26.4199
25.4312
25.6354
25.9052
24.3517
23.5883
25.9804
26.1524
25.3904
25.5476
23.8348
23.9901
24.1723
23.6621
23.8261
25.0968
26.5825
26.6124
26.4299
25.6673
24.7120
25.6124
25.1508
23.4925
25.8779
27.3519
26.0146
26.9558
25.0604
26.6719
28.7872
26.7832
27.3339
28.1479
27.5625
27.8500
26.9401
26.9580
26.7715
26.8893
25.2083
26.4708
26.2511
25.5019
27.1771
25.7494
26.2207
25.3360
25.8407
25.2464
24.7528
24.1333
25.7949
24.6515
24.7906
26.3413
26.2321
27.3668
24.9631
24.8514
24.9938
27.6179
26.6231
25.9532
27.0551
26.7392
25.3064
25.5562
26.1750
26.4012
26.0068
25.1192
24.3076
25.7666
25.2927
25.6574
26.3014
24.3086
24.7286
24.4487
23.4243
22.2236
23.4358
24.5641
24.1359
24.3862
25.0861
23.8544
24.1986
26.2135
24.9887
24.3248
23.7634
24.6861
23.3992
25.8274
24.3110
25.0766
24.7754
25.2094
25.6152
24.5258
25.9714
26.1513
27.1803
24.9526
24.6977
26.6148
26.9627
27.7840
26.5717
25.7896
26.1667
25.9510
24.6718
24.8871
26.4908
24.2432
24.4735
24.1064
25.8820
25.7656
26.1632
26.5280
26.7372
26.6392
27.6002
26.3764
25.1524
24.2456
26.1873
26.4233
25.4057
26.4822
26.6685
24.1259
24.5973
24.1876
24.6110
23.7039
25.1425
24.0987
24.9160
24.7015
25.0264
25.4057
24.7510
23.8196
23.6447
23.2063
23.2577
25.7200
25.9568
23.2786
25.0565
25.6727
24.9280
26.3061
25.6652
26.0212
25.6299
28.6279
28.2666
27.2831
26.0740
27.1748
28.5323
28.0261
29.1668
29.9722
28.1682
24.4083
26.4961
26.4905
26.9853
27.1628
28.1393
28.0006
25.8766
26.2784
26.1724
24.2877
25.1032
26.8332
28.9286
27.0300
26.3314
27.6149
28.0259
28.4004
25.5134
25.9036
26.4091
26.6164
25.2910
24.5650
27.4644
26.4248
26.2224
26.0825
27.8873
27.3334
26.3280
26.0861
24.9167
24.2942
24.2162
25.1036
25.0625
23.8933
25.3044
25.4375
25.5888
25.3073
25.8109
25.2324
25.7747
25.3495
27.2490
26.4654
25.9125
25.4711
24.9456
25.0846
27.4657
28.9794
25.5879
27.7406
27.8047
26.2193
29.0720
26.1195
28.1393
26.0414
26.5556
25.5676
27.1933
26.8241
28.3649
26.5231
25.9312
26.5260
25.8709
27.7076
28.0415
28.3416
27.0937
28.8212
28.0954
26.3105
25.6189
26.7205
26.9661
27.3341
25.7422
24.9469
24.6537
25.8618
24.2260
23.3986
24.2828
24.1779
23.4425
23.7489
25.3550
24.9200
24.2871
25.9053
25.4606
26.6690
26.3643
24.9304
23.9326
24.9175
26.3271
24.0989
23.9221
25.6852
24.6805
25.0909
24.6117
25.5594
26.2184
25.6307
26.5186
28.5986
26.7730
27.0320
26.0618
25.1520
26.6474
27.0481
25.7957
25.4837
28.0572
28.8966
27.5036
27.9596
29.5079
28.9336
27.7432
26.2666
25.4597
29.4654
28.8415
28.1310
27.3696
28.4934
27.9806
27.4832
27.7036
27.8757
26.6731
26.2904
26.9691
27.0548
27.5532
26.8417
27.0569
27.6475
26.7924
25.0211
25.4715
25.2664
27.0644
26.4136
25.0702
25.2833
26.5541
24.9102
25.9941
25.0140
25.3447
24.8836
26.5254
26.9053
26.6525
26.4219
27.4058
26.7484
24.7856
24.9707
25.9321
24.0295
23.3309
25.6096
24.4194
25.4320
25.7465
26.9141
25.5538
26.0188
25.7412
26.0743
24.9255
26.0544
26.6683
26.4325
25.7938
26.6836
26.7953
25.2109
25.8662
27.3777
25.4342
25.4107
25.6842
26.2549
26.2661
26.9463
27.0318
27.1985
27.1891
26.7800
27.2297
25.2734
24.4605
25.9019
25.1303
25.5585
25.6251
26.4208
26.2026
25.5966
27.0171
25.8319
27.9535
26.8043
25.8979
26.2207
25.4711
25.6726
25.2530
23.5704
22.5931
22.9597
23.0339
24.8525
25.8145
23.9308
23.1003
23.4171
24.7036
24.2150
23.7833
23.9642
23.5052
23.6661
24.1079
24.7190
24.2125
23.5421
23.2621
23.6375
23.9307
24.0387
24.4788
22.8119
23.2345
23.0789
23.7541
24.0718
23.8035
24.9063
24.3084
25.4066
24.8045
24.0708
25.1462
26.7436
26.7160
27.7401
26.8898
25.4539
26.5152
27.4598
26.7019
25.9122
26.3439
27.3732
25.6567
26.5124
26.0159
25.1583
26.6165
26.3697
26.8852
27.0449
26.1076
27.1150
25.8842
28.7944
29.1985
27.3678
27.7842
27.6034
27.5205
27.8103
27.6665
27.4869
26.4326
25.1243
23.7686
23.8494
23.8994
23.6488
23.3763
24.5269
25.1287
25.9379
26.0593
24.1587
26.9893
26.6836
28.0228
25.5780
25.5116
25.8260
25.6791
27.9241
27.8777
29.4093
28.5832
27.1951
27.5761
29.6838
29.0909
29.9477
29.8444
28.2925
26.4015
27.6282
26.3171
26.3413
27.8688
26.1008
26.1264
26.7906
26.3559
28.2921
25.6941
27.0096
27.6893
27.6976
28.0088
28.6246
28.6930
27.6062
27.3003
27.8045
28.0900
25.6074
26.6354
26.6986
26.2830
29.2655
27.4561
27.9561
26.8136
26.8030
26.2233
26.7727
26.2008
26.6281
26.1148
27.3692
26.1128
26.2334
26.2433
26.3735
25.5198
27.2869
26.3060
27.8344
24.6432
26.5783
26.4315
25.2088
26.3766
25.6132
27.0493
25.9239
24.9310
26.3232
25.0816
24.7427
25.3071
25.9469
25.1236
25.2479
25.5207
26.0214
26.6101
26.7687
25.9636
25.8352
28.8679
25.9342
26.3978
25.2967
25.3978
25.8874
24.9833
26.4263
25.3965
26.3481
26.0089
25.7160
24.3440
24.6132
23.9007
24.6891
25.0128
24.9771
26.0033
26.5873
26.1496
25.2349
24.6751
24.9244
25.8865
25.9735
25.1321
26.2186
26.8054
27.3949
26.3038
26.6989
25.5001
26.4558
25.7299
23.7514
25.0434
26.6645
25.8155
24.6331
24.3628
25.5190
24.2459
25.7692
25.7293
27.1344
26.3912
24.6857
26.2805
25.3156
24.2045
25.9275
27.1612
25.0100
24.7647
24.9043
24.9032
23.5803
24.9187
26.3837
23.5899
25.6546
25.5404
25.0259
23.9009
24.5368
23.4101
25.3034
25.6604
26.1095
26.4777
26.4207
27.6465
27.1740
26.5640
27.0091
26.7393
27.5963
27.6610
26.4534
26.6725
24.5568
24.0225
24.6108
25.2590
23.6861
23.7584
24.9329
23.8385
26.0256
26.5529
24.7045
26.4894
24.7136
25.1705
22.8862
24.1980
23.7660
24.0840
23.5772
23.8184
24.1871
23.8563
24.4920
23.5425
24.3181
23.6656
23.8646
23.5439
23.3341
23.7611
24.3265
25.6274
23.4506
23.5452
25.1106
25.0519
25.2217
27.1436
27.1348
26.4943
27.5225
25.8546
24.8405
23.3920
24.0116
24.2105
23.6796
28.1718
27.1838
24.5069
25.9128
27.6167
27.3352
29.2726
25.8453
26.1176
27.0548
24.5397
24.8183
23.4634
25.1585
24.8700
25.5240
25.0023
25.3510
25.6269
24.2765
24.9908
24.2401
25.2763
27.3959
26.0215
24.9551
27.3261
26.6443
26.0057
26.8739
26.1986
25.9201
27.1206
27.1575
25.0623
23.9939
27.4589
25.5919
26.2786
26.4704
25.8446
25.8331
26.4213
26.9883
28.5877
26.5563
27.7357
27.2693
28.7072
29.0985
26.4735
25.2003
23.6135
25.3747
26.0362
27.0808
26.9089
26.7054
25.9433
26.5021
27.3029
26.4032
25.4234
26.1385
25.3330
25.9934
25.8914
25.5596
26.2334
25.5054
26.1156
25.4894
25.4246
24.2521
26.9370
25.4289
25.6515
25.4652
25.9933
25.9969
24.4410
25.5417
26.5244
25.3882
26.5262
25.5488
26.2542
26.1718
25.0655
24.4960
25.0821
25.8151
28.3732
27.3457
25.3123
24.5865
24.8505
24.8124
24.7200
25.1194
25.4808
24.2737
24.0940
24.2881
26.0067
25.0129
27.3222
27.0395
26.1443
26.4747
24.9485
26.1015
26.8869
26.9349
27.7575
27.7411
29.7058
25.0804
25.0303
24.6477
27.4976
25.7346
26.5224
25.5183
26.1547
26.0878
25.7144
24.7751
26.1337
27.0550
25.1681
25.9852
25.8638
25.4190
25.8883
24.8390
26.2190
26.6314
26.1953
26.1679
25.7764
26.1629
26.4771
24.6262
24.9913
25.1618
23.8517
24.4135
24.1839
25.0044
25.8304
24.9781
25.4139
25.7102
25.3819
27.2442
24.5758
25.3017
26.4315
24.3794
24.8167
25.2105
24.4133
25.4132
25.4047
26.8815
25.7289
25.1651
25.6463
26.4402
24.5982
24.1026
23.7490
25.6115
24.6629
24.9680
24.3553
26.3448
25.8846
23.7734
23.4669
24.3875
23.9574
23.6679
24.0026
23.5183
23.8864
23.7024
24.1698
25.9193
26.5104
26.6080
26.5347
25.3512
25.6290
25.3978
26.6710
26.7455
26.6682
27.2778
25.0480
25.6429
24.2117
26.1386
26.3555
25.2500
25.7114
26.0049
26.1710
26.1125
25.6446
23.9172
23.9644
25.7126
26.5490
26.7864
28.1047
27.2751
26.6110
26.4793
26.8089
26.2760
25.5127
25.3253
25.5238
25.8001
25.7330
25.2553
24.4617
23.4293
26.3074
26.1747
27.1883
26.1807
24.4676
23.7171
24.0076
23.9250
25.1262
24.7349
25.5155
26.7523
27.9839
26.3279
24.9654
27.5570
24.4339
25.8787
25.7653
27.1556
26.4632
26.8424
25.8446
27.6406
25.4539
25.9183
25.4376
25.8763
26.0691
25.3235
26.6224
26.7425
25.1507
24.2366
25.1242
25.4035
25.6801
25.4363
26.4833
26.4718
25.8630
26.0800
25.7974
25.1349
26.0519
27.0207
24.9645
26.5111
25.9122
25.3985
25.0032
24.7088
26.5566
24.6878
25.4379
26.3083
24.9153
25.7356
25.3434
25.6916
25.2408
24.7531
23.0995
25.8374
27.1508
26.0412
26.0554
25.8465
27.3053
26.7646
24.8834
24.0466
24.0156
24.3206
23.8218
25.1779
25.7512
27.1863
25.9756
25.9933
25.0495
25.3026
25.5662
23.4380
24.7539
25.4227
25.3238
25.5052
26.1865
27.1020
26.5999
27.5188
24.5897
24.7606
23.1919
24.4387
24.5991
25.9186
25.9343
25.3529
26.7554
26.6187
24.4919
26.9149
23.8178
24.3938
26.3112
25.5337
24.9081
26.0245
25.5647
25.0236
24.1283
23.9483
23.1126
24.4332
24.3316
24.4034
24.3579
23.7464
23.5350
23.9243
24.9515
23.6066
23.3578
24.2333
23.3729
24.7067
24.8521
23.9295
24.4792
25.6224
24.5453
24.1916
24.2918
24.4396
24.1111
24.6634
23.9889
24.1953
24.6223
24.5012
24.7444
25.1812
24.9510
24.7376
24.6812
23.8890
24.9516
23.7780
25.0991
25.9064
26.3355
25.4309
25.9824
24.9060
26.3634
24.5510
24.6149
24.1992
24.4234
25.1601
24.0002
24.4248
23.8668
24.8491
24.0485
24.6247
24.1815
25.0634
24.3876
25.8069
24.2410
25.2545
26.2786
25.6988
25.4807
26.5924
25.5172
26.9104
25.0044
25.4397
26.8894
25.4159
25.3190
27.6804
25.4663
26.1210
25.1955
24.3037
25.7331
25.2656
27.0792
27.0823
26.1609
26.2712
26.9714
26.4260
26.6508
26.1711
25.8555
25.3509
25.3859
27.2554
27.0325
25.5271
25.4869
26.5584
24.6399
24.9672
23.9683
24.6929
24.2619
24.6406
25.3233
23.6018
25.1317
25.7388
25.0702
26.6014
26.4953
26.8126
26.8893
25.8604
26.1809
25.4285
25.3434
26.0633
25.0353
25.7776
26.5107
25.2359
25.8902
25.4789
25.5719
25.4708
24.5225
24.3713
24.9161
23.8257
24.2207
26.3346
25.4155
27.3580
25.2822
25.3728
24.8203
25.9939
25.1134
25.5544
25.3294
25.4625
28.5614
29.3893
27.7837
25.8785
27.4034
25.6833
26.1815
26.5001
27.7127
27.4585
29.2078
29.2204
26.7472
28.3753
28.7151
28.8436
28.1497
27.1099
26.9080
29.0160
27.2371
27.8402
25.6782
28.1309
29.4000
28.9623
26.9733
28.7331
29.5842
28.7169
26.6118
25.9403
26.8506
27.6233
26.3304
24.7471
26.4002
26.8292
27.5617
27.3412
28.2401
29.3341
26.0519
27.4036
25.6559
27.6783
27.0699
25.9267
26.3467
25.7608
28.3057
28.0551
26.9530
28.0346
24.3779
23.7658
24.8466
26.6697
26.6439
26.0533
28.6323
26.8812
26.9317
26.5972
26.8045
26.0402
26.7232
25.3634
26.4657
25.8551
26.3296
27.7102
27.7282
27.2519
26.5406
27.0574
25.9792
28.0741
28.5220
29.0848
29.2814
27.1146
26.8749
26.9578
28.5485
27.7858
27.2304
26.9492
26.8854
29.6128
26.1588
26.6004
26.6114
28.1498
28.9239
28.8717
29.2776
27.3687
27.0181
27.3434
26.7620
26.7809
29.6688
27.8305
28.5586
29.1749
26.7384
28.6029
28.6675
27.0932
26.3003
27.6723
25.9750
25.7473
25.3314
27.5557
25.5466
27.1761
27.0747
26.0635
26.0171
25.6513
24.7831
26.6964
27.1500
25.5277
25.4882
24.8931
25.5657
26.9306
27.3704
25.9599
26.7205
26.1351
26.3397
27.2998
26.6547
26.5112
26.3795
27.4644
26.3751
25.8672
27.6422
25.9022
25.9273
25.5124
25.1205
26.4917
26.2915
27.0375
25.7201
26.9236
26.0108
24.5339
25.7102
26.0450
25.7933
26.2798
25.5522
25.4655
25.4951
25.5311
27.7615
25.6468
27.3054
28.0184
26.1314
27.1272
28.2747
28.0414
26.4959
26.8910
26.5190
27.1149
24.6461
27.2694
28.4288
30.5389
29.6405
28.5214
27.4280
25.4260
25.7629
26.2699
26.3357
25.9868
24.2766
24.0677
24.0175
23.8232
25.2464
24.8226
24.8232
24.5893
24.7359
24.8691
25.9650
26.4479
27.3609
24.6082
24.2997
23.8201
24.6426
24.8812
24.2217
24.1706
25.6879
26.4174
26.4854
24.6800
24.7302
25.6833
25.8506
25.8941
27.3113
26.6238
26.8746
25.9909
28.2185
26.2182
26.4810
26.4766
25.5133
25.5633
25.5327
26.3204
25.0741
26.2862
25.5450
26.6354
26.1624
26.0539
26.1986
25.5708
26.5703
25.2618
24.4506
25.1083
24.3128
25.7860
25.7723
26.7147
24.5760
25.6054
26.1776
26.7287
26.2483
25.1832
25.9733
26.6848
27.1794
25.3047
25.9304
26.9553
25.9978
28.2403
27.3477
27.3042
27.6818
27.1455
26.0494
25.6601
25.9016
26.7364
26.4079
26.7367
25.4684
24.4023
26.2202
26.0827
24.9357
24.9924
24.6968
25.6726
26.6986
25.9082
27.2186
26.3928
26.8277
25.5995
27.4860
27.5736
27.0717
28.6084
27.5911
24.9877
24.9585
25.7702
26.8438
25.8165
26.7733
27.2021
27.2998
28.3895
28.4513
25.1709
26.2331
27.1192
27.9480
27.5087
25.9144
25.9897
26.8031
25.6538
28.2845
27.0170
28.3137
26.4970
25.6801
25.4225
26.4540
28.2368
27.5080
26.3057
26.7620
26.8277
25.2612
26.4939
26.9965
26.4835
26.2111
27.4484
26.0229
26.9865
26.7648
27.7957
27.4490
26.9198
26.7593
28.4200
26.9551
25.5768
26.9227
27.9589
27.3847
26.7546
27.0509
26.0244
24.5883
26.0322
26.6649
25.2705
26.5862
27.6942
28.5939
27.5403
26.7139
26.3193
27.4013
27.4146
27.3511
26.7628
26.1536
27.3598
26.5858
28.3537
26.1718
27.4966
28.4694
27.7721
28.5809
28.3040
26.4898
27.1737
28.0866
26.8385
28.9409
28.4688
28.3694
28.3730
27.6639
29.5204
27.7081
27.8155
28.9797
27.8534
26.3921
26.8459
27.9855
28.1687
28.4431
29.9520
28.2739
28.1942
27.8507
26.9751
28.6727
26.9286
27.7324
26.6711
26.9786
26.5024
26.3926
26.6345
26.7956
26.8397
26.4448
26.8265
26.2497
25.6657
27.0523
27.9263
26.6803
26.8205
28.5862
27.0274
26.3526
27.8779
26.6895
28.2071
28.0644
28.4135
28.1543
27.0476
28.0495
27.5871
27.8674
28.1597
30.5951
27.8216
26.5766
26.2321
28.8729
25.7225
27.4468
26.8536
25.8837
26.3447
27.0416
27.8936
26.9423
25.7086
27.8398
26.7057
27.2706
27.4350
27.1335
27.9724
27.3800
27.5402
26.5729
24.7500
25.0774
25.1653
27.2163
26.5316
27.6585
24.8788
25.6528
25.1711
26.4614
27.0017
26.6179
25.6167
25.9553
27.3935
25.9723
26.1033
27.1245
25.8360
27.3300
26.6656
26.7081
26.9996
27.7563
25.6410
26.2776
26.4487
26.5943
25.1031
26.4064
26.2215
26.6134
26.8484
26.3091
25.2506
24.9557
25.6821
26.0073
25.0030
24.3457
23.9692
25.0180
23.8166
23.9779
25.2574
24.8408
25.0846
24.1835
24.6085
28.0341
26.0425
27.0221
24.6940
25.6448
26.0608
25.3558
24.6604
26.2266
25.7809
26.8298
25.9733
25.7200
26.1030
25.8244
27.2856
26.4949
24.5184
24.1432
26.2476
26.1854
26.8268
27.5768
27.1576
26.4906
26.1204
27.2753
26.1170
25.4623
27.6928
25.8968
26.4955
26.5746
26.1547
25.8654
25.3845
24.9907
25.3309
25.7708
26.0133
25.6868
25.8017
25.4970
24.9354
24.1130
24.2529
25.7118
26.2525
26.4315
25.0976
25.5990
25.6633
25.7052
26.8125
26.1275
25.5254
27.0563
24.9755
24.8189
25.5160
26.1582
26.6764
24.9945
24.4662
25.4854
25.5086
26.1208
24.9775
24.8037
24.1891
24.4398
24.1493
27.3345
26.5449
26.0973
26.4156
26.5653
25.6867
25.7664
26.4762
25.2210
26.7199
25.6328
26.2644
26.6567
25.7181
26.8313
25.8541
26.3079
25.5471
24.1840
26.7944
25.1082
25.2422
24.3708
24.7281
26.2377
26.5255
26.1417
26.1334
26.0361
25.4545
25.0268
24.3022
27.9445
25.7697
25.7508
25.7058
24.9206
24.9649
24.5114
24.2928
25.8427
26.9419
25.5378
25.9180
25.2802
25.9545
26.1998
26.0832
27.6435
26.7693
26.5651
24.8712
24.9594
24.7016
25.4614
26.0461
26.9969
24.3562
25.1565
24.9925
25.4597
25.2901
25.1150
25.4736
26.2048
25.1539
26.6395
27.0489
25.2571
24.5913
23.8042
26.1293
25.2122
25.5641
26.1650
25.4718
25.6636
24.8742
25.6405
24.3908
25.2357
24.2086
24.0409
26.4550
24.0483
26.3100
27.8845
29.3588
26.7156
27.7392
27.6939
26.8610
26.6991
26.4910
26.3127
26.2587
25.4143
24.5632
24.9053
26.9969
25.9501
26.8109
24.9024
25.8257
26.3054
24.5450
24.7940
24.6092
26.2941
26.8112
27.6094
26.7767
26.2297
26.1319
25.8698
25.1330
25.8983
25.9479
26.3288
25.7609
25.4607
24.6026
25.8583
25.8111
26.2128
27.3037
26.6384
26.4808
25.8303
25.8559
25.1927
24.4448
25.6942
26.1796
24.4236
25.9272
25.1169
25.5001
26.3993
26.0423
26.5240
27.0263
26.8609
26.3687
25.1914
26.1287
26.1435
25.7485
25.5797
25.6040
25.7886
26.8814
25.6759
27.4182
25.2907
25.1644
23.6806
22.2450
23.2080
23.2426
23.5493
25.8227
25.1031
25.6979
25.0761
25.7864
25.5993
24.5667
24.8801
23.9947
25.4093
25.3969
24.8372
24.8177
25.5958
25.5192
26.4972
23.8836
22.9827
23.1829
25.0186
25.7997
25.7304
26.2185
26.0475
25.4791
25.6466
25.6655
25.1953
24.1193
24.5242
24.8900
24.7241
24.7358
24.8632
25.0270
24.8186
25.4015
27.6508
25.6111
26.1750
25.3172
25.3676
25.4083
25.3250
26.5550
25.6971
26.0966
25.6459
24.7066
25.2890
25.1582
24.3979
24.1564
25.7640
23.6964
24.5563
26.4526
24.0917
24.9058
24.7207
23.7317
24.7975
23.3752
26.4382
24.6284
24.7140
24.6409
24.3148
24.9836
25.1929
24.5859
24.9800
24.4581
25.4456
24.9447
24.7030
24.3376
24.7243
23.8009
25.7745
25.8928
26.5217
24.7328
24.7958
25.6042
27.1349
26.3612
26.2385
25.5817
24.2944
26.0178
25.3777
26.0409
25.6682
25.5678
26.8110
25.0968
25.8547
26.1057
26.6161
25.4673
27.4189
26.7236
26.2872
25.3816
24.6959
26.0284
25.6541
24.7784
24.2088
24.7846
24.7183
25.5430
24.3973
23.9355
24.8184
24.9458
23.3419
23.5324
24.8365
24.9174
23.2412
23.7044
24.4411
23.5552
24.3014
24.1878
24.6486
24.8252
25.0071
25.7028
23.3658
24.7094
25.8219
23.8295
24.2571
25.4123
23.3308
23.5632
25.0038
23.8419
24.7207
23.9182
23.6649
26.4370
23.9153
25.1791
24.8574
25.8443
25.5911
24.3887
24.3273
24.3251
23.4809
24.2928
25.8655
25.4745
24.6840
24.9751
26.6437
24.7457
24.7386
25.6549
26.9497
25.5029
26.2278
25.6344
25.5356
26.6962
25.9233
25.0684
26.2674
28.0242
27.5906
24.7983
26.5023
27.0439
25.2678
27.3511
27.8833
26.4866
24.4568
25.6510
27.2268
25.8105
26.5858
26.5402
25.4233
25.1851
24.4859
23.0538
23.4920
23.2808
23.0841
25.1501
24.5889
24.1901
24.1668
24.5156
25.0254
23.6929
24.5901
25.0792
23.9162
23.7939
24.2111
24.1741
24.6536
25.6060
24.6849
24.9621
23.8700
27.4701
25.9230
26.1218
26.8810
25.8676
26.2807
26.6257
26.3181
27.0800
25.9284
24.1255
24.0745
26.1884
26.5282
27.3083
26.7545
27.9269
25.6103
27.3600
26.4505
23.3694
25.7644
27.2039
25.7342
26.6713
26.2922
26.8991
26.0979
24.4144
25.9142
23.3642
24.0567
25.7720
24.6305
25.2314
25.8408
24.6315
24.3511
23.6623
23.7608
25.0251
26.8423
25.9160
24.3790
24.7559
24.5793
25.8753
25.9374
25.7384
25.6942
23.6284
26.5992
26.8015
26.7426
25.7906
26.3499
26.2634
26.6471
26.9897
24.3202
24.6177
26.2240
26.2085
26.6573
24.7182
26.3281
24.5156
24.3136
27.0811
24.5384
25.9655
25.7384
25.1154
23.9074
25.3424
23.6589
23.7018
23.9090
24.2126
23.1904
24.0680
23.6273
24.2582
24.9121
26.7847
24.5313
23.6974
23.9661
23.3936
23.9146
23.9575
24.4026
27.3304
23.7622
25.0736
24.6221
25.9809
27.2582
27.5647
27.1072
27.1369
28.5740
27.6238
27.0747
26.3992
25.3138
26.1835
25.2691
26.6092
25.2275
25.9281
23.7761
25.6508
24.8390
24.6359
25.3163
25.5817
24.6226
25.6176
25.8695
26.0237
25.3350
26.1231
27.4462
26.1166
26.6131
25.5374
26.4322
25.1325
24.5970
25.2562
24.8312
25.5696
26.9351
25.5486
25.8234
25.3764
27.0553
25.8878
26.1194
25.5377
25.2865
24.9402
25.8257
26.1854
27.3371
25.2423
25.9378
25.2197
25.9809
25.4939
25.4410
26.3974
25.9017
26.1389
25.5419
24.7997
25.2886
25.5484
23.8317
24.1238
24.6368
24.9266
24.5612
24.8571
26.5106
27.2518
25.1806
24.1743
24.9094
25.7430
26.5643
25.7362
24.5414
25.4731
25.0341
24.7580
26.0533
25.0349
25.7807
27.1912
25.9983
24.8673
24.8851
25.7864
25.6280
27.0992
26.0566
26.0128
26.0109
26.1978
26.5886
26.2692
26.3488
26.4249
25.5748
25.6654
24.5263
24.1011
23.6404
25.9354
25.3171
25.3624
25.1454
24.5021
25.2204
25.1811
25.4771
25.6990
25.6990
25.6147
25.9760
26.2109
26.5761
25.4328
26.9157
26.9229
27.2294
27.0244
27.9388
27.0878
26.6781
25.9229
25.9145
23.9036
24.9306
24.7093
24.3344
24.8009
25.5363
23.0209
24.2862
24.9570
26.2435
23.9071
25.0827
25.9268
25.1894
24.3985
23.5945
25.2476
25.8600
26.2312
26.1819
25.8766
26.2463
26.6421
24.8659
24.5162
23.9678
24.4197
25.9883
25.3406
25.1654
26.1752
25.8236
25.8499
25.6836
26.3312
25.5594
24.4533
25.9033
26.8666
25.8766
25.9040
27.0563
25.3864
25.9585
26.0030
25.4044
24.2470
24.1495
24.7522
25.5155
26.6310
24.7196
26.6013
25.7226
25.2974
24.7906
23.8641
25.0164
26.0302
26.2598
26.8862
27.5216
26.2548
27.2946
26.9919
26.0878
25.5312
25.0347
25.4862
25.3664
25.5522
24.8691
25.5999
25.2692
25.7407
27.2450
26.3465
26.9465
25.0789
25.0083
24.4764
24.7970
24.7533
24.1979
23.6430
23.8766
23.7364
26.0679
24.6919
26.7300
26.4855
24.2567
23.4014
24.4346
25.9625
26.5641
25.0398
24.3793
25.2215
25.2326
25.1375
25.7652
24.5607
25.4083
26.5973
26.0027
26.8963
27.5623
25.6871
26.0053
27.4979
26.9434
26.0933
27.3922
27.2728
26.9376
25.6583
24.7170
24.0137
25.1353
23.8185
23.5484
23.9950
24.8291
24.4885
24.9389
25.4705
26.5642
27.1226
25.0576
24.7800
26.0713
24.8413
26.4447
24.8687
24.9071
25.3845
26.0572
25.7784
25.1648
25.8980
25.8280
25.4844
24.5895
25.0430
25.0615
24.0824
24.6283
24.4234
26.0119
25.0552
24.0100
25.5664
24.7305
23.9878
25.0238
28.1774
26.9591
25.3753
25.2985
25.9901
25.3806
24.8255
25.9932
25.1866
26.0848
25.7956
25.0860
26.3367
24.5056
23.7391
25.7805
25.8200
25.5920
24.9401
24.2767
25.7416
26.4842
25.3210
26.3118
25.2731
25.4832
25.0585
25.0963
26.3493
24.4995
24.1294
23.3525
23.4845
23.3687
24.6231
23.7389
24.1071
23.9331
24.0866
23.9020
23.9935
25.2418
25.2621
24.8672
27.4986
23.8844
22.6534
23.9222
23.3228
23.1605
22.3834
23.9215
25.6699
26.5399
27.0821
26.5752
25.1011
27.3300
26.0839
26.1423
26.2487
26.2907
24.4752
25.4323
24.1178
24.1935
24.1747
25.0917
24.7783
25.9332
23.6458
24.2823
26.5301
25.3438
27.0195
26.4300
25.2385
26.0128
26.6831
25.1582
24.0586
24.6809
25.7667
25.6833
27.1967
27.1449
24.8842
24.6932
24.8049
25.2743
25.0188
26.4416
23.3453
25.4595
25.8453
26.5491
25.3911
25.6603
26.8956
25.6803
24.8185
23.9769
26.2375
25.4758
25.1218
25.2560
24.2281
26.0324
25.0980
26.5613
24.7304
23.7237
25.8529
24.4438
24.4816
24.5580
23.7382
24.8590
26.4133
25.7784
25.1792
24.4233
25.8172
23.9954
23.1376
25.0059
24.8048
24.2276
24.7836
26.6377
26.2076
25.2696
25.3511
25.3633
25.5015
26.2431
25.3761
24.6769
25.4671
25.3119
25.7063
25.2930
26.3936
25.4763
25.2391
24.5642
26.2842
23.9734
23.9496
23.5174
23.5080
22.3819
23.9668
23.4479
23.5985
24.1302
25.5729
25.7323
24.6849
25.2419
24.9041
23.8267
24.1275
24.7447
25.5880
25.0299
24.9169
24.6427
25.7300
25.3865
24.5039
25.2179
23.6821
24.4259
23.9137
25.1551
24.5056
24.5468
25.0606
25.0875
25.5316
25.4771
25.1070
24.4311
23.2568
24.9393
24.9954
25.6951
24.3596
26.5825
25.2584
24.6469
25.3301
24.9422
25.2496
24.8565
25.1578
24.8164
23.9784
24.3346
25.1301
24.4073
26.5594
25.1025
25.7064
24.7476
26.8593
25.7759
25.9031
25.1558
24.1842
24.2990
24.9782
25.2442
25.6244
22.7992
24.8264
26.5179
26.4099
25.7858
26.2883
26.0632
22.8757
23.9934
24.6942
25.0060
24.9990
25.4473
25.9747
26.3104
24.8984
25.5609
25.8403
24.7870
24.8804
26.4978
25.1220
26.1124
25.6618
25.6746
25.2106
26.3440
26.5863
26.2751
25.4606
24.8100
25.3884
25.6097
25.6768
26.1380
24.8189
25.9799
26.4232
26.3936
26.7458
25.7843
25.6831
27.0613
27.6424
25.5687
25.3156
26.1794
25.0162
25.5018
25.1064
25.1491
25.5209
26.8775
25.8474
25.4005
25.9217
23.7759
25.4591
25.3243
26.6954
25.2118
25.1215
25.7138
25.2339
25.9838
26.9745
25.5030
26.7988
25.6054
25.0016
25.1957
26.1896
26.0279
28.4242
26.4121
25.5105
26.1626
25.7301
26.6174
26.7479
25.7875
28.4744
27.0361
26.9706
27.0597
25.7342
28.0846
25.4523
23.7855
25.7483
24.1930
24.6905
25.1151
25.4084
25.8880
25.9343
27.8441
26.9173
26.5006
25.6229
27.4644
26.6536
26.0621
24.6072
23.9627
25.6224
26.5217
24.2997
26.0824
24.3592
25.3459
25.4428
25.4604
25.6106
25.9228
25.7118
26.0871
26.3856
25.2452
26.0028
26.2265
26.5331
28.4100
27.4708
25.8304
28.6353
26.2921
26.1551
26.3551
25.8120
25.7565
25.5220
25.4674
25.2479
24.5057
24.1592
24.1826
25.4953
25.9807
24.8321
25.2065
25.6707
25.4460
25.6545
26.2718
25.5084
24.9047
25.4082
25.8882
25.7132
26.9750
26.6025
27.7621
26.5569
28.1550
27.5175
26.2292
25.6796
26.6539
25.7019
26.2133
23.9959
25.8863
25.4600
24.5199
24.6250
24.4495
24.1989
25.2348
25.9511
25.1450
25.0131
25.6637
24.8887
24.0575
23.8265
24.0099
23.0289
22.9774
24.0041
22.8555
24.2834
23.8357
23.5375
24.0318
24.4493
26.6569
26.1219
24.1972
23.8576
22.8602
24.1207
23.6915
25.4330
24.9310
24.1969
25.2962
26.0802
24.9635
25.3306
25.1259
24.2415
23.6247
25.1852
25.3045
25.7672
24.6570
25.8590
23.0433
23.9998
24.8264
24.4110
24.8624
25.2695
25.0656
25.2241
24.6647
26.7012
24.6699
25.2230
24.1560
23.6118
23.8951
23.3253
24.9003
26.9494
24.4194
26.2379
25.8782
25.6409
25.8487
24.8077
25.5905
23.9730
23.6929
23.0034
22.8934
23.1796
22.9537
23.2022
23.3243
24.2877
24.3861
24.0480
23.5331
22.6327
23.2888
24.0359
22.7653
23.8991
25.2310
22.6653
23.3391
23.1438
22.7755
23.1506
23.6932
22.6869
21.9843
23.2243
23.4356
23.6973
24.8349
24.5295
24.4436
24.1536
24.8371
23.7435
25.2763
24.5439
23.2526
25.7288
25.6963
25.2397
23.8767
24.1223
24.4500
25.7843
24.9747
24.6558
24.7877
24.2730
24.8295
22.9262
22.6657
22.9923
23.7894
23.9723
23.6974
24.2367
23.7846
23.5408
23.1874
23.8348
24.8161
24.7159
26.1730
24.6872
25.6922
26.6432
25.3816
26.4569
26.8364
26.0285
26.7490
26.4210
24.2193
24.4466
24.9906
24.9697
23.1269
24.2037
25.7097
23.4265
24.1048
22.5292
22.2209
25.7135
25.6454
25.8105
25.9679
25.5305
28.0869
26.7668
26.5471
26.7131
25.8272
24.3518
25.8457
26.3356
25.2360
22.5853
22.3378
24.3516
23.7142
23.8914
24.9625
26.6852
25.5251
28.1471
25.8874
25.3153
26.0302
24.0697
24.2742
24.6115
24.0600
23.1781
21.7881
22.9601
24.2376
24.9963
24.7741
22.6158
22.4612
22.7679
22.6795
24.3563
24.9855
23.3166
22.8515
22.7276
22.6704
23.0414
23.8819
25.8512
23.7428
24.4959
24.4861
24.3721
24.8410
22.7461
22.6835
23.9397
23.0417
23.6104
26.1956
25.5027
25.0304
25.6586
27.7030
26.8626
27.6368
28.7301
27.7732
26.4882
23.5370
25.2428
27.1407
26.4209
25.5306
25.3307
24.6469
23.9144
24.5534
24.6096
23.9501
23.4627
22.5359
23.3114
22.2477
25.1664
26.5421
25.5935
25.3719
24.9708
27.2651
27.1347
25.4214
26.5049
27.0678
25.5621
25.8279
26.0189
24.4164
23.7657
24.8468
24.8512
26.5276
24.0856
24.8278
26.0080
24.8648
24.5523
25.2224
24.9464
26.0440
25.8386
26.7548
27.1619
24.3710
25.2027
25.7703
25.4920
25.7886
25.6711
25.0072
26.2953
25.0711
25.5805
24.1125
23.2034
24.3839
24.2120
23.8011
23.7808
25.8328
25.5406
24.1558
23.8283
23.9276
24.7420
25.6470
23.4175
22.5853
23.9228
24.3100
25.1449
23.7329
24.2290
24.9865
24.6846
23.2743
24.1474
24.1616
23.9782
24.4043
24.7818
24.5643
24.3745
24.0331
24.6421
25.2740
24.9943
27.5272
24.8796
25.3108
25.8854
24.9196
24.4821
24.3897
24.5695
24.2888
23.7532
24.6177
24.6425
23.6787
24.2696
23.3533
23.6565
24.2818
24.9271
25.2362
25.8510
25.1283
23.7367
24.5523
25.2175
23.5211
24.0261
22.9728
23.3209
23.6791
24.2664
26.6544
24.9164
26.0252
25.0046
24.9986
23.7316
24.6717
26.0910
24.7291
25.1954
23.5393
25.6679
26.3770
27.9774
24.1984
24.8660
25.4456
25.3862
25.8163
25.2761
25.4681
25.5363
26.5330
26.5550
25.7843
25.3258
25.6992
26.0482
25.8465
26.3902
27.5689
27.1850
26.1416
25.0119
26.1274
27.0247
25.9877
26.7285
24.8593
24.9567
26.3370
27.2239
26.1825
26.3480
25.4249
24.7711
24.8675
27.0142
25.7184
24.9334
23.4285
25.4349
25.1945
24.6881
24.7607
24.2566
25.5346
24.8780
24.6932
27.1338
26.8303
27.4657
26.5973
24.6479
25.0224
27.4907
28.8820
28.5759
26.6120
26.1813
24.2407
24.3213
24.1776
24.7815
25.1329
24.4857
23.5848
24.0486
24.3196
24.5340
25.5767
25.3779
26.4782
24.0628
25.0268
25.0041
24.8855
25.9469
25.2011
24.7910
25.8136
28.3257
26.5774
28.2040
28.7474
27.0551
25.2489
24.8478
24.5812
28.6371
26.6196
25.0684
24.9548
24.1123
24.5548
23.1672
22.3791
22.9179
25.2735
25.1359
25.9166
25.1483
25.4917
25.4319
25.2374
25.2060
25.8394
24.5568
23.9711
24.1802
24.1779
23.7189
25.9159
24.6883
22.3733
24.9727
23.8793
22.9387
23.4743
23.2011
23.9541
24.0508
23.9909
22.4403
23.8025
22.8545
23.4639
23.0650
24.2341
23.8191
24.3997
23.6852
24.4278
25.6739
25.4947
24.0519
24.0311
24.4122
24.1210
23.0405
24.5067
26.2653
25.0403
26.4545
25.1832
24.8197
23.7580
23.0323
23.4779
23.5676
23.8227
23.4718
24.2990
23.6284
22.3963
23.2807
23.0884
24.0142
24.1032
25.6800
24.6824
25.7546
25.8980
25.4339
25.7243
25.3101
25.0824
25.3883
24.6426
24.8625
25.1505
25.9427
25.3605
25.2574
24.9520
25.0579
24.4570
24.4944
23.0641
23.2695
23.0806
22.7848
23.4952
22.6022
22.5481
23.8940
23.1082
24.5642
23.7246
26.4303
23.6372
24.2192
22.7118
23.5960
23.5468
22.4057
23.7144
23.6821
24.0391
23.5903
23.1425
23.0079
23.6046
22.4098
23.7068
24.3439
24.9839
25.9633
23.7165
22.6853
24.0176
27.3676
25.0631
23.7830
23.1909
23.3395
23.1271
26.2003
25.5231
24.9434
24.7717
25.1961
25.7415
25.3231
24.9949
24.8933
24.5844
23.8949
24.6241
25.4245
24.1434
24.2619
25.3903
22.6705
22.4390
24.5030
23.2626
22.6071
23.9377
23.9904
24.1953
24.7124
25.1644
24.6891
25.2638
23.8780
24.7665
23.8736
25.6039
24.8737
25.0961
23.6999
22.1356
22.6668
23.1746
23.0265
23.2418
25.2886
24.4395
24.0363
23.6459
23.7534
24.3747
23.5758
24.2038
23.9271
23.5446
23.3005
24.5167
25.4169
24.9994
23.8147
23.8736
24.9147
25.0948
25.2368
25.8079
24.6258
23.6423
24.0888
25.0233
26.3467
25.5560
27.2538
26.5043
24.8805
25.5579
25.1223
23.5597
25.5099
26.7453
26.6721
25.3186
24.1576
22.8533
24.2983
23.3806
25.6349
24.9830
26.5015
25.1626
24.4293
24.6831
25.7423
24.3060
24.5053
24.2300
22.6233
23.5372
23.1646
23.8657
22.9063
22.3278
23.0009
23.4741
23.5286
22.3556
23.7037
22.4747
25.1649
23.8364
22.7288
24.1190
23.7619
24.2324
24.0112
25.0548
26.5823
26.4794
23.9698
25.5045
23.3665
24.8024
24.6983
24.0495
25.1584
25.7136
26.2682
23.7908
23.9330
26.9883
26.0688
25.1276
27.2912
26.7587
25.3700
24.4935
23.9999
25.9540
25.3826
22.0045
23.2482
23.1747
22.5032
21.9793
23.4601
25.4000
23.8574
24.0080
24.6096
24.6529
23.9874
23.3269
24.0963
23.1783
23.5435
22.8465
25.5295
23.8387
25.7436
26.2940
24.1297
24.8166
23.9888
24.0178
25.1008
25.9217
23.9349
25.1956
25.3210
26.3603
23.1063
23.6909
24.7238
23.8881
23.1248
23.8231
24.8381
24.5134
24.7437
25.3041
27.5445
25.0917
23.8836
25.0951
23.5091
24.5295
23.7505
24.9537
22.5896
24.8198
23.1852
23.5436
23.8985
23.1825
26.0568
25.4354
26.6418
25.6403
27.2564
25.4485
23.6562
23.9833
23.6139
24.2913
24.6163
25.0402
25.2963
26.1350
24.6974
25.1713
24.5645
25.0157
25.0090
24.3167
24.0255
22.7825
22.9642
25.9573
22.7353
22.7210
22.5578
21.8125
22.1272
22.8222
21.6477
22.3902
23.0845
23.3808
22.3083
23.3434
22.3178
21.9066
22.5897
22.6599
22.5591
22.5962
22.7110
22.6950
23.2238
23.2268
22.4697
22.7970
22.9427
22.9807
23.2924
22.5971
21.6944
22.6820
22.2513
22.7691
23.5857
23.6129
25.0728
25.2493
26.5433
25.0803
25.6047
25.4813
24.9470
26.4376
24.7717
24.7027
22.6612
23.2344
24.6082
26.9385
25.3183
25.0237
25.9672
27.3794
24.8089
26.9838
24.0254
23.2099
22.6366
23.7676
20.4224
21.5676
23.3261
24.1227
24.6259
23.5249
24.7897
24.3513
25.4764
24.2241
24.5496
22.9712
24.5558
26.0014
23.4571
24.3386
25.3167
24.0815
24.5105
25.6318
25.1996
26.9249
27.1560
24.5709
25.0600
23.8302
23.6885
25.3798
25.8545
24.1480
23.0023
24.4659
23.6346
21.5419
22.4728
23.6903
23.4674
25.9527
24.1715
24.6200
26.1916
26.0958
24.4004
23.6744
24.9086
23.6253
24.3604
23.8286
23.9251
25.3350
24.6627
24.1477
23.8035
24.5786
23.9239
24.9115
25.7892
25.5235
26.2565
25.8752
26.8204
24.1719
26.0584
25.3853
25.2188
25.0635
24.7585
24.5441
25.7799
25.8010
25.5513
26.6949
26.6952
25.0526
26.3791
26.7482
25.9056
23.9699
24.0736
23.5397
23.0641
23.4436
23.3781
25.7279
24.5534
23.1964
25.9208
25.3686
24.5736
25.8309
24.8895
25.4731
25.0505
26.6695
26.1161
25.0527
23.5377
24.1595
24.2048
23.8677
26.3502
26.0507
26.1199
26.7021
26.0023
25.8091
24.0053
25.5769
25.3305
25.6672
25.7658
26.1325
25.8191
26.2488
25.0797
25.3097
23.9848
24.7285
25.3819
26.1617
25.1000
26.1069
26.0782
24.0804
25.8907
24.5884
24.7627
24.6959
24.2921
25.7079
24.0553
26.4796
22.8296
24.4827
23.4622
25.7748
24.9523
25.6157
28.8495
25.5452
27.1389
25.5033
24.3152
24.8182
24.6590
23.2984
24.9829
24.7187
24.1143
28.6185
25.8355
28.6994
27.9197
25.5194
26.4969
24.3802
22.5969
23.3383
25.4032
23.8567
26.7570
25.7042
24.1894
24.8260
24.3529
24.6713
25.2296
24.2304
24.7269
24.4097
24.0004
23.9902
24.2241
25.2772
27.3629
25.8016
26.0545
25.2241
25.1684
25.3484
24.6513
25.5435
27.0694
26.9187
26.6840
26.1683
27.0746
24.8342
26.1370
24.7442
25.1525
24.7159
24.7678
24.7363
23.5433
24.7915
24.9462
25.0178
22.8306
23.6305
25.0895
23.6791
24.1561
24.7957
25.0067
23.7712
24.5336
23.6137
23.4790
25.6534
24.7293
25.8000
23.2280
23.2418
23.5285
24.9150
25.2952
25.3646
24.2078
25.6264
26.3279
25.6959
24.5968
24.8154
26.1382
26.3882
26.6101
23.9797
24.5902
25.1586
24.6188
26.0472
25.9375
25.5130
25.8470
24.8139
26.0790
25.3013
25.6311
25.6678
24.3165
23.9503
25.5958
25.3639
24.6440
25.6840
24.8700
25.6963
25.1785
25.3053
24.3181
24.5006
24.3748
24.8346
25.3507
26.1197
26.6984
25.6498
25.8505
25.3826
26.0427
26.2198
27.5553
27.8307
27.2180
27.5646
24.9619
24.2490
25.4063
25.4209
26.7372
24.5473
23.8977
23.6738
25.0486
26.6354
24.6781
26.1663
25.7438
26.2989
26.2891
24.3609
25.3776
24.8359
25.3637
23.2633
23.0742
23.6168
24.2234
24.6541
24.2148
22.6513
22.9754
23.1195
24.0375
24.5991
21.4425
22.4449
22.9204
22.5440
23.5058
22.0412
23.3915
22.9271
23.4321
24.7149
24.6840
23.9863
25.4391
24.0135
24.4505
23.6573
22.5166
23.3687
24.1864
24.1646
23.9757
23.2679
23.9165
24.4804
25.0900
25.7569
23.4412
23.6396
23.5830
23.4422
24.0515
26.0871
25.0203
23.3949
22.3812
24.6136
24.6793
23.8868
24.5876
24.3817
24.9039
24.1888
24.0695
24.2659
24.5354
23.9992
25.5481
26.5494
25.5356
25.5092
27.8211
24.4100
24.2074
25.0961
24.2218
21.3489
23.1466
23.9411
24.6882
24.3074
26.2152
25.9251
23.9921
26.0528
22.9546
24.1973
24.9374
24.5164
23.7492
23.5596
24.2293
23.8630
25.7323
26.3592
23.2921
23.6401
23.8219
22.0999
25.6933
22.8469
22.4000
22.9556
24.5662
24.2176
25.2886
25.4601
25.1241
24.6040
24.2057
25.8807
25.0351
26.7647
26.7374
25.3376
28.2090
25.4265
26.2083
23.7957
26.7398
25.7889
24.6774
24.5229
24.3275
23.9411
23.6759
22.4497
21.1759
21.8781
23.5483
24.8544
23.2853
23.0750
25.8456
23.3973
24.9633
27.2125
25.7797
24.2197
24.4917
24.4228
24.2369
22.8495
24.0064
24.7191
23.6528
23.9025
24.6030
24.9310
23.9758
24.3687
23.9446
24.7796
24.7832
23.4543
24.5280
23.8438
24.6760
24.8654
24.6274
24.1191
24.1848
24.7926
24.4443
25.0575
24.9327
24.0580
25.3306
26.0519
24.3315
22.7393
24.3375
24.0277
22.9686
23.5166
23.4140
23.2927
23.1459
24.0631
23.4342
25.3243
24.6026
24.0153
22.5715
21.6680
22.4886
23.4849
22.4915
23.6964
24.6661
24.6698
25.0032
25.6456
28.2108
25.8377
27.7182
25.8580
25.3340
24.5953
26.9516
24.0038
24.5164
26.2897
27.4147
26.4186
24.4484
25.6157
24.9527
25.2422
24.3203
25.5304
25.7312
24.9329
27.3865
26.4432
27.6575
31.4369
26.3773
28.4518
28.0173
26.1773
27.3929
25.3770
26.7905
29.1800
27.3493
27.3790
26.3342
25.3923
27.8078
26.6007
27.8028
28.0877
28.7608
26.9201
28.3463
24.8499
27.0707
26.2586
26.7277
27.3878
27.7709
26.4431
25.5762
25.4780
26.0080
26.3484
26.8839
28.1744
24.8953
27.5784
27.3526
27.6780
25.0181
25.2560
25.8018
25.6887
26.4686
26.8072
27.5488
28.9268
28.0739
28.3264
27.9303
25.7985
26.6799
27.8801
25.0912
26.8875
26.1777
26.3510
26.5904
27.2074
27.7691
24.9020
24.4812
24.7759
26.9507
25.9938
24.9157
26.3936
25.0343
26.0852
24.7040
26.0048
26.7505
26.2955
26.2152
26.6638
25.6575
25.4895
25.9058
26.8552
24.9453
24.8230
25.1101
25.3084
25.2866
25.5757
23.9832
23.7946
24.5977
22.5196
23.9005
24.7024
23.5320
24.5480
24.7677
26.6037
25.0243
25.3135
25.2863
25.6403
24.4292
25.4855
24.9629
24.7938
25.3005
24.8489
26.2522
26.3904
26.1584
24.9326
24.9426
27.7655
27.9662
26.6600
26.4866
25.9555
24.9251
26.1666
25.5292
26.2317
26.0892
26.6115
24.6043
27.2500
25.8931
26.2862
26.8346
26.3725
26.4557
26.3853
26.0771
24.5852
24.3576
25.2388
24.5864
23.2681
23.1205
24.1353
24.3607
25.2141
25.5923
25.7637
24.3330
24.4270
24.5938
25.4249
24.2883
23.2394
24.0410
24.7149
24.7549
24.4034
24.2381
23.5547
23.4562
24.2979
26.4191
27.2998
24.7304
25.6429
26.4512
27.4249
25.0179
25.6839
25.2233
25.6721
23.9754
25.2730
25.2505
24.6595
26.2916
24.8826
24.4780
24.6852
23.3793
24.6026
25.3180
26.9181
25.6578
24.6362
25.7015
24.7417
24.1987
25.2001
26.7350
25.0168
23.6500
24.4913
24.0463
24.8852
25.8708
25.3530
25.1763
26.1374
25.8011
26.3377
25.7299
27.1201
25.6608
26.8717
24.4715
24.5824
24.9031
25.4719
25.6079
25.7452
25.5956
24.5283
25.1971
26.2251
26.9769
26.1970
26.4236
27.6383
28.4099
27.1019
25.3901
24.5079
25.8587
26.5336
26.6791
28.2456
27.5867
25.6739
27.0129
27.4128
25.4314
26.8074
26.5899
23.2653
24.9840
25.8982
25.2299
23.9039
25.2079
23.7115
23.6036
24.0122
24.9440
23.3404
22.7888
24.4700
24.2966
24.8159
23.9032
24.5526
24.8052
24.9416
24.7500
23.6049
23.2037
22.5786
23.4890
25.4926
25.5795
24.0472
24.8696
24.6320
24.0287
24.0864
26.1213
27.3413
26.1086
24.1635
23.6380
23.4127
23.6439
23.7150
23.8645
27.5256
26.3615
24.0091
24.4900
24.9607
26.6161
24.8088
23.5909
23.4760
24.6928
23.2982
23.3731
23.3007
22.8179
22.0592
23.2433
22.2694
24.0133
25.8044
26.1492
25.5872
26.5692
25.6132
24.2839
24.4871
25.9880
24.6520
24.5886
24.2148
25.2292
23.8490
22.9709
22.7290
23.0190
22.5594
23.3616
23.2250
23.1536
23.2854
23.2291
22.9577
22.9480
24.7294
24.9438
23.8742
24.2904
24.5864
24.2546
24.1088
24.3110
23.9826
24.7624
24.2178
25.9670
23.4996
24.6512
24.1576
23.8109
23.4371
24.3032
24.7538
24.6282
27.7302
26.5230
27.8642
27.1247
25.8868
25.2986
24.5211
25.3207
23.5182
26.0203
24.7843
23.9579
24.5906
24.3026
23.9394
24.1708
25.2181
23.6201
23.3921
24.9113
25.3328
23.8424
23.8231
24.1010
23.6865
24.2445
24.0030
24.8359
26.7879
24.6968
24.1931
23.6906
23.1747
23.7361
24.1693
26.0035
24.9676
25.9100
24.8192
24.5357
25.2534
26.2218
25.5114
25.2046
24.3315
24.2319
25.9755
24.6455
26.2548
24.0516
24.6453
24.3115
24.7445
25.3006
26.7278
25.1323
24.6897
24.1660
23.6710
22.9520
23.6875
23.1272
23.2553
22.4425
23.1544
23.4045
23.4941
22.4917
23.3543
23.7197
22.6472
22.8995
22.7338
23.0585
23.8462
23.2667
24.0614
24.7499
23.9427
23.5072
24.8346
23.1528
25.6882
24.4345
25.5839
25.8710
24.8442
25.4563
23.4332
22.9730
23.8754
22.0801
22.5264
22.6360
21.8289
21.7214
24.2403
25.1775
24.4920
24.7874
27.0312
25.0864
26.2828
25.1966
26.0084
27.7813
26.7832
26.2108
27.0125
26.3187
26.0126
26.1771
24.7935
24.3746
25.6514
25.7377
24.9742
25.3751
27.2312
24.6482
24.3573
25.6471
25.4943
25.4165
24.7386
24.6940
25.1725
24.7367
24.3620
24.0766
24.1627
24.9063
25.4837
24.3437
24.1783
26.5183
24.2509
26.1347
26.1480
24.5465
25.7340
26.9542
25.5845
26.2072
25.1440
24.5345
25.5578
25.4504
23.4252
24.7052
26.2763
26.5541
24.3538
24.2883
24.3681
22.5868
23.2883
22.9668
22.3049
22.4400
22.5701
22.2899
22.5024
22.5214
22.3058
22.6754
22.7827
23.1624
23.5705
23.8238
24.0348
23.0701
23.2647
24.0431
22.9875
23.6611
25.2498
25.4277
26.6429
26.0405
25.1013
25.4577
25.6886
24.7811
24.4963
24.7130
24.9247
24.8154
25.2759
25.1129
23.6716
24.4028
24.5168
24.3364
24.3116
24.4683
22.9485
24.8853
24.9439
25.7187
24.1248
23.3984
24.1633
22.9191
22.8144
24.4096
26.4161
25.9154
27.0741
25.9214
27.7352
26.6750
26.6664
25.1926
25.8149
26.0407
24.0075
24.7059
23.7342
24.2715
24.9432
25.2296
26.1893
26.3858
25.3469
25.1551
24.8399
24.2057
24.5659
23.8193
23.3546
23.3112
24.1075
22.4829
22.7834
22.5993
23.3973
23.4278
23.0854
23.4519
25.3791
25.3804
24.8252
24.2227
25.8942
23.5762
23.4398
24.0718
23.1747
23.0030
23.2987
22.7909
23.6881
24.7838
26.8536
25.5649
26.6083
25.8236
25.0100
25.8101
25.4095
25.3590
25.5137
26.0059
26.5404
25.0188
25.1051
24.6245
25.2757
23.6219
23.7995
23.2195
23.2811
22.6200
22.5398
23.2179
24.9484
26.6947
26.7893
25.6992
25.6299
25.5777
25.9526
25.5211
25.8921
23.3280
23.6050
23.7407
24.7130
24.6561
24.1584
23.4008
23.4219
22.6449
22.2658
23.1209
22.5908
23.5631
22.7556
22.7628
22.2906
22.7203
21.6878
22.7948
23.3787
24.2041
22.5191
23.1662
24.6072
22.9708
22.4187
24.2025
25.3764
25.2548
24.7847
24.6898
24.1860
25.6245
27.2025
26.8810
26.0052
25.4390
25.1546
24.7611
23.7180
23.6585
24.7115
23.4819
24.2234
26.0509
25.8460
24.9203
24.1281
24.5787
24.3684
24.3074
25.0069
23.8737
24.8433
25.1108
23.8645
24.5943
23.4523
23.5512
23.9903
24.5338
26.3654
26.0660
24.3054
24.5417
25.6778
25.5428
23.9568
25.7984
24.4987
25.1067
25.0951
24.5368
26.2682
25.9224
25.7734
24.6951
24.8521
27.0197
26.3915
26.5347
25.6375
26.2444
24.1629
23.9869
25.3568
24.5418
24.9872
25.1157
24.1821
24.6558
24.5771
24.8168
23.7390
26.2603
26.0276
25.6991
24.4360
23.6371
23.3324
25.1172
24.1923
26.2780
24.6876
25.0685
25.5465
26.9775
27.1167
25.7346
25.5026
26.2594
26.7684
24.5912
25.4236
26.8921
26.9511
26.4242
27.1418
28.1615
26.1268
27.3526
28.0426
25.5877
25.8079
25.2764
26.1199
25.6226
26.5602
25.3281
26.1658
26.5175
26.9517
24.3997
24.0818
25.0328
24.0459
23.7669
24.4974
24.7440
25.0606
23.9475
25.6163
24.0048
25.1190
24.4271
24.2530
23.5591
24.3770
24.0601
24.3534
24.1928
24.7580
24.3745
24.0969
24.9244
26.3480
27.2193
25.3651
26.1169
25.8850
25.0899
25.8920
24.6073
25.8406
24.9846
23.8417
25.9230
26.1950
25.8773
25.6384
26.6492
27.6521
28.1600
27.4169
26.7655
26.2057
26.3296
25.3035
25.2495
26.1186
25.7186
27.3493
25.4022
24.8951
25.1186
24.2784
24.4136
25.7001
25.3854
24.0861
25.3435
24.4383
24.9436
25.4912
25.3097
23.8233
24.5397
24.1536
24.0761
24.7746
24.0544
25.5553
24.4460
23.7202
25.3142
24.4478
24.7771
25.3153
25.6747
28.2399
25.3156
23.2532
24.1823
27.4159
26.8230
25.6064
26.3254
24.9785
25.5553
25.9783
24.7087
26.5333
25.5554
27.0647
25.2173
25.6725
25.5540
26.0641
27.5616
26.4914
25.6290
26.8054
27.8584
26.5841
25.8830
27.4878
27.4425
24.9813
24.8308
23.7266
25.4845
25.4150
25.5366
24.1599
24.7433
24.2882
24.3736
25.5686
26.5034
26.8341
25.4678
24.9860
25.1314
23.8541
24.6033
25.6887
26.4664
25.3852
25.0736
24.6097
24.4611
26.9806
27.0148
25.0659
24.7160
24.2403
24.3587
25.4814
24.7080
26.5153
24.9734
26.0558
25.0140
25.0188
25.1099
24.7698
24.2322
24.2410
23.9742
24.3533
25.2273
24.2306
24.9650
23.6086
23.6008
24.3802
25.8048
28.1919
27.4053
26.6939
26.6797
24.4684
24.8626
24.1473
24.6850
24.7868
24.5346
25.0583
23.8538
23.1450
24.0356
24.7442
25.7892
25.0235
26.2921
25.9575
25.1628
25.7587
25.9491
27.2300
28.7629
25.6378
27.1007
25.5032
24.9019
25.7191
23.7471
24.6930
24.5158
24.1070
25.7531
25.4793
26.7234
27.2078
28.3991
28.6803
26.2668
27.1530
26.1588
27.4450
26.8345
27.1770
29.7297
28.7456
26.8059
26.7298
27.2886
25.9169
25.8692
26.9817
26.3986
26.4536
26.9061
25.9350
26.1384
25.4083
25.3146
27.2437
28.2859
25.8841
24.4728
27.3120
27.3195
26.7340
25.2572
26.3694
26.2292
25.5078
28.2492
27.2444
27.9989
26.4111
25.4775
25.3290
25.0309
25.4842
26.7426
24.6047
25.4244
25.7954
26.9490
25.4315
26.1076
26.0664
27.2018
25.3173
26.5406
25.9216
24.1705
25.2818
25.4125
27.0328
25.5700
27.1389
27.1068
27.6181
27.7747
27.6014
29.0298
27.5991
27.0946
28.6318
30.5907
28.8411
28.7175
25.9014
28.2734
26.7195
26.8749
28.8314
25.4951
25.4029
25.3852
25.7860
24.6766
27.1739
26.8349
27.2505
27.0674
24.2987
26.1825
24.7408
27.2255
27.4932
28.3511
26.7540
27.4013
26.0339
27.3717
26.8972
26.4891
27.8043
27.3014
25.3477
28.5791
28.2298
28.9276
28.5849
28.3387
30.1183
27.6530
27.3047
29.1522
27.9006
28.2687
28.2484
28.0534
28.4476
30.5399
28.2500
26.9384
27.9158
28.9266
27.5553
29.0573
28.1567
27.1860
27.6660
26.1774
27.4248
27.3435
28.6391
28.4926
29.0591
29.0451
29.4016
28.3378
25.7853
28.9352
32.3915
31.5544
30.0226
29.5642
27.3340
28.5395
28.3818
28.6482
30.2838
29.9440
28.5763
28.4005
28.6796
29.5877
27.7120
27.9460
28.0284
28.3483
29.7132
30.0237
29.1572
27.5016
29.6131
31.7490
28.5769
30.8922
32.1477
31.6086
30.0359
27.6465
28.1888
28.2020
29.2286
28.1375
29.2207
28.7617
25.2151
26.5293
27.8301
26.1206
27.3680
29.1959
30.3466
29.2685
28.9329
28.6351
27.5234
29.9165
31.2602
29.5585
28.4144
28.2444
28.2094
30.6270
29.3678
27.7447
28.3888
27.5517
26.0572
26.7857
25.7659
27.9845
26.9747
27.4672
27.3600
25.6729
26.7341
25.9383
27.1237
27.6699
26.0241
27.0628
26.8339
28.4008
30.2593
29.5025
28.4542
27.7393
26.3067
27.1298
28.4903
27.1822
25.2478
27.8472
27.6627
30.8465
30.2300
27.7435
26.3629
28.6280
30.2294
27.9952
27.4816
26.8149
26.8934
27.1497
25.2420
25.5672
26.7384
24.8198
25.6960
24.5522
22.6792
23.8429
25.3047
25.0936
27.3409
26.8269
26.5715
28.0626
28.0665
27.2525
24.9911
24.4459
25.8548
25.7855
25.3178
25.9683
25.6859
26.6840
26.5406
28.1437
29.6029
28.9144
29.1995
27.7424
29.1765
28.6442
27.0514
27.5804
28.7502
27.4776
29.4699
31.0864
31.2637
28.9047
27.7941
30.0255
30.8908
28.2256
28.8563
29.4314
29.7833
28.3192
28.1618
28.5917
27.7408
27.1788
26.6407
27.6189
29.3304
28.1881
26.8963
26.8245
26.4953
26.9916
27.0312
24.0510
24.5894
25.6357
26.5271
25.2465
26.0267
27.2846
28.6460
24.8179
26.2718
24.4316
24.4856
25.6018
24.8260
23.9109
24.8285
25.7916
25.3854
26.6251
26.1491
25.5268
26.0674
24.2429
24.9877
24.8301
23.4263
22.9137
25.0728
24.9344
24.2352
24.6548
23.4592
22.7799
24.3928
23.6324
22.9570
23.0557
23.1278
23.4526
23.9819
23.9665
23.9291
23.3166
24.5873
23.4536
23.7846
23.5067
23.8368
24.1965
24.8720
23.8283
25.4275
24.1911
23.9705
23.3949
23.9317
24.8090
23.5973
22.8528
23.2954
24.3379
23.9465
24.3485
24.4968
23.9994
23.4667
24.6619
23.2467
23.1488
23.1708
23.3252
22.2546
22.9733
23.5216
24.1117
23.3092
22.8630
22.9730
23.8102
23.3076
22.7921
24.4595
23.6427
24.8355
24.5464
23.7938
24.2342
24.7637
23.6694
23.4094
22.6634
23.7919
23.7642
25.9094
25.3500
26.1904
26.5434
26.4215
26.2583
25.1578
24.2443
23.7239
25.2422
23.9729
23.7311
25.6276
26.2394
26.2417
25.1191
27.5280
26.3217
26.3337
26.0658
27.7064
26.5270
25.9580
26.0522
23.6551
25.7674
23.8573
24.5060
24.7893
27.1258
26.2385
26.0310
24.9544
24.9839
26.0705
25.4123
28.8596
27.9682
28.5641
26.1491
26.1157
26.9764
27.1720
26.4269
26.0637
25.4561
25.1138
25.8225
26.5505
25.5885
26.7430
27.3740
26.3494
27.4028
28.7908
26.1798
28.4939
25.3047
25.4778
25.5595
25.0305
25.8576
24.8966
26.0834
26.7163
25.8434
26.0084
25.6951
25.9060
25.6733
27.5922
25.2910
24.8623
25.3507
24.7197
25.1540
26.4036
25.0768
25.3600
24.4233
26.6672
26.3861
23.7358
24.7712
24.1359
24.0104
23.6669
23.4413
25.1195
24.4804
23.4417
23.5074
24.6759
25.3389
25.4604
24.7410
26.7053
24.5722
26.1110
24.9261
26.6080
27.7152
25.9300
27.2744
26.1439
26.3696
24.5200
24.2865
25.9848
24.6691
24.0850
23.3003
22.1365
24.6029
25.1266
25.4643
26.1544
25.1910
26.3616
25.2903
25.8755
24.4213
27.8685
27.3562
26.8753
25.8045
24.8275
22.6809
24.3172
23.3112
24.5406
24.6048
25.4185
26.1661
24.0888
26.1772
24.6249
24.8714
26.6486
25.5647
27.0353
25.1813
26.2813
25.8999
25.8730
25.5326
23.8137
23.6648
24.7528
24.9223
25.2385
26.5192
26.8125
25.8929
23.9208
25.1559
27.4329
25.8065
28.9933
28.7280
28.2890
27.2889
25.9144
25.5121
25.3079
25.6458
26.7769
24.6178
24.0181
23.4041
24.3041
23.8528
24.8964
25.0826
23.9817
24.9039
24.8005
27.3471
26.1693
25.3541
26.4162
25.9230
25.5153
26.1999
25.6879
23.9508
25.4886
25.1292
25.6685
26.8674
26.3384
24.4421
25.1357
24.8459
25.9163
26.6084
26.5635
25.6166
25.6197
24.6288
24.8276
25.9455
26.4004
27.7706
27.1031
25.9491
27.0652
26.4343
26.6747
24.4463
24.7510
25.4795
25.3533
24.5117
26.9062
24.5596
25.9598
25.5301
23.9565
24.9579
25.7412
25.0174
25.8549
26.1849
25.8246
27.3999
27.0352
25.9760
27.9079
26.6828
25.9671
26.3004
24.3697
24.6681
24.4017
25.4772
26.0675
26.0368
27.2704
26.4257
28.5589
27.0049
27.1400
26.8615
25.2783
24.5437
25.0312
24.2558
24.6790
24.5896
24.8454
25.7496
25.6900
24.8077
25.7934
25.4675
26.2361
26.2517
27.1780
24.8429
27.0855
27.5627
27.6548
27.0302
25.7034
27.3194
27.2582
26.5353
26.5426
27.1205
25.9167
25.0578
26.3741
24.8428
27.5640
26.2481
28.0825
25.1009
26.6250
25.9065
25.8957
26.7403
26.2038
25.4900
26.8569
27.2272
27.1493
26.1357
27.1510
26.3524
26.2985
27.4163
24.8552
25.4213
25.6683
23.4429
24.3726
25.8927
26.4627
26.8657
27.2682
26.0515
26.2159
26.6684
27.2571
27.4792
26.0179
25.4816
24.9621
24.7343
26.0146
25.6502
25.7621
26.3318
27.2749
26.1567
25.9090
25.2378
25.9363
26.2577
27.5772
26.6053
25.9349
27.1275
25.9080
25.1156
27.9971
26.5428
26.5799
25.8300
26.7605
26.7522
26.9536
26.9774
26.6296
26.4483
26.6579
24.3705
25.5703
25.7354
25.9149
27.2106
26.0656
26.7628
27.8369
26.8235
26.9625
28.1448
25.6353
26.1622
26.5676
27.0958
28.7614
26.8454
27.3921
26.8880
27.9925
28.0761
26.5248
28.6901
25.3826
26.9357
26.9517
25.6021
25.0613
26.5402
26.8287
27.4877
26.2627
26.6924
26.3478
25.1932
25.0849
25.7338
26.4083
24.1722
24.8949
24.9729
23.8872
24.2382
25.7034
24.6181
25.8585
24.8285
25.4604
28.8235
28.2539
28.8606
28.7840
27.6618
26.6249
27.0641
27.6371
28.2051
26.8411
29.7362
26.9285
26.8978
28.9307
28.0139
27.9137
25.9753
26.8588
25.8202
25.6303
25.9687
27.5713
27.5587
27.1600
28.0486
28.5954
26.8849
27.1062
28.4838
28.2135
26.8519
26.9689
27.8231
25.7220
25.9075
25.8604
26.5738
26.6117
27.1745
26.6012
24.5837
26.6322
25.3920
26.0254
25.5104
25.6680
24.5987
25.7142
26.2088
27.4547
26.4460
27.4594
26.4044
23.6025
25.9831
