22.1487
24.1656
22.8362
24.2777
23.1375
24.2374
22.2591
22.3320
24.8083
25.0673
24.8475
22.9674
24.5430
23.4034
23.7864
25.2152
24.2827
23.7182
23.8627
23.5458
23.7356
22.7189
22.9804
23.2793
23.8534
23.6791
22.9451
23.2146
23.1394
25.6123
24.1011
25.7428
23.9736
24.0891
24.0491
22.6922
22.8238
23.9391
24.1745
23.9200
21.9290
19.1679
19.7031
20.5337
21.5262
21.5402
22.5278
23.2059
23.9634
24.6505
24.7213
23.6075
23.6702
23.4895
22.0524
22.7130
23.6865
23.7176
23.5368
23.3374
22.0671
22.0598
23.4179
22.4974
22.7349
23.3234
22.2461
22.3257
22.7593
23.1955
24.2410
22.5756
24.9096
23.0283
23.3048
24.0342
21.4111
23.3852
23.2319
22.8245
22.4737
25.9566
26.0136
25.2589
23.8692
22.2369
24.5951
21.8140
23.2757
23.7397
22.7581
23.8957
23.6325
24.1159
22.9334
22.8558
23.1415
22.4872
22.4959
22.9264
21.9589
21.8621
20.7985
24.8232
23.4652
22.7656
22.6108
22.1413
22.4792
24.3772
23.6637
23.9143
21.8892
23.3417
23.3092
25.0354
23.0638
24.0090
25.5460
23.4696
23.6046
21.7830
21.9765
23.0717
22.3444
23.0175
22.4859
21.4008
21.4507
23.1012
24.7699
24.2480
22.8415
23.3684
23.2704
21.9465
20.8179
22.1610
21.7021
22.2895
22.0300
23.2413
24.5466
26.2917
26.3178
22.7917
23.8960
24.0105
27.1413
26.2577
24.7661
25.9159
24.2139
23.3269
22.4267
22.6758
21.6144
22.2920
24.0080
23.0542
23.1344
25.3948
23.2547
21.2558
19.9344
21.7997
21.9330
22.9600
22.3607
21.7945
22.1810
22.2910
22.9988
24.3725
24.0612
21.6424
22.4806
21.4744
20.8776
21.5101
23.0664
22.4434
22.6405
21.9073
21.1471
22.4479
22.3764
21.2121
20.8762
24.1603
22.0281
21.3154
22.5353
24.9135
23.3053
21.8674
23.5355
24.8688
24.6913
25.3138
24.1448
23.8148
26.0078
21.5641
22.4776
23.4280
23.2841
22.8267
23.0968
22.3797
22.8769
22.7596
21.6541
21.0404
21.6759
22.5315
21.8121
22.3879
22.3099
22.9972
21.5102
24.2366
24.3684
25.0945
25.4464
22.8078
25.0511
22.9780
21.6883
22.4699
23.5050
22.8516
23.2535
22.1071
21.5647
22.3011
22.8472
23.4807
22.6759
22.2551
23.6979
23.3753
23.3920
25.8121
27.4839
26.0083
24.9213
26.2374
23.9728
23.1318
24.3734
23.8596
23.4733
24.7617
22.8601
23.5586
23.8613
23.7423
23.8881
23.5381
23.7953
23.7545
22.8807
23.6595
24.1459
24.3932
24.7127
22.7491
23.0372
22.4931
22.6785
23.6470
24.6076
23.1003
25.1356
24.0295
24.3770
23.9629
23.8413
24.0200
22.1057
25.6712
25.3707
23.8801
22.0008
22.5580
21.9987
22.4910
23.0401
23.1818
23.7864
22.7860
24.2490
25.7705
23.4305
22.1788
23.2018
24.0988
29.0806
24.6516
24.6300
23.1287
23.5757
24.9649
22.5721
23.6712
23.5595
24.0020
25.0847
22.7187
21.8817
23.7222
22.5838
22.6162
21.6715
23.1489
21.7833
23.1996
23.2756
21.5948
22.8710
23.4643
22.8309
23.3947
23.1066
22.9980
23.0582
22.6472
23.2206
22.6449
22.6921
25.4103
23.6629
25.2955
24.6480
22.4899
21.9288
23.0795
22.8587
23.0296
23.1184
23.3010
23.1324
23.3307
22.3047
20.8710
23.0157
22.4180
23.8683
21.5802
23.3103
22.0557
23.2477
23.5952
23.8478
21.8337
22.6538
23.2310
23.2653
23.7333
24.4840
21.3669
20.8810
22.0960
23.0721
21.6635
22.1285
24.0155
22.5222
23.6485
23.9389
23.2367
24.8124
24.9516
24.7213
21.1235
22.3684
22.5205
24.0269
22.5876
21.4204
21.1061
22.9888
24.1127
22.3579
20.9171
21.3981
19.4751
21.8945
20.8034
20.8997
21.9269
22.2572
21.1598
22.3904
22.3611
21.6085
21.1011
21.7258
22.6819
20.8736
20.3672
20.6235
20.7790
20.7983
23.0666
22.6416
23.9243
22.9782
22.7251
22.0964
22.1640
22.5795
23.4477
23.7717
26.6907
25.3798
24.6805
24.8551
26.0130
28.2591
25.0429
27.5621
26.9685
24.7591
25.5936
26.2536
25.8311
26.3337
24.9634
25.5689
23.2658
23.3238
22.8116
21.2175
20.4895
20.0285
20.8663
21.9042
21.5651
24.0765
24.0321
24.0514
24.0939
23.7685
27.0395
26.0144
23.9346
24.7648
22.3994
23.0355
24.1105
23.7856
22.3992
22.7577
23.6568
23.0114
23.0569
23.9566
24.3669
24.2984
25.8392
24.1874
24.6899
23.6176
24.0242
24.9359
21.9182
25.3104
24.6186
23.8534
22.3768
22.0601
23.5772
22.5132
22.1337
25.2463
27.9129
27.4852
25.3690
25.6846
24.6953
24.4602
21.8464
22.3592
21.5654
21.8423
24.2967
23.1992
23.1671
21.1850
23.9146
24.1186
23.2356
24.7590
23.6818
24.7399
23.7530
24.5851
22.7786
23.8096
23.9254
23.2649
22.5745
22.8769
22.5823
23.5196
22.5041
21.9679
22.5258
23.0570
22.6004
21.5335
21.5394
22.0059
22.1972
22.1415
21.3127
21.5779
19.7245
20.7224
22.4915
23.1830
21.7984
23.7379
23.3550
23.0648
21.7283
22.6282
22.7788
22.2983
23.0081
22.5499
21.9108
23.0988
24.1732
23.0351
23.4555
22.3591
23.6488
22.5901
21.4004
21.9180
22.9511
22.2008
23.2224
24.6366
25.8654
25.2602
26.8560
26.4929
27.8891
28.0281
24.4440
23.0083
23.0507
23.9736
22.1590
22.6664
25.1324
23.6904
22.1276
22.2422
22.7093
22.0131
23.5919
23.2751
24.2797
24.4860
24.5681
23.7114
24.5274
24.9082
25.8728
22.6150
23.3194
23.1222
22.3884
22.0541
21.3911
23.2191
22.3852
21.6829
22.5219
22.7462
22.8055
24.0440
22.5896
23.1733
23.5007
22.0630
22.6791
21.7281
22.6047
24.2249
24.8291
23.2608
22.2779
24.2118
23.3616
21.5574
21.1496
22.3763
21.7533
22.3010
19.0456
23.2185
23.3203
23.6686
23.1801
21.5901
22.3362
22.0695
20.5626
20.5390
21.4186
22.0829
21.6622
21.5000
21.0676
22.5025
21.8070
22.9112
22.3139
21.9686
21.0654
20.1597
25.1990
24.5430
23.5151
23.0384
23.6751
23.4437
22.9109
22.7497
25.3891
23.7797
23.4036
22.9292
21.5118
20.9767
22.7280
23.2146
26.3228
24.6525
24.1657
23.2194
23.5926
23.8277
24.0654
23.1403
23.6453
23.2162
23.9785
22.7845
22.6308
20.3243
20.3234
22.9264
23.1888
22.6073
20.6012
21.1972
20.4268
23.0336
21.9016
22.5608
21.7213
22.0965
22.2712
23.1356
21.5545
22.1339
21.6670
22.6892
22.4396
23.1358
22.9043
22.7549
23.1123
21.9947
22.4096
23.8486
25.1256
21.9165
22.5494
21.5488
22.0868
24.6078
22.4408
22.7180
22.4628
22.2477
22.5945
22.8534
24.1505
22.0329
24.9541
22.2613
23.3481
22.2299
23.9364
22.4745
23.0643
22.5632
25.5611
21.5481
23.1655
21.1817
23.7156
23.1215
21.3868
21.7505
21.7683
22.5941
21.9175
22.5280
22.5881
22.9882
22.8810
22.5309
22.2603
23.9005
22.0604
23.0413
23.4477
22.9612
23.5582
23.9613
21.5617
23.0563
22.7535
23.3272
25.8073
23.3826
23.3752
24.0591
22.6163
22.2845
22.0226
23.6485
21.8128
25.1434
23.4845
24.0082
23.2810
24.3925
24.0237
24.1824
24.1639
21.0805
21.4168
22.6245
21.7189
21.6006
23.0538
25.1021
23.9025
23.0776
23.9822
21.2996
22.1493
21.9283
21.3726
22.8142
23.9255
21.8545
20.9768
21.2694
22.2291
23.3095
22.6044
23.2906
22.4617
23.0903
23.1299
21.8213
23.8676
22.3986
21.5286
22.1507
24.0155
22.2790
22.2364
23.2660
23.3033
23.3608
22.3155
24.4297
24.9481
24.9288
22.3597
22.8315
21.2154
21.4188
22.6589
23.3591
23.0216
23.9677
23.5505
23.3016
23.5737
21.0829
24.3494
23.8253
22.5693
21.7628
22.2621
21.2997
20.6582
21.4216
22.7209
24.8664
25.4786
24.2173
24.3979
25.0617
25.5564
25.8893
24.3590
24.1380
22.6416
23.4030
22.9724
24.5405
23.7369
24.0611
23.6210
23.4599
26.1037
25.1380
24.7037
24.8196
24.7856
24.8769
23.9065
22.8374
23.5375
22.7148
22.4474
22.1153
23.1040
23.0149
22.9117
24.0159
23.5261
21.7031
22.5751
23.1411
22.8114
21.6147
21.5825
23.3535
24.1920
23.5207
23.2031
23.1986
25.4409
24.7509
24.5291
23.6676
23.2926
23.3704
21.8494
23.6235
23.6711
22.6027
23.1368
23.9234
23.8331
23.1121
22.9334
22.1406
23.6259
22.3174
24.0565
22.7585
22.4619
20.2756
21.5719
21.2218
22.6267
20.8774
23.1501
22.6713
23.3621
23.5919
21.3938
21.7596
22.1677
22.3403
22.7676
24.1138
22.1436
22.9833
23.3197
22.8068
23.4409
23.2851
23.6638
24.8674
22.8055
24.0757
23.2606
23.3580
22.8723
22.2738
23.2366
22.8378
24.9439
23.3802
23.3195
22.5593
23.8539
22.4047
22.0983
21.9904
22.7712
23.7212
23.1794
23.7922
23.3717
22.1055
22.8386
24.4449
23.3660
21.7472
22.6028
23.0761
23.1992
23.2252
23.4797
22.5115
22.2018
21.3925
22.1409
22.8550
23.4856
22.8357
24.6757
23.0713
23.7407
24.2759
23.1664
23.3820
22.7611
21.8308
23.2379
23.9103
23.3346
22.5069
23.2360
23.6352
21.7938
22.1738
22.8947
21.9446
23.2876
24.0426
22.8651
22.7519
22.8678
22.0131
23.6938
22.5295
23.6846
22.8003
24.0405
22.9094
22.5565
21.9917
21.7152
21.8817
22.0909
22.0482
22.3344
22.7698
22.4590
23.1082
23.0301
22.9273
22.3758
21.0652
21.6843
22.2928
21.9694
21.6394
20.5367
22.4492
23.5979
22.5406
22.6769
23.8072
23.3680
22.7261
22.9338
22.8270
21.6011
22.4260
22.2266
23.5525
22.1438
23.5065
23.5738
22.6638
24.2690
23.1940
22.6728
21.3201
23.3170
22.8629
22.9114
21.5347
22.9953
23.8042
22.6026
22.1883
21.9970
22.3915
22.6228
22.3731
21.9564
22.0820
20.2746
23.3094
21.8809
23.9144
23.4643
22.9353
21.3577
22.5188
22.2443
21.4196
22.8870
22.3783
22.4954
21.1159
22.3094
22.4355
20.6485
20.8270
22.2092
21.3726
20.5448
20.7045
22.1909
20.5382
22.0355
22.9746
23.1352
22.4934
23.4083
23.5871
22.4870
21.5427
21.9101
22.3115
21.9820
23.6062
22.3054
20.7302
21.3179
22.3002
22.9054
24.1390
22.8842
21.4583
21.8846
23.7380
24.0409
22.1681
20.7764
23.0062
22.0704
22.2219
21.4997
22.7991
21.9914
22.3544
22.8161
23.8016
23.7511
23.9520
22.6955
22.8373
23.1393
22.6817
22.4314
21.4952
21.1741
22.6424
22.2433
22.6162
22.9925
21.4625
23.1171
22.9452
23.9700
22.8953
22.4674
21.6035
22.1929
22.6922
21.8891
23.2574
21.9208
23.3959
22.5090
21.7494
22.8074
21.6685
22.7850
22.9044
23.6497
22.6261
22.0260
22.7021
25.0565
24.0867
23.4447
24.1333
23.3458
22.9776
22.4922
24.5833
23.2862
21.6105
23.2148
21.4075
22.2057
23.4009
24.5249
23.9545
24.0774
23.1516
22.7425
22.6579
22.1589
21.9794
22.0982
22.6558
21.6125
21.0646
22.5343
21.4052
21.0352
22.6222
20.7560
22.9025
22.3382
22.1395
23.5572
22.8625
23.8231
22.5919
21.8204
22.0618
23.2789
24.3151
22.9652
23.2076
25.8304
22.3157
22.9613
21.9891
21.4588
22.2435
21.7530
22.0838
21.1451
20.3121
21.5352
21.5298
22.3445
21.9368
22.2433
21.6587
21.7763
21.3087
22.7037
21.3593
21.5589
23.1497
22.9707
21.6312
22.1435
22.3195
22.4979
21.8473
22.4330
21.7296
20.8443
22.1132
21.4347
22.3293
21.8818
22.4421
22.3255
21.9190
22.8519
22.7065
22.1172
22.7128
23.1218
22.5294
22.0256
22.0261
22.4044
23.1128
21.0006
23.2818
21.7878
22.1215
21.9572
21.3231
22.2505
22.7206
23.1880
21.4647
22.4939
22.8162
21.3504
21.5555
22.4439
21.5231
22.2444
22.3498
21.6681
22.8933
22.2767
22.9208
21.7447
23.4646
23.6777
22.8008
24.1639
22.8174
22.3590
21.9371
22.3329
22.0661
21.9261
23.0875
22.6110
21.9029
22.8518
21.6461
23.6280
22.2285
22.7874
22.4012
22.2891
21.5412
22.2298
22.4091
22.3814
21.5522
25.3890
22.8927
20.8224
22.1066
20.8701
21.8992
23.2577
22.4325
22.7677
23.7405
23.3751
22.9866
23.6934
23.4650
23.5973
24.5079
22.8008
23.1603
22.2169
23.1305
23.1557
23.1194
23.5485
23.5143
23.2721
22.1770
22.5944
22.4352
23.5590
21.5048
23.1335
23.8103
25.5821
23.9837
24.5774
23.7129
22.4151
23.6594
22.5495
23.9781
23.0944
23.7976
22.7108
24.3456
23.4340
22.5736
21.8197
24.3472
23.5935
22.6680
22.8311
23.5454
22.6141
23.4970
23.2399
24.6149
23.6090
22.2395
21.0818
23.2510
21.6071
21.9907
22.8915
24.5865
23.1616
22.6040
24.0530
23.7923
26.2084
23.6768
22.4850
22.8535
21.7659
22.5115
23.8037
23.9522
24.6566
23.7737
22.8118
23.9735
23.5557
24.5397
23.7621
25.7766
23.3668
23.7279
22.7860
23.0487
23.2562
23.5016
23.7935
23.0409
24.3197
21.9594
21.6024
22.5268
21.8701
22.6497
21.0145
22.2956
22.1964
21.2735
21.6730
22.6992
22.9781
23.4120
22.5325
24.0539
22.0285
23.3968
24.0778
22.3586
23.7593
22.4768
21.9721
22.1673
21.3962
23.3004
22.7090
23.3265
22.1363
23.3542
21.9427
23.3313
22.3681
24.3434
24.6207
24.4865
24.6181
23.7309
25.1304
22.6624
23.1516
25.1318
24.6269
22.5480
23.3940
23.5946
22.2651
24.8814
23.5859
25.3961
23.6787
25.0610
24.6123
24.5896
23.3654
22.5972
22.8889
24.4168
23.3317
24.3012
25.1151
25.4076
24.8579
24.4728
25.3035
23.5111
23.7463
25.0756
26.1023
23.5374
22.9221
23.4370
21.7697
22.7588
23.3796
22.8098
22.6129
23.3317
23.2290
24.9148
23.3364
22.4708
24.0994
22.8063
24.7561
23.0195
23.3475
22.7015
23.7878
24.4285
24.9628
23.9939
21.8738
23.2786
24.7428
22.4406
22.1606
23.9481
23.0112
25.3602
23.8672
24.1140
24.0329
24.1399
26.7890
27.7770
25.8018
23.0537
26.2719
24.8216
25.0631
24.9719
23.4837
21.9974
24.4138
22.9757
23.2591
24.0068
23.9613
24.3424
22.9821
24.9353
23.9885
24.5978
24.4274
25.2717
22.7766
24.0226
25.1605
24.4904
23.2570
23.2240
23.8717
24.4649
25.6073
23.5608
23.9358
26.6197
23.8531
23.3426
24.3346
24.3782
23.3184
23.7079
25.7398
23.1370
25.9193
22.9145
23.8858
25.7130
23.9530
24.8671
25.4654
23.4907
23.6667
23.8634
24.1200
24.0501
24.0413
22.5524
23.5604
24.1339
24.2839
22.1988
23.3962
22.9090
23.4221
24.9801
25.2621
23.7776
24.3364
23.9833
22.7137
22.3223
22.0158
22.4280
22.1249
23.1038
24.4948
24.8033
24.7621
24.3322
27.4831
23.8641
25.1190
25.0442
25.3732
24.2562
23.8183
24.0397
23.6106
23.4154
23.7593
23.9847
22.6288
22.7276
21.3519
20.4272
20.8657
20.8586
23.4353
23.0099
23.7062
23.5649
23.4023
21.9057
22.0983
23.0694
21.7285
21.0735
20.9499
21.8073
22.6504
21.4867
20.6084
22.3903
22.7861
22.9559
21.9170
21.7019
21.6579
23.2200
24.2043
23.1148
23.4368
22.9233
24.3142
22.8947
22.2176
21.0234
21.9595
21.9163
22.0546
22.5302
23.1479
22.6198
22.2497
24.1126
24.7739
22.8422
21.4149
21.6948
22.1447
23.4662
24.5070
22.2984
23.8238
22.6400
23.5736
22.4419
23.1689
21.3752
22.5370
22.8928
22.8096
21.4237
21.5720
21.9227
23.0281
22.9155
24.1092
23.3256
25.8129
22.6146
23.9918
24.4673
24.9304
22.3643
23.0044
24.5830
24.6034
23.0440
23.6059
23.8936
25.0611
22.6932
23.1374
23.3842
23.9131
23.8534
23.8167
23.3195
24.4679
25.1406
23.1066
22.8156
24.2518
23.7840
23.9144
24.9819
25.0971
23.2441
23.9561
24.5926
23.2006
26.4113
22.4800
25.7618
24.1112
23.4681
23.7144
23.3129
24.5429
25.1378
25.1806
24.7164
23.3247
23.1301
24.7828
24.6475
25.2958
23.8653
23.3951
25.3781
26.0245
23.7125
25.8347
23.1722
24.9603
23.7977
23.8394
23.8245
24.2773
23.7458
23.7463
24.2335
24.8902
24.5583
23.3370
24.8354
25.0831
23.6051
24.0610
25.0971
24.6811
23.5269
22.7683
23.3238
22.4313
21.2343
23.4471
21.8424
23.9327
22.1453
22.4600
21.1655
21.5803
22.3434
21.4599
20.7527
22.0221
22.3046
22.6905
22.3018
22.0804
21.2235
22.6158
22.6296
20.7650
22.6083
24.4222
24.1140
24.5517
22.4757
23.7304
23.5467
23.6642
22.8894
24.0535
24.9122
23.7949
23.1348
23.1698
22.0961
24.3723
22.9362
23.4253
22.2656
22.5863
23.3601
23.7061
23.5248
24.6816
22.6835
23.4430
21.4380
23.5583
21.4096
22.5678
22.7538
22.6457
23.1220
23.0498
23.3823
22.4952
24.4785
23.9959
23.5778
24.2608
22.5588
24.7804
23.5016
22.3818
25.5466
23.3446
25.1189
24.3995
22.4628
21.7750
23.1376
23.2604
24.6234
25.0120
25.5038
23.6798
23.1219
23.5380
24.2589
22.5788
23.5936
24.3319
22.5075
21.1527
21.5030
22.4153
22.4111
24.3991
23.4937
21.4082
22.8834
22.7949
24.0964
22.7880
22.8378
22.0026
22.8367
22.0325
22.3621
22.8115
23.9430
22.6133
23.4852
23.2318
23.5208
23.1638
22.4255
22.7656
23.8211
23.9325
26.8867
24.3125
23.7226
25.1943
23.9074
23.4541
23.8969
22.9215
23.7472
22.3404
21.9755
23.0527
22.8773
22.4034
23.1762
22.6144
23.1938
24.1013
22.8539
23.4966
22.2862
23.2068
24.7849
23.4581
24.6895
23.3219
23.5471
22.0830
22.4628
21.7480
21.1094
22.9990
23.9913
22.5293
23.7589
23.0796
23.6775
23.6823
24.2200
24.4934
24.2189
21.5534
23.6056
22.3034
22.5857
22.7941
24.6495
23.0504
24.8763
24.1857
24.6733
26.1240
23.6334
23.5128
26.0517
24.7832
23.5327
23.3642
25.6578
22.6544
24.0620
23.2017
23.9148
23.7170
24.0481
24.4335
22.8206
23.4030
21.9758
24.1513
21.9391
21.7888
22.4458
22.1996
21.3345
21.6781
24.9500
23.8394
23.4145
23.9087
24.3527
24.9028
25.8104
23.9613
26.3051
26.4002
26.4566
26.4729
25.1812
23.0831
23.0668
23.2140
22.4319
22.0466
21.5708
21.4505
21.5160
23.8483
24.0719
24.0603
23.2141
24.4010
23.2020
22.8290
21.7174
22.6046
23.0318
23.2376
23.3458
22.3966
23.2791
22.2559
22.0335
21.7426
22.1197
24.3989
24.0504
24.4450
23.1992
24.1375
22.6003
25.8352
24.8915
25.0137
26.6299
24.9584
23.5731
23.3036
22.4463
23.7725
24.6328
22.1698
23.1190
22.4755
21.3223
22.9064
23.1833
23.8146
23.3374
22.6624
22.5128
21.7896
23.4513
23.3511
25.5246
24.0702
22.2475
22.7177
20.4536
21.4588
24.3816
23.5303
23.7621
22.1656
24.0203
24.1962
22.4252
22.3998
24.1351
24.8848
24.6407
22.7966
24.1089
25.1820
24.1791
24.4144
24.8074
25.9568
24.3064
21.9280
22.8688
22.8667
23.2986
23.1719
23.5572
22.9085
23.9554
22.2842
23.3503
23.6395
24.2205
23.6497
23.3289
21.8726
23.3284
22.0946
24.0728
24.1878
23.5673
23.4071
24.9702
24.3457
23.3910
24.4722
26.5359
23.3024
23.2380
25.9362
24.8157
25.0587
25.8374
23.6477
24.1723
23.3561
24.5609
24.1031
24.8793
24.4084
22.8571
22.5777
22.5559
23.1826
22.9928
24.2250
23.4175
23.0357
23.6601
25.0152
27.2055
26.8709
26.7015
27.7682
26.2526
24.6466
22.8229
26.0596
22.6835
22.3531
23.4721
24.8816
25.1166
24.9897
24.0164
23.3375
25.6248
23.9504
23.9206
24.0155
24.3414
25.3501
22.9492
25.0189
25.0365
25.7433
25.3714
25.4063
28.3184
25.2962
24.7652
23.1279
25.1454
24.6761
24.0243
24.3723
24.1926
22.6013
24.2076
24.6854
23.1414
23.0977
23.5968
24.0153
24.5792
24.6008
23.2379
23.4915
22.0961
21.5546
22.5495
22.5417
23.4861
22.6151
23.1343
23.5500
22.0529
22.3638
22.9013
21.8934
22.3023
22.8588
24.3019
23.8760
23.8665
23.9798
23.9024
24.4390
23.6281
23.2276
22.5808
22.1056
22.5662
21.5242
21.7802
21.9946
22.0159
22.3935
21.7788
22.5574
24.4523
23.8026
23.3296
21.6016
22.9193
22.5123
22.3763
23.1859
22.9192
22.1247
23.1933
23.1047
22.0555
21.4909
20.5803
23.1116
23.0834
22.8582
23.6840
22.4946
21.5923
25.4506
24.3121
24.1286
23.2228
21.8730
23.0176
22.7998
23.3630
20.7306
22.4670
21.7768
23.4988
25.4126
24.6051
23.0548
22.7179
21.9790
22.6425
22.8617
22.2293
22.9613
22.8604
24.5977
24.5205
24.0827
21.7835
22.3006
21.8052
22.1174
22.2493
21.1880
22.1028
21.9419
23.7378
23.5492
23.9337
22.4345
23.0125
22.8689
22.6551
21.7681
22.1299
23.3248
21.2744
21.7189
22.2646
21.9572
23.7959
24.2189
22.2390
22.4195
22.7623
22.3271
21.0765
21.3213
22.8490
22.8626
22.6041
24.4736
22.2433
22.2965
23.0549
25.1087
22.8538
22.7715
22.0011
22.3608
22.4148
22.6633
21.5535
22.1478
22.6760
23.4916
21.5147
24.7826
24.1761
24.0224
24.7171
24.5318
24.0874
23.6824
23.2939
24.4835
25.0123
25.8112
23.9392
24.1476
25.1720
24.2654
23.1066
24.3032
24.7901
24.0543
24.8706
22.2738
24.0670
24.8215
23.6846
23.6257
23.3754
23.6536
23.3306
24.2848
25.2251
23.2111
24.6617
22.8425
23.4628
22.7090
23.1174
22.4079
23.5139
21.6614
22.2255
22.4885
21.4405
21.6825
22.0192
23.0902
23.7975
21.5878
21.9647
21.3900
22.1190
22.1583
23.1025
21.6583
22.3262
22.1418
22.0231
22.1368
23.4671
23.3992
23.2255
24.1752
23.1205
24.2680
24.3276
21.8022
23.8674
23.3628
24.1492
23.8364
25.5430
23.1383
25.9467
22.3999
23.0691
24.5186
24.2030
24.2286
25.5144
24.3989
24.7272
24.6155
24.9958
23.5626
25.6667
24.4513
23.1262
24.6070
26.1084
25.5910
23.6127
23.9964
24.7486
24.7270
24.1965
23.8215
23.1117
23.8573
24.8957
24.1110
22.8340
23.8450
23.8254
23.6623
24.8495
21.1969
20.6128
20.8915
20.9780
22.1856
21.5460
22.8203
21.6016
21.7780
22.3087
22.5075
22.0264
23.4600
22.6551
23.2974
22.7520
23.0162
22.1751
22.4210
21.1145
22.4028
22.8991
23.0378
23.3361
23.0843
22.5513
23.9027
24.5784
23.8385
23.6596
23.5088
24.4447
25.8972
24.3084
24.5718
24.1862
22.7469
24.3207
25.6712
23.8083
24.2589
23.3098
23.7509
24.8761
25.7529
26.0676
26.3364
25.3943
24.5674
23.4036
23.4503
24.0361
24.4360
23.2459
22.0717
22.8083
22.7668
22.1993
23.7167
23.6018
25.1449
23.7262
24.0635
24.0726
23.5771
24.1926
24.0211
25.5166
24.5600
24.2656
23.9063
24.4481
23.6200
26.3393
24.7994
24.2527
23.6853
24.0873
23.8759
24.4171
25.7725
24.5796
26.2215
25.1955
25.1772
24.0432
24.1679
24.2192
24.3122
23.6314
23.7388
24.2687
24.6447
27.4511
26.8792
23.7599
26.5020
25.4319
26.0935
25.5876
25.9467
25.3064
26.0846
26.0533
28.2534
29.2005
27.9246
26.4062
28.0202
26.2747
26.6383
24.7126
25.2148
24.6245
25.6150
24.9647
25.0085
25.1697
25.3148
22.6401
23.7123
25.3400
22.6939
23.4729
23.6140
24.5972
23.0870
22.0037
21.9189
24.3425
24.4001
24.0734
24.4951
23.1856
24.7789
23.7172
22.8547
22.0265
23.0986
22.5173
23.3379
22.3935
24.3625
25.6335
25.4613
25.3768
23.8129
24.8605
24.6052
23.4211
23.8465
22.5215
25.2348
24.9153
24.3999
24.2449
24.6236
22.6021
21.5534
21.1399
21.1732
21.4797
22.6689
22.3104
21.2700
22.4680
21.2836
20.3198
20.7427
23.5297
23.8687
21.9647
21.3606
21.7171
24.0593
22.6130
22.9687
26.4864
23.4089
23.3319
24.2342
21.8579
23.3326
23.3068
21.9147
23.2852
24.6321
23.9821
23.4821
22.2588
25.0996
23.9378
22.3896
23.3420
23.2817
22.7089
23.1184
21.5259
23.2388
23.6214
22.8544
22.2374
25.1438
25.1551
24.9224
24.4929
24.5102
22.7317
25.2008
22.0253
24.9983
22.9984
27.1691
25.4868
27.4582
25.0097
25.1459
23.8880
24.6919
25.0514
26.4518
24.0002
24.5302
24.4390
23.2231
26.2668
24.6332
24.7664
24.6402
25.2574
24.9904
25.0371
26.1993
24.5295
25.8222
29.1801
28.7768
24.6335
23.3239
22.2894
22.9180
22.7054
24.3239
25.9696
25.3911
23.2706
23.8821
23.4362
23.3453
22.8713
23.5898
22.7032
23.2109
25.1636
24.9458
24.1743
24.1747
23.7557
24.4187
23.3581
21.2572
22.7696
23.3358
21.8250
22.1054
21.2391
22.3965
22.9961
21.9106
21.8928
22.2162
23.6778
23.0238
23.6068
23.1356
22.7986
23.1608
22.9361
24.0488
23.1886
24.3371
23.5179
23.0911
23.0491
23.7098
23.7889
25.3195
24.2753
25.8219
25.4093
25.1964
23.5315
24.7816
24.3442
24.2043
23.6186
23.6918
25.6604
23.7562
24.4685
24.7977
23.5932
24.3694
22.7557
22.3922
22.7681
23.5128
21.9567
23.2932
23.4555
21.8704
23.0855
22.5862
22.7944
23.8849
24.2493
24.2886
24.1064
25.2082
23.2683
22.3390
22.3902
23.8948
24.6443
24.7404
22.9160
25.4323
23.6040
25.0226
26.9497
25.7705
22.6062
22.1795
24.7279
25.4118
26.1076
25.9191
24.4296
25.4972
27.1530
25.4471
25.9912
23.8526
25.6502
25.3527
24.2974
22.5248
22.4700
24.0031
23.5761
25.6143
24.7312
22.1292
21.0406
22.8855
22.1192
22.8389
23.1369
21.0365
21.5741
22.1723
23.0585
24.3263
22.1112
22.0565
23.6044
24.7616
23.5900
24.1304
23.9242
23.3445
21.5418
22.7375
24.1571
23.7835
24.5854
22.6976
24.3351
23.5007
23.4958
24.2661
22.8039
24.3784
23.7137
23.4200
25.5041
25.3215
23.8285
24.3993
24.9970
22.5765
25.4492
24.9856
25.8067
25.5302
24.8915
23.6679
24.0559
23.4842
23.8249
24.0063
23.1776
22.5413
22.3162
23.5167
24.5556
24.3642
23.3586
25.0573
23.9343
24.5308
23.4227
23.2710
23.6026
23.6521
22.5712
23.4181
21.3350
22.7379
22.7090
23.1422
22.5889
22.9481
20.8064
23.0038
23.0808
23.4815
22.0009
23.7358
23.1817
24.1435
24.1398
22.8414
22.3358
23.8164
23.7760
21.6997
21.9680
22.2076
23.0663
24.3703
22.9450
24.9126
25.6318
24.3704
22.7180
24.2739
23.2024
22.3467
22.7067
24.4403
24.6602
25.6181
23.1759
24.2490
22.0059
22.1701
21.1226
25.2014
24.5138
24.9783
23.9613
25.4995
23.3285
24.4750
23.4879
23.3187
23.9415
25.2423
23.9081
24.5528
24.4397
23.8065
23.5647
22.4596
22.5696
22.9657
25.6767
24.6678
22.7820
22.5846
23.8034
23.0126
23.5723
22.8851
22.8733
22.2729
23.1958
23.4376
23.5356
23.4050
22.7858
23.2953
23.9723
23.7353
24.1067
24.6157
22.9728
26.0637
22.6308
23.7706
25.3791
25.4901
25.4455
23.5284
23.2599
23.1275
22.5755
24.8092
23.2176
24.3153
23.6041
23.0047
23.4828
23.5918
24.1356
23.9670
25.1128
23.5730
25.1445
23.9267
23.1783
22.2410
23.2980
24.9752
24.3336
23.7903
22.7391
21.5244
22.4391
22.0388
22.3654
22.6883
23.7230
21.6663
22.0386
22.0492
23.6331
21.7868
23.6224
23.1890
24.0416
24.7542
24.1312
24.9089
26.5750
25.0810
24.1061
23.3929
23.4092
23.3837
22.2833
22.2502
22.4601
22.2502
22.1122
21.8775
22.1468
22.1273
23.5104
23.4696
22.2852
23.6998
22.1553
21.6949
22.0726
21.2804
22.5948
22.6860
23.2793
23.6780
24.0525
25.9753
23.1034
23.2726
22.3335
23.3287
24.7544
22.5569
23.2752
24.4197
24.0865
22.5114
23.7979
24.7769
25.6032
24.3594
24.5474
24.6365
22.4108
23.1474
22.4305
24.7890
24.7604
25.3275
23.0927
26.4699
25.7553
25.5769
23.5585
23.7777
23.2374
22.6722
23.1470
25.8039
24.5292
24.5360
24.5962
23.9531
24.9010
23.3848
25.7532
25.1214
25.4280
23.3695
23.5510
25.0248
23.6346
22.7549
24.3125
24.7228
24.6286
24.5805
25.6001
24.5120
24.4953
25.6987
23.9777
24.8379
26.6783
25.9422
23.4994
23.2002
24.9868
24.1743
23.5658
25.2664
24.7392
23.7667
25.5114
24.3404
23.6065
23.2811
25.0280
23.7345
24.1400
24.9420
27.0029
24.6674
25.5722
24.7294
23.6046
25.0091
24.7680
21.6715
25.4312
22.0932
23.4363
23.0440
23.0459
24.4760
24.7711
25.4676
24.6207
24.7597
24.5883
23.1652
25.3728
22.5383
23.6346
23.2239
23.0159
22.4751
23.5197
22.9399
22.7412
24.6640
22.6600
21.5528
23.1496
22.8674
21.3337
21.5092
22.1919
23.8738
22.8560
23.2144
21.9264
23.0474
22.9860
22.9061
23.5976
23.2033
23.8963
24.5713
23.4245
24.5666
25.0932
24.5511
22.9913
23.0816
23.7649
23.7678
22.1536
22.3220
22.7931
21.7022
21.0480
22.8853
22.5444
22.3984
23.2309
24.2293
23.1720
24.0595
23.9294
22.1756
23.5281
22.4570
22.5715
21.8317
22.0030
24.9162
22.5565
23.0734
23.9738
23.3069
23.2510
23.7708
21.3988
22.0959
24.1333
24.3131
22.6575
21.3430
22.3090
23.2121
22.8913
23.6471
22.9351
23.3824
22.4450
23.6225
22.8822
24.9965
24.3562
24.3746
23.8709
23.9139
23.8684
22.7212
22.9003
24.1366
25.2337
23.1628
23.1806
24.4573
23.7264
23.6652
23.7186
26.3339
24.5147
23.9456
22.7733
23.3210
23.7203
24.7408
23.0631
23.8901
24.2721
23.0823
22.5812
22.3591
22.9216
24.0891
22.7883
24.3089
25.8517
25.7160
25.2486
22.8398
22.9576
24.9324
23.5324
24.8567
21.8298
23.0884
23.3210
22.8799
24.9041
25.4899
24.2591
24.6875
25.4996
24.6726
23.7889
24.7011
22.9600
24.3306
22.8708
22.8956
25.3079
24.7209
24.1128
24.3462
24.5085
25.5385
23.6739
23.4544
24.2193
23.3665
23.3397
22.6319
22.9825
23.5119
22.6264
21.9396
21.1695
23.9337
22.5315
22.9590
22.7911
22.8069
21.3163
22.0209
23.1315
23.3451
23.1139
23.1002
23.8063
25.4151
24.4195
24.1103
22.7265
24.0332
24.5070
24.9199
25.0562
25.7972
24.9989
24.5521
24.0156
23.4082
24.2661
23.7307
23.3348
24.0455
24.4111
24.9623
24.3200
24.4197
22.8029
24.1808
26.6132
25.0957
22.0848
23.0597
26.3241
24.2586
24.0509
23.6534
22.9496
24.0449
24.4371
24.5750
23.9987
25.4278
25.1110
25.0124
24.6112
24.0202
23.5757
23.1594
22.9377
22.0943
22.8339
23.1754
23.2226
23.9959
23.7736
23.6871
22.8060
23.0162
22.6008
23.8258
25.0719
26.2773
24.2825
23.7323
23.2256
23.0897
22.2569
25.2402
23.3000
26.2791
24.4125
22.8371
22.2413
23.4665
22.9296
22.8897
23.8837
22.9553
24.3156
24.0269
23.7967
22.0882
24.7775
25.3636
23.8706
25.0598
25.6247
24.1029
26.1086
24.7440
24.0464
23.2991
22.5565
24.3933
25.0687
24.1683
24.5699
24.8817
24.8335
24.5113
24.6431
25.8397
22.7204
23.8125
25.0797
23.1726
24.6202
24.5933
23.9222
24.2721
24.5185
24.1813
22.9135
22.2863
24.6774
24.2143
24.7420
24.5976
23.7111
23.9259
22.7050
24.1396
23.1055
23.2255
23.6265
24.3978
22.7742
23.7319
23.7249
23.7078
24.2423
25.3867
25.9757
24.0242
24.7486
24.6556
25.1739
24.4976
24.6812
23.7028
24.6467
22.8711
23.8052
23.7612
23.3628
22.8734
23.5196
22.7144
22.1941
21.7103
21.6049
21.8386
22.6376
22.1524
21.9389
22.2040
21.9718
23.4389
23.2517
22.8989
23.2251
23.7125
24.1796
23.7849
23.7248
22.1762
23.2825
22.3123
22.5424
23.5829
25.2590
24.1099
23.9598
22.7775
22.3274
22.9315
24.7144
22.2824
22.6383
24.5466
22.0674
24.9382
24.1038
22.0095
23.1092
19.6544
20.0580
20.0102
21.4800
21.5422
20.6497
21.5100
23.7053
23.2871
23.4326
22.4939
23.4599
23.1551
22.3266
23.2722
24.6150
23.5037
24.0555
26.0735
24.6456
21.8962
24.9255
24.8247
24.7772
25.5145
25.3069
24.6783
23.8469
23.8214
22.9237
21.2081
24.2552
24.1959
23.7768
22.1049
22.0116
21.2651
22.8100
23.0726
23.5132
25.1907
24.5271
23.1441
24.1879
23.3236
21.8917
23.7448
23.1283
23.0095
23.6851
23.1153
20.9832
24.4386
22.0373
22.4829
22.0575
22.9752
24.9429
21.9470
22.4362
23.7989
23.5046
22.9771
22.0868
22.1205
23.3224
22.9203
23.7717
22.8798
22.7858
22.9001
23.6602
22.5256
23.4612
23.1307
22.9998
22.0658
22.7032
24.9795
23.6352
22.4677
22.0271
23.2886
21.5895
23.8970
23.0447
22.8969
21.5080
22.0440
22.4475
23.2880
23.7667
22.8627
22.0110
22.6926
24.2106
23.7260
24.3532
23.6329
24.1479
23.6956
22.6595
23.8342
22.6182
24.6786
24.0085
24.2245
23.7426
22.8633
23.0000
21.8636
22.7850
22.9899
22.5690
23.4958
24.3085
22.9929
23.4089
24.8801
26.5264
23.7027
23.7796
23.9053
23.4728
23.3308
23.8618
23.9635
23.9714
24.8506
27.1313
24.2278
24.7031
24.6098
23.7561
23.8710
24.6090
23.8794
23.4830
24.1043
23.9938
24.5729
24.1987
24.7098
23.3836
22.6440
23.2894
24.9312
23.8257
22.9688
22.9279
23.4605
23.1560
22.5881
21.4589
23.1107
23.1706
22.6627
23.7210
22.8326
22.8094
22.4266
21.5955
23.4221
22.5464
24.1685
21.9752
23.4827
24.0139
25.0347
23.7246
24.2897
23.8878
24.0023
24.0173
23.2471
24.8604
24.9708
24.7375
24.4431
25.2667
24.1662
22.8183
22.8876
22.6525
23.6619
23.5992
24.1375
22.0496
22.2402
23.2515
24.7538
24.3820
23.3926
22.7149
21.5812
22.3580
23.1092
21.9424
23.3363
22.8804
24.2060
22.4033
23.0325
23.8202
24.2960
23.6039
23.5988
23.3829
21.9278
22.8198
23.8544
25.5209
23.5631
23.5657
23.4845
23.9671
23.2068
22.5287
23.9086
26.1825
27.0418
23.5253
23.9883
23.9759
22.4157
25.2826
22.3319
22.3388
25.3607
23.8271
23.9832
24.6455
23.6284
23.3509
23.9439
24.5996
24.7405
24.8987
23.7962
24.6400
23.4156
24.1299
22.8222
24.4368
23.3313
22.9477
23.4829
23.0775
23.0574
23.4997
24.6943
23.8104
22.7159
22.2429
21.8563
22.3354
26.6057
23.7690
22.9423
22.9166
22.5936
22.0844
23.5250
22.5638
22.2072
22.0227
20.8626
21.6756
25.3987
24.4595
25.2922
22.4508
23.7650
23.4968
24.5900
24.8023
25.4131
24.7624
22.5658
22.5698
23.0703
23.6396
23.3244
23.4195
23.0484
23.4518
23.5639
22.2585
23.2100
22.2668
23.4958
22.7910
24.1208
26.0454
25.4433
24.1403
25.3998
23.4659
22.2300
21.7278
21.5466
22.4177
22.2896
22.8597
22.7647
24.0709
24.7004
23.4094
24.1665
23.7780
24.3224
25.3457
24.6290
23.9045
24.4368
23.0857
22.7156
21.6061
21.8688
22.4017
22.3055
22.0251
21.8288
21.3633
23.0601
24.3236
22.4174
21.4200
21.4392
22.2776
22.0310
20.7642
21.3055
23.4186
21.7958
22.4620
21.8387
22.0641
22.2774
22.2536
21.2306
22.0794
21.7650
21.5556
22.7374
21.7853
21.7677
22.2024
22.5020
20.3808
22.1062
22.0950
20.7403
20.5862
21.4089
22.6025
22.7433
22.8412
23.9140
23.1438
23.3679
22.9845
25.3054
24.0894
23.2784
23.6440
22.7132
24.5881
23.2256
23.2969
26.1347
25.4596
23.4007
22.3156
23.4871
21.9985
24.3543
24.0515
23.9252
23.5299
23.2026
24.2111
24.2558
26.2050
24.4154
24.5058
23.8136
23.0412
22.7258
21.8389
22.6660
20.9400
22.2256
22.3535
21.8945
26.4011
25.3490
25.6749
25.5284
24.4136
23.1319
23.0133
23.9262
24.5817
24.8647
23.2347
25.5034
24.7269
24.6406
23.0445
23.7558
24.5268
24.4904
26.7554
24.9191
25.6505
24.7347
26.9063
23.5020
23.6015
25.7025
25.3428
24.7557
27.3349
23.2624
24.5357
24.8460
26.2640
25.0997
25.9686
24.8464
27.4468
24.8823
24.2161
24.7028
22.7324
24.3494
24.7270
23.9313
24.6107
25.4156
24.0737
23.9920
25.0161
24.3805
24.4785
24.2387
22.1268
22.1131
23.9722
25.4320
22.9814
23.2840
24.2428
23.3698
23.4100
24.1742
24.7181
22.4620
21.1427
22.3925
21.8433
22.8100
22.1361
22.5493
23.0211
23.3473
23.1191
25.1054
25.0881
24.7214
23.9397
22.3966
23.8206
23.4176
23.2135
21.7910
23.4459
23.3869
23.0045
22.5635
21.9788
22.9426
23.0809
22.1982
23.5160
22.8095
22.6515
23.3540
23.3684
21.1096
21.1374
23.0805
21.8690
22.5861
22.9644
22.9179
22.7257
21.1729
22.8359
21.2059
22.4215
22.1865
22.0275
21.9893
21.8548
22.4020
23.1627
23.6601
23.0167
22.4845
21.8435
24.7244
22.6500
21.4647
21.7924
23.1776
23.9519
21.1671
22.1254
22.4738
23.6780
24.2037
22.8792
23.1850
21.6557
22.4933
24.4695
23.7562
22.7380
21.9007
22.4148
22.3316
23.9659
22.0120
22.5227
22.4737
23.0832
23.6206
23.4600
24.3448
25.5271
25.9896
25.6229
23.8307
23.6871
23.0220
23.3077
24.1192
21.7969
21.2870
22.9891
22.6048
22.0471
22.9710
24.2373
24.9011
24.8913
24.2767
26.5681
23.7667
23.9382
25.9490
24.8792
23.9967
21.6208
21.6117
22.6875
22.5310
22.1386
21.9924
20.7898
23.1525
23.1761
21.3697
21.6846
23.7504
22.3851
21.8648
22.9259
22.5414
22.0534
21.7272
22.9164
22.1646
22.7499
23.2073
26.9438
23.9082
23.4925
23.9714
24.5677
22.9299
23.1390
22.7152
23.8569
23.6391
23.7090
22.9412
21.8328
23.4887
24.2330
27.0578
24.2097
24.1676
23.7119
23.8370
23.3198
22.4310
22.4126
21.9611
21.8759
22.2693
22.7708
22.5623
23.8281
22.3869
22.1741
22.5154
21.7220
22.0469
22.5389
20.7520
22.5589
23.4220
23.1994
23.2922
22.6042
23.2928
23.5570
22.6893
21.7820
24.4534
22.6356
20.9192
22.9933
23.6792
24.2871
23.0968
22.3952
22.5311
24.3767
23.7867
23.4129
24.3993
22.8771
22.7874
23.9437
25.0349
22.3439
24.8367
24.9734
26.2172
23.2432
24.6293
22.9429
24.2381
24.9664
23.4224
25.2716
23.1766
24.6299
24.6140
22.4223
25.1078
24.7546
25.4282
22.3534
22.6686
22.3630
21.6467
23.7289
23.9964
23.1463
23.3909
22.7410
22.1897
22.6909
23.6520
23.2052
24.6676
24.6858
23.4308
22.9063
22.1968
24.4681
24.4084
24.5534
26.2967
23.4205
23.7352
23.2363
25.2531
25.1055
23.6500
24.6361
22.9306
24.1520
25.0607
24.5025
24.0478
24.7511
24.0011
22.7056
22.3297
24.8274
22.9167
23.5254
23.2932
23.7592
25.1361
25.5037
24.5050
24.1782
25.3694
23.5257
23.2454
24.4470
23.1920
22.8090
24.0792
24.4069
24.2441
25.6440
25.0456
27.1106
26.4124
24.1318
23.1474
23.9406
22.2906
24.5681
23.2037
24.7047
24.7357
24.0334
22.5531
24.3554
25.6121
26.0621
25.4686
27.9446
30.6160
28.5104
28.8339
26.1541
25.0388
26.4582
26.5673
26.1935
24.2875
25.6909
26.2967
25.0312
24.5847
23.6752
23.3134
23.6134
22.3266
23.0450
22.6854
24.9756
24.2650
25.5554
24.1962
22.9479
24.2294
22.6653
22.3304
22.6288
23.8797
24.3552
23.3718
23.4018
23.7974
25.4033
22.5985
25.2642
24.0116
22.9450
23.3062
23.4398
23.0609
24.2364
23.4791
25.3204
23.3054
23.6063
23.3392
24.7210
25.2218
24.0179
23.3852
25.5063
23.4101
23.2702
21.2132
22.0253
21.4447
21.5790
23.1144
25.3055
23.4770
24.5449
23.1680
22.3078
22.7667
21.8704
22.5526
23.7951
22.4737
23.5167
22.3765
23.8684
24.5841
23.2121
24.1482
23.7315
22.6999
20.8550
22.4167
22.5117
22.2696
21.4089
22.0713
23.1757
21.6502
22.5172
21.5180
22.5683
23.0163
21.6551
22.5358
22.8754
21.7080
21.7488
23.0088
22.8612
22.3872
22.9061
22.0756
22.9819
21.5937
22.1007
22.0522
22.7543
22.4372
22.0944
21.4157
23.1697
23.2223
22.9309
22.4766
23.8479
24.1964
22.5154
22.4952
23.6367
22.8645
23.1934
25.3302
23.8207
23.2558
27.0156
24.6671
23.7440
24.5817
25.0770
23.0317
23.8180
23.8468
24.1455
23.1673
26.0927
24.8251
23.6627
23.0076
22.7953
21.9389
21.9145
21.6592
24.2776
24.5148
23.1991
22.2495
24.6770
23.6055
24.0221
24.3409
25.1557
24.5294
25.3031
23.9713
24.6969
24.8326
26.2549
25.4652
26.5658
25.1772
24.6631
22.9939
22.7997
24.1946
24.5720
24.1316
23.6015
24.8425
24.6551
23.5517
24.1329
22.9275
21.5546
22.3233
22.2068
22.5401
24.7342
24.2478
25.0957
22.6881
22.7725
21.8242
23.8558
24.9467
23.9854
23.8235
23.1879
23.3985
23.3057
23.2724
23.1829
22.2622
24.6928
22.4067
24.3884
24.9148
23.4379
23.7618
21.7637
21.9341
22.9308
24.4688
22.0658
21.4551
23.0935
24.2206
23.9707
25.6560
25.0971
23.8506
28.6016
28.1799
24.4968
23.8082
22.3200
21.4805
22.7863
23.1888
22.4539
24.1142
24.8360
23.6285
23.1238
22.2339
23.2548
24.9339
22.4206
22.0074
24.9286
24.1485
23.6264
24.5863
24.0709
23.1831
24.1280
22.6895
22.6771
22.0475
20.3493
21.7292
24.0997
23.5240
23.8238
23.3968
21.5884
23.3514
24.6987
24.1973
25.7359
24.5999
23.0918
25.0159
24.1066
23.2670
23.1005
23.0253
24.5789
25.0181
23.1802
23.2310
22.7745
23.8340
22.3883
23.7289
22.5947
22.7380
24.3492
23.6435
23.8916
25.3352
25.1351
22.7675
23.3151
24.5401
22.9164
24.4291
25.3557
24.9057
23.6129
24.7784
26.0296
25.2188
27.4366
25.9317
23.6331
24.6610
25.1000
23.9324
25.5153
23.4863
27.3162
23.4077
25.2455
24.4606
22.9594
26.0937
25.2365
24.6279
25.6811
24.0640
23.4191
25.3656
24.8309
22.0969
22.8764
22.4906
21.8825
22.5943
23.1402
22.9440
22.1219
22.7649
22.4478
21.6779
23.3170
21.9938
22.5522
22.3510
21.9347
23.2980
23.6234
21.8376
22.8080
22.7887
23.5967
21.8583
22.9240
22.7081
22.9478
23.2872
22.1238
23.2277
22.6519
23.3652
22.0556
22.7136
23.3463
23.2481
22.5948
22.8521
24.0667
23.0372
24.0931
23.6672
23.9020
23.2713
24.4148
22.9325
22.2746
23.7339
21.4477
22.5256
23.5604
23.1255
24.2521
23.0785
23.7016
22.3381
23.1254
21.6961
21.2528
23.9417
24.8642
23.0311
24.6855
23.0757
22.1482
24.2440
22.7622
22.4540
21.8470
21.7695
21.4712
21.4317
22.5168
22.8893
23.3598
22.6451
24.0272
23.6619
22.6713
24.0305
22.9323
23.3945
23.5805
22.3602
22.2473
23.1347
22.0916
22.8219
21.6253
22.7004
22.4313
21.8197
23.4386
24.1297
23.2500
21.7729
22.6451
23.1336
22.3608
22.5544
23.8409
23.9823
23.9481
20.8521
23.0785
22.2802
24.1942
24.9234
22.6439
23.7759
24.8001
23.5722
23.0675
22.7973
23.4743
23.5039
24.1111
22.1048
23.7344
22.2639
22.8030
23.4691
23.1241
23.4644
23.2385
23.2912
23.7976
24.0813
24.1824
23.2034
24.4371
22.8308
22.6795
22.0763
22.4157
22.9129
23.5430
24.1786
23.7142
22.9900
23.4040
23.2057
23.0566
23.5275
24.2792
23.1028
23.3329
23.6765
24.8124
26.1507
23.1445
24.0895
25.3829
22.8376
23.3338
24.7780
25.1129
23.5593
24.4813
23.0651
23.7913
23.7095
22.5597
24.0729
22.8230
21.6595
22.8594
22.4761
23.4247
23.8968
24.5381
24.0710
22.9124
23.9117
25.9374
24.1531
25.6760
24.7325
24.4917
23.4439
23.1117
23.6909
23.2262
23.3285
23.6519
22.9448
22.5831
24.9900
24.4573
22.7110
24.5589
23.7465
22.1515
23.4232
22.9855
22.1713
20.6249
23.0216
23.0853
22.6426
22.6528
23.4885
22.0836
22.1210
23.7173
24.3932
24.2100
23.3548
23.2641
22.1888
21.1966
21.7818
23.4079
21.7270
22.8551
23.9926
24.9157
22.8555
22.6683
24.4651
23.2086
22.8420
23.1851
22.5706
24.1731
24.0151
23.9212
24.3128
24.7900
23.4027
23.3741
24.5990
25.4795
22.4083
24.1544
23.6780
25.0503
22.1770
24.8036
23.7669
23.0350
22.8927
22.7283
23.8546
24.0904
23.5287
23.4650
25.4716
22.6565
23.1789
22.6831
23.1970
22.7709
24.2291
23.9815
24.4344
23.9796
24.1609
23.7576
24.9414
23.5733
23.6590
24.2845
24.9043
23.9146
23.5110
23.8714
24.3363
25.2535
24.6370
21.0261
22.5321
22.7918
22.2050
23.4760
22.8611
22.5338
22.5748
22.5669
22.2007
22.2553
22.8922
23.3005
23.9614
22.2547
23.0652
24.4870
23.6522
22.0696
22.8799
21.9803
23.3694
23.3794
23.5860
24.3522
22.7140
22.7676
23.4484
23.9816
22.1959
23.3092
22.3814
24.1090
23.7174
23.5698
24.2458
23.1363
23.4026
22.7680
23.6436
23.6944
24.1543
23.7123
24.0469
22.3102
23.1755
24.5830
23.8091
23.6785
22.7675
21.5889
22.9623
21.8088
22.5207
24.1835
25.7647
24.4879
24.2861
23.1533
23.9444
23.0435
23.7937
23.0610
23.8593
23.4896
23.8282
25.3178
24.6541
23.4518
23.0984
24.2628
22.1943
22.2149
21.8439
22.9418
22.3014
22.6678
24.7649
23.3862
25.4317
24.8438
23.5778
23.1149
22.7935
23.0628
23.2350
22.7556
24.3108
23.4323
24.7248
24.7752
22.3079
23.3214
21.8628
21.7686
21.8269
22.4994
21.7242
22.6242
24.6754
25.6190
24.5700
23.8333
23.0865
24.8454
24.2816
24.0172
22.5668
21.4212
22.5086
23.3379
24.8014
24.3607
23.3887
24.0656
22.5229
23.9666
20.6935
24.1246
26.1501
23.9361
24.0329
25.0589
27.2305
26.1673
25.5353
24.1633
24.4844
25.1596
25.9690
24.3511
25.0464
25.4983
26.0808
26.6323
23.7198
23.4347
23.3048
24.3947
25.5736
23.4646
23.5158
23.8035
24.0853
25.4265
24.7618
24.5573
23.7660
24.0733
24.4212
24.8580
23.3308
24.0601
23.7443
24.0008
22.8054
23.8869
22.3127
22.9566
22.3045
23.4384
24.1536
22.7742
22.8342
23.4261
23.9490
24.6025
22.2949
24.2458
24.4017
24.9824
24.8686
24.4942
24.3542
23.6332
22.9886
25.0154
23.0660
24.4565
24.6822
23.6214
23.6269
22.7598
21.4695
22.3611
21.8451
23.1621
22.4961
21.8555
23.4473
22.3232
22.6108
23.8850
23.3367
23.3722
23.4308
22.8668
23.1219
22.9122
21.8802
22.1803
21.5718
21.8399
21.1283
22.0463
22.9891
22.3177
22.3491
22.9065
21.6859
23.4430
22.6893
22.0337
21.5957
20.6695
22.9846
23.0852
22.2402
22.7649
23.5315
22.7860
23.3738
23.4950
23.2932
24.2783
24.6761
23.4685
23.1643
22.4344
23.4030
22.6405
23.1574
22.4391
23.2149
24.3943
24.4356
23.2702
25.5947
25.2388
23.6811
22.9162
22.8922
23.1604
24.8160
23.8151
23.3110
24.3685
24.7080
23.5629
22.9765
23.0972
23.5095
22.8482
22.8647
24.1110
22.2669
22.4508
23.2705
23.1056
24.6343
25.1842
23.0889
24.4666
25.1537
24.4802
20.9683
23.1385
22.5714
21.9441
23.5413
24.2061
23.4853
22.8175
23.7828
23.5257
25.4735
22.9808
25.2560
24.2933
23.2450
23.0693
23.8730
24.2200
24.7777
25.1883
24.0557
24.0661
24.0990
24.6123
24.6232
25.2516
26.7534
27.2756
25.6686
22.7344
22.8070
25.4213
23.4009
22.3502
22.7835
24.6254
24.5559
24.3351
22.2371
22.5118
22.9847
24.3523
21.8703
20.9784
21.8929
23.0260
24.3125
25.4580
25.2609
21.8707
22.3095
23.6234
23.6293
23.5147
22.4758
20.4999
23.2552
22.8351
23.6320
23.7572
23.8679
23.1110
25.0650
25.1939
24.7853
24.1003
23.4881
23.8219
22.6674
23.1299
25.8761
25.9338
22.5646
23.4660
25.4287
24.1560
24.3914
23.9778
24.4488
23.1680
22.2682
22.6865
23.6823
24.7042
24.3129
23.4668
22.8207
22.8162
23.5983
21.8919
22.7769
21.9021
23.0757
24.7594
21.5384
23.0995
24.0181
23.7446
22.9897
24.8846
25.3968
24.1477
23.1888
23.0189
22.5707
21.4471
22.9171
23.2684
22.5839
24.2329
23.4308
24.0669
24.8638
23.6610
26.3871
26.0983
23.8520
23.6451
24.2826
22.9892
22.3442
24.4433
22.9853
24.0344
21.5668
23.4187
21.3340
20.6324
23.5486
23.2650
22.9113
25.8184
26.1239
23.6510
22.5205
25.5237
24.8771
24.7020
25.0548
23.6876
23.8049
23.6787
24.5660
23.7397
21.9562
22.9155
23.3670
23.8390
23.2318
24.4265
23.4126
24.9760
22.6039
23.6166
23.1868
23.9344
22.2820
22.9614
24.1082
24.8250
23.2669
25.0168
24.3339
24.8015
25.0972
26.2082
25.6151
24.5987
25.7834
25.0449
26.8900
24.6931
25.2707
24.8691
22.7297
22.7602
23.8261
23.2336
23.5801
24.1340
23.7232
24.2923
22.6817
23.7008
27.3264
25.4868
23.8860
25.4707
24.0197
23.3676
25.5794
22.3014
23.6832
22.7399
22.3681
23.4318
22.4964
21.9935
24.4343
23.3258
22.1317
23.6100
22.9807
25.5341
24.0334
24.2117
23.9575
23.5180
25.2504
24.2456
23.8403
23.8387
23.6489
24.0521
23.7919
25.5636
26.1726
26.2492
23.1864
25.6097
26.3555
25.5008
24.8082
23.6805
23.2970
24.7698
22.8827
24.3474
24.0777
24.4283
23.8255
23.1695
22.8227
24.4854
22.4840
22.1925
24.8987
26.7559
24.9303
23.4278
24.9972
25.7614
24.2178
23.3661
23.2273
21.5865
25.3302
23.8296
24.2942
22.5295
24.2499
25.0489
24.0406
24.0964
24.2882
24.3439
23.6871
23.0581
25.8754
24.6951
23.6140
23.8884
23.3746
22.0885
23.0073
23.5370
23.6753
23.2382
22.7090
24.0874
23.1755
24.0210
24.1559
25.0336
22.9863
26.4693
22.7087
23.3124
23.4114
26.1513
26.6327
24.2976
27.4503
25.9520
27.5230
28.7602
28.3684
25.7467
23.9690
23.7805
22.4713
23.7331
23.5199
25.0759
25.4654
25.5297
24.0198
23.2094
24.4824
23.4686
25.9329
25.4986
24.1427
25.2829
25.0419
24.0726
23.5892
23.7555
23.0842
25.0757
25.2886
23.1927
26.6711
25.2528
23.6914
21.9891
23.6217
25.5009
24.3164
22.3642
23.9750
23.3493
23.3925
23.1943
21.4401
24.2320
21.8943
21.4207
24.2204
24.8371
25.5254
25.2816
24.1880
22.7969
23.0419
24.5886
22.9161
23.0272
24.2601
24.2882
24.2529
23.3691
23.0984
24.9959
26.0466
23.8857
23.8742
23.9973
24.4297
24.3260
24.6724
23.2783
24.7038
27.8110
25.9218
27.5717
26.2899
26.6033
24.8594
22.7776
23.6953
22.3179
22.1166
22.6404
21.9283
22.9433
24.1906
23.6193
24.9451
24.1940
23.3510
21.9178
22.6201
24.8419
22.7676
23.5296
23.9589
24.0237
24.9133
25.4607
23.2700
22.7755
22.8027
24.8675
28.0414
26.7387
25.5908
24.8563
25.0208
26.2563
27.3284
25.6515
24.8455
21.1696
24.3582
24.8851
24.6450
22.5110
21.5277
21.5932
21.0039
22.5933
22.1479
23.6282
23.1694
24.2152
26.6949
24.4836
24.3506
25.1722
24.6544
25.2349
24.0172
22.9106
23.5451
26.5721
26.3732
23.1605
25.5242
27.5239
26.3338
24.5001
24.1441
23.9006
25.4599
24.6224
25.8583
22.3333
21.8824
23.4774
23.2301
26.0206
25.6064
26.9275
25.3234
24.0070
24.6123
25.3787
24.2667
24.0566
25.7306
25.5985
25.4483
25.2652
25.3802
26.6411
25.8869
25.3860
24.9319
26.3524
25.9058
26.4314
25.8091
23.8512
25.9346
25.4494
24.1300
24.6111
24.5079
24.3187
25.8455
25.1734
25.6624
27.5184
25.0070
24.2289
24.1927
24.0477
24.9611
24.0415
23.4883
24.6018
24.8104
24.1671
26.8545
27.7720
29.2621
27.7730
26.5341
25.2694
27.0379
26.3992
27.2207
26.2106
26.5790
26.7395
28.8298
28.2409
28.9829
28.7327
27.9307
26.2107
28.0815
28.2383
27.2109
27.0662
26.8577
26.8104
28.0422
27.5062
25.5883
26.8416
24.3582
22.8019
24.5792
25.7675
24.2008
24.5311
24.2991
27.5644
25.2845
27.1680
28.2511
24.3514
24.2899
23.9963
25.1905
26.3984
26.2844
27.4513
27.3407
23.7810
22.8841
25.0461
26.2517
22.8525
22.7913
24.0506
22.8024
21.8966
23.5224
22.9114
24.9331
24.3082
22.3440
24.0215
23.0695
23.1017
22.7511
22.7414
23.1742
25.0585
22.2783
24.8112
23.3147
24.2413
25.2674
23.8028
26.2873
24.5072
26.0955
25.2856
24.2026
25.6696
26.0788
25.5764
25.1454
23.9757
24.7069
24.0262
22.2893
22.7580
23.0699
22.6224
22.8709
22.9245
24.2572
23.8455
24.5607
21.9809
23.9552
23.4450
22.9013
23.4521
23.7675
23.5486
24.7253
23.8985
22.4435
23.0688
22.2468
23.2102
21.9049
22.0560
23.8935
22.5670
22.7559
23.6827
23.0039
24.7125
22.4042
27.5899
27.3086
24.9777
24.0294
25.6318
24.0628
22.9326
23.7916
25.5210
24.2346
23.2938
23.1886
25.5597
24.4679
24.0044
25.6379
23.5266
23.1285
23.3643
25.3434
21.8639
24.2975
24.1954
24.9623
22.6487
24.5518
23.6488
22.1421
24.9583
24.4074
22.3819
23.8192
23.0401
22.8280
23.4737
25.4494
26.0724
25.3405
23.8952
22.4636
23.2702
22.9591
23.8525
22.1925
23.4660
23.5137
24.6177
21.8423
21.8449
23.8321
23.5005
22.9022
22.5419
23.3618
22.3129
22.3457
22.2019
24.1887
24.1220
22.3539
24.0211
23.3818
23.6548
24.3075
23.3875
25.2215
23.0204
24.0273
23.1380
24.5554
24.0837
22.5453
23.3625
23.4074
23.5836
22.1777
22.5735
23.9194
22.4296
22.4531
22.9656
24.6140
24.7603
23.7081
25.9658
24.1970
22.7605
24.7714
24.6384
22.8637
23.3950
24.8766
24.5971
24.4540
24.5126
23.3905
24.1186
23.7856
22.9263
22.5109
22.6479
21.1741
23.2534
24.5059
22.9775
23.3367
24.1349
24.2156
25.2107
22.7799
24.8046
24.9454
24.4253
23.6855
23.1832
24.9237
25.3898
25.6471
24.1079
26.6636
23.5081
24.1815
24.4886
23.9489
22.7671
21.7732
23.5403
22.7682
22.7102
23.4788
23.7902
24.4863
24.2204
23.7566
23.3350
23.5111
23.5900
23.4260
23.0280
23.6486
23.9521
22.0327
23.4178
20.7090
24.0145
22.8348
22.5853
22.4520
22.7448
22.6564
21.7187
23.1448
24.0413
23.9644
23.7243
23.5826
24.5797
24.2979
24.8659
23.4748
24.7683
22.7366
23.6793
26.1146
25.2082
26.4666
27.0821
24.8279
23.9813
22.7672
22.4241
23.0589
24.7349
24.6595
23.2601
22.8699
23.4948
23.8451
23.8023
23.8925
24.9310
23.9920
24.9003
24.4139
25.1220
24.2319
22.4222
24.2451
24.9577
22.7617
21.3129
21.6827
21.6294
21.0638
21.3135
23.2841
21.8811
22.4510
22.5365
21.5131
22.7575
22.5364
22.4303
21.7506
21.3779
22.8668
21.4147
22.3732
20.9903
22.1424
22.7231
21.6539
21.3369
23.0305
23.7163
21.2140
21.5421
20.9259
20.0030
20.8882
21.3716
21.1674
22.4865
21.7580
22.4304
22.0279
22.5355
21.7454
21.5176
23.2594
22.3569
22.8054
22.2607
21.3952
22.2721
21.8104
21.8638
21.3282
21.5402
23.1463
24.3533
21.3918
22.7122
22.3719
22.3564
23.1120
22.6317
24.4161
24.0193
21.7024
22.9840
23.0235
21.6478
24.1455
24.6168
24.5735
25.7569
23.6718
23.2895
22.7745
23.7541
24.8878
24.2715
23.1833
24.1152
24.1111
24.8051
24.6540
24.3688
23.6649
24.5530
25.8630
25.6752
25.4026
22.1095
22.5966
21.8518
21.6305
22.0492
22.1367
24.7272
22.9689
22.4696
23.0300
23.0788
24.4369
24.4017
22.3321
25.3721
24.8000
23.8542
23.6024
23.0049
24.0267
24.3823
23.7481
22.4119
23.8048
25.5807
23.5754
23.7045
24.3203
23.2389
22.7757
22.7712
23.9624
24.4331
24.0056
23.7167
22.7010
26.1176
24.4050
23.9501
23.8789
23.5803
22.7564
23.3017
24.2676
22.9188
21.6505
23.1691
22.8753
22.4986
23.2306
23.0072
22.3275
22.9543
24.4455
24.1831
23.3050
22.5722
23.9177
24.2357
23.1337
23.7368
22.7169
24.1865
23.3018
23.8920
22.5646
22.9531
23.2451
23.2183
23.8078
23.2258
23.5240
23.6711
23.8149
22.9307
24.1723
23.4240
23.9025
23.3748
24.4348
23.1668
21.7733
23.6253
23.9730
24.2694
24.4326
24.5161
24.7722
23.8309
23.6863
24.8225
22.3164
21.9450
23.1458
24.3267
23.4038
23.4495
28.2830
24.3766
23.6748
22.5956
23.5218
24.5374
23.6792
22.1239
23.1401
22.0334
23.1507
23.0011
23.4990
23.0241
23.1778
22.7961
22.1693
23.3382
24.1659
23.1700
22.3209
23.1633
23.4230
23.5532
23.5022
25.0467
22.1019
21.4463
22.6311
24.6134
25.6610
24.3676
23.0806
22.3677
23.4599
25.3347
24.7972
22.4421
24.1309
23.4952
23.3360
21.6743
23.2215
21.6387
22.3012
23.0378
22.8190
24.1520
23.3869
23.8287
21.8424
22.8705
22.1382
26.6833
24.6193
24.4160
24.4584
24.4681
23.5506
23.3229
24.0943
22.8245
22.8247
24.5255
24.2664
24.4613
23.6448
24.1216
24.5549
23.4413
24.5395
21.4668
22.4747
22.3212
22.7426
22.9295
24.6787
23.7422
23.7543
25.0687
23.9108
23.0817
24.0164
22.5897
22.4872
24.4614
24.6532
25.8986
23.9743
23.3205
26.0478
24.0720
23.2221
25.1424
24.6328
25.3206
26.1134
23.3751
22.3182
23.5037
24.4626
22.4079
23.0615
22.5591
23.1192
22.8853
22.7168
22.1664
22.3117
22.9845
23.7787
23.0373
24.0463
22.7561
23.0122
23.9825
22.2439
24.4601
22.8086
22.4259
21.8261
22.0078
22.9617
23.5924
22.8375
21.7820
22.8021
22.8919
23.1662
24.7223
23.0258
25.0835
23.6203
22.1468
22.4571
24.5881
23.6105
24.6281
22.0569
23.3282
22.7352
24.8292
23.8137
23.0128
23.4643
24.1321
23.4197
21.9243
21.0016
22.7115
22.4250
21.8103
21.8610
23.8159
24.3379
24.1285
22.3914
20.7829
22.4334
21.7784
22.7309
23.3289
23.8396
24.6015
25.1891
22.8572
24.6253
22.7678
20.8934
23.8985
24.0499
24.7807
24.1199
21.6388
23.7148
23.4067
25.0828
21.3423
21.8797
24.0737
23.4273
23.0559
24.5630
24.6732
23.2041
24.6320
22.8397
22.6897
23.6691
23.2889
23.4548
25.0686
25.9691
23.4412
23.3763
22.9924
22.1888
23.7498
23.8479
22.5923
23.6573
24.2166
22.6474
24.8547
24.2284
23.1678
21.7058
20.8707
23.9636
22.8869
23.0254
22.6338
24.0050
21.4943
23.4507
23.2434
22.5745
22.3414
23.8674
21.5257
22.7668
23.8271
22.9807
23.3681
23.3818
23.6422
21.8525
22.4958
23.3394
24.1409
23.2346
23.9600
23.0746
23.9331
23.5000
22.3370
24.1506
22.8181
24.5253
24.5762
24.4649
23.7973
23.0818
22.2017
23.0855
22.2922
23.2681
23.9855
24.1616
25.6870
26.6311
25.6598
24.7921
23.8654
24.4004
23.7328
24.2407
23.8044
23.1565
23.4615
24.5981
23.8313
23.5420
23.6357
25.3162
23.3602
23.7595
22.9865
22.3113
24.5373
24.0600
22.9432
23.1036
23.3052
21.8367
22.3392
23.2694
23.8509
23.5863
23.8238
24.2234
24.5297
24.8767
23.5753
23.9625
24.7800
23.3194
22.6977
23.8621
23.3044
22.2890
23.9484
23.5070
23.8671
25.0426
24.7912
25.6256
25.4546
25.1690
25.6533
25.3204
25.7987
22.5774
24.5953
23.2524
23.5609
24.3696
24.8946
23.1267
23.6782
23.9555
25.1946
23.0877
22.8615
23.7966
23.2803
23.2937
22.6323
23.3826
24.1738
22.4190
23.1955
22.6930
22.4687
23.4614
23.8993
22.7588
22.8622
23.3318
22.1705
24.6052
25.4594
24.5560
25.3284
24.0220
23.3279
26.2361
24.3712
23.6792
24.0128
24.4733
23.7536
25.2305
24.2911
24.1972
23.4767
22.7583
22.5822
23.9652
23.8209
23.7406
24.0303
22.2601
25.1103
22.6540
24.0965
23.1048
24.4324
24.2127
24.9343
26.5012
25.1406
23.5275
21.4685
23.9109
24.2269
24.0343
23.3525
22.9458
22.7677
22.7803
23.6922
23.4420
23.7754
24.6905
25.8846
26.0689
25.2832
25.4554
23.0785
24.7203
23.8740
25.6224
25.0611
23.6600
24.0003
23.3914
22.8849
24.4453
22.2814
24.2269
22.7585
22.5799
23.8722
23.9456
26.8765
23.7511
23.6144
23.4426
22.9200
22.5202
24.7761
21.1639
23.0896
25.1799
22.2562
23.7673
24.2120
24.6078
24.0263
24.2167
25.4674
24.3143
24.5606
23.7237
22.5957
25.1650
24.1386
24.3719
25.5564
25.0018
23.3559
23.7309
24.8981
24.5930
24.1166
24.5026
22.3258
22.2147
22.6315
22.7808
21.8670
23.0764
20.6889
21.7916
22.3280
23.2494
22.5725
23.0162
24.2087
24.5336
26.3520
24.2795
23.7795
23.9866
21.8620
23.3694
23.1157
22.7093
21.9958
25.0398
24.7034
24.1015
22.9911
22.9516
23.3093
25.0087
22.8861
24.2656
25.4211
23.1925
23.6617
25.0729
24.4129
23.9737
24.6399
24.3723
24.7976
22.6874
23.6774
24.0023
22.8302
23.4435
24.4469
23.7449
24.6857
23.8586
23.9185
24.7716
23.3629
22.7952
23.4349
23.4025
23.3449
24.4949
25.3004
22.9298
23.0867
26.3668
25.6804
25.6685
27.2224
23.8635
23.7981
24.8571
25.4080
25.5802
22.4376
22.6232
23.4947
22.8807
22.5805
22.2792
23.9056
23.7655
22.7071
23.5963
22.7161
23.6105
23.2440
23.8928
23.5071
24.1031
20.9478
24.4125
23.3085
23.4517
23.9327
23.7383
24.3761
24.8727
25.0204
25.5890
24.5272
24.2637
24.0376
23.6696
23.9257
23.7001
22.5637
25.6436
23.5780
22.9655
24.5699
23.1833
22.3215
23.0186
22.3132
23.6206
23.5950
23.5439
24.7517
22.5895
24.0952
23.0507
22.2368
23.4411
23.3629
24.2138
22.9216
23.4427
24.5538
21.9154
22.5390
23.8271
24.8095
24.6303
22.8428
22.3048
21.8049
22.6797
23.2455
22.9228
21.6300
23.7779
22.7453
24.2746
23.9464
22.7064
23.5499
24.3185
23.6844
22.9124
21.4871
21.6757
22.1221
23.4838
22.6170
22.2680
22.5899
23.5269
22.8123
23.0789
22.2158
23.1108
23.0640
22.8073
22.1730
22.7835
22.6871
22.6971
22.2111
23.8543
22.7964
22.3402
24.1558
24.1879
23.0536
24.3777
24.2532
23.5264
23.3909
23.9998
23.3399
24.0377
24.0460
23.4326
21.2534
21.1255
23.0131
22.9409
23.6556
26.1403
25.0757
25.0415
24.7507
23.6225
27.3369
23.9998
23.6908
23.4565
24.4670
25.5630
25.4293
24.1395
24.2766
23.2862
24.2185
22.8636
23.9351
25.8911
25.2293
24.5126
25.9417
25.6440
24.6081
25.3943
24.0766
27.3238
26.8573
26.9433
27.1141
27.2353
24.3270
26.0325
25.0335
26.1722
27.4410
26.5058
25.3034
26.0780
24.1903
23.8565
23.5860
25.3198
23.5744
23.8329
25.4527
23.1774
22.2256
22.0780
23.3742
25.0330
26.3915
24.4732
25.7675
26.1934
24.6711
26.5514
26.5045
24.6948
24.0084
23.3232
23.2809
23.8136
24.3630
23.4605
25.8611
25.1129
23.9642
23.0276
23.6420
22.3704
23.5735
23.4268
23.1262
25.4583
23.3417
23.5501
21.4823
23.2947
23.3816
23.4464
23.2002
20.8047
23.1250
24.2708
24.4085
23.9295
23.2511
23.6741
23.7616
22.5755
23.5633
24.6890
26.1083
23.9834
24.5469
24.1500
22.8178
22.5624
22.3453
24.5744
24.1102
22.5084
20.8912
23.3045
22.7001
23.6069
23.2119
22.8997
24.2791
24.9461
25.1341
25.5578
24.4370
27.1637
24.7295
25.0929
25.6252
25.6178
24.9154
25.2951
24.7993
26.3105
23.5400
25.6663
25.0879
23.5696
22.1087
23.6924
24.4069
23.2799
23.3172
23.4394
24.2212
24.6438
23.4073
22.2109
22.8469
22.1798
22.9461
22.2906
24.3598
23.5716
22.4718
23.2288
24.5930
26.1023
25.5853
25.4444
24.8570
25.4305
23.5140
25.5043
25.6447
25.1749
25.5546
23.4090
23.0572
23.9231
22.4329
23.0533
23.1153
23.0278
24.6202
22.5223
22.1351
21.3290
21.0169
22.0209
21.1632
20.5734
22.7886
21.3472
21.9617
22.1218
21.7366
21.7276
20.5046
20.3903
21.8199
20.8103
22.3637
21.1782
22.4606
21.6403
21.7974
22.6717
22.8071
24.3846
21.3954
21.0476
22.4939
22.0144
24.1139
22.9774
23.0407
22.6696
23.3710
24.4654
20.7907
23.2678
22.6664
21.6035
23.5612
23.1832
21.3181
21.2225
22.3051
22.8817
22.6475
21.4578
22.1671
23.4545
24.9974
22.7375
20.9473
21.0960
20.8529
20.8013
22.6086
23.2103
22.1723
22.6588
25.2621
23.0967
21.6746
23.4314
22.3291
22.9807
22.0344
22.1567
22.3024
23.2915
22.1260
24.5983
25.2015
24.4184
22.9687
23.0835
22.4043
23.6506
21.6047
21.8474
20.9980
21.4168
22.2035
23.1517
23.9724
23.5232
23.7835
24.4279
24.4412
25.1409
25.9659
25.8612
23.8378
25.2032
25.7565
24.9371
23.6342
23.0821
24.7199
22.2660
22.3535
21.3950
23.6383
22.3129
23.9168
24.5646
22.8424
22.5800
23.8857
22.6275
23.1216
22.7556
20.4598
21.8911
22.0474
22.6095
22.3919
24.2823
23.0759
23.0879
23.1539
23.5832
22.4656
22.1117
23.1200
21.6169
20.6340
21.1245
21.8225
22.3791
21.2265
22.9632
23.6879
22.0405
22.9357
23.2483
23.5049
22.4044
21.6884
22.0212
21.2106
21.7028
21.8393
22.4424
23.3024
22.9307
22.2448
23.0284
22.7309
21.2279
22.8764
23.3925
22.3445
20.6986
21.6018
22.7579
23.4307
23.2635
22.1000
21.5910
21.2280
22.1983
23.8628
23.3924
22.4723
23.4726
22.4402
22.0294
21.2982
22.7284
23.9343
22.1854
22.7998
22.9064
22.5543
22.9958
24.4179
23.6467
22.1536
20.7489
22.2891
21.9016
22.6425
22.6065
24.6569
22.2346
22.6000
22.2932
21.4527
22.5499
21.6328
22.9121
23.0227
22.9985
23.4661
22.5989
22.9842
23.4291
23.4953
23.8664
23.6070
22.9224
21.6741
22.0834
21.0031
21.1124
21.7442
21.3274
22.6519
22.1609
21.8218
21.3652
21.7510
22.8797
21.5101
22.7556
22.6870
22.3959
22.0784
21.7136
22.8066
24.4335
22.4025
23.3264
22.0576
20.1331
21.5922
23.0725
24.6252
24.4261
24.5339
25.0527
22.8390
24.2787
24.8466
23.5222
23.1340
23.0085
23.8065
23.4610
25.0811
23.0601
23.6555
24.0926
24.0815
22.0274
25.0853
25.6396
26.3395
23.3725
24.8303
23.7641
22.6976
25.7775
23.5447
22.8476
23.1153
23.8517
24.4849
21.2955
21.0815
21.1298
22.7025
22.2151
22.2529
20.5823
21.8625
23.0783
22.0244
22.6746
22.9835
20.9866
22.5377
25.0546
22.9414
20.7737
21.7839
23.5358
25.6781
25.0402
24.9494
25.4469
23.5877
23.6897
22.9689
24.1824
23.8060
25.6220
23.9263
22.3839
22.3009
22.5594
21.3407
22.5079
21.3716
23.2796
22.2585
20.8839
21.9134
24.1055
23.6645
22.7373
23.3947
23.2235
24.9682
23.8554
22.6994
21.5561
20.8925
21.6786
21.5176
22.6669
21.8130
23.4846
24.4482
23.4500
22.9612
23.5469
24.0710
23.6269
23.8878
23.7726
20.9926
20.9557
22.0563
22.6671
21.6118
20.4586
22.1790
22.1189
21.0702
20.8582
20.8174
22.8143
24.1598
23.9259
24.2494
22.8343
20.6780
20.7049
21.6917
23.0291
21.7018
21.3220
21.8591
22.5918
23.1455
23.4794
23.0736
23.4650
22.9165
21.5469
22.1636
23.5085
21.6224
23.0043
22.9976
22.5609
22.8696
22.0134
22.6864
23.8260
23.2558
24.0463
23.6190
23.8454
23.1836
24.0901
23.9941
25.2925
21.5840
24.1009
22.3811
24.2674
23.8012
23.2716
24.1212
25.0162
24.6149
24.6397
23.4871
24.2165
24.8106
24.3685
23.3456
25.9057
26.2606
25.6828
24.9305
22.9582
23.5774
23.7856
23.2521
24.5150
24.2365
24.0197
24.2326
23.3183
24.2669
23.4780
23.3699
23.4097
22.3147
24.7067
23.8727
23.3866
26.1180
25.2495
27.6123
25.7748
23.4492
24.5802
24.5662
24.5454
21.9582
26.0213
24.8351
25.3293
24.2669
24.6069
22.8802
23.3214
22.8716
25.7881
27.7969
24.9205
22.4798
23.8500
25.7968
24.9676
26.0603
26.2383
25.3825
28.8455
29.1900
26.4490
23.9751
22.9198
23.0375
23.6575
24.1034
23.6099
26.7779
25.9666
22.5525
22.6905
23.5576
25.6595
24.8848
26.7130
26.8336
26.7679
27.4328
26.1783
26.4546
25.3407
22.1325
25.6525
23.0597
22.5900
22.5302
25.0019
25.6631
25.5106
25.8079
27.4351
26.7367
26.2794
27.3681
24.2696
25.5329
24.9192
27.2622
23.2953
22.6516
23.2973
26.0544
22.5189
23.2503
23.6042
24.9694
23.0058
22.6096
23.3302
23.2039
21.9675
25.3308
24.6896
22.5134
23.8994
25.4484
25.7571
23.7421
23.3964
23.4871
24.7493
23.0639
24.3635
23.3455
22.4203
23.8111
25.7634
25.8668
23.7751
23.3865
24.1800
25.4789
24.2338
26.8096
24.6895
23.8967
24.7332
25.8209
26.2426
25.0255
26.3520
25.4639
26.8002
27.6869
28.3176
28.0730
26.4103
26.2998
26.6396
26.6215
25.9747
27.4518
22.7221
27.0216
23.9770
25.7123
25.7534
25.6978
26.1317
26.3907
26.5955
29.0363
25.2863
25.7206
23.8219
25.2884
24.9482
24.9377
26.6516
26.1928
25.1462
23.9218
23.6623
23.3667
26.8356
25.7230
22.6638
22.2849
23.6806
24.0572
23.6761
23.5564
25.5009
24.0551
23.5511
23.7761
24.4856
24.6724
23.2893
22.5628
22.8039
23.2560
23.3820
25.6507
24.2674
24.2441
26.0754
25.3492
23.2504
24.6173
26.0431
24.1552
25.4698
23.7760
23.6219
23.1426
23.9736
23.5529
23.4733
22.3398
23.2517
25.5863
25.2427
25.1546
24.2195
23.0188
24.9081
24.8025
23.4464
23.8680
24.2529
23.5959
22.5381
25.6608
23.6778
24.5708
24.3804
22.1642
25.6192
23.0001
24.7690
24.6229
23.0221
23.1634
23.1400
24.2753
23.6552
25.0242
24.1404
23.1811
24.4787
24.4717
24.1323
22.3329
24.4345
22.3603
22.8177
22.8116
25.1244
24.3822
23.3673
23.0343
21.3169
22.1353
22.2720
23.3448
24.6469
23.3267
23.4206
24.6725
26.3532
27.4098
24.8095
25.0363
23.8291
24.4099
22.8378
22.9585
24.4511
25.8632
24.7115
23.3512
23.5256
24.5031
23.3936
22.6934
23.4545
23.2066
23.2074
26.4375
26.1844
23.4159
22.0913
24.1633
24.2975
26.4984
25.8369
26.1911
25.4059
25.0132
22.0074
24.5500
25.2781
24.1162
24.6399
23.5498
26.3897
25.5180
25.4117
25.0739
23.1426
24.9795
24.8484
25.9806
24.7891
23.3069
24.1578
25.1743
23.7005
22.8335
24.2591
23.2592
25.4705
23.6921
23.4664
26.3179
26.1308
25.9996
23.0846
22.3461
24.1776
24.3870
23.9370
24.6434
22.9305
24.2671
25.2111
24.2706
25.4708
27.8318
27.3283
26.9340
26.2024
26.9692
26.1035
25.4958
23.4381
26.3063
24.7903
25.3184
24.9897
25.9768
26.4437
23.9866
25.3552
25.5638
25.4705
27.2684
24.3400
25.8190
26.3401
25.4105
25.8250
24.1484
25.3517
24.7331
26.6180
25.2433
26.3856
26.2835
24.8472
23.4092
24.2526
23.4304
24.7129
24.4778
26.8388
24.2862
25.5259
25.8264
26.6913
25.4766
25.0121
24.5926
24.8580
25.9148
24.8666
24.3769
24.2017
24.9003
24.5351
23.8887
23.8898
24.7736
22.7617
23.6189
22.8171
21.9133
24.0509
23.3733
25.0148
25.5211
24.9127
24.1762
24.9727
24.1075
23.2444
22.6537
23.5269
23.3814
23.1401
23.3473
24.2503
27.3578
28.4422
26.4733
23.5600
22.5661
26.8697
25.4865
25.4761
23.9623
23.3250
22.9393
23.9925
24.7199
24.1778
23.8606
24.1083
23.5227
23.6852
23.5668
23.8744
24.0239
24.3208
24.0733
24.7448
23.0101
23.2434
23.9427
23.2515
24.6883
25.7007
25.5593
23.6700
24.2240
26.2199
22.7006
25.6516
22.6499
23.2403
22.7206
24.1462
23.5488
24.9914
24.0172
24.2299
25.7398
24.4579
23.7936
25.5038
25.5386
26.5742
24.9341
23.9619
24.6703
23.2365
23.9454
23.1235
22.8620
22.0058
23.9415
23.7516
24.2496
25.0431
23.6401
25.6013
24.0944
23.3167
24.1905
26.7124
25.5022
23.9503
24.6300
23.6009
24.7474
23.1491
23.8523
23.4076
22.9339
23.1692
24.1124
23.9696
22.2764
22.1267
23.6415
23.5121
23.5464
23.5565
24.0842
23.3778
24.3587
24.1003
26.0514
24.9317
25.6250
23.3559
24.3796
24.7638
24.9461
23.6839
23.9263
23.5152
23.5947
23.5502
22.9400
22.7394
22.9265
23.9856
25.1860
24.0605
26.6107
23.6379
23.9739
23.6137
25.2158
23.0070
24.2154
21.7923
24.2914
25.7455
25.0434
24.9030
24.3258
23.9310
22.1063
23.4318
23.2948
23.8038
24.5811
22.9707
23.1042
23.1334
23.6088
23.1399
23.4072
23.5901
23.0163
23.7319
22.3223
24.9034
23.1292
22.9547
25.1561
22.0375
21.3656
21.6319
22.0572
23.2792
23.7339
23.5470
25.5114
23.0795
22.5282
23.3970
21.4410
23.2049
23.0200
23.1896
23.2512
22.5156
22.6656
23.3083
22.0766
21.1076
21.4126
21.8376
22.3881
22.1514
21.1057
22.4970
20.5191
21.4165
22.5192
23.6837
22.4979
23.0033
22.2117
23.1694
23.3823
23.8066
21.3417
21.8975
21.6070
23.9149
23.1981
24.0650
22.2555
22.7782
23.6308
22.4056
22.2181
22.0459
22.2973
20.3826
21.8911
22.4686
22.9334
22.4602
22.3645
21.9243
22.5984
24.6349
23.6123
21.7585
22.9211
21.0985
22.9626
23.9792
23.0130
24.0395
24.2021
22.3435
22.9880
22.9450
22.9141
22.4545
22.8060
23.8638
23.9575
23.6670
23.6933
22.6378
23.1981
21.9797
24.4484
24.6002
24.2490
23.9588
24.7336
24.2236
23.3584
22.5965
22.5374
23.0755
23.1754
23.7779
23.1735
22.9613
24.0828
22.9795
23.5207
22.6911
21.4157
22.8593
23.8309
23.1751
23.9907
23.9089
21.8864
23.7828
25.3797
24.6416
24.0453
23.7940
24.0985
24.1136
22.9258
22.8567
23.7814
22.7111
23.7186
23.7392
23.9513
25.4019
23.9660
24.7094
25.1260
22.6060
24.0924
23.8738
23.9441
23.9277
23.4220
23.9301
23.5194
24.1892
22.8254
24.6768
23.1784
22.8408
22.8718
23.5460
22.7235
23.9613
23.4935
23.4823
23.5653
24.8263
23.1201
24.7618
23.7215
23.9856
25.1615
23.7580
23.0898
23.7744
21.1740
22.8453
22.5328
24.3157
22.4853
23.8599
24.0780
23.3869
22.7711
23.4795
22.5809
24.3243
23.9424
22.7263
22.0669
23.4266
22.2421
24.3734
23.9507
23.6633
24.2031
24.0553
23.2734
23.9434
22.6375
23.1575
22.9003
22.6654
23.7963
24.1939
23.4961
22.9394
23.6837
23.5329
23.6035
23.5692
23.3527
23.4654
22.2712
24.5682
24.0841
23.4108
23.9110
21.6826
23.2115
23.7054
23.8726
23.3561
24.0492
23.9675
23.5979
23.4696
23.0749
23.7173
25.3886
24.9099
23.5034
24.1057
24.3326
23.7680
22.5339
23.9153
22.9678
23.5215
23.1846
23.8143
23.4204
23.7380
24.8702
23.6624
23.7207
23.7285
24.6426
23.5897
24.4881
23.0763
22.9958
22.5663
23.0278
24.5238
22.3871
23.1124
24.0170
21.8415
23.3268
24.6720
24.7762
24.4068
23.7041
23.8038
22.4355
23.1916
23.7383
23.6304
24.7756
23.2996
22.6765
23.6825
23.7427
22.9003
22.8430
23.4490
23.1387
24.1404
25.1640
24.1696
24.3025
25.2728
24.0916
24.9689
24.0026
23.3551
24.9564
23.7795
24.5005
23.7249
24.0367
26.0391
23.9382
24.1412
24.1012
24.0902
23.7659
22.3110
23.1877
22.9643
24.3743
23.3697
23.6447
22.8149
23.1282
23.7805
23.7728
23.4038
22.6182
23.4559
23.2530
25.0291
23.4001
24.5812
24.6026
24.4104
24.1897
23.6314
23.6773
23.1863
23.0289
23.8178
24.4853
23.5666
23.5396
23.7347
24.1906
22.3465
23.7614
23.1814
23.7438
24.6160
23.1781
23.5721
23.8064
23.4760
23.8967
23.3687
22.7551
23.5111
23.9661
23.6535
23.6324
23.8297
23.4520
23.1034
22.5952
23.7187
23.2634
24.0727
23.3442
23.9289
23.7839
22.8738
24.8333
25.0988
24.7882
23.6301
24.4913
23.3792
23.4543
24.0963
24.1627
24.3627
22.8479
23.9088
23.0315
23.6572
24.8792
22.9792
24.7362
24.5389
23.8140
24.0995
23.6536
24.1895
23.9868
24.5334
24.2334
23.8852
24.0515
23.3726
23.9730
24.2198
24.0368
24.7553
23.7365
23.6787
23.8690
23.9045
24.4715
24.0283
23.8521
23.0321
23.7133
23.7048
23.5864
23.8027
22.7443
23.9664
22.8607
22.1246
23.7637
23.3637
23.7084
23.4842
23.9451
24.1817
23.1852
23.6198
23.0587
22.7978
23.0760
26.0054
23.1930
23.9567
23.2423
25.3594
24.0628
23.6115
23.7547
21.7906
23.6341
23.5171
24.3503
23.7123
24.0828
24.7758
23.8060
23.5368
23.7500
23.4205
23.6591
22.3763
22.4833
21.5524
21.9755
22.5050
21.4666
21.7015
23.1929
22.5494
21.6375
22.5574
22.9444
22.9625
22.5071
23.4207
23.0618
25.0225
24.2842
22.6412
23.7479
23.5531
24.6752
23.1489
24.1503
24.0827
23.1795
22.8847
22.9575
22.1864
23.1341
24.0871
22.0035
24.4382
22.7266
23.7231
22.7124
23.6930
23.8694
23.1329
23.7904
23.6918
23.5951
21.0164
22.7571
23.1405
23.4036
23.3243
23.4734
21.7796
21.5395
23.7407
22.0040
23.1161
25.3020
22.3878
23.2486
23.5941
21.3857
23.6170
24.5633
22.8340
23.1127
23.2570
23.5619
24.6911
22.8180
23.9918
24.6843
21.9408
22.2997
23.7004
22.7221
22.9975
23.9007
23.9644
21.9074
24.3001
24.1878
24.1176
22.5084
24.6790
22.2662
24.3097
23.5459
23.2805
22.6485
24.4124
22.4795
23.4977
21.1220
23.3516
24.2172
23.5163
23.7902
25.0862
23.7077
23.3738
23.7821
23.6633
25.2358
25.1348
24.5871
24.4616
24.1247
22.8059
24.5236
24.0073
23.3930
24.5290
24.9651
24.9303
23.0791
23.9217
23.2114
24.6105
24.3799
23.3190
24.6768
24.1022
24.5146
22.9888
23.7883
22.6026
23.6284
24.8629
22.0935
24.2562
23.6537
24.0219
22.8417
23.4548
22.6094
22.8212
24.0772
21.8045
23.4541
23.6550
22.6131
23.6303
22.5677
22.5871
22.8143
23.7221
24.8016
24.4688
24.4436
23.5866
21.8037
22.6323
23.8184
23.9218
25.1195
24.0104
21.6623
22.9537
22.9302
22.1249
22.5786
21.2877
21.7878
22.8954
22.2853
22.6542
22.4941
23.6907
23.9769
22.7671
23.1380
23.9488
23.7266
23.7900
21.9529
23.4294
23.0166
23.7835
24.2662
23.6328
24.2341
23.4034
23.5560
24.2022
23.7927
22.7896
23.7215
23.6944
24.0802
23.6843
23.8229
24.3409
23.8683
23.1315
24.5559
23.6432
24.2347
22.9031
23.0770
23.3278
22.9684
22.9695
22.5857
23.7129
24.2078
24.6151
23.3324
24.0232
24.0056
24.4792
23.0870
22.3724
23.4512
22.8095
23.1861
22.9011
23.3463
24.0820
23.0276
23.4472
23.4926
24.2873
24.2811
23.1894
22.5446
22.2775
23.4222
21.3607
21.8235
22.9771
22.6139
23.3414
22.8049
22.3221
23.4302
22.9065
22.6920
23.4287
25.6074
23.5776
21.8029
23.7517
22.3935
23.4791
23.3667
23.4584
23.5670
22.9789
23.3250
23.5259
21.7663
22.6451
23.1386
22.7991
24.5932
24.7128
25.2462
23.4756
25.1158
23.1104
24.3753
23.2656
23.4529
22.9143
23.6548
23.4672
24.0886
23.7494
23.0890
23.6727
22.8757
23.1344
22.1690
23.3535
22.0193
23.5823
23.0994
21.5781
22.8696
23.4567
23.9639
21.3875
22.4269
22.5086
23.4604
25.1366
23.1097
23.0486
24.9248
23.5177
22.3763
24.3853
23.3545
23.2868
23.1099
23.6933
24.2985
24.2625
24.2774
23.1956
23.5759
24.2792
23.7085
24.1269
23.1631
24.5684
24.0607
24.3430
23.6518
23.5578
24.0424
23.0859
23.4703
23.9119
23.6654
22.6780
22.4952
22.2541
22.1892
23.2230
23.1087
22.1957
23.7058
22.8382
23.0528
21.3649
22.2118
23.0892
22.5222
22.7633
22.7068
22.2097
22.2128
21.8829
23.0337
21.9593
23.6703
22.5742
23.2224
23.6900
23.0666
22.9610
22.4858
24.0759
23.5729
23.5330
23.2118
23.2248
21.9282
22.3829
22.6378
22.4282
22.0802
22.3470
24.6122
21.9693
22.9405
22.9376
22.7957
24.2523
22.8506
23.3280
23.1431
23.0365
23.5617
21.2753
23.6889
22.8126
23.1342
21.9380
21.8278
22.5505
23.5707
24.9171
21.6899
22.1525
22.9674
23.8950
25.5785
25.1212
22.4284
22.1793
22.3474
22.3252
21.8217
21.6116
22.6723
24.7761
23.5355
22.5761
23.6607
23.2306
24.3692
24.7923
22.3319
24.2013
22.4536
22.3375
23.2207
21.7550
23.0309
22.2684
21.7098
23.9054
23.7412
23.6798
22.7785
22.1341
22.4404
21.7681
22.1293
22.2323
22.2084
23.0364
21.8801
22.1476
23.0240
21.4590
22.1293
23.7271
22.9335
23.0110
23.2470
23.2011
22.9616
22.2066
24.6682
23.0408
23.6085
22.9342
22.5455
23.4132
21.8974
23.8903
23.4800
23.7311
24.0043
21.9742
22.5473
21.6685
22.6709
22.7591
22.6689
22.8520
22.0920
22.5725
23.0743
21.9042
23.0694
24.4823
22.9009
22.2197
22.4557
22.5410
22.3538
23.9431
22.8072
22.3817
22.9359
22.5782
23.0473
22.0962
25.1627
24.6065
22.6030
23.2468
20.9604
22.4841
22.5344
21.9243
23.7670
22.0816
21.3606
22.6197
23.8517
22.1163
22.0632
22.1274
23.3799
21.6885
22.0957
21.6084
21.9649
22.3290
22.5035
21.6172
22.3578
22.8510
22.9176
21.9341
23.8134
22.3875
21.2164
22.3992
23.8783
21.9955
22.4156
22.5908
22.9764
23.3657
21.5125
22.0019
24.3645
23.4398
22.3235
22.4803
23.0906
22.0811
23.6248
22.5741
20.5087
22.6552
23.5254
23.6173
22.5863
24.4294
23.9831
21.9632
22.2988
22.2390
23.5200
22.9793
20.8898
21.3921
22.4416
22.6119
22.8239
24.2071
22.0458
23.0163
21.9490
23.6380
23.0202
23.0292
23.9767
22.1662
22.3931
22.3283
22.6189
23.1393
23.9038
23.3352
22.7111
23.3417
22.7976
22.5365
24.3805
23.3621
23.7031
23.7286
22.2934
23.2741
22.4244
22.3731
21.8281
22.4021
21.9482
21.8971
21.6139
21.5140
22.0686
23.1585
22.4575
22.3942
23.0165
22.4666
23.1004
22.2835
22.0380
23.0209
23.2886
23.4898
22.9727
23.3312
22.7195
23.2357
23.9814
23.7362
23.2077
22.8800
22.9197
23.1114
21.8654
21.4001
22.5781
23.6965
23.3673
22.6081
22.3047
22.4510
22.4519
23.8380
22.3476
23.4311
22.1291
22.6321
22.2125
22.4374
23.4566
23.3598
22.5912
23.4365
22.9282
21.9178
22.3214
23.7104
22.9807
22.3293
24.4176
23.1276
22.1746
23.5839
24.3833
23.3229
22.8699
24.1004
23.0679
22.5627
23.0764
23.0805
23.1058
22.9251
23.1078
20.7471
22.2189
22.6485
22.2178
22.8902
21.7279
23.7078
22.5928
22.9626
22.9700
22.1580
21.5677
22.6520
23.8682
23.2281
20.3018
21.4791
21.8921
21.5144
22.2977
21.5932
21.5123
21.5390
22.2795
22.6806
21.9652
22.3285
21.8167
21.8636
22.1447
21.8461
22.9619
22.0943
20.8307
22.8431
22.3465
22.1023
22.4949
22.4431
22.4587
22.1285
21.5232
22.9577
23.2289
21.8218
22.7769
21.8442
23.8901
22.8937
21.5770
23.5802
22.3382
22.9596
23.6172
22.0351
22.0491
22.6313
22.9763
21.7788
22.4543
22.1920
21.9858
23.4256
23.0486
21.9806
21.8661
22.2687
22.9000
23.0689
22.9085
22.6550
22.6286
22.8486
22.5926
22.1775
21.1352
21.0606
23.2826
20.7492
22.3745
21.5471
21.9217
21.0039
22.1975
22.9945
23.1605
21.4432
20.1499
21.3012
21.9597
22.7278
23.4792
23.3669
23.5031
23.7962
22.8201
22.9231
21.7943
22.4422
21.6293
22.0403
21.9553
20.8499
22.8576
23.2633
24.4941
23.4607
23.1177
22.2314
22.7892
22.6218
23.8430
23.0673
22.3803
24.8407
23.9312
22.5708
22.0256
23.3385
22.8741
22.7044
22.9292
22.7218
21.0389
22.9026
21.4650
21.6282
22.5245
20.8655
21.8443
24.3740
22.9070
22.6305
21.5540
21.4581
22.1700
22.5524
23.1469
23.9606
23.5794
24.2306
22.0020
23.8281
22.4119
22.2523
22.7473
22.6279
21.2737
22.4378
22.9448
24.9514
22.9576
23.4325
23.3904
22.9006
22.7979
22.3837
22.3208
23.8864
21.8696
22.3783
21.8242
22.0169
21.8656
23.0183
23.0781
23.4450
21.8208
22.5115
22.9556
21.8664
21.3691
21.8553
21.7983
21.6327
22.7886
23.1425
20.5369
23.2229
22.0079
21.8397
21.8544
22.3912
23.1523
23.3964
23.5896
21.9075
22.8045
22.7726
22.4418
21.7804
21.8416
21.8261
23.5001
22.0736
23.5004
22.7502
22.7167
20.7017
21.6294
22.5888
22.9675
22.4677
22.1132
22.7782
22.8320
21.6554
22.9238
21.9104
22.1065
22.3719
22.9811
21.6278
23.1604
22.0802
22.6027
22.8775
23.1133
22.5515
21.9111
23.2890
21.8371
22.6602
21.6492
21.3906
22.5177
21.6760
21.3368
21.2840
21.7813
23.0439
22.2359
22.3757
21.3278
24.4549
22.8531
23.8264
22.3258
21.7391
22.2156
21.4849
20.9836
23.7494
22.3200
22.9109
22.1115
21.7500
22.4333
22.9282
21.4464
22.2186
22.9460
20.4636
22.4537
22.6702
23.0169
20.9876
21.6732
23.9352
21.9879
21.3923
21.1899
20.8413
22.7670
21.4279
23.2306
23.7526
24.2798
21.9931
22.2955
22.3218
20.8538
22.6424
24.1694
22.4743
22.5970
22.6076
22.6304
21.5281
22.4372
22.7310
23.4399
22.3816
22.5694
23.6869
23.4215
22.7668
22.8413
23.3017
22.6492
23.2784
22.3691
22.1286
21.9427
22.5611
22.1386
23.3334
21.0472
21.7237
23.1085
22.5151
22.8075
22.8572
23.0268
22.3806
21.6311
23.4517
22.7562
23.1354
24.4534
22.0781
21.9549
21.5784
22.3881
22.8347
22.5152
22.9508
21.7506
23.0567
22.2226
23.6062
22.9103
22.5692
23.9669
23.5259
23.4846
22.9796
23.3224
22.7167
21.8438
22.5167
22.6652
22.8365
21.9087
24.2838
21.8063
23.2587
22.5376
23.4036
21.8416
20.9759
22.9937
21.2860
21.8629
22.2156
23.1372
22.4353
22.4717
21.5846
23.0071
23.7768
21.3434
21.9610
22.4199
21.8973
22.3923
22.9292
21.6780
21.3167
20.9378
20.9990
20.9596
22.2207
22.3004
21.8817
21.7248
21.7321
22.6786
22.4997
21.2519
23.0185
21.9541
21.7758
22.6456
22.6425
22.7545
21.4666
24.0212
22.8892
23.6359
22.3373
22.9883
22.6922
22.4411
22.6825
22.7064
21.5496
22.5868
21.7854
22.0545
22.9714
23.0981
21.8561
21.5660
22.6253
22.8900
21.9726
22.9008
23.6189
21.5642
21.6308
22.1929
23.0237
22.3719
23.4261
22.6905
23.1452
22.4062
23.7989
22.4415
22.1854
22.2476
22.8165
21.5199
21.9187
21.0607
21.0345
20.8938
21.6133
22.3474
22.3725
22.6580
22.4883
23.3184
24.8864
22.1626
21.0901
20.3726
21.9661
22.1279
22.9107
23.0991
21.2225
22.5896
23.3477
22.7752
22.6100
22.8043
24.8774
23.8134
23.3532
24.4461
24.5217
23.6128
22.3509
24.2588
22.9206
21.7952
21.9891
21.0670
22.4243
21.6133
22.5211
24.5075
22.3572
21.7469
22.8034
21.9571
21.8312
22.9927
22.5115
22.0869
23.4195
24.1124
22.1969
23.6758
23.1676
23.2776
24.4892
23.7233
23.5337
23.7247
20.8564
23.3921
23.4585
22.7085
22.1550
22.7476
21.7273
21.7345
23.9272
23.7863
22.3543
21.8987
21.7012
23.8263
22.8468
22.7016
24.5597
23.9605
22.1013
21.8563
22.2973
22.2741
23.5314
24.3556
23.8976
21.7529
22.2379
22.5274
23.0710
23.7745
22.7305
23.0087
23.2677
24.1358
22.7578
22.1728
22.2774
23.5797
23.7280
23.0590
24.9870
23.2991
24.6660
24.0490
23.4173
23.4644
25.2668
23.0170
23.1275
23.0357
22.1228
22.9866
24.9135
23.0855
23.1396
23.4535
22.7784
25.4664
23.9374
24.1101
23.1665
24.3984
25.1668
22.9978
23.4868
22.8351
23.9404
23.0084
23.7667
24.0557
23.9408
23.5168
23.4553
23.5343
23.9579
23.7557
23.6052
23.7197
23.5365
23.1391
22.3628
22.9298
23.8409
23.2024
25.3035
24.2571
22.6862
23.6407
23.9528
23.4757
22.5196
23.8141
24.4612
22.8412
23.6762
24.2134
23.1949
23.4538
21.8269
22.4936
22.7634
23.5893
24.0494
24.2110
23.0586
23.6303
23.8541
22.9383
23.2244
23.3346
24.2765
23.4994
23.8756
23.4653
23.3446
23.7509
24.5442
23.2860
24.5620
23.6642
22.1220
22.9627
22.5914
25.0652
24.7669
23.7696
24.2740
23.1129
24.0117
24.3999
25.5205
23.7604
23.4146
23.2599
24.4776
24.0857
23.5799
23.0728
23.7181
23.4407
23.6273
22.8451
24.3266
23.5337
23.0449
23.6332
23.5494
22.6835
23.5608
23.0956
24.9016
23.4523
23.8265
23.1023
22.3667
23.9667
23.4179
23.9374
23.2600
22.7840
24.4691
23.7330
23.7779
24.4878
23.2257
22.8174
23.3631
24.6298
21.9427
22.5440
23.0927
21.3923
23.5295
23.1662
22.5791
23.5891
23.8550
22.3217
21.5440
23.5837
24.3192
23.8712
23.4406
24.7319
22.3546
22.9381
20.6457
22.5346
23.8971
23.8370
22.2146
22.6262
22.7506
23.4336
22.6015
23.2281
22.9160
21.5940
24.0560
22.6571
23.7153
22.6834
23.7605
23.4310
23.7144
23.7946
22.3705
22.9065
22.6685
24.0449
23.4549
23.8375
23.5126
22.1304
23.4047
23.7575
22.2316
22.6730
22.7043
22.1405
23.2421
21.7734
21.6661
21.8607
22.4379
23.5873
24.1716
23.4676
23.4435
22.5214
22.4158
23.5322
22.7262
22.3576
23.5280
23.8319
23.4715
22.9962
22.8340
22.7285
23.2511
23.7521
23.0403
24.1063
23.0706
24.1260
23.1351
22.3943
23.9422
23.1059
22.9274
24.3812
22.0466
23.0895
23.3395
23.2052
22.8721
22.0862
23.0934
23.2859
22.7658
23.7919
24.2786
22.7879
22.0036
22.4359
22.8094
23.4683
23.5421
22.6869
22.1602
21.8381
21.3121
22.5436
21.3468
21.9333
24.4599
23.4931
23.8015
22.2918
24.1270
23.5908
22.3666
23.7240
24.7468
25.2684
23.1061
23.2669
24.1435
22.4636
23.4763
22.4063
25.1378
22.7802
23.1304
25.2007
22.6213
22.4008
22.9792
22.5367
22.3950
22.7542
23.6780
24.1647
22.8280
25.4277
23.2863
23.2117
22.7084
21.9938
23.1564
22.8283
25.1055
23.2985
23.8206
22.7748
21.3866
23.2226
22.8712
23.2492
23.0067
24.4087
23.4414
22.7391
23.1699
23.7842
23.9177
24.1912
22.3307
23.3829
23.2086
22.2641
23.1475
24.3942
23.0514
22.1486
22.6553
22.3102
21.8882
24.9554
23.8724
25.7659
23.2682
23.1043
22.1421
21.3694
22.3976
21.5309
21.2618
21.2989
23.3231
23.3339
22.4794
21.6808
21.9367
22.3747
22.8988
23.2155
22.9982
24.3607
23.2590
22.4383
23.1189
22.6000
23.4528
22.6041
22.0372
20.3678
24.3309
23.3697
21.7866
24.1895
23.9092
22.1377
22.3103
22.9490
21.8246
21.8049
22.9166
23.1059
22.6470
24.5529
23.3732
22.8395
22.9023
23.3469
22.2562
22.0254
24.6370
22.4989
23.3057
22.6887
23.4048
23.2861
22.7034
22.0492
23.4381
23.9877
23.6257
23.1787
23.0263
23.7928
22.9563
23.0642
22.7821
23.9246
23.0390
22.7522
23.4270
24.7539
23.1170
22.2219
21.4841
21.1532
22.1325
23.8470
21.5846
22.7463
22.4989
21.7419
22.5904
23.5671
24.5768
23.6479
23.1338
24.1768
23.3260
22.6319
23.4488
24.3921
23.9035
24.3592
23.6085
23.9713
24.0106
22.5150
23.7256
25.5145
23.0464
25.3441
23.1052
23.6042
24.2275
24.4808
23.7549
23.3597
23.2081
24.4197
24.6186
23.8594
23.4261
24.5089
22.9080
24.8749
24.1419
23.8454
23.3670
22.9328
23.5856
24.3391
23.8177
22.6368
23.9031
23.5761
23.2623
24.3103
24.6305
24.2884
22.6929
23.8551
25.5705
23.4575
22.8115
22.8000
22.9822
22.3298
22.2314
25.0531
24.2154
23.2422
22.9856
24.1431
23.5366
23.5810
23.7079
23.4564
22.6777
23.4250
23.8863
22.5533
22.0435
23.5305
21.9028
21.3796
22.6031
23.8567
21.8485
23.2568
23.7434
22.5833
22.2627
21.8592
22.5169
22.6936
23.6706
24.4040
23.7151
22.1762
23.8435
22.8434
22.1840
23.7753
23.0546
23.9991
21.8589
23.9872
23.4667
21.2075
21.0941
22.9159
23.1135
22.3413
23.9359
22.5729
23.0838
22.3362
24.4175
23.2126
22.1109
23.1096
23.1889
23.2598
23.9993
23.2827
22.7818
23.0337
21.3113
22.3870
23.4996
23.6095
23.3500
23.9177
24.1566
24.1987
23.0654
23.8954
22.8558
22.5638
24.3802
23.1275
22.5111
23.2099
23.2630
23.0356
21.8725
22.5199
23.3550
22.5817
22.3878
24.0313
23.4661
22.5700
21.6793
23.1301
23.0094
24.2427
23.0577
22.5751
22.2265
22.7261
22.7521
23.7290
22.3845
23.6044
22.7522
23.0515
22.7855
21.4939
22.7506
22.6256
24.4237
23.6703
22.4613
23.9099
21.5357
22.8088
23.5065
22.8556
22.6139
22.6081
23.2933
23.1025
21.9584
22.2712
24.1887
23.4102
21.7179
23.1003
22.2955
23.7813
22.8180
24.1561
24.0034
24.6045
24.7292
24.6629
24.2958
24.2175
24.2419
24.4349
22.5531
24.3368
23.9543
22.8063
23.3819
23.4844
23.2225
23.0706
23.3033
23.3787
22.1183
21.7038
24.0523
23.8332
24.3649
22.5340
20.3173
22.7890
22.7148
23.0621
24.5236
22.0175
22.2490
22.4696
23.1463
22.7132
22.0119
23.1099
23.1560
21.7698
24.3331
22.5634
24.1909
23.5603
23.4567
23.0216
23.1425
22.9855
22.0206
23.0973
21.8673
23.4187
23.2130
23.2219
23.0632
22.8673
22.5108
22.6432
24.0370
22.7087
22.6046
24.1266
23.0544
22.0032
23.2226
23.2128
23.8352
23.1842
23.0743
22.9045
21.7877
22.8652
23.5548
23.2583
22.9218
24.0794
23.2774
22.8407
22.0217
22.8150
23.1360
24.8501
22.8069
22.9385
23.7163
22.3559
22.7198
22.5900
23.7984
22.0545
23.2578
23.9841
23.0597
23.7983
23.4550
23.2876
23.6835
22.0282
22.6263
22.5876
22.3408
24.8425
24.1871
23.0608
24.0911
22.9740
24.0089
22.9753
22.9760
23.3006
24.9742
25.1517
22.6335
23.5551
23.4740
23.0626
24.0061
23.2980
24.1237
23.0447
23.5653
23.5554
22.0603
25.3631
24.6706
24.9370
24.4258
21.9694
22.8932
22.0531
22.4214
22.6834
24.5850
23.1588
22.1408
21.6933
24.1969
25.0096
21.9815
23.3280
23.1021
22.7652
24.4162
21.1779
22.6341
23.0313
24.2196
21.5108
24.0404
22.9629
22.8524
23.4558
23.8986
23.1708
22.3785
23.6899
23.0462
22.3311
22.4680
