23.3509
22.7499
23.1060
22.6487
22.5062
22.9368
22.8651
22.9026
22.9352
22.6994
22.9250
22.7669
23.4558
22.7218
23.3282
22.5870
23.3549
22.9029
21.8172
23.3807
22.5834
23.7893
22.1658
22.4152
21.9438
21.4275
21.7862
21.6253
22.2320
22.4472
21.1061
21.4929
20.8314
22.0856
22.0356
21.8401
21.5070
21.7456
21.4097
21.7850
21.7838
21.6831
21.4449
20.9188
21.5318
21.7478
20.3536
20.9408
21.2803
21.3403
21.1364
22.5020
21.7318
21.8353
23.1834
24.9565
23.3808
23.8956
24.0046
23.6921
23.7224
24.6050
23.9249
23.5929
25.7180
25.0812
25.5812
25.3366
24.5872
25.1086
24.6051
24.5688
25.1403
25.4472
26.3771
26.7170
26.6024
26.8112
26.1823
24.6100
24.9290
25.8752
24.9079
24.8274
25.2242
25.2633
23.8946
23.7448
24.5127
24.2355
24.1376
24.4197
24.0739
24.8110
24.5666
24.7881
24.6296
23.8645
24.9200
24.2773
24.6457
23.9344
24.4434
24.3709
24.3118
24.0281
24.1516
23.9546
23.8316
23.6760
23.6483
23.3562
23.9325
22.8414
23.0044
23.2640
23.2867
22.7744
23.0982
22.4086
22.0287
22.0477
23.6131
22.7959
22.0477
23.1699
23.3700
22.6305
23.7568
23.0572
23.0984
23.8033
23.9056
23.3336
23.4010
23.0330
23.3175
23.2798
22.7380
23.2581
23.1472
22.8681
22.8998
23.0370
22.9243
22.5016
23.2297
22.9620
23.4090
23.7294
23.1364
22.6151
23.2915
23.1640
23.1744
24.1321
23.1989
22.8765
23.4092
22.8629
23.6263
25.0010
23.0664
23.4986
23.0173
23.0754
22.3844
23.7948
23.5058
23.5714
23.5801
23.2555
23.4515
23.4659
23.9326
24.3065
23.4628
23.0275
22.8631
23.0890
22.9278
23.6625
22.6041
22.7156
23.6396
22.6345
23.1857
22.9859
23.0186
23.0750
23.6780
23.9772
25.6516
24.6001
23.3944
23.6790
23.2697
22.2661
22.9425
23.6270
23.4701
23.1183
23.5249
22.4892
23.6900
23.4169
22.9525
23.5161
23.1747
22.8120
22.7588
23.4985
23.0525
23.1063
23.2601
22.9436
23.3603
22.3513
23.7181
23.1655
22.3585
23.1067
23.2139
22.7088
23.1459
22.4842
23.1656
22.9674
23.1490
24.0326
22.6243
23.0925
23.0552
22.4873
22.9533
22.8867
22.5076
23.3477
22.2876
22.4428
22.6324
22.2732
22.2199
22.5435
23.2997
24.0555
24.0137
22.5602
22.8064
22.9694
23.4164
22.9226
23.1946
22.5667
22.6648
23.2615
23.3412
23.7465
23.3330
24.4812
23.0803
23.4901
22.6464
23.4331
22.7884
23.6116
23.5004
23.3378
23.1368
23.0900
22.8405
22.2576
23.3373
23.0914
24.0164
24.0525
24.0713
24.0588
23.4669
22.8119
22.5598
23.9976
23.3099
22.8075
23.0534
23.2547
23.4702
22.9988
23.2559
23.5396
23.4082
23.8557
22.4076
23.3969
23.6928
23.2514
24.0591
23.5113
22.6046
23.9225
23.5039
21.4290
22.9323
22.5453
22.3986
23.6643
22.5860
22.0074
21.8591
23.6567
23.2084
22.5821
22.3192
22.9458
23.1200
23.0489
23.7428
26.0260
26.5198
25.9923
25.5864
24.7553
24.1366
24.8972
24.1156
25.8167
24.9228
25.4343
25.1279
24.6292
26.5622
25.3999
24.2242
25.7962
24.4238
25.4344
24.8597
24.7892
25.2316
26.0965
24.6985
25.6174
25.9633
26.1178
25.4068
25.1656
25.5825
24.3561
24.4434
26.4504
25.6018
26.2055
27.7148
26.9171
27.0350
26.3460
25.6674
26.6041
26.0591
26.2330
25.3011
26.0231
25.5962
25.9004
25.8780
25.2508
25.1570
25.8552
26.1291
26.0761
25.3548
26.1017
25.5278
26.6042
25.5245
25.2140
25.3712
24.9157
25.2825
25.7052
25.2857
25.5498
24.5993
25.6890
26.0085
25.0508
24.2225
25.4224
25.5887
24.8808
24.9996
26.5697
25.6954
26.4184
25.3781
26.1006
26.1635
27.4554
25.0147
27.2475
26.2379
26.9422
26.7334
26.3760
27.4062
26.8359
25.8441
25.4950
25.4517
26.2756
27.1234
26.7351
26.1836
25.9690
24.9078
27.0981
25.9300
25.2716
24.8535
24.5205
25.2757
25.0280
25.7777
26.1358
24.9718
25.2146
25.5653
25.0195
24.8944
24.9398
24.8380
24.9787
25.4605
25.2774
25.3769
25.9861
25.5049
25.1112
25.0677
26.2726
25.6718
25.6718
25.6249
25.4692
24.4882
25.2215
25.0920
25.0163
25.2831
24.4319
25.0024
25.0525
25.2454
25.5645
25.1884
24.8573
25.5965
25.4796
24.5965
26.1211
24.7107
25.5038
24.7414
24.3340
23.9125
24.6006
24.8564
24.4965
25.3558
24.5723
25.3046
24.6862
25.2143
25.0319
26.2807
25.3784
25.4704
25.2292
24.9407
25.0251
24.6155
25.2721
25.0939
24.8742
26.3648
25.6273
25.0307
25.5990
25.7172
25.8589
23.9774
24.6613
24.3726
24.3744
25.3184
24.9011
25.4618
25.4484
24.8035
25.5024
25.4119
24.7550
25.1749
25.7256
24.9410
25.3583
27.2735
25.6489
25.9572
26.5636
25.5619
26.3826
25.9433
25.9114
25.9832
25.4913
25.1887
26.2749
25.8016
24.4298
25.1999
25.7683
25.3781
25.2291
26.9646
27.0835
25.7279
24.0927
23.6172
25.3481
25.6735
25.6509
25.4848
25.2338
25.8815
25.6747
25.6711
25.5033
25.1637
25.3380
25.8789
26.1915
25.8796
25.9521
25.3394
26.3240
25.1098
26.8815
24.7645
26.0218
24.9977
24.5449
24.3427
24.7094
25.1533
25.9016
25.9547
25.0814
25.5532
24.9991
25.4464
25.9817
24.8741
25.5298
25.5535
25.1216
25.7423
24.9772
25.4625
25.8294
25.2236
25.5201
24.6930
25.8507
25.4968
24.7049
25.8624
25.2900
25.6344
25.5740
25.3482
24.3659
25.2285
25.5965
24.7742
25.2075
24.8952
25.0025
24.8404
25.5078
24.2917
25.0984
26.3952
26.0424
25.0011
24.9658
25.7277
24.9954
25.6989
25.7506
25.1978
25.6882
24.8642
24.9418
25.1042
24.8682
25.5061
24.7675
24.3820
25.4530
25.6018
25.2960
25.0691
25.3454
25.6424
25.1501
25.5458
25.7496
25.1658
26.2305
25.3469
25.4312
25.3480
25.3003
25.9679
26.4585
26.0043
26.4990
25.3063
24.7598
24.9823
24.7222
26.8751
26.6542
26.1125
26.0142
25.1440
25.1647
25.2544
25.5678
25.5475
25.5162
25.3036
23.6775
25.1080
24.9733
25.4773
25.4207
25.9640
25.1300
25.4348
25.7734
26.6555
25.4761
25.2917
25.3307
25.1796
26.0897
24.8027
24.9701
25.0961
25.1725
25.6626
25.2316
24.3862
24.7233
25.5261
24.7156
25.2010
25.0994
26.6455
25.9205
25.8435
25.4935
25.0832
25.5944
25.5294
25.0145
24.5935
24.5178
25.8330
24.7154
24.7325
25.2250
25.2064
25.4858
25.6068
25.3822
25.2835
25.6332
24.6855
25.5451
25.1190
24.6409
25.6225
25.2272
25.1724
26.3445
25.2277
25.3912
26.6128
25.4727
26.0217
26.6813
25.4635
24.6963
25.8762
25.7917
25.8639
25.3466
25.1581
24.9951
24.8061
24.6839
24.3955
24.9231
24.6712
26.3654
25.5031
25.3743
25.4324
24.9445
25.7575
24.4354
24.8932
24.6477
24.7716
25.9002
25.3236
24.5962
25.4770
24.5461
24.7316
25.8176
25.4333
26.0435
25.4969
24.7768
26.6223
24.4220
24.6514
24.5892
24.6555
24.8787
24.6907
25.5256
24.6813
24.2148
24.2070
23.6382
24.3600
23.6866
24.0542
24.5527
24.6867
24.1767
26.2016
25.4091
25.4721
25.0012
25.5552
26.3310
26.3853
26.0317
26.1429
25.5966
25.8634
25.7237
26.2304
26.4050
26.1232
25.7070
25.0128
25.0217
25.3459
25.0184
24.7229
25.1796
26.1122
25.1204
26.1072
25.2524
25.8761
24.8521
25.8492
25.5417
24.8021
26.0871
25.7607
25.0526
25.2927
25.3404
23.9277
24.5604
24.5767
24.1153
24.9105
24.8117
24.6647
23.1658
23.8579
25.2179
24.4044
24.9236
23.3427
24.6635
24.4918
23.8910
23.4572
24.9357
24.2916
25.6347
24.6047
24.9119
24.4255
25.2363
24.8926
24.1677
24.7685
25.0564
24.4921
24.4866
24.6674
24.2653
23.3684
25.0920
25.2413
24.7798
24.5568
23.8003
23.3329
23.9724
24.2122
23.5036
24.3132
24.7770
24.2614
23.7509
23.9742
23.9547
23.0289
23.4573
23.7254
23.5231
23.8271
24.9001
23.6202
24.6796
25.3884
24.2313
24.8940
24.6756
25.2838
25.9535
25.6952
25.0058
24.4076
25.0595
24.2375
25.2860
25.9752
24.9982
24.2592
24.4822
24.7112
24.5745
24.1919
24.9878
25.2200
24.7473
23.7427
24.4999
24.4524
24.4349
23.6739
24.4843
24.3300
24.8880
23.5533
24.2351
23.3429
24.7932
24.8191
24.4645
24.3212
24.5034
24.2925
24.6767
25.3939
24.5298
24.9846
23.5091
24.4354
24.6842
24.8784
23.6467
22.9623
24.1434
23.7021
24.9126
23.3381
23.9025
24.8124
24.4130
24.0598
23.0252
22.6747
24.5781
23.7764
24.4124
25.3346
23.7995
23.0373
23.5525
23.2445
22.4900
23.1600
23.2221
22.7057
24.2567
23.9306
25.2696
25.2291
24.0447
25.0713
24.3662
23.8556
23.6400
23.8034
24.5663
24.2909
24.6663
24.7285
24.2232
23.6223
22.7641
23.0142
23.4528
22.9789
23.6251
22.7766
22.4200
21.7883
21.3807
21.5144
21.4223
21.5982
22.1814
21.1178
21.8240
21.6068
20.9423
21.1757
21.5018
21.7925
21.8831
22.4786
21.9408
23.9697
23.0602
22.2071
23.1109
23.1285
22.4632
23.4261
23.2135
22.9456
24.1727
22.3110
22.5738
23.0495
22.5905
23.1068
22.1857
22.4873
23.2787
22.5796
23.2083
22.5605
23.5789
23.7070
22.4573
23.2467
23.0419
23.0798
23.6322
23.4818
24.4993
23.8421
23.9351
23.5880
24.0993
24.3647
23.8891
23.7775
24.0371
23.8376
23.8481
24.3685
24.2747
23.4661
25.3296
24.4647
22.8750
22.8757
24.5192
22.5895
22.5166
22.4876
22.9445
23.8365
24.0891
24.0524
22.4873
22.8949
22.5823
22.3323
22.5588
22.6482
23.4113
22.7851
22.5239
22.5791
22.0272
22.3608
22.3665
23.0295
22.8782
21.9697
21.6249
22.5755
22.1365
22.4316
22.6539
22.6523
22.9211
22.5438
22.8083
22.2253
22.3106
21.9527
21.2313
23.0669
22.7412
23.2432
22.9110
24.3178
23.9701
22.8330
24.0708
24.5439
23.2936
24.1754
23.7060
23.7824
23.4023
24.9427
23.0432
22.8335
22.3196
23.3584
23.0564
23.0144
23.2831
23.3247
22.6645
23.2567
22.4063
22.8137
24.6950
24.0655
23.9102
22.8312
23.8199
23.5906
23.6186
23.3582
22.7583
24.1403
24.1533
22.7237
23.8257
23.9814
23.2264
23.3785
23.0390
23.0710
23.3135
23.5137
22.7435
23.5177
24.2392
24.1934
24.7053
23.9300
25.4548
24.6467
24.9122
25.1040
25.6817
26.8799
25.9893
26.7293
23.9298
25.0088
23.7340
24.3939
23.5698
23.9491
24.0657
24.2573
24.8629
23.2017
24.8991
24.6043
25.2030
26.4177
24.8991
24.5497
25.6731
25.8698
25.6803
25.0224
24.9483
24.3402
24.7399
25.5843
26.1350
25.6325
25.0665
25.0672
25.1342
25.8011
25.2878
26.1616
25.6586
24.1670
24.9910
24.8028
25.7682
24.4742
26.3035
25.8911
25.6624
25.1123
25.7333
25.2488
24.5429
25.3789
26.0532
26.4786
25.7968
24.9740
24.4111
24.1971
25.2622
25.8044
26.1355
25.8440
25.4657
26.3779
26.8935
25.9358
26.1334
25.3174
26.4724
25.6678
26.1773
26.0511
26.7263
26.3445
26.2899
25.4478
25.8210
25.5403
26.8749
25.2238
25.6832
25.0509
25.4042
25.6799
26.6868
26.6649
24.2722
25.5296
25.0342
25.1514
25.5427
25.8945
24.5819
24.9028
24.6059
24.1567
25.7741
24.7024
24.8361
24.9782
25.3670
25.5668
25.0894
25.4332
24.4064
25.5007
25.0487
25.0721
25.0019
25.1188
24.4524
24.5317
23.7382
24.6863
24.3782
24.6479
25.0132
24.5551
24.6253
24.7263
24.9381
25.3047
25.0933
25.1038
25.0561
25.4847
26.8391
25.2942
24.6790
25.8759
25.2819
25.9900
24.5095
24.1277
24.4949
24.4662
24.0014
24.1485
24.2160
23.5366
24.0880
24.0067
24.0683
25.1773
23.8921
24.5254
25.0758
24.9011
24.3992
24.5088
25.1782
24.3592
23.7161
24.6736
25.1921
25.3429
24.7580
24.9036
24.0840
24.1529
24.7222
24.7775
25.1136
24.6123
24.7465
25.6286
25.4085
24.6430
23.8432
24.4366
26.0098
26.5314
25.2686
25.7634
26.5095
26.3542
25.5001
27.1635
26.4618
25.9572
26.3520
26.4248
26.8989
26.2095
24.8263
26.5847
27.4664
27.6847
26.5560
27.4285
28.5627
27.2477
27.8234
27.3061
27.8293
27.5039
28.9808
28.4701
28.7608
28.2289
28.9596
27.5525
26.9102
28.0383
27.7544
28.0033
27.3332
27.2930
26.6807
27.3071
26.3623
26.2227
26.1937
25.5931
26.0219
26.1010
24.2147
24.8855
25.8184
23.9553
24.3950
24.1704
24.4269
23.8987
24.5727
24.6007
24.4598
24.5907
24.3531
24.5910
25.1923
24.0221
24.0421
24.6432
25.2268
24.1942
24.6910
25.1578
24.5702
25.1636
24.5769
24.5567
26.0174
24.5048
24.7942
24.3431
27.4086
25.3463
26.0637
27.5939
27.3664
27.2777
27.3089
26.4737
26.7041
26.4739
26.2291
24.3661
24.3824
23.8244
23.8117
24.0769
24.1545
24.4584
23.9164
24.5266
24.4737
23.9412
24.7199
24.4848
23.9452
24.5827
24.9533
25.6944
26.4236
24.8165
27.2900
25.4105
25.9705
24.4291
24.0105
25.2750
23.4480
25.0723
24.6746
24.7295
25.1426
24.5596
23.9052
23.6938
25.3403
24.8280
24.8130
24.6457
25.0229
24.2818
23.3842
24.8097
24.0260
24.2646
25.5022
24.9490
24.8707
24.7845
24.7246
24.1760
24.5697
24.3031
24.3421
24.0293
24.3720
24.8162
24.4811
25.0586
23.8883
23.7339
23.8722
24.1911
24.6607
24.7366
23.8792
24.0414
24.6133
25.1206
24.7357
24.1178
24.6712
24.4896
24.2866
25.5868
26.1779
25.0654
24.4488
24.6510
25.2720
24.4416
24.2166
24.6425
25.0890
24.8291
25.1042
25.6102
24.5932
24.7116
23.7038
23.6772
24.9969
25.7743
24.8993
25.9984
25.0923
25.0234
26.2325
28.0654
27.8010
26.9750
25.8924
27.6577
26.0039
26.7489
28.0701
28.1212
27.9779
27.5390
28.8222
27.5837
27.5559
26.5401
26.5353
27.7271
26.8217
29.1285
26.8550
27.2199
27.9149
26.8694
26.3297
25.6770
26.5338
26.6835
28.0076
27.7817
27.4068
27.0629
27.3052
27.1881
27.5431
25.8329
27.0011
26.8216
27.8516
27.3043
28.1911
27.3078
28.6423
28.3639
28.0101
28.9745
28.2081
28.0826
27.6375
28.1046
27.9511
26.5765
26.7565
27.2910
27.3317
25.4427
27.3102
26.6191
28.8773
28.2193
27.6174
26.7248
27.7507
27.6067
27.0750
26.3200
26.2382
26.3429
25.8481
26.6329
25.8752
26.3809
26.4461
26.8549
25.9627
26.3714
26.9985
27.9352
26.4960
26.1495
27.8619
30.9543
28.7989
29.7018
28.5462
28.1980
28.0631
27.4100
25.7760
26.2216
27.5747
27.3530
26.0128
25.9073
26.7518
26.0531
26.9431
26.7807
26.0068
27.1594
26.4382
27.9364
26.9663
26.8118
25.2088
26.3802
28.3417
28.2937
26.4250
26.5268
26.1580
27.3299
26.5913
26.5790
26.1660
26.1072
26.5371
26.2260
26.9511
27.4756
25.9409
26.9204
25.6164
28.5195
27.4991
26.8925
26.6069
26.5670
27.0370
28.3401
26.9022
27.3776
27.0404
28.2200
28.2968
29.4468
28.2778
27.0284
28.6582
26.5895
29.7956
28.7275
25.9026
26.7803
26.6624
25.6410
26.1111
26.4503
26.4241
27.5991
26.8175
27.1365
29.8046
27.4067
27.6311
25.8574
23.8867
25.4772
27.0370
26.6711
30.3434
31.5886
29.6278
28.2607
29.2566
29.0098
28.0612
28.7318
28.0205
27.9930
27.2806
26.6988
27.4403
27.6858
30.4242
27.9157
29.5146
28.5790
28.0960
26.5469
29.1314
28.1582
28.6062
28.4083
27.7760
27.3986
28.6234
28.9351
27.0269
27.1311
27.8988
28.4542
26.7582
25.6438
24.9284
25.4321
28.2257
26.4406
25.7453
27.5461
26.3633
27.7031
26.9084
26.3732
28.9082
28.6057
27.8784
26.3891
28.0084
26.1320
26.0387
26.8573
26.2160
25.4895
23.8025
26.1811
25.4816
24.9366
27.9785
27.5174
26.1016
25.8064
26.6913
25.4291
27.1018
26.2930
25.3549
25.7478
25.0506
25.4438
25.5221
24.7374
25.4819
24.9389
25.1825
24.6646
25.0471
25.0745
24.1488
25.3017
24.6151
25.0242
25.2438
25.0759
24.0761
24.0548
26.0901
24.0415
24.7542
24.3700
24.6799
23.9966
24.8716
24.5208
24.4274
24.3447
25.6135
24.6778
24.3676
24.2918
24.8871
24.6368
24.6779
25.5332
25.3418
25.2097
24.0831
24.9632
24.3395
23.6848
24.9109
24.3984
25.2232
25.8467
24.5217
24.8766
25.7293
23.6833
25.0230
25.4342
26.6180
25.4409
24.5003
24.7414
25.6427
25.1375
25.7904
25.2916
26.1570
24.3574
24.9255
25.7835
24.6322
26.3094
24.4518
24.5810
25.0673
24.4547
24.1307
24.0462
25.0672
25.5458
24.3506
24.9929
24.8023
25.2271
26.0647
25.7751
25.3961
24.7584
25.4751
25.0107
24.5251
24.2348
25.6541
24.7567
24.1507
24.3152
25.8235
25.7826
24.7344
24.3963
24.8197
24.4814
25.4612
24.6322
24.6584
24.7125
24.7847
24.5976
24.7836
24.8165
24.9845
25.1739
24.0735
24.4072
24.7631
24.8011
24.2751
24.4217
25.9494
25.6023
24.8781
25.1262
25.4694
24.5181
25.6518
24.6479
24.8258
25.1845
25.5371
24.9606
25.9745
25.8519
25.8732
25.5673
24.9460
24.6545
25.2895
24.6531
25.1514
24.6001
25.1563
25.5068
25.6747
25.0031
25.3631
24.4915
24.8727
24.2418
25.7582
25.7275
24.8272
24.8154
24.4820
24.4851
24.4034
24.6104
24.3314
24.8904
24.6329
24.3202
25.7748
25.1345
24.8135
24.3239
24.6085
25.4003
25.9087
24.8882
24.9636
26.7682
25.4114
25.6062
24.8879
24.7980
24.8417
24.7744
24.4767
25.0621
24.9875
25.7322
25.1128
25.1882
25.4849
25.6054
25.3143
24.9908
24.9810
25.3984
25.3141
25.0342
25.9282
24.6758
24.9576
24.2666
25.0205
24.7900
25.1703
24.9896
24.4634
25.3903
24.9672
24.9068
24.9756
24.7196
25.5591
25.5122
24.8736
25.0730
25.1139
25.1724
25.7295
24.9131
23.2408
24.1823
25.0268
25.5253
25.0409
25.9810
25.5306
25.5698
24.8335
24.0093
24.6332
25.2752
25.0644
25.3727
25.6799
24.4692
25.3932
24.7642
25.7670
25.5642
25.2313
23.0815
24.8527
23.9386
24.3576
25.3319
24.4184
25.8150
24.5463
24.3240
24.8858
24.4769
24.3017
24.8804
24.7445
23.7421
24.8499
25.1787
24.4337
24.9424
24.4218
24.6417
24.4500
24.4798
24.3534
24.2000
24.9721
24.7370
25.5961
25.1708
24.8053
24.6068
24.5161
24.9100
24.6690
24.1167
24.4604
24.3858
24.0708
24.5898
24.3239
24.4621
24.7611
24.4488
24.4483
24.5258
24.1778
24.4957
25.2454
25.2009
23.9784
24.4701
24.2281
24.8012
25.3366
24.9093
24.8782
25.0489
25.8027
24.9234
25.5025
25.0549
24.8617
25.3202
24.1181
24.9173
25.2620
25.0422
24.7320
24.2198
24.6466
25.1159
24.5274
24.6119
25.1242
25.1485
25.1268
24.0468
24.6012
24.7301
24.7088
24.7239
25.2335
24.4229
24.0007
24.9616
25.2482
24.5246
24.5939
25.1659
24.7918
24.8324
24.4303
24.9575
26.3779
24.8260
24.9323
24.9406
25.3204
25.3996
24.7838
24.7863
25.3715
25.4361
24.5763
24.8338
25.6424
24.1597
24.2290
25.5896
24.2510
24.5983
25.7530
25.3178
24.4010
24.6473
25.5423
24.9607
24.9726
25.3744
25.3788
23.7610
23.8395
25.1400
25.4027
25.2493
24.2010
23.8320
24.7455
24.8502
25.0276
24.9184
25.6843
25.7883
24.7950
25.3207
24.7091
24.6255
24.6705
24.6098
25.0596
25.1395
24.2159
25.8440
25.2040
25.8229
25.4654
25.3364
25.7200
24.9038
25.5934
25.1968
24.9918
25.0952
24.7306
26.1902
25.4148
24.6512
24.4826
25.1369
24.7230
25.5604
25.4742
25.5005
25.1790
25.5662
25.1165
25.2793
24.5469
25.4956
24.4830
25.7314
25.9892
24.6875
25.4796
25.5601
25.6377
24.7549
25.4953
26.6390
26.2683
25.7954
25.5705
25.6675
25.0004
24.5278
25.3425
25.7036
25.5493
26.3941
25.4870
25.0528
24.9665
24.7868
24.6377
25.9414
23.6868
25.3370
25.1613
25.2376
25.0716
25.7505
24.6682
25.5630
25.8711
25.6982
24.3531
25.2833
23.9800
24.5828
25.2685
25.4801
25.7122
24.7365
26.1584
24.9753
25.7036
25.6360
24.0377
23.1421
24.4481
25.4539
24.9776
25.9518
25.9100
24.7074
26.0269
25.9356
25.5590
25.6933
25.5207
24.9177
25.7938
24.8297
23.7790
25.0688
24.5461
24.7776
23.4234
24.3815
23.6138
24.1880
24.6457
23.6421
25.7953
26.2678
24.3330
25.3447
23.9526
24.7494
27.0779
25.9285
26.4545
25.7474
27.2198
25.6018
24.6674
24.7801
24.6545
23.8516
23.5534
23.4735
24.5063
24.4841
24.1664
24.4518
23.6452
23.8958
24.5848
25.3470
24.1847
24.1143
23.9642
23.6592
25.6114
24.4825
24.5680
25.0438
24.6120
22.8053
24.1226
24.9457
24.2372
24.9871
23.5333
24.8188
24.7823
24.0238
25.2534
25.6149
24.9421
25.1621
24.9796
24.4180
25.3066
24.9811
25.8380
25.0662
26.1890
26.0674
25.0531
26.2356
25.4918
24.6219
24.0115
24.5776
24.1442
22.8397
24.8826
23.8736
24.2613
24.7628
25.0235
24.8115
25.6345
26.6488
26.7389
26.3935
26.7254
25.4701
25.5299
24.6823
25.1288
26.2026
26.8850
27.7229
26.4921
25.6956
24.1186
23.9218
24.5141
25.8215
25.1575
26.6654
25.8112
25.5209
26.0076
25.4796
25.4269
25.6710
25.7190
24.3400
25.2811
24.6863
24.7918
24.9369
24.3107
24.4703
25.5880
25.2330
24.8047
25.4376
25.2638
25.1131
25.1486
24.2933
25.1916
25.2619
24.6167
25.3116
25.5116
25.6498
24.4175
25.9723
24.7058
25.1302
25.2531
26.6873
26.1252
26.3481
25.9896
25.9650
25.4479
25.2975
25.4672
24.0827
25.1372
24.7719
25.5404
25.2900
26.0414
25.2488
25.5382
25.3405
25.7665
24.5939
25.0657
24.7282
23.9902
25.5607
24.6162
25.5133
24.0670
24.5188
24.0426
24.4739
24.0428
23.2478
24.3865
23.6230
25.0628
23.8601
25.1957
24.7910
24.9884
23.8795
24.3710
22.1842
23.7302
23.8631
24.0905
24.7985
24.3848
24.3506
25.7654
23.9517
24.8996
25.1466
25.2690
26.8530
25.9907
25.3429
26.0735
25.4144
27.2405
24.7879
25.2835
25.0461
24.0209
24.2690
24.1994
24.0534
25.0032
22.0185
25.0821
25.0062
22.4210
22.5199
23.0228
23.5983
24.7946
24.5588
25.9482
23.9751
24.3645
24.5054
23.7171
25.3598
24.3882
25.6698
26.0650
25.2891
25.3189
25.3346
25.3357
25.3184
25.6590
24.5846
25.8099
26.1571
23.8740
24.6230
24.0244
22.7457
24.2374
23.8803
24.8380
24.2324
23.8351
24.5185
25.3918
24.6881
25.1239
23.8807
24.7508
23.9538
24.3167
24.9516
23.3815
23.9429
21.6041
23.4434
22.9584
22.6871
25.4143
24.3214
24.9985
25.1533
24.4044
25.0709
25.4945
24.1415
24.7920
24.7186
26.4391
26.9062
26.9380
26.1971
24.6985
26.4353
25.3001
25.2185
24.9559
24.6012
24.6785
24.6605
24.3793
24.4598
25.0059
23.8405
24.9297
24.6062
25.1505
25.2284
24.6877
25.2873
25.9467
26.2945
25.0449
24.0753
25.6703
24.9546
24.5589
24.2323
25.8114
25.2684
25.1698
25.8450
24.2670
25.7154
25.4293
25.1200
26.0064
25.5877
25.0902
25.4460
25.8674
26.0562
25.3293
26.8608
26.6288
24.5747
24.7674
27.3034
24.8130
24.5542
25.8620
24.5544
25.8765
25.2883
24.5339
24.6883
23.5929
23.8030
24.6621
24.8285
23.9576
24.5175
24.2577
25.3549
24.8763
24.1488
24.5226
24.4891
24.7408
25.0308
25.9249
24.9624
25.2604
23.8100
23.5336
25.4362
27.0397
25.7227
25.0257
24.7560
24.8570
26.6381
25.7945
24.5365
24.5031
24.9562
24.6426
24.6518
24.2795
24.3827
25.1845
23.1154
24.7960
25.2654
24.9144
25.2532
26.0937
25.1669
26.5778
26.0801
25.2542
25.2525
25.2050
25.8664
26.4154
25.5719
23.6682
25.3627
25.3011
26.3459
25.0813
25.0804
25.6716
25.6725
24.7292
25.8908
25.6121
25.4124
26.2452
25.4135
25.2618
24.9135
25.6901
24.6552
23.5219
24.7657
25.3053
25.4530
25.5897
24.6802
24.9324
24.2227
24.8920
25.0674
24.1578
23.8940
25.8348
24.0823
25.3847
25.6321
25.0561
23.3577
24.7528
24.0289
25.6729
23.8134
24.0360
24.7277
23.7758
24.8712
24.1003
24.1103
24.1576
24.6222
23.8261
23.9759
25.0483
23.8186
26.3761
26.0029
25.2751
26.2867
26.6574
27.0659
25.1615
25.6845
27.4972
26.8352
27.4923
28.0766
26.4345
25.6541
26.7277
26.5643
26.4882
26.4345
25.8226
25.9645
26.1093
25.1195
27.0646
25.3883
25.9770
26.3538
25.2251
25.9207
26.5478
24.9737
25.4592
25.8728
26.6858
26.2067
27.2402
26.6265
25.7085
26.1679
27.0269
25.0947
25.4932
25.4795
25.6124
25.1568
24.9438
24.8995
25.8812
24.5345
25.1061
25.5555
25.4354
26.2042
25.3547
25.4434
25.9461
25.6034
25.5349
24.6611
25.4533
25.2168
25.4716
25.2097
24.9094
24.6623
24.9996
24.8709
24.1438
25.3165
24.7378
24.9507
25.5190
25.0324
24.4851
24.4871
25.1143
24.9671
25.0532
25.2771
25.2780
25.0552
25.2892
24.7326
25.6239
25.8912
26.6286
25.1729
24.8221
25.9562
25.8793
25.3771
25.0361
24.9810
25.0247
24.4180
24.7898
25.0818
24.6684
25.1930
24.4352
25.0416
24.6706
24.9419
24.1548
24.6187
24.6943
24.4773
24.8817
24.9938
25.0447
25.0338
24.5348
24.6555
24.8034
24.7598
25.1603
25.1610
25.4284
24.8524
25.6349
25.4993
24.8836
24.7055
25.0561
25.2679
24.7824
24.7572
24.9603
25.2326
25.0296
24.8264
24.3202
24.7536
24.4953
24.2673
24.5039
24.6413
25.1249
25.3655
25.4617
24.8661
25.3280
25.2046
25.0625
25.8035
24.8773
24.7998
24.8370
25.2225
24.7588
25.0261
24.7800
24.5389
24.8464
25.1347
25.6878
26.0414
25.9458
25.4291
25.7075
25.1213
25.1965
25.3350
24.4042
24.6500
24.8820
24.8035
25.0926
24.7796
24.7069
24.7965
24.9807
25.5636
24.6218
24.9024
25.2765
24.5588
24.3981
24.4922
24.6536
24.5292
26.7342
25.8725
26.3519
26.5289
25.4842
25.8004
26.4557
26.7297
27.1189
26.7264
27.9885
27.0626
27.9709
27.1142
27.5162
27.4501
27.3717
27.3018
27.2598
26.5647
26.7053
26.4546
26.3150
27.0681
26.5513
26.2872
27.0237
26.2623
25.7776
26.8264
26.6527
26.3728
26.2672
25.9981
25.4559
25.7042
26.4995
26.7608
25.3714
25.4989
26.3899
26.0969
25.1794
25.7336
26.7494
25.7007
26.0823
25.9033
25.8148
27.0717
25.9647
26.0656
26.6443
25.2012
26.2966
25.5463
25.7111
25.8378
25.7882
25.3864
25.6604
26.2173
26.1115
26.1000
26.1755
25.9854
25.4840
26.5625
25.4176
24.6454
24.3967
24.2511
24.3748
24.6592
25.1344
24.9757
25.1366
24.4791
23.8929
25.1444
24.9660
24.7468
24.4458
24.9439
25.0167
24.4963
24.5607
24.3063
25.1375
24.2882
24.0572
25.4251
23.9539
25.1196
24.1069
24.7205
24.7097
24.1822
24.7594
25.0827
24.7871
25.1082
25.0203
24.1630
25.7896
25.3690
26.2210
25.8067
25.3692
25.7616
25.5851
25.4769
25.9710
26.0480
26.0825
26.2601
25.9443
25.3375
26.2259
24.7346
25.3727
25.7741
25.5883
25.1523
25.5598
25.4830
24.6183
25.7775
26.8824
25.4130
26.2637
25.7915
26.3753
25.8889
25.6078
25.4458
25.2610
25.6110
25.0913
24.1183
24.6257
26.8750
26.0366
25.8385
25.9535
24.1945
24.3337
24.8618
24.4216
24.5096
24.7231
24.5476
24.6631
25.2826
26.5116
25.7056
25.8699
25.9079
25.9026
26.0692
26.3857
25.8092
25.8081
25.1954
24.8706
25.0740
24.5873
26.2088
26.2590
26.5548
26.3670
25.7164
25.3630
26.2138
26.3778
26.5224
26.2447
26.4533
26.5548
25.3671
24.8412
25.0250
25.6373
26.2995
25.8115
25.7782
24.9745
25.4158
25.4367
25.5725
25.4440
24.6272
25.6516
25.3581
25.8802
25.8675
25.7449
24.8133
25.7042
25.7671
24.9841
26.3135
25.1418
24.8446
25.0458
25.3666
25.3863
25.4973
25.4931
25.6856
25.4095
25.5242
25.3372
25.9432
25.9009
25.9209
26.2040
25.8453
25.1802
25.4478
25.9240
25.2315
26.0760
25.0134
25.1178
25.6555
25.8168
25.6977
25.2735
25.5663
25.6722
24.4047
24.8618
26.0626
25.6777
25.7925
25.8430
26.0643
25.3603
25.5630
24.5923
24.5157
25.0218
25.2620
25.3064
24.8010
24.6142
25.1219
24.4013
24.8791
25.0036
24.9569
24.4511
25.1372
24.4965
24.8988
24.9024
25.6375
25.5916
25.3651
25.0187
25.9897
25.5277
25.9008
26.1733
26.1716
25.6318
25.4543
25.6996
25.3245
24.4942
24.5875
24.9497
24.9832
24.7068
24.5655
25.3027
25.1921
25.1540
24.8531
24.6482
25.3611
24.8455
24.9033
23.6069
23.2918
24.1117
24.7651
24.5467
25.3887
25.4871
24.4597
25.8571
26.2717
25.7983
24.6221
24.0392
23.3232
23.9357
23.9002
24.6415
25.4834
24.8965
24.6093
24.2788
24.2546
24.4646
24.6220
24.1439
24.9263
25.1940
24.6082
24.8679
24.0823
23.9449
24.6782
25.5752
25.0219
25.2653
25.1995
23.8006
24.8145
24.7189
24.7039
23.7678
24.7662
24.7404
25.2431
25.0360
26.1578
25.0656
24.8581
24.0664
23.8014
24.1158
24.0910
23.8663
24.5975
23.9755
24.4690
24.3772
24.2697
24.5058
24.9952
24.7320
24.9836
24.8138
24.2889
24.5065
24.5617
24.4141
24.9407
24.8991
25.9327
25.1073
26.2260
25.3434
24.6735
24.5032
24.8356
24.9855
25.7401
25.3921
25.7475
26.0644
25.9747
25.4943
24.9171
24.9392
24.8759
24.3799
23.9769
24.2271
24.1260
25.2195
25.7778
25.7167
24.8554
25.3457
25.4633
25.0126
25.6213
26.5785
25.6283
25.7041
25.9031
25.5110
24.9671
25.9583
25.3805
25.9794
25.1477
25.5037
25.7537
25.3841
25.4269
25.1955
25.2934
25.5461
25.9937
25.2732
25.1612
26.0974
25.7465
25.4172
26.3085
25.8719
26.3966
25.8158
26.5144
25.8128
26.0723
25.5495
25.8873
25.0663
25.7035
25.2630
26.3838
25.6004
25.7809
25.9157
26.2371
25.7249
25.9660
25.4503
26.8544
26.2988
25.4174
26.8575
25.7308
25.7240
25.5917
26.1167
25.8951
24.8938
25.6628
25.5393
25.2392
25.1504
26.2692
26.2776
26.0508
26.1458
25.2041
25.9333
25.2356
25.5435
25.4149
25.7458
25.8570
25.5330
25.6467
25.1213
26.3807
25.6654
25.3339
26.0539
26.3564
25.4787
24.6650
24.7226
25.8978
25.8701
26.0635
27.0285
26.7741
26.1804
25.8134
25.6397
24.8964
25.0090
25.5265
25.3684
25.2238
24.4825
24.4097
24.4915
25.6371
25.6785
25.5670
25.4099
24.9894
24.6226
24.4698
24.6097
24.6698
25.1074
25.0453
24.6159
24.5781
24.7355
24.9622
24.3631
25.0858
24.3101
25.4593
24.7780
24.8471
25.3600
25.0756
24.8877
24.8748
24.8628
24.8037
24.8935
24.6684
24.5321
24.8592
24.4424
24.1203
23.6897
24.4276
24.8209
24.4957
24.2829
24.6965
24.7255
24.8157
24.9003
24.9304
25.4811
24.3883
24.4605
24.9730
25.3192
24.9625
24.5342
24.3201
25.3861
25.2129
25.7171
25.3034
26.0054
25.3666
25.7809
25.7031
24.6898
24.9853
24.8249
25.3187
25.1047
24.8152
25.9581
24.9993
25.6163
25.4512
26.9512
26.9898
26.6965
26.3616
25.3102
26.0568
25.4839
26.6956
25.2555
26.3771
25.4266
25.7477
26.1621
25.2891
25.2750
25.2893
26.3152
26.2093
24.7123
26.1176
24.5745
25.1996
26.8488
25.6093
25.6216
27.0911
28.4714
27.3324
28.3201
26.8472
26.9679
25.7019
25.9566
26.5540
26.1301
25.7415
27.4069
26.6122
25.8867
25.7362
25.7942
25.4631
25.5187
25.4418
26.5653
25.0312
25.4791
26.7499
26.8992
26.3985
25.8973
26.4961
26.8343
26.2755
25.0842
25.5811
26.1179
26.3318
26.2862
25.8924
25.5275
26.2284
25.5542
24.5166
25.1057
25.2458
24.9030
25.0052
25.7300
25.9511
25.1184
26.1427
25.7387
25.8793
25.9004
25.8215
26.5483
27.7131
26.9825
26.4697
25.7226
25.2702
25.9656
25.8765
26.2323
25.3683
25.4778
25.4337
24.7279
24.9550
23.9764
24.0233
23.5656
24.0284
24.2711
23.9770
24.2902
24.0865
23.7485
24.1942
24.2402
24.0955
25.9962
25.6286
25.4187
25.9982
25.3274
26.0234
25.6263
26.1726
25.4660
24.6931
25.8325
25.5729
24.9146
25.3053
23.9745
23.8527
24.4596
25.0049
25.3222
25.3973
25.3970
24.7510
25.0658
24.3614
25.0780
25.0664
24.5993
24.9170
24.8187
24.4607
24.4660
24.2590
25.0627
24.5328
24.6442
24.2718
24.9123
25.2372
25.0352
24.6680
24.0779
23.9598
23.9813
24.0176
24.0003
24.8322
24.3532
24.6984
23.9475
24.8866
24.9982
24.6518
24.4629
24.9549
23.7770
24.7478
23.9940
23.9786
24.2175
24.4177
25.2504
24.6097
24.4709
24.5260
24.4516
24.0602
24.2106
24.3297
24.4381
23.9278
24.4003
24.3213
24.1085
24.1394
23.7714
24.5528
25.1054
24.5425
24.4589
24.4099
25.0062
24.6685
24.2479
24.1304
24.4073
24.5386
25.2162
25.1800
24.5846
25.5879
24.6872
24.2579
25.0332
24.7573
25.1390
24.9573
25.2219
24.7147
24.9049
24.8489
25.0140
24.7641
25.0072
24.5395
24.7110
24.8082
24.7199
24.6427
24.8320
23.5777
24.4460
24.9016
23.9175
24.7665
24.7548
24.6697
24.5387
24.3969
24.4628
24.1316
24.8639
24.5817
25.2460
24.6775
25.3119
24.6848
24.6070
25.0209
25.3798
24.5055
25.0754
25.0985
24.7673
24.9093
25.0126
24.5610
24.4083
24.4695
25.3280
24.6024
24.7030
25.1899
25.0730
24.3971
23.8583
25.2152
24.5455
25.4889
24.8049
24.7986
24.9007
25.9322
25.4209
25.3479
25.6517
25.5331
24.9852
26.3734
26.4129
26.1504
26.1616
26.1869
26.8472
27.4185
26.8764
26.9112
27.1700
26.1250
26.2829
26.7264
26.3101
26.4441
26.8030
26.9371
26.5565
26.8037
27.6737
26.6324
26.8159
27.5004
27.4234
25.7482
26.9862
26.2419
27.7382
28.0610
27.9911
27.1803
25.6722
24.8729
24.8273
27.2948
26.8230
26.7383
25.4144
26.9987
27.7284
25.5628
25.0198
24.5825
24.3630
25.0003
23.3500
24.6714
24.5001
24.6329
24.8735
26.2299
27.3253
26.4569
25.4691
26.3900
26.7575
26.2259
25.7855
25.7038
26.1356
25.1371
27.1708
25.5436
26.3880
26.0153
26.4932
27.0502
26.3197
26.2957
25.4733
26.4359
25.9733
26.2305
27.2365
26.9192
25.1557
26.3518
26.2520
25.6389
26.1491
26.1887
26.7955
27.0419
25.8320
25.9183
25.9023
26.2389
26.7227
26.3743
26.1398
26.1958
25.3287
26.2736
25.9334
26.9738
26.8604
26.3513
26.6936
24.3561
24.4393
24.6113
24.6657
24.1188
25.0705
24.2601
24.3444
24.2625
24.4499
24.4295
24.6920
24.6209
25.0312
25.9088
25.8873
25.7459
25.9856
26.3380
25.8110
24.5568
24.6781
25.0867
24.9435
24.5304
25.2182
25.3385
25.5778
25.5043
24.8085
24.6819
25.2099
24.5700
25.7545
25.0369
24.7334
25.3188
25.0189
25.1170
24.8161
24.5457
25.2463
24.8461
23.6834
24.5063
24.5833
24.4277
24.5764
24.4685
24.7539
24.8190
25.0797
25.0766
24.7745
24.7018
24.6863
24.2580
24.6880
24.6173
24.1886
24.4324
23.9968
24.4662
23.9668
24.9267
25.3992
25.6290
25.0070
26.2210
25.5745
27.5907
27.2064
27.1927
27.1054
27.0285
28.0035
27.0312
27.9360
26.7356
26.7445
26.5358
26.9092
27.0679
27.2922
26.4823
26.3409
26.1915
26.0742
26.9741
26.3319
26.7434
27.5533
27.8250
27.5908
28.7382
27.6257
27.8915
26.0375
27.1049
27.1211
25.7075
27.8712
27.5752
26.3539
27.8374
27.4369
27.3710
28.0340
27.8700
26.6776
24.8058
26.1545
25.2024
25.0177
25.4934
25.4011
25.6732
26.5306
26.3239
27.6363
27.7332
27.0963
25.3987
26.2101
26.4684
26.1554
26.5739
26.9487
26.3652
26.6067
26.5365
26.1393
26.3923
25.7468
26.7398
26.6703
26.2398
27.9562
27.5176
27.0093
28.0099
26.7739
26.8021
25.9677
26.6252
26.1747
26.5613
26.1541
26.1943
26.1715
26.4874
26.1252
26.5241
25.4796
25.0455
25.9967
25.7488
26.6421
25.3126
25.9837
26.2558
25.9654
26.5374
26.3823
26.0329
25.9756
25.8785
26.1661
25.7739
25.6272
26.0561
24.8398
26.1572
24.6547
24.7694
24.2217
25.2863
24.8902
25.9198
24.9481
25.0767
25.5108
25.2610
24.5199
26.8538
26.3753
26.0855
25.9454
25.6408
26.2660
25.7229
25.4883
27.1212
24.3446
24.8259
25.5978
25.5554
25.8530
25.8955
24.3364
25.4540
24.5318
23.7599
24.5110
25.1548
24.4429
25.7387
25.0580
25.5959
26.3434
26.4680
26.0987
25.1160
25.2217
25.1157
25.3909
24.3056
25.4746
25.6445
26.7095
26.4575
26.0526
26.2955
25.9468
26.0332
25.6536
25.4611
24.0769
24.2138
24.5383
23.7587
23.9682
23.7419
24.1211
23.3901
23.6361
23.8018
23.7626
23.8631
24.0667
25.1069
24.7185
23.7183
24.5979
24.3071
25.2329
23.8001
22.7104
24.2340
23.8686
24.3482
24.9380
25.1462
24.2922
24.9467
24.4752
24.5893
24.0286
23.8785
23.2913
23.6534
23.3227
24.2283
25.2181
24.9930
24.7238
24.9982
25.0497
24.7152
25.5861
25.4500
26.4307
27.0151
25.9930
27.2588
25.3211
25.8173
26.9141
25.4346
25.6709
25.6112
26.3437
27.8426
27.2813
26.6625
25.5536
26.8546
26.9324
26.1466
26.3370
25.2975
25.0652
24.3426
25.5228
25.1956
26.2977
25.6719
26.4069
26.2374
26.0893
26.0886
26.0094
26.0680
26.2400
25.5798
25.9734
26.3092
26.0943
25.9019
25.3022
25.7728
25.9744
26.4946
26.4713
25.9965
25.8426
27.5468
25.9278
27.0034
26.0325
27.3201
26.4873
26.9755
24.5911
25.3639
25.3782
24.8958
25.7415
25.2236
25.5454
26.0167
25.5122
25.7939
25.7782
25.2245
26.1257
25.1740
26.5681
26.0655
26.7726
26.7674
25.9603
25.6859
25.9099
25.4454
25.6837
26.2134
25.8717
26.3779
25.9525
26.8179
27.0582
25.5309
27.0012
26.0593
26.2696
26.6203
26.6217
26.6798
25.9931
26.5421
27.8716
27.0629
28.2468
27.2359
29.1181
26.7652
27.2246
27.6164
26.7563
27.4628
27.6544
26.3630
26.5221
26.6388
26.1048
26.0750
25.2653
25.9623
27.1100
27.0450
26.3671
25.6172
26.4957
26.6106
25.6604
25.9924
26.5299
26.6058
25.6907
26.0986
26.0163
26.0263
26.1336
26.0305
26.4269
27.0628
25.5399
26.3545
26.9559
26.2750
26.0529
26.6025
25.8315
25.9797
27.1646
26.2910
25.1575
25.8679
26.3884
24.9634
24.7199
26.0554
26.9577
25.8459
25.6315
25.0987
25.4454
25.1716
25.6408
25.1860
24.8566
26.8101
26.4658
25.6431
24.9281
24.5751
24.8191
24.3135
24.2476
24.5847
24.7874
25.9076
24.9772
25.3919
25.5220
26.0886
26.8707
26.2299
25.9718
25.8464
25.4308
26.1726
26.2511
25.4090
25.2615
25.9991
25.8566
25.6050
26.1059
25.6685
26.4581
26.0808
24.8634
25.7233
26.0064
25.3094
25.4041
24.6018
26.0864
24.8272
27.0780
27.0720
27.2559
25.7080
26.4530
26.6913
27.0024
26.1440
25.7703
26.6031
26.1806
26.5207
25.2479
26.8435
26.9162
25.5627
26.2597
25.1227
25.5289
25.6388
26.6343
25.7098
26.0498
26.3876
25.9178
26.9408
25.4673
25.6025
26.0206
25.8943
26.5531
24.8302
24.4404
24.9518
25.4192
24.2606
24.2438
24.6313
24.1548
25.1756
25.0600
24.9907
25.5976
25.3555
26.2028
25.8419
25.9431
25.5279
25.0654
25.2210
25.5222
25.3235
25.0851
25.8039
24.6057
25.7505
25.0181
24.7986
25.1724
25.4841
24.7331
25.6324
25.4228
25.4700
25.5461
24.9059
24.1723
24.9645
24.3006
25.2007
24.4854
24.8170
25.2912
25.3421
24.8930
24.8723
25.3938
25.6932
24.6508
24.8149
24.8510
24.6073
24.9779
24.6929
24.9989
24.6265
25.0729
25.0853
25.0764
24.7483
24.8071
25.1711
25.9943
25.1276
25.7398
24.8525
25.0834
25.0662
24.5691
25.3583
24.4728
24.9770
24.9509
24.9318
25.2322
25.1186
25.2331
24.6877
24.7326
25.2259
25.0171
25.3530
24.9004
24.7725
24.4685
24.5551
24.9823
25.1794
24.3848
24.5959
25.0145
25.0155
25.1349
24.9588
25.1211
26.1265
25.0739
25.0493
24.5758
24.3811
24.8691
24.5361
24.6034
25.0036
24.6448
25.0750
25.1597
24.6288
25.1685
25.9950
25.6100
25.0715
24.9999
24.8626
25.0177
24.4126
24.7285
24.6005
25.9925
25.4017
25.1432
24.9261
24.9237
25.2833
25.3944
24.6882
25.0622
24.5116
25.2326
24.4219
24.5642
25.6122
25.0709
24.8563
25.0967
25.1430
24.4478
24.2074
24.2951
23.6813
24.2015
23.8193
25.0704
24.4161
24.6965
25.4078
24.6133
24.7682
25.1762
24.7523
24.9091
24.7321
24.7146
25.3754
25.0793
24.5973
25.2338
24.6755
24.6872
24.6508
25.1291
24.3943
24.3046
24.6502
24.2091
25.3226
24.9089
24.7726
23.9255
24.5035
25.0029
25.0964
25.1426
26.1101
25.7587
25.3643
25.3274
25.5010
25.7869
24.9838
25.2934
25.2298
25.3143
24.5059
25.1565
26.6624
24.6077
25.7705
26.1239
25.2031
25.5566
25.7394
25.5541
25.1552
25.5298
24.7340
24.3133
25.0027
25.9200
25.4805
24.9727
25.3209
25.8874
24.8606
25.1220
25.4461
25.6530
24.9353
25.5901
24.9158
24.5670
24.2626
24.3385
25.1682
24.7578
25.2593
24.5734
24.5609
24.0852
24.5498
24.9621
24.8165
24.0948
25.1581
25.1003
24.1246
25.1852
25.6306
24.9517
24.7099
24.6821
24.3261
24.2497
23.6223
24.1027
24.7726
24.9076
25.2195
25.3409
24.6888
25.5269
25.0110
24.0995
24.7048
24.0295
24.6904
24.1989
24.1011
24.9201
24.1850
25.7949
24.1566
24.8225
24.2238
24.9570
24.5939
25.1045
25.6708
24.4271
24.8913
25.2092
25.0161
24.8044
24.8404
25.6996
25.1661
24.7487
24.4507
25.2209
25.5344
26.6304
26.0998
25.7001
25.7890
24.4368
24.8095
25.5925
25.2786
26.0637
25.8771
25.6650
25.9232
26.2669
25.4021
24.6772
24.8332
24.7568
24.5754
25.3728
25.1368
24.6005
26.0985
25.8556
25.3779
25.2367
25.3269
24.6960
24.9281
25.4525
25.9160
26.3946
27.1842
25.8952
25.8007
25.4747
25.6907
26.6557
26.1242
25.1840
26.6171
25.8513
25.5724
26.7794
27.4903
26.6274
26.7450
26.9704
25.6012
27.2747
26.8009
27.6708
27.7392
26.3946
26.5248
28.5606
25.1513
26.5285
26.7419
25.8139
25.8131
24.5911
25.1536
24.4724
25.3700
25.6199
25.4144
24.9261
26.3210
26.4299
26.0717
25.6023
24.8429
26.0870
25.7528
24.9375
25.4859
25.3788
25.3329
24.9032
24.2453
24.4850
25.1921
24.6785
25.3294
25.7370
25.6951
24.3653
24.7181
24.5900
23.9737
24.9972
26.1679
24.9533
24.9905
25.1392
26.8033
27.4137
26.3078
25.8499
25.9597
25.3718
25.5386
24.8772
23.7027
25.8747
26.0148
26.5757
26.1626
25.8769
26.3282
25.1635
26.9798
28.2308
27.9798
27.5741
26.4797
25.2689
26.1811
26.3200
25.8438
27.0252
26.5317
27.3211
26.3612
25.3207
26.2647
25.9702
25.5531
24.9865
25.9939
25.3129
26.4109
26.4713
25.9407
25.6650
27.2262
26.3982
26.8742
26.6581
27.0269
26.6854
26.6889
27.6365
26.9644
27.6912
27.6216
25.9976
28.2377
26.4792
26.1711
26.2129
25.7095
27.9835
27.5269
26.7982
27.3190
28.1944
25.3297
25.8384
26.3514
26.7229
24.6938
24.3006
25.2985
26.8126
26.7381
26.3317
24.7660
24.9456
25.7959
25.8569
25.3460
24.6485
25.6873
25.3539
24.5493
25.2535
25.0707
24.3253
25.4439
25.7786
26.4031
25.4489
25.2933
25.1936
26.5806
25.9329
25.2369
25.3471
25.7031
25.6483
26.1527
24.8353
23.8879
24.9229
24.6023
26.1447
26.5372
26.2895
24.9997
25.1718
25.3831
26.2529
25.5870
26.0027
27.2708
27.1966
26.5839
27.1407
27.1296
25.9629
25.5832
25.5092
25.5127
25.9350
26.2400
25.6145
28.1865
27.5368
27.2416
26.7647
26.0391
26.1986
27.4580
25.8007
25.7917
26.2584
27.0235
25.6866
25.7438
25.3491
27.1721
26.5810
24.8861
24.8913
26.6377
24.5891
26.6229
26.5867
24.8170
25.7181
26.1684
26.2158
27.3723
25.1840
26.4703
26.0712
25.3682
27.2158
25.9488
25.9769
27.4313
26.0393
26.0491
27.2892
26.1198
26.8322
27.3932
28.2437
28.7849
28.0089
27.0370
28.3715
27.3555
26.2941
27.4594
28.6713
28.9179
28.4103
27.3395
26.5270
28.3334
26.4293
28.1378
26.7032
26.7541
27.2435
26.3196
26.0297
25.3011
27.0696
27.0510
26.0108
23.9822
27.2566
27.6703
25.8687
27.1837
25.8740
23.8473
25.6675
25.4158
26.6975
25.9995
27.9895
26.7886
23.8159
24.7989
26.1579
25.3032
24.7598
23.8888
24.4824
23.9884
24.1863
24.1484
24.4858
23.4827
25.1397
24.6245
24.2447
24.1995
25.3762
24.4904
24.9765
24.6502
25.7613
25.5756
27.0742
25.8066
25.3781
24.8960
24.6778
24.8317
26.1363
25.7072
25.2634
24.8072
24.6934
25.1174
25.6227
24.9765
25.3105
23.6560
24.2897
26.2002
24.9935
25.3226
25.9211
27.5961
27.7097
26.9494
26.4636
27.0852
26.4448
25.6707
26.4192
26.8211
26.2671
25.2847
25.4869
25.9678
25.3278
25.0485
26.2201
26.1598
26.8496
27.6700
25.1030
25.0548
25.2478
25.4771
26.1836
24.8533
26.3392
27.0605
25.9685
25.6185
25.4143
24.2476
25.6070
24.5983
25.8751
24.7686
25.5160
25.5367
25.9447
25.5736
25.6699
25.5720
25.0628
26.1805
26.6688
26.6196
25.2260
25.9315
26.4242
25.4772
25.8458
24.6244
25.6625
25.9059
23.6678
25.2334
26.3472
25.9450
25.7240
27.3912
26.1146
25.1461
24.8235
25.4777
25.1941
25.2202
27.1289
26.5518
27.0311
26.4933
26.0867
26.3403
25.5693
25.2114
25.7766
25.9266
27.9642
25.0041
26.8884
27.5755
28.4086
26.3878
26.8535
26.5838
25.8756
25.7674
25.7718
25.3538
25.4853
25.8610
24.8538
26.8080
27.3007
26.2266
25.8860
25.7180
24.2262
24.7488
23.0906
24.5464
24.4331
25.5163
24.1917
23.8103
24.8360
25.5655
26.6525
25.5864
24.6261
26.4126
27.2545
25.5979
25.3272
25.8500
27.7422
26.0475
24.5178
28.0785
27.0590
26.6980
26.6406
26.4951
26.4547
26.5137
26.7202
26.9273
26.3553
25.5534
25.0832
27.2832
28.0659
26.3447
25.5190
26.8751
26.9116
26.5665
26.2470
26.6798
27.1726
25.6250
25.1902
26.2649
27.9428
26.7300
28.2651
27.5520
27.4226
28.1846
26.7020
25.4185
25.6229
24.0587
25.4917
23.9547
27.6691
26.8620
25.5132
24.4177
24.6593
23.7379
25.3863
25.5988
26.3034
26.0660
25.3281
26.3930
25.6985
26.2359
25.5242
26.4809
27.0512
26.0077
26.5131
26.4530
24.5907
25.8636
25.8482
24.6018
25.9487
26.5181
25.6342
27.4150
25.3432
26.9756
27.7912
26.6064
26.2207
26.2543
25.2644
26.0622
26.6007
27.0459
25.0198
25.9516
26.1373
26.1563
24.3153
24.4666
25.6629
26.6970
24.3888
25.0506
24.6130
25.8007
22.6312
25.0234
24.5443
23.2296
23.7664
23.1194
23.4411
23.5940
24.0527
23.8617
23.4585
25.2017
22.8673
23.6102
23.4984
23.8361
23.6080
23.3220
23.6230
23.7823
24.9066
22.7960
24.6003
24.8909
25.6440
24.5928
24.6818
25.7771
27.0554
26.9396
25.7612
25.6443
23.9552
21.7155
22.5233
21.7379
22.3737
21.5865
23.7755
23.3209
25.5419
25.2871
25.4388
24.6314
25.6559
24.7605
25.3114
24.4952
24.6123
24.7334
24.3716
25.2200
24.7270
24.7723
25.3307
24.3943
25.1681
24.9426
24.7426
23.3365
23.1082
23.3722
22.5887
22.2695
23.0140
24.6206
25.5893
24.3553
24.4533
24.1540
23.4581
23.6462
23.8436
25.3980
24.3660
25.4470
24.8651
25.5237
24.5945
23.6769
25.9489
24.7855
24.4889
24.5695
24.5809
25.1117
24.1033
25.5581
23.7368
22.5529
24.2950
23.7669
23.8737
24.7034
24.2137
24.6485
25.0599
22.7664
24.4477
24.2172
25.1655
24.7924
23.3387
23.2851
23.7042
23.9665
25.1963
23.8299
24.3833
23.1201
24.0619
23.8623
24.8535
23.4877
24.9428
22.9157
24.4694
24.2057
24.5608
23.1970
23.1814
23.5456
25.1959
23.6383
23.3524
22.7476
23.0568
22.8926
23.6672
23.7175
23.5466
21.7809
23.3059
23.4363
23.2853
22.5418
23.1124
22.5159
23.4977
23.0724
23.7220
24.2642
22.6740
23.9877
24.1318
24.1991
24.0383
24.4106
24.5073
24.1969
23.4903
23.7465
24.1407
24.0915
24.0085
23.2489
24.0988
23.7524
22.8423
23.6016
23.2339
24.4003
24.1637
24.1715
23.7913
24.2640
23.7741
23.7318
23.9019
23.9621
23.4352
24.2802
23.9115
22.9469
24.1492
23.4966
24.7252
22.9033
23.6126
23.8974
23.1127
22.9118
22.5315
23.1298
23.1789
22.9178
22.7325
22.6464
22.1091
22.1561
23.2986
22.0104
23.0251
23.4013
23.4337
23.9561
25.3611
23.6225
24.8844
24.1456
23.9981
23.9267
24.7275
24.2347
23.2058
24.0893
23.9612
24.2489
23.6994
24.1611
25.8424
26.3791
26.3229
26.1327
25.8274
25.8812
25.4189
24.8573
26.2525
27.4757
26.3417
25.8713
28.3631
28.9912
27.9065
28.3616
27.1356
28.4865
28.8366
27.3585
27.3285
27.8600
27.8120
25.6311
27.6898
28.0649
27.8864
27.8323
27.2889
27.9224
28.5943
26.8217
27.1852
27.0113
27.1377
25.1684
24.1576
23.0328
23.3986
24.4067
23.8811
23.0689
24.5737
26.2557
24.2640
24.5921
24.3087
23.7113
22.9709
23.5977
23.3784
22.3299
23.0752
23.0192
23.5075
24.0925
24.1974
23.9501
24.5952
24.0643
23.1669
22.5487
23.2081
22.7944
23.6790
23.7077
22.8316
24.2683
23.9680
23.7185
22.5558
23.9615
23.4931
23.3364
23.0860
23.4867
23.5882
23.3949
24.0802
23.2542
22.6867
23.9914
23.3428
23.8407
23.2797
24.0201
23.7498
24.3553
23.5877
25.0243
24.3077
23.6818
25.5390
24.1111
24.3213
25.6918
24.5205
24.3446
24.0683
25.9218
25.6526
26.3101
25.1314
24.3115
25.6599
25.6518
24.6149
24.3734
25.0265
25.7894
24.7512
24.5804
24.9298
25.8018
25.2786
24.7200
24.7365
23.2027
22.4291
23.0434
22.7630
23.1114
22.5925
22.5848
23.6259
23.3099
23.8847
24.8028
24.1790
23.2809
23.7283
23.7537
24.1717
24.2503
23.8284
23.4087
23.8921
24.0788
24.0929
23.5007
22.7194
24.4980
23.1713
23.2412
23.0813
23.1119
23.2577
23.3011
23.1410
23.7942
23.0650
23.7330
23.2156
23.0684
22.5754
23.3608
23.2684
23.4358
23.1347
23.0782
23.2061
22.9007
22.7077
23.9030
22.5173
23.1751
23.1803
23.3142
22.1944
23.8544
22.9705
23.3430
23.4003
23.6678
23.0499
23.3942
23.1401
22.6241
23.4384
23.7915
24.0614
24.0299
22.9954
23.5697
23.6033
22.6905
24.2413
24.7869
25.2762
23.6456
22.2053
22.8152
22.8741
22.8395
23.7399
23.0791
22.8913
22.7752
23.0498
23.1671
23.6970
23.6409
22.8914
24.0556
22.7470
23.6017
24.6658
23.3965
23.3030
23.2120
23.5576
24.0144
23.7678
23.7614
23.4971
21.9807
23.4067
23.6289
23.4546
24.1265
24.1409
22.8479
23.7171
24.3841
22.8405
23.3433
22.7046
23.4343
22.4967
23.4777
22.8117
23.6002
24.2543
23.3997
22.7489
22.8928
22.8664
23.1614
23.0891
23.1692
23.7681
22.9905
23.1633
22.2257
21.9626
22.1162
22.7961
22.9392
23.4833
23.0754
23.9008
23.9928
22.4034
22.3631
22.9381
23.1811
24.7364
23.3116
24.3774
23.4597
23.6441
23.9334
22.9720
23.5478
23.1322
22.6653
23.5532
23.5282
22.6940
23.6412
23.1259
23.3101
23.9262
23.6818
23.1607
23.3565
23.1305
22.1020
22.6878
23.4979
23.3805
23.2909
23.4887
23.6854
23.6385
23.4596
23.7501
23.2932
23.2516
23.3801
23.4260
23.4627
23.3492
23.3385
23.8854
23.5201
23.8566
24.2706
23.9090
23.8327
23.3594
24.1189
24.0244
24.2448
22.6045
23.4504
23.6300
24.1673
24.3276
24.0942
23.0407
22.7370
23.5933
21.7163
23.3465
23.5639
24.2912
23.2276
22.7319
23.3801
23.0326
22.7703
22.9116
23.5065
23.1006
23.8339
24.2577
23.8022
23.0855
22.9513
23.4209
23.8849
23.7037
22.9728
23.1003
23.1051
22.8066
23.4537
23.2177
22.3351
23.3304
22.9236
22.1731
22.4341
22.7593
23.3023
23.6528
22.9270
22.2348
22.8216
22.9864
23.7187
23.6840
23.9715
24.2164
23.8973
24.6467
23.2190
23.8800
23.9874
22.7411
23.4760
23.5273
23.3850
24.3074
22.5238
23.0125
25.2797
23.6604
24.6266
24.1109
22.8399
24.2021
24.6293
24.3585
24.2915
23.1305
23.3473
23.7559
22.8559
24.0172
23.4274
23.8669
23.6220
22.7438
23.9138
22.3595
22.8439
22.6823
22.7036
22.0326
23.7001
23.4653
22.7718
24.4913
23.1777
22.9140
23.5156
23.7330
22.9032
24.2328
23.0147
23.0427
22.7275
22.8321
23.1713
22.4116
22.1987
23.0812
22.3123
22.3385
22.7152
23.5615
22.6969
23.4902
23.0713
23.1609
22.6620
23.3610
22.0211
23.5973
23.4630
22.7177
22.6620
23.7116
23.9864
23.3883
23.2666
22.8634
22.6765
22.9478
23.8025
23.2061
24.5243
23.3901
24.0828
23.0985
24.6144
24.0355
23.3964
23.3806
22.5813
24.2775
23.6002
23.1203
23.7748
23.2667
24.0849
23.0084
23.2262
23.0826
23.0953
22.3538
23.0558
23.6802
22.9282
23.0985
22.6635
23.2739
22.2221
23.2408
24.3453
24.0800
23.7582
24.1634
23.6110
24.1983
23.6065
23.4146
23.0204
23.8662
22.6916
22.1821
23.1327
23.8774
22.9974
23.7944
23.6165
23.2509
22.0812
22.9500
23.3330
23.7127
23.5148
23.0512
22.5076
23.5888
23.2252
23.0614
23.2520
22.7087
23.4862
23.8298
23.3247
23.1774
23.4226
23.3054
24.3229
22.6072
23.3235
23.9873
23.8565
23.8533
25.3747
24.6467
24.7115
23.1969
22.1215
22.6807
23.7734
23.4963
22.8312
23.0821
22.5033
22.7380
23.0095
22.8233
23.1565
22.6143
23.5185
23.2420
23.1739
22.7551
23.7104
23.0104
23.8232
23.2307
23.2111
23.2420
23.6584
22.2099
23.3022
22.5902
23.3898
23.1996
22.9027
23.9030
23.2801
23.2521
24.2348
23.6524
23.6014
23.5548
23.6774
24.4126
23.9234
24.3914
25.9496
24.9804
24.2379
23.1042
23.7711
24.8595
24.4141
24.3338
23.1045
23.6839
23.5110
24.5959
24.4941
24.8397
22.0914
24.0935
23.7705
22.5951
24.8637
25.9873
25.0447
25.8260
24.5869
24.8487
24.8540
24.3325
24.5794
23.7405
24.8286
25.1311
24.9077
23.1638
23.0032
23.1212
22.6782
24.3688
22.1124
22.9873
23.3499
23.5292
24.0115
23.7035
23.7777
21.9033
22.5356
22.2408
22.9874
22.7048
24.9717
22.3051
23.1739
22.3960
22.8027
24.1230
22.4984
23.1250
22.6534
23.6524
23.1521
24.3104
23.5058
24.8042
23.9390
23.1096
23.2064
22.1261
23.1782
23.3411
23.0984
23.2213
23.2619
23.1662
23.8378
24.4870
23.5045
23.4428
23.7979
22.9845
23.5637
22.0914
21.3259
22.4021
22.7399
22.0512
23.1368
22.5395
22.9484
23.5394
23.3581
23.9412
23.2977
22.6949
23.1467
22.2067
22.6633
23.2739
23.0281
22.9328
22.6130
23.5091
23.2016
22.6786
24.0303
24.0295
23.3893
22.6392
23.2554
22.8596
23.1428
23.9185
22.7996
22.8564
23.2921
23.2670
23.2546
23.1649
23.9604
23.5388
22.8556
21.5573
22.9976
23.7031
22.5501
22.5479
23.2031
24.5621
22.7060
23.6042
23.7737
23.4368
23.8267
23.2064
23.2864
23.2622
23.2907
23.7975
23.1019
22.2191
23.6987
22.6677
22.6955
23.7071
22.5903
23.0079
24.2057
24.0484
24.5790
23.1096
24.0430
23.2524
23.8169
24.7416
22.1911
22.1076
24.3036
23.3085
23.0690
23.2028
22.4173
22.4959
22.9522
23.1241
22.0590
23.9553
24.3226
24.0224
23.6541
24.0986
23.3316
23.5253
23.0411
23.5852
24.3168
23.7887
22.1240
23.2181
23.4410
23.1297
23.5862
23.6710
22.7956
23.8776
23.2770
23.5311
23.7463
23.2253
23.8757
23.9137
22.3478
22.1922
23.1573
24.1940
24.3876
24.0735
23.5421
23.4991
23.9444
22.9314
23.2806
22.8087
22.5639
22.9856
23.0016
22.8941
23.6998
22.1572
22.1954
23.2071
23.5105
23.4740
22.9164
23.9897
23.6897
24.3850
22.4538
21.8795
22.9210
23.9518
24.3498
23.6399
22.4691
23.1164
22.4444
24.1340
22.4117
23.1633
23.8541
23.0981
22.8078
22.8230
23.1521
22.7773
22.7294
22.8475
23.4718
23.4104
23.9543
23.2478
22.8830
23.0172
23.1821
22.4972
23.2443
24.2548
24.1568
23.2823
22.9047
23.1481
21.7884
23.3821
22.4447
23.5839
22.7342
22.3966
22.1650
21.2110
21.7678
21.8142
21.9930
23.7966
22.2661
22.9946
23.1850
23.9058
22.4192
23.1537
22.7843
22.9657
23.6073
25.1051
23.9505
23.2383
23.2499
23.0436
24.0355
22.9769
21.3326
21.2684
22.6078
23.2953
22.3625
22.8300
22.7609
23.1324
24.5241
23.1118
23.5458
23.8938
23.7122
23.1407
23.0521
22.8985
23.5206
23.1526
23.0111
22.2981
22.9103
23.1932
23.1309
23.1461
23.1299
23.1033
23.1630
23.5074
23.4262
23.0859
23.2942
22.9116
23.1466
23.1339
23.0378
22.2880
22.6962
22.6697
22.2941
22.3413
21.9611
22.8128
22.7428
23.1262
23.4304
22.9777
22.6115
22.1762
22.9653
22.1938
23.6017
23.4927
24.0509
24.3573
24.9722
23.4966
22.9227
23.6866
23.0542
23.4437
23.6812
23.4572
23.5233
23.3729
23.2923
23.3199
24.1794
23.7548
24.0686
23.3782
23.1068
23.6482
23.1538
23.3115
23.8392
23.2349
23.6441
22.9693
24.0296
23.9997
23.5367
23.4940
24.0458
23.9036
23.3343
22.7280
23.1539
23.5485
23.4416
24.1677
24.0129
23.5600
23.2395
23.2288
22.8913
23.2441
23.1876
22.9149
23.5230
23.2895
23.9036
22.8670
23.1954
23.7569
23.0484
23.3699
23.9908
23.9750
22.8573
23.3101
23.2516
23.6736
22.8189
23.0513
23.9426
23.3634
23.5277
23.3981
23.6351
23.6538
23.7353
23.3400
23.3989
22.3132
23.3184
23.3830
23.4803
22.9065
24.9320
22.9020
22.5744
23.2815
22.6592
22.4858
22.4612
22.5082
23.5608
22.8166
22.2052
22.5292
22.1753
21.8648
22.4497
23.4202
23.0768
22.8924
23.4470
23.9807
23.1249
22.4808
22.6307
22.9901
22.0097
22.9681
23.6544
23.8511
23.9545
24.4586
23.4950
23.4959
24.2624
23.4943
23.0342
23.7295
23.9650
24.0884
23.0743
23.1782
23.6579
23.9673
23.4116
23.8719
24.1714
24.0082
23.2643
22.7707
22.9024
22.8308
23.2523
23.2507
23.2451
23.5702
23.2483
23.3963
23.9017
23.1140
22.8809
23.7474
23.6506
23.1202
22.7643
23.2573
23.6462
22.7692
23.4473
22.4597
23.5723
23.0608
22.2804
23.1572
22.7823
22.5233
23.0241
24.1291
22.9216
22.9819
21.2056
24.0133
23.8426
24.2776
23.8255
23.4117
22.5699
22.9515
23.8863
23.0738
22.1215
22.3478
23.0564
23.6178
24.6846
24.5428
24.1377
23.4299
23.0765
22.4296
22.5997
23.7153
22.9346
23.5447
23.7397
25.4603
25.3991
24.6929
22.9279
23.4093
24.1590
23.0573
24.1908
24.5628
24.8259
23.8859
24.4113
24.0878
24.9955
24.7114
23.9399
24.7185
24.6140
24.8349
23.8171
23.3632
23.2422
23.6750
24.6153
24.0396
23.8004
24.3742
23.0990
22.3842
23.5180
24.7567
24.2094
24.7893
24.4041
24.7264
23.8786
22.4366
22.8084
22.7984
22.7661
21.8984
21.8135
24.4190
23.7267
23.1317
23.8798
24.8022
24.4417
23.8690
24.3315
23.8050
24.3189
22.9139
23.6436
23.7244
24.3706
24.2973
23.6543
23.9627
23.6877
23.7472
23.6578
23.6217
23.7460
23.6100
24.2664
24.4040
22.8920
23.7152
23.8260
23.2647
23.5306
22.7333
23.5803
23.4815
23.0334
23.3557
22.5414
23.2101
23.2128
24.2002
23.3373
23.2636
24.2408
23.2382
24.0137
23.3751
24.8095
23.0441
22.7435
23.3077
23.2021
22.9836
21.8451
22.8294
23.7682
23.4495
22.8420
22.7577
23.8567
23.3012
22.6351
23.1654
23.2783
23.4264
22.1515
22.0692
22.6514
23.2853
23.5913
23.0061
23.0907
22.3907
22.6657
22.1177
22.1041
23.0193
22.9277
23.2845
23.0827
22.8752
22.5724
22.2669
23.3078
22.8373
22.9052
23.3097
22.3534
22.8664
23.3009
22.1113
22.7509
23.0147
23.4613
22.7725
23.4675
23.7440
23.6510
23.5724
23.5897
22.8698
24.4792
23.8287
23.2090
23.1592
22.4429
23.8025
22.8389
23.4986
23.3255
23.8944
23.2893
23.6629
23.5284
22.8199
23.3990
23.5287
23.4151
22.3360
22.2722
22.2015
22.4837
22.2832
23.2002
22.5605
23.0233
23.9002
23.2626
23.6960
22.9238
23.3529
22.7921
23.4499
23.4542
22.6077
23.0790
22.3967
23.3309
22.7647
23.4776
23.3693
23.4000
20.9564
21.2348
22.3933
22.4531
22.7629
22.8141
23.6596
23.3654
23.5954
23.4765
23.5486
23.5300
23.3367
23.5108
22.7031
23.3425
22.4038
23.2986
24.4118
22.6949
22.8692
23.0416
23.2049
22.8606
22.9938
22.9657
23.1652
24.8514
23.4736
22.7202
23.2996
22.7931
23.7492
22.1939
22.4978
24.0769
23.0170
23.4610
23.0907
22.5954
22.0873
23.0488
23.1654
22.9740
24.0486
23.6073
23.3790
22.8175
22.8781
23.9341
23.6421
23.9684
23.1299
23.1173
23.8254
22.5158
23.2773
23.2055
22.9244
22.0722
22.4103
23.6242
23.5289
23.5890
22.0916
22.2114
22.1431
23.3929
22.3172
23.3859
23.9209
23.2008
22.7173
21.8448
22.3426
23.0411
23.2292
24.1630
22.8482
23.0873
21.2840
21.0883
21.7295
21.9480
21.1682
21.9294
25.4206
23.9616
23.5186
23.2742
23.7043
24.5994
23.3482
23.4755
23.0217
21.4064
22.8758
21.3521
22.5335
22.0248
22.5181
21.1539
21.7858
22.4898
21.9851
22.0271
22.5255
21.4154
21.0307
22.2698
21.8092
23.3276
22.8378
23.3191
23.4491
23.2100
23.5784
22.9633
22.5146
21.3657
22.5827
23.3615
23.4566
24.0945
23.6324
23.7485
22.7301
22.5683
23.4794
23.2171
23.0959
23.7323
23.1850
23.8439
23.7354
23.6801
23.1852
23.5689
22.9679
23.5237
23.7958
22.5933
22.5676
23.6744
23.4514
23.1498
23.4912
22.6087
23.1117
23.6738
23.5478
23.6163
23.2432
23.6136
23.3188
23.5249
22.6964
23.3880
24.3899
23.3599
22.2671
21.9217
22.5495
23.5739
22.1065
22.9048
23.2434
21.6943
23.5713
23.7286
24.8758
24.2535
23.6799
26.3729
25.4283
23.0347
22.6030
23.0404
22.6430
22.4310
22.6592
22.7276
24.7525
23.8250
24.4459
23.4637
23.3439
23.8138
23.0289
23.1950
21.9087
23.1093
23.3149
22.2392
23.8023
23.4509
23.3713
24.1794
24.8748
22.6684
22.4727
22.6304
22.7250
22.3243
23.4757
23.5398
24.1316
24.6866
23.1963
23.7702
23.3767
23.2700
24.4291
23.8086
22.9870
24.2688
24.2088
24.5724
23.6543
25.1757
23.7332
24.3948
24.4484
24.1615
23.4055
24.7825
23.3589
25.7845
25.2906
25.8306
23.5494
23.9071
24.3032
25.2924
24.9121
24.5574
25.2180
24.6415
26.5250
23.7239
21.8600
23.0717
22.8216
22.8988
21.2586
21.6848
21.5849
22.1982
25.5217
24.2438
24.1703
23.1532
23.9577
23.3895
23.3539
24.3054
23.4482
22.6099
23.6556
23.3144
23.7768
22.9929
23.6570
23.2918
23.3852
23.5996
23.4604
23.5530
22.8844
24.0743
24.8123
24.5527
23.9499
24.3665
24.1077
23.5859
23.2631
24.0229
23.5721
23.6862
23.7533
23.5837
23.9054
24.3462
23.7304
24.4506
24.2983
23.8783
23.9658
23.6174
24.0099
23.9652
23.8120
23.2452
24.1998
23.7747
24.0304
23.4157
24.2956
25.0935
24.7663
23.6763
24.2397
24.2213
24.7004
24.8445
23.8610
23.6312
23.9061
24.8797
24.2090
23.4008
23.8841
24.4585
23.9012
23.5621
24.3864
24.2253
24.6811
24.1363
23.8856
24.8956
24.3169
22.6712
23.2720
24.1529
24.0562
23.9219
24.4066
24.3646
24.0272
23.5237
23.3097
24.2708
23.6157
23.0420
23.2201
23.9648
23.7672
24.1275
23.0431
23.9022
23.7142
23.3249
23.6978
23.3133
24.1158
23.0626
23.7817
23.6167
23.4243
23.2485
23.1823
23.6603
23.0649
23.2447
24.2034
23.7916
23.3288
23.5959
22.8012
23.8990
24.0876
23.2424
23.2689
22.9266
22.7640
23.2178
22.8711
23.3034
21.7878
23.2636
23.1589
22.3210
22.6425
22.9295
22.7384
23.9536
23.5769
24.1472
24.3413
24.4916
24.0212
23.8769
23.2014
23.2790
23.5531
23.6645
23.7449
23.9109
24.1017
22.5320
23.3304
23.7744
23.7438
23.7127
23.4537
23.5481
23.0073
23.2365
22.3745
23.5423
23.2181
22.9770
23.0961
23.7078
22.8716
22.7179
22.4856
23.6016
22.4738
22.5877
22.1701
23.9527
23.9847
23.5760
22.9317
22.8250
22.9491
22.9815
23.0151
23.8625
22.6874
23.0763
23.0097
23.1384
24.2338
23.4280
23.6724
23.7314
23.0833
23.8297
23.2836
23.3056
22.7761
23.4548
23.7549
24.2627
22.4333
23.0443
23.6791
22.8223
23.7259
22.4610
23.6528
22.4523
24.1900
23.1500
23.6679
24.0960
24.1169
23.6172
24.0522
23.9876
24.0642
24.0389
24.5274
24.1950
23.5517
23.8862
23.1008
23.9883
22.9912
23.7748
24.5425
23.2508
23.4367
23.2222
24.4792
24.4210
23.2119
23.3990
23.9523
24.7655
23.5744
23.6813
24.4058
24.8973
24.2765
23.8758
23.6756
24.5576
23.9416
24.4894
25.2314
24.3724
24.2378
23.3998
24.1791
24.4407
24.4945
23.8596
23.8464
23.5856
23.6861
23.3588
24.0563
23.7181
24.2619
24.9082
23.9918
24.0441
23.4881
23.9780
24.0655
23.9809
25.9352
23.4162
23.0913
24.3782
24.3099
24.4831
24.2572
23.3847
23.8756
23.1343
24.2501
24.5085
24.0343
23.4584
25.0345
24.3247
23.9299
23.1943
23.2683
23.7074
23.0167
24.0679
24.0582
24.1233
23.6419
24.2425
24.5774
23.6291
22.6545
23.6987
24.3124
23.9976
23.5326
23.0082
24.0355
23.2354
23.1145
23.4390
24.3174
24.3946
23.6708
23.7761
24.1853
24.4693
23.5947
24.5138
23.6140
22.9335
24.1294
23.6840
24.3841
24.4762
23.9685
24.0090
23.8238
23.2297
23.4764
23.6410
23.0427
22.9059
22.6133
23.4855
23.4816
23.1330
23.9149
23.8492
23.3072
22.7885
24.2351
22.9286
24.2233
23.1464
23.3800
23.5980
23.9760
23.1464
22.8415
24.4466
24.1779
23.6027
23.7548
23.9036
24.0269
23.8940
23.9702
23.7235
23.6549
24.3598
23.8996
23.5952
23.6483
23.0975
22.5899
22.8920
23.3879
23.0796
23.5483
24.6688
23.1828
23.4918
23.5523
24.4704
21.8300
23.3222
23.0673
22.6833
22.4229
23.4880
23.9807
24.3948
22.9094
24.0892
23.8720
23.2454
23.3670
24.1310
23.0515
22.7849
22.2802
23.4909
22.7828
24.3910
24.1042
23.1719
24.0241
23.0623
23.3245
21.9733
23.8855
23.6245
23.7614
23.2186
22.5477
23.5530
23.3307
22.9937
24.1205
23.2572
23.9402
23.7745
23.4741
23.8766
23.7242
23.6427
23.7489
23.3102
22.9230
24.1090
23.3359
23.7873
24.0617
22.2178
23.7791
22.8698
23.7216
24.3537
24.0388
24.0179
23.8450
24.3895
23.4996
23.3274
22.7618
23.4874
23.4064
23.8784
23.7974
23.0360
23.4052
22.6199
22.8072
23.3543
22.4919
22.6226
24.0088
25.2426
24.3830
23.0142
24.2331
23.5944
24.1692
22.3618
22.6277
23.5694
23.1274
24.1141
22.9172
23.3750
24.2690
23.3785
23.6196
22.8664
22.8325
23.0170
23.1626
23.8298
23.8585
24.6138
23.9240
24.0536
24.3787
23.4989
23.7502
22.7536
23.2056
23.6378
23.6079
23.5453
23.8385
24.1374
23.9990
22.7422
23.7252
24.5507
24.0481
22.8109
23.1489
22.9036
24.2691
23.1459
22.7704
23.2211
23.7973
24.1966
23.7250
23.6365
23.4269
22.9947
25.1551
23.3547
23.7949
23.2142
23.9123
23.4500
22.2203
22.5410
22.4755
23.6906
22.8645
23.7655
22.8405
22.5123
21.8935
22.0514
23.3124
23.8659
23.1351
22.6079
22.0647
21.7248
22.8945
22.2542
22.9154
23.3139
22.4927
22.7356
22.5878
22.1280
23.0698
22.9127
22.7273
23.9035
22.6210
22.7090
22.6317
23.5048
23.0561
23.3764
23.0454
22.4222
23.3248
22.6320
22.4957
22.5077
22.1682
21.8843
21.8199
22.4563
21.8464
21.8896
22.3483
23.0134
21.9084
21.6329
21.7003
21.7453
21.7594
21.2015
21.5431
21.6166
22.2030
22.5091
22.4465
21.7333
21.7091
22.2847
22.1310
22.2393
22.8634
21.9239
21.5215
22.1737
22.2630
22.1998
22.0845
22.4063
22.0803
22.4428
22.0123
22.0899
21.8092
22.3017
21.9880
21.6948
21.7114
22.5530
22.8545
22.8594
22.5307
22.6945
22.6530
22.1492
22.1908
21.7009
21.7314
21.6216
22.0396
23.5665
21.4739
22.2493
21.9167
21.9910
23.6973
22.4879
23.0682
23.1978
23.7929
22.5042
24.2332
22.9596
22.0793
21.7239
22.2198
22.4859
22.1369
22.0439
22.2384
21.7210
21.8746
22.3994
22.8056
22.3731
22.9760
23.9804
22.2228
23.4626
22.3833
23.6533
22.7638
22.0409
22.4796
23.3880
22.3379
22.2513
21.8212
21.8463
21.8789
21.6300
22.4647
21.8738
22.5736
22.6221
23.1715
21.9384
22.2595
21.7424
21.8676
22.5382
22.0751
22.1392
22.4425
21.7151
22.6395
22.1124
22.0009
20.2392
20.3130
21.4066
21.9933
22.8672
22.3669
22.2776
22.1916
22.8834
22.8370
23.6354
22.5020
22.9157
21.9978
21.8971
22.6653
23.0856
21.7182
22.8777
21.0886
22.5372
22.3019
22.2952
21.8952
22.0914
22.6507
21.5258
22.2753
22.6499
22.8020
22.9854
23.1480
23.3801
23.8268
22.7329
23.4034
22.6952
24.1295
23.8372
22.9409
22.1853
23.4692
21.6612
22.7173
23.3665
22.9037
22.0355
22.7692
22.4541
23.1094
22.8630
21.8934
22.9176
22.2627
23.7400
23.2833
22.2843
22.1098
23.1085
23.2090
22.4293
24.3110
23.1033
23.9404
23.8364
22.9817
24.0681
22.9222
23.5614
24.2857
23.9409
23.4317
24.0798
23.9366
23.6197
23.2997
22.9886
23.6296
22.9603
23.3905
23.6022
23.5522
23.0539
22.8284
23.1128
24.0930
22.8755
23.4073
22.8090
23.3485
23.8387
23.1963
23.6748
24.0755
24.1820
23.2073
23.3948
23.5460
23.7841
24.3576
23.4181
24.2714
23.5204
24.1393
23.1392
22.6118
23.4758
24.3231
22.3100
22.6160
23.0873
23.6654
22.4593
23.7353
24.0931
25.0685
23.3273
23.0469
23.2141
24.6339
23.2844
23.2038
24.7724
23.2427
23.4429
23.7999
23.6369
23.8460
23.3084
23.3055
23.9625
23.3227
23.7876
23.0226
23.8794
22.8222
23.2739
23.7324
22.7995
22.9198
23.4859
23.2463
23.4568
23.5244
22.9806
24.3589
23.3677
23.2606
23.3186
23.5546
23.0525
23.9517
22.8241
23.6533
22.5390
22.8791
23.2192
22.5348
23.4633
23.7953
23.2956
23.4476
24.1320
22.9200
23.5587
23.3028
23.6525
23.7634
22.2188
22.4391
23.4080
23.8018
22.9461
23.2738
23.7324
22.7650
24.0563
23.4443
23.2884
23.5003
22.8064
23.4575
23.3196
22.6472
23.6253
23.3803
23.9267
23.4255
21.7955
21.7231
22.1192
22.1945
22.6434
22.4407
23.0690
22.0527
22.5775
22.9669
22.8768
23.8223
22.8085
22.2963
22.6763
23.4586
23.3612
23.7935
24.0681
23.4463
23.0654
23.4585
23.0033
23.0522
22.3444
23.3868
23.0085
23.0372
23.7520
23.2408
22.5128
23.1147
23.0340
23.4120
23.7254
23.9962
23.3692
23.2071
22.8260
22.7959
23.5340
22.7132
23.2827
23.6188
24.3240
23.8441
23.2748
23.9812
22.8629
22.2490
23.2619
22.8494
23.1473
22.8185
22.0788
23.3679
23.3322
24.0752
25.1477
25.2373
25.3472
25.0393
24.8631
24.6756
23.1498
24.3919
24.2296
22.7191
21.9152
21.5653
21.4008
22.7477
21.8530
23.0978
22.2616
22.2535
22.6877
21.8779
22.2025
21.9133
21.6872
21.9285
21.5135
20.9852
22.2246
22.3599
22.6340
22.6703
23.4871
22.9319
23.9093
22.6943
22.7460
23.3833
22.9503
24.3131
22.9909
23.9495
24.3406
24.8104
26.3893
24.5224
26.0147
25.9238
25.9647
26.7220
26.6941
27.1954
25.8141
28.1766
27.2077
26.4959
24.7192
25.5722
26.1055
28.0869
26.5587
27.0503
27.7402
27.5433
27.5345
28.1517
28.3661
28.5230
25.9018
26.6116
26.1441
25.7827
24.8057
25.1147
25.6097
27.4963
26.5694
29.5411
26.6701
24.8214
26.0610
25.8142
27.2013
27.6433
27.7224
27.5204
29.7768
29.3793
28.2619
27.4851
27.0601
27.6642
26.0189
29.6128
27.6876
29.2821
27.1943
29.1442
27.5702
26.8450
27.7253
27.0944
27.6525
29.3466
30.1278
28.7434
28.9017
28.8316
26.1093
26.3405
27.7984
27.5807
27.5920
29.3251
29.1665
28.7376
29.2313
29.2812
28.4548
26.9068
28.4203
28.1342
27.9806
28.8658
29.3702
30.7388
28.8163
28.8199
28.7020
29.4191
29.2688
28.7988
28.2077
28.1048
26.8735
30.2906
27.4435
28.3870
29.1223
28.6577
30.0832
30.4061
30.0224
29.3867
27.3390
26.4338
28.0739
26.6849
26.4451
29.3859
27.8683
28.8625
27.0301
28.6257
27.5957
30.2481
30.2121
28.5307
27.2318
26.4100
25.1199
24.1357
24.1007
23.9419
24.2730
23.8350
25.8498
27.3572
25.6919
24.8798
24.6605
24.9570
23.4798
24.5365
23.6439
24.0151
23.4187
23.7288
23.8510
23.3992
22.8436
23.4993
23.4787
23.9706
23.0389
24.6141
23.4038
25.2920
24.0312
25.8052
25.8727
26.1210
26.2591
25.1311
23.2125
24.6064
23.4117
22.8705
26.4980
26.1143
26.4130
26.3057
25.8235
26.3268
25.1406
25.1028
25.7288
26.0261
26.0703
25.5814
25.7935
26.3992
26.4822
27.1621
25.6351
27.2849
26.6439
27.2623
27.2091
27.1759
24.9721
24.7120
24.6275
25.8682
24.6943
25.5985
25.3088
25.1284
26.4266
24.2958
23.9960
23.6682
23.8180
25.5475
24.0063
24.3767
24.4997
24.0788
24.3188
24.7049
24.4776
25.5306
23.3838
23.5995
24.1904
23.9771
23.5136
24.8218
24.4266
24.3953
24.6978
24.0486
23.1346
24.0246
24.4183
24.6045
25.3758
24.3819
24.6514
24.5515
24.3536
23.8798
24.3235
26.1306
24.5932
25.5623
24.3380
25.5705
24.8672
24.6411
24.9989
24.7943
24.4119
24.5008
24.2563
23.8998
24.4002
24.6908
23.9679
24.2379
24.3898
23.8587
24.7265
24.2932
23.2607
25.4731
25.0427
23.0903
23.9768
25.3244
24.6264
24.8047
24.4301
24.5773
24.4831
24.1514
24.4304
23.0970
22.7798
23.2828
24.8893
24.8098
22.9456
24.5759
23.5892
24.0873
23.9738
23.0350
23.0696
23.3260
22.7101
23.0156
22.5198
22.5479
22.7883
23.3625
23.5748
24.1361
24.4796
23.6841
23.9633
23.2934
24.1262
23.6828
24.8285
26.3474
25.2522
24.3722
24.2745
24.9892
25.2386
25.7121
25.7471
24.3761
24.6090
24.0185
24.4632
22.4884
25.1901
24.2955
23.9832
26.9271
26.5916
27.4897
26.5691
28.7018
26.1885
25.3025
25.3228
23.0899
23.3053
23.6505
24.6105
26.2615
26.0037
25.2165
24.6728
24.0576
24.6142
23.3781
24.9409
24.8725
23.5392
23.7528
23.8671
23.4421
24.2209
24.2738
24.3188
24.0473
23.0824
23.9867
24.2518
25.5796
26.7265
27.0555
25.9656
27.8025
26.8028
26.5746
24.7456
25.6929
26.7947
25.6845
26.2552
26.0383
25.4660
26.2962
26.9420
25.8729
24.3825
25.3630
24.3134
25.6490
24.4698
24.3741
23.7596
24.8284
25.1118
24.8826
25.7057
25.3109
24.6239
25.0201
25.2875
25.1539
26.0719
24.8294
23.6882
24.5854
24.8295
24.7659
24.9346
25.5022
24.5638
25.1401
23.6605
23.1075
23.3431
23.5081
24.9891
24.4262
24.6163
24.7805
25.0161
25.2762
24.0460
24.2091
24.0614
25.1063
24.9231
25.6004
24.5020
23.5918
24.1492
25.5296
25.3202
24.9405
24.8886
25.2487
24.1466
24.8826
25.3207
24.7829
25.3043
23.9172
24.8951
25.0524
23.7606
25.0609
24.6932
24.4174
24.6370
24.2394
23.2922
23.5425
24.3991
23.6050
22.9420
23.4001
23.4150
23.3832
23.4317
23.8475
23.6050
23.5273
22.5112
23.3440
22.6716
23.0941
23.2695
22.7848
23.2347
22.7232
22.5049
23.7098
23.6627
24.0623
22.8513
22.8714
22.6047
22.1912
22.2668
21.7506
21.9175
23.1430
22.5407
21.6596
21.3544
21.9918
23.4488
22.5818
23.0661
23.4754
22.5689
24.1443
25.2135
24.3771
23.5609
23.7379
22.1740
22.3346
23.6123
24.8666
25.1452
26.1097
26.0930
25.7013
25.0173
27.3222
27.4332
27.9306
27.8933
24.9063
27.7624
27.9417
26.2666
25.2637
28.4800
25.9744
26.6156
26.8563
27.3843
27.9462
27.2160
28.3248
28.0962
27.6783
29.6324
28.5350
27.9046
28.9252
30.1208
28.7229
28.4397
27.7726
29.0067
27.9581
27.3538
26.0947
27.4108
26.8714
26.8196
26.8632
27.6644
28.2806
28.2349
25.3496
26.8468
25.3342
25.4313
26.1717
26.7395
24.8762
24.7771
25.9857
23.9817
24.5531
26.2422
23.8596
23.9234
23.7869
26.6289
25.6145
28.6698
26.6197
25.4223
26.8360
28.4655
26.6206
26.5219
26.5313
27.0273
25.9660
27.5187
27.3950
26.3428
26.0617
27.4678
25.7694
28.3197
26.4438
26.7715
25.5877
25.5170
26.0279
26.1213
27.4777
26.1494
27.0246
26.9813
26.5637
25.4881
26.3240
25.0558
26.1984
24.6736
26.6865
25.4499
23.7089
23.5379
23.2718
23.5170
23.7118
24.8813
25.1574
24.0052
24.5541
24.3598
23.6003
23.8967
24.5128
24.2343
24.3793
24.5809
25.0254
26.3396
26.5729
25.5235
27.5995
25.1894
25.2337
25.4526
27.4993
27.3172
26.5125
26.0584
25.8309
23.0053
24.4952
25.5730
25.2032
25.1478
24.1514
23.7766
23.7854
23.9677
23.1255
24.4360
23.3295
23.3610
23.3665
23.6909
23.5839
24.5455
24.3156
26.0090
27.9645
28.2726
25.5124
25.9459
25.7284
26.0038
25.6994
27.1520
27.8832
27.2860
28.5798
31.1959
29.3341
29.5277
28.7070
28.2449
26.9696
27.6372
28.1862
28.9208
29.0093
26.7569
28.2068
29.8151
30.2101
29.9883
30.8155
30.9199
30.6109
28.0169
29.1495
28.7670
29.3728
27.8180
28.0744
25.5967
26.0499
25.3351
25.1439
25.9511
25.9824
27.4880
26.6485
27.5843
27.5091
26.1776
25.1468
25.1196
26.3111
27.0349
26.3925
26.0896
26.7746
26.9021
28.2128
26.4796
26.5430
25.7582
26.8413
27.2453
27.8175
29.1258
28.3016
27.5358
28.4167
29.1522
28.1594
28.5813
27.3181
29.3779
28.3779
28.2227
28.5132
28.4703
28.1339
27.0252
28.2915
27.8080
29.1139
27.8673
29.2374
29.0467
28.2278
28.3817
28.0322
27.9741
26.9946
28.5584
26.4095
27.7308
27.2801
28.8224
28.8601
26.8114
27.1120
25.5659
27.8207
29.8428
28.7956
27.2390
27.7863
28.0878
27.0420
27.7563
29.3775
28.1394
27.8288
25.1784
26.4038
29.3562
28.2787
28.9484
28.8722
28.3268
29.5843
30.3706
29.5050
30.2367
29.3733
27.9137
26.6716
26.3599
26.2561
26.5317
26.7640
26.0153
27.5418
26.8510
27.0155
27.7416
28.5727
26.8117
25.1534
25.4086
27.0730
26.9756
25.4659
25.4596
26.1138
26.2426
27.4787
25.8491
26.1379
25.7146
28.4276
27.4433
27.9689
26.3126
27.7348
28.6710
29.0053
28.1088
28.3966
27.7418
27.5098
26.8007
28.0486
27.7085
26.4867
27.0526
27.1568
27.0626
26.4300
26.5317
26.0379
26.6880
26.7327
26.6292
26.5958
26.3996
26.2224
26.1619
26.2035
26.3854
26.7817
26.9449
28.5595
27.3143
29.9703
27.3444
30.5295
27.9297
26.0530
28.3527
28.1627
28.7316
29.5257
28.9127
29.4768
29.3219
30.9353
30.5586
30.3847
31.6719
30.8377
28.9842
29.1092
27.2235
27.1465
27.1404
27.0765
26.0773
27.7426
27.9990
27.6560
26.9102
25.5499
26.5299
25.9045
27.2066
28.0626
26.3361
27.2840
27.4262
26.5848
27.8827
27.5152
26.9464
27.1845
24.9218
25.4382
25.9216
26.7232
25.3749
24.9206
25.1195
24.9820
26.1944
25.3673
22.4844
24.2705
25.1325
26.2481
26.5466
25.0912
24.3592
24.1695
24.6994
25.2476
24.5367
25.2382
24.7135
25.5008
24.2147
26.1761
24.6692
24.4212
23.5416
25.3665
24.9724
24.4508
25.1220
25.6621
24.6058
24.4388
24.7747
24.3217
26.2449
26.0777
25.5605
23.2441
24.7207
25.3775
24.9837
26.1303
25.8108
24.5334
24.2977
24.5030
25.6387
25.9904
24.8541
25.2784
25.7215
26.1270
25.5315
24.4592
24.3667
25.7674
25.1577
25.4285
26.4144
25.5303
24.7818
24.7045
26.7041
26.4189
28.1775
26.9020
25.2027
24.3615
24.2702
25.2036
25.0760
24.1302
24.2693
24.3603
24.3176
25.5048
24.3583
24.8725
24.1161
23.6073
24.1568
23.3911
22.3605
22.1221
23.4441
23.8433
24.0043
23.1850
23.7439
23.4884
23.4142
24.7027
23.3738
24.5657
22.5303
23.0363
23.1892
22.4722
23.5466
23.3846
24.3908
24.7994
26.7114
27.7250
26.3039
26.5076
25.0861
26.3487
27.4086
25.9000
26.9657
25.5758
26.9156
26.3721
26.2922
26.4088
26.1085
26.3157
26.6130
27.1415
26.8969
26.6916
26.9205
26.9272
26.8678
26.0983
26.1204
26.2859
25.9851
26.2655
25.6076
26.8167
26.2636
26.8726
25.4931
26.4761
26.7336
25.6421
26.5988
26.4158
26.0081
25.5700
25.1686
24.9458
24.9976
24.3588
24.5666
25.1659
25.2741
25.4632
25.2419
25.8863
24.0025
25.7988
27.2146
26.6169
26.0720
25.8151
26.5335
25.6485
25.8352
26.3098
26.9462
27.9183
25.9940
26.2606
26.6983
26.0567
26.9050
26.8277
26.7040
25.3470
26.6781
26.9798
27.8278
26.8228
26.9048
27.8953
26.3344
25.8697
26.0210
25.6718
26.0293
26.3368
25.9219
26.3803
25.5169
26.2384
26.5989
26.0240
26.6339
26.4934
25.3784
25.8957
25.9265
26.0149
26.6320
26.1545
24.8164
25.0308
24.2136
25.3269
26.2627
25.7303
24.8982
25.1583
26.1723
25.6618
27.0694
25.2720
25.5615
25.5301
24.9733
26.3778
25.3935
26.3622
25.4874
25.3771
25.2845
23.7252
24.5360
23.9229
25.6850
24.9476
26.0853
25.0880
24.8765
25.2378
25.5369
26.1525
24.4942
24.5161
25.5987
25.0438
24.4509
25.0774
24.5729
25.8156
26.2562
26.2157
25.7518
25.0400
25.1930
25.2798
24.8190
25.4744
26.7809
25.6689
25.3919
26.0125
26.5820
26.1742
27.3279
26.4650
26.9689
26.3945
26.1157
26.4875
24.9797
24.7141
25.3343
27.2684
25.4257
24.4044
24.4635
24.2449
25.4564
23.2382
23.8876
22.6317
23.7229
24.8178
24.0449
24.4369
25.7787
24.9167
24.6418
23.0800
23.3619
24.7844
23.4333
23.9110
25.8634
25.9015
24.9858
24.8827
22.8781
22.9985
23.7319
24.0112
23.8035
24.5368
25.1837
24.6522
24.9746
25.9435
25.7680
26.6002
26.7354
25.7748
26.9223
25.2603
26.4220
25.1061
26.1443
25.3272
26.7402
25.8455
26.4032
25.4453
25.7504
27.4001
27.0438
26.2012
25.3918
26.8223
27.7639
27.9699
27.4831
26.2486
25.7720
26.5278
27.3628
28.6691
29.3098
28.8442
27.2292
26.9756
27.5936
27.3075
28.3380
27.4774
27.1331
29.5786
28.3873
28.5535
28.5578
28.2302
30.0072
27.9586
27.4708
28.3265
28.8236
29.7709
26.6924
27.6637
27.4076
28.4231
27.9372
27.8842
27.7126
27.9228
26.4016
25.8211
27.1420
25.9363
25.6472
25.1158
25.8876
25.6529
26.3606
26.4348
27.2701
26.5813
27.0510
25.7269
26.7094
27.9405
26.8727
27.4480
27.9684
28.4185
29.3249
29.6909
28.9564
27.8510
28.9193
28.4715
28.7549
30.4886
31.2477
30.2815
29.8734
28.3079
29.1809
30.4686
30.0488
30.2019
28.3139
29.4615
29.7229
29.0448
29.9295
28.2026
27.0670
27.8775
26.6803
27.6302
28.8391
27.6475
29.2886
29.7042
28.1106
29.2919
30.6441
29.1505
28.6576
28.8846
27.5832
28.8073
26.5153
28.1688
27.9720
28.8855
30.1091
28.8906
29.2300
28.1693
28.4288
26.6002
27.4183
27.7902
27.4478
27.7556
29.2015
27.9449
29.1445
28.4917
27.9010
29.1204
29.8765
29.9642
28.0799
27.8407
28.5603
29.9019
29.3276
27.4939
29.5186
29.9284
31.4698
29.8050
28.5976
27.9704
29.3106
28.8043
29.0523
27.7008
28.4979
27.6692
28.0071
26.9252
28.1674
28.5016
26.9749
26.2327
26.4225
27.0393
26.2039
26.9861
27.5681
27.8948
27.0871
28.6258
29.3075
27.2242
26.9031
27.0438
26.3923
28.9419
26.4110
25.5989
26.2224
26.6982
26.6756
25.9679
25.6432
25.1872
25.3809
28.8965
27.1162
27.6471
26.7780
25.7817
27.3644
27.7233
26.5878
26.1206
26.9474
27.6839
26.8462
28.2347
25.4054
25.7364
26.0137
27.0616
26.9989
27.7957
27.1133
28.0533
27.5735
27.1793
25.8682
26.4304
26.4088
27.4966
25.9916
27.3320
27.5233
28.0643
27.5852
28.5138
28.0387
26.9036
27.5048
27.3246
28.1684
28.6483
27.6273
28.0311
27.5543
28.2416
26.4307
26.6754
26.1397
26.8182
27.4722
28.7726
26.8942
25.5249
26.4813
26.7882
27.3558
27.1672
29.3384
26.8384
26.8002
27.3100
25.0733
25.5464
26.1792
25.8734
27.1168
26.0456
28.2098
30.0416
27.4238
27.6653
25.7346
26.9536
25.4903
26.0463
27.0655
27.9259
26.3906
27.8130
25.8883
27.0337
27.0344
27.6742
26.4916
28.9583
27.9835
27.4135
25.5570
25.2654
24.9637
25.8080
27.7597
27.4219
27.5667
26.1594
27.1490
27.1081
28.8462
29.5313
27.6973
28.3764
29.2514
29.1111
31.5034
29.9935
29.5391
28.6567
27.5022
27.6648
28.9257
29.1548
28.0007
29.0195
28.6605
30.1723
27.5182
28.2342
28.0879
25.4778
26.8082
26.0184
27.7070
25.8566
27.4073
28.0892
26.4753
26.1123
25.6021
26.9920
26.3323
26.1262
27.8780
25.8669
26.9488
26.6176
25.6528
26.6892
25.8541
25.7322
25.7678
25.9806
27.3993
25.1411
26.2753
26.3216
27.6966
25.8185
26.9462
25.8229
26.2385
25.9020
24.4938
25.9941
26.4916
26.3723
25.8489
26.1939
26.2895
24.6179
26.4191
25.8568
24.1086
23.8480
25.2919
23.7951
24.2561
23.4029
23.8855
23.4213
24.3843
24.2377
24.3938
24.8375
25.2444
25.6984
25.2334
25.4160
25.0157
25.0408
24.2440
25.8198
25.5863
25.5514
25.8792
25.1913
25.0341
25.1568
25.4219
25.7173
26.4922
26.2750
24.0990
23.7537
23.1719
24.7785
24.0323
24.8683
24.6596
24.3601
23.8217
23.7239
23.7609
23.7595
23.6023
25.2923
25.8860
25.5163
24.5151
23.4718
23.5943
24.6445
25.1438
25.5257
23.5183
23.3563
24.9380
24.7026
24.0901
24.0410
24.7630
24.3908
23.4069
24.3647
23.9800
24.5276
24.9829
25.4487
24.1148
24.9979
23.7101
24.1158
24.9712
24.7232
25.2187
25.8336
25.6659
25.2567
25.2994
24.4642
25.5312
23.8893
23.8846
23.7061
24.4346
24.3551
26.6238
26.6067
24.4545
24.3621
23.8120
24.0339
23.6899
22.9169
24.5291
23.7694
24.5092
24.2410
24.4379
23.8433
24.3019
23.0258
24.6575
24.2558
26.6261
24.7087
25.1894
25.5764
25.1831
26.5389
26.3771
25.2946
26.0665
26.7545
25.4619
26.9789
26.3545
28.3495
28.9107
26.6739
26.8164
27.5370
25.0088
26.5025
27.0758
26.3575
28.4062
28.2798
27.3127
27.4793
28.7320
29.2771
27.1438
29.9113
28.8158
28.2571
29.0767
28.5777
29.0386
29.4724
28.0205
27.4231
28.0343
28.4032
29.2858
28.1747
27.2896
28.0329
28.1273
28.9533
29.0257
28.9755
32.7063
31.7877
31.0063
33.1738
32.5782
32.3172
28.5572
28.2472
30.3822
28.8423
28.6291
28.7922
26.8443
26.8536
25.1419
26.1217
24.1504
25.4158
25.4870
24.5453
24.7112
24.6186
23.8291
23.7073
24.2026
23.7568
22.5452
25.2440
22.1520
23.0350
23.5835
24.1936
25.7102
25.1798
23.3767
24.6589
23.5497
24.7581
23.9366
23.9545
24.8956
24.6870
24.4308
22.4665
21.4999
23.3310
23.1500
24.7472
22.6767
25.0892
24.8341
24.3841
24.3538
25.9254
24.6315
24.3105
24.3392
24.5705
25.3886
26.9400
23.8951
22.8849
23.4292
25.3419
27.1596
26.8764
28.5246
27.4340
27.7424
28.5697
28.3074
26.9412
27.3654
27.6110
25.3007
25.4442
24.9775
24.0676
23.4736
23.6173
24.5515
23.8267
26.4722
25.2607
25.2460
25.4887
26.6788
26.3682
25.8594
26.1450
24.5143
26.8242
26.0446
25.2382
24.1694
25.8312
24.0065
24.6777
25.0319
24.8803
25.2305
26.7213
26.7546
27.4746
24.5732
26.7057
27.4042
26.9421
28.5171
28.3101
29.1285
32.2198
32.3271
30.4966
30.3835
31.6982
30.0143
28.6974
28.6468
31.4197
28.3552
27.8412
31.1990
30.0765
28.2325
29.9506
29.7669
29.1477
32.0226
33.1356
32.4744
33.6760
31.2331
31.2606
32.4478
31.7875
31.0914
31.8363
30.7733
29.8357
33.4045
31.4834
32.2478
32.0910
31.7109
31.6349
33.7721
33.8758
32.3528
33.2510
32.3657
31.9087
31.9416
30.4722
33.7802
30.8156
31.4898
31.0880
30.6967
31.4558
28.0000
30.7220
29.7167
29.0910
30.9403
31.2121
27.7950
29.7467
27.3880
30.4329
28.9416
30.0894
28.8750
27.8353
29.6124
28.9271
29.1850
27.8642
26.6322
26.1845
26.8905
27.1060
29.6258
30.7047
29.5792
27.5534
29.1686
29.8041
30.1223
30.3944
29.5783
28.4755
28.9980
29.3501
28.5523
29.8735
30.2206
29.2000
30.9551
29.8119
29.5073
29.3903
30.3704
29.7140
28.6153
29.5366
30.2229
30.0480
30.4643
28.8787
27.9608
28.5694
28.8903
29.7923
30.3997
28.1982
29.4869
28.9189
29.0072
28.8809
28.1677
26.8742
28.8773
29.8996
30.1106
27.1497
28.3216
30.0688
29.6409
27.0021
28.2126
28.3127
27.9202
27.7515
28.7151
29.7464
29.1329
27.9637
30.6982
28.3732
27.2161
29.5831
27.6853
27.6320
28.1815
28.7495
30.3155
29.3152
29.1090
28.5403
29.8949
29.7657
28.2146
26.8150
28.1637
26.6748
28.0736
26.1311
25.7086
28.8040
29.0463
28.3144
27.5851
27.4032
28.2504
28.1135
27.5245
27.8148
27.4470
27.6654
28.4203
28.3199
27.5663
29.3711
27.4556
30.1708
29.6898
29.6985
31.4341
28.9227
30.9548
29.7709
30.7850
28.5636
27.9720
28.7468
27.9354
25.7602
29.3520
26.7911
29.8234
28.8095
29.8633
29.1952
28.3821
29.4150
28.9088
31.0157
31.6022
30.8183
28.7083
28.3949
29.0758
28.0241
26.1886
29.0197
27.3174
28.4268
28.3489
28.8274
26.1075
29.3895
28.0043
28.7741
27.3288
26.5089
27.1140
26.8442
27.8857
27.3092
29.4222
26.9136
28.7239
25.3984
27.0204
28.8682
26.3082
25.0484
25.9092
24.6399
25.4214
26.5155
26.4694
25.5806
24.4841
26.1511
25.1436
26.5378
26.1273
25.1530
26.3989
24.3538
24.0862
25.5806
24.6245
25.1773
25.7741
23.7374
25.1567
23.7607
22.2856
23.3048
24.5859
24.7267
23.8319
23.8958
23.9850
25.4351
25.6995
23.7604
23.0153
23.5579
24.4089
23.9673
23.3065
25.0764
24.3861
22.7006
23.9636
23.9548
24.7773
24.4682
22.2873
22.7250
25.7056
23.6510
22.7026
23.5919
25.3740
25.7518
25.5318
26.4340
27.3026
24.8581
25.7574
25.3131
25.6667
24.0838
24.1734
24.1792
25.8544
24.4185
23.8765
25.9615
23.8891
24.7151
25.0969
24.4581
25.1217
24.6858
23.4645
25.9888
26.1907
25.3533
25.8466
24.5521
25.7367
25.4482
26.5810
26.4416
25.8488
23.5290
26.0459
25.3619
24.0913
24.5378
24.7626
25.2748
25.0433
24.2394
22.9860
25.8655
24.3305
25.2680
26.6947
24.6496
26.1347
26.1555
29.2721
28.7573
27.7923
27.6485
28.1501
29.1120
27.0972
30.0081
29.8314
28.8675
27.2838
26.9895
26.4428
26.2800
27.7568
26.5464
27.8055
25.0520
24.9675
29.4416
25.4752
26.9482
27.0279
26.8458
26.6277
28.1660
27.6989
29.0676
27.7444
28.1689
29.2686
27.1411
26.9647
26.6674
28.5324
28.6986
27.1101
26.4829
26.0904
25.7909
25.1644
27.4745
27.1945
25.1352
28.4673
27.9118
26.5632
27.3200
28.2498
26.4526
26.3068
26.4059
28.9252
28.3487
27.7499
27.5392
26.4725
27.9268
26.6037
27.9660
26.4285
26.1063
27.3748
27.6927
29.7456
29.7308
31.2806
28.5089
27.3460
27.7522
27.6902
27.4450
28.5939
28.8479
27.8468
28.6132
29.0055
26.5104
28.2144
26.4184
27.2605
28.2684
29.3918
27.6893
27.2414
25.5994
26.7774
29.4359
29.0631
28.7708
29.5363
27.7598
27.7666
27.5861
27.9106
29.2718
28.0149
26.9321
28.4314
25.9968
26.9697
28.6385
26.3570
26.6042
28.1540
27.3203
27.0357
27.5949
26.5668
28.1907
28.3802
27.0005
25.4291
28.4624
27.6907
27.5711
26.9212
25.6790
26.9984
25.9118
29.9606
29.7420
27.2516
27.6886
26.6107
24.9056
26.9173
26.6924
26.5106
27.4691
26.4411
26.5606
26.7438
26.4244
26.2024
27.5288
28.0968
28.1650
28.8186
28.9661
28.6188
28.0567
29.1846
27.7984
28.9014
28.1991
28.8278
27.8250
29.2779
30.7211
29.5388
31.9709
30.2224
28.6856
29.1145
26.2243
27.5585
28.4686
28.9864
28.5521
28.0403
29.1270
28.7759
30.4803
29.7199
28.5044
29.4970
30.3941
30.0214
29.9829
31.2351
30.9858
30.7341
28.5954
29.2930
28.8621
28.4843
29.1546
29.7867
29.8695
30.4012
28.9519
30.6771
31.2859
30.5572
30.5655
30.6123
29.5019
28.0472
31.0287
