21.2981
22.1965
22.2186
21.8744
22.5268
23.2196
21.8829
23.4187
21.5653
21.9678
21.6395
22.3528
22.1014
21.2541
21.9384
22.0962
21.6230
22.4980
20.9814
22.0257
22.2688
21.6787
22.7405
21.8371
23.6299
23.9219
23.4645
22.9398
22.2248
23.0349
21.8967
21.6184
22.9063
22.9780
23.0899
22.7435
21.7009
21.9712
21.7816
22.6179
22.3934
22.0122
22.1666
21.9289
22.2369
21.7176
23.6928
22.5504
22.7171
22.6244
22.8626
22.5788
22.7813
22.9607
22.5262
21.7651
22.7087
21.8226
22.6948
23.0663
23.7249
23.8399
23.9187
22.6275
22.8642
22.9527
22.9404
22.1537
22.8785
23.0053
23.5741
22.4945
23.0944
23.6200
22.6722
24.0216
23.1675
22.6452
22.7833
23.0165
22.6140
23.1803
22.5653
22.6067
22.2450
22.6920
23.8295
24.0493
23.0308
23.0916
22.0524
22.3096
23.6577
23.1018
23.6922
23.7545
21.9497
21.6513
21.9119
22.0681
23.1201
22.7255
22.3619
21.7135
21.0755
22.4861
21.7445
23.4255
21.3556
21.3482
23.9070
23.1271
22.8881
23.5071
22.4782
22.6759
22.9461
22.7400
22.2548
22.1769
22.9173
22.5850
22.6789
21.6836
22.1074
22.0948
23.3467
21.6360
22.3211
21.6277
21.6130
22.4019
21.4023
21.4215
21.3450
20.9724
22.6675
21.6063
21.2526
22.0193
21.3523
21.2769
22.1702
22.1736
22.3327
22.2059
21.7363
22.3140
22.4437
21.2768
23.0657
22.6405
22.6869
22.9002
22.4355
21.7808
21.5346
22.4912
23.0821
21.9532
21.4620
22.9506
22.4885
22.7001
21.1954
21.1917
22.2682
22.7868
22.0486
23.3032
22.7954
22.6456
22.2615
22.8564
22.4541
22.6629
22.3504
22.9283
22.4779
22.9175
23.0972
22.2069
22.6843
22.0811
23.6063
21.8141
22.4358
23.3648
23.3212
23.9339
22.4613
22.0269
22.8531
23.3132
22.3706
22.1691
22.0695
22.9205
22.8202
22.8567
22.5950
22.8682
23.3569
22.8830
23.3545
22.8520
22.1858
23.0525
22.5682
23.1581
23.4975
23.3160
22.7529
22.4194
22.9053
22.3269
23.2568
22.1390
22.0444
22.3060
22.1781
22.9175
22.3397
21.9118
22.5969
22.8450
22.1824
22.2959
22.8089
23.6370
23.5327
22.7822
23.4707
22.4378
22.6075
22.5750
22.4790
23.1629
23.3022
23.4039
24.1548
22.6655
22.7478
22.1182
22.4623
22.1823
22.3894
22.2583
23.9270
22.3286
22.1691
22.8419
22.3122
21.7846
21.7447
23.6963
22.2962
23.2078
22.5299
22.8370
23.6556
22.4167
22.7165
23.7599
23.2817
23.4789
23.3480
23.2207
22.9685
23.7172
23.0194
23.5030
23.8735
22.5131
23.7785
23.6703
23.8654
24.0587
23.7706
23.9095
22.4057
22.8564
23.0234
22.8974
22.7511
24.1083
23.2318
23.2603
22.8475
22.1278
22.9573
22.9346
22.8042
22.8734
23.3451
23.0941
22.9883
23.4237
22.3221
23.1719
22.4500
22.7940
23.0623
22.9526
22.0154
23.4056
23.0315
23.0402
23.3584
22.8228
21.7483
22.8468
24.2398
23.3835
21.8544
22.5314
22.7689
22.9607
23.6614
23.1389
22.8692
22.3689
22.4138
22.4084
21.8091
22.9453
22.2326
22.4172
23.0770
22.3088
22.4975
22.3265
22.0675
22.8297
22.5495
22.6776
22.2969
21.3954
21.5885
22.0442
21.9675
22.9180
22.3203
23.0617
22.1787
21.3398
22.7723
22.1341
21.9664
22.1875
21.7455
21.7670
22.6096
23.6288
22.9446
23.2811
22.4335
22.8471
21.7100
22.9304
22.9659
23.4930
23.2909
22.9668
22.5038
23.2464
23.1219
23.4372
22.2066
23.0606
23.5817
22.3904
22.8952
22.3632
21.8783
21.4079
22.7664
23.7418
24.1238
23.4056
21.5751
21.9352
22.6554
22.7158
22.4264
21.8769
22.3734
22.6908
21.6423
22.5441
22.8801
23.4244
23.8113
22.9856
22.4322
23.0073
23.2158
24.3217
23.9689
22.4182
22.9902
23.3576
22.4089
23.2083
23.0942
22.4893
23.1033
23.4416
22.4859
22.8232
23.6498
22.7863
22.7153
22.3453
23.3230
23.5124
22.3767
23.6623
24.0458
23.3206
23.3441
22.4794
22.5179
22.2924
21.5324
22.1982
22.3599
21.9829
21.7022
22.8278
21.9178
22.1444
23.4975
23.0627
23.3478
23.3100
23.1587
24.3038
23.7096
23.7863
22.4117
23.6287
24.3371
23.7229
23.7443
23.3262
23.1316
22.6899
23.2571
23.3612
23.0400
23.0951
21.9647
22.6455
23.8448
22.0947
22.6936
22.9505
23.5086
22.9126
22.5666
22.7827
23.8043
23.0610
22.8903
22.5893
22.6848
23.5158
22.7561
22.6169
21.9052
23.9232
23.6656
23.5623
22.4248
23.3670
23.2116
22.4217
22.5299
23.0305
21.9112
22.8843
23.7090
21.8092
21.5674
21.6700
22.0177
21.6204
21.9500
22.3390
21.8168
21.3168
21.8805
22.2956
21.7650
22.8926
23.5879
23.6184
23.5191
22.6328
22.3880
22.6340
23.0663
22.4275
22.6888
22.3566
23.1978
23.1062
23.3733
23.6547
21.7937
22.2530
22.3616
22.3909
23.6313
23.0315
23.6313
23.7883
23.1199
22.1140
23.2080
23.2879
22.6864
24.2614
23.3630
22.0010
21.1344
22.1404
22.9518
23.0596
22.0581
21.7979
21.4591
22.0631
22.7975
23.1446
22.9957
22.3071
21.4619
21.7000
22.1023
23.0534
21.6226
22.1757
21.9023
23.6009
23.5995
22.4532
22.6979
22.9916
23.0426
23.5207
22.7140
23.1262
22.9060
23.6915
23.5792
23.1302
23.5519
22.8457
23.6288
22.2250
22.5398
22.7624
22.1901
23.5539
23.0610
22.6506
22.8369
23.3059
23.0160
22.2020
23.0754
22.2393
23.6385
22.1063
21.5871
22.3374
23.4455
21.6108
21.5810
22.2134
22.7277
22.6505
22.0589
22.3018
22.0416
22.7522
22.6182
23.4995
23.0154
23.9065
23.5301
22.2827
21.7004
22.5383
22.8284
22.5069
22.0342
21.4519
21.9704
22.7188
22.8982
21.8574
21.9446
21.9677
22.0868
22.2796
21.5184
21.7272
22.3341
22.4973
22.1463
22.2073
23.1008
22.1342
22.1680
22.6679
21.8677
23.9803
23.1870
21.9396
22.0461
23.5939
21.7770
20.8434
21.3561
22.0380
21.6516
22.0307
22.9626
22.1694
22.3561
22.8291
22.5327
21.0514
21.6156
23.2740
22.9749
21.9639
21.8004
21.6520
22.8312
22.8553
22.3619
22.8127
23.4461
22.8624
23.2936
22.7678
22.3672
22.9510
22.9859
22.9658
23.0137
22.6757
23.8348
24.0895
22.3106
22.6676
22.8075
22.6026
22.5688
22.1476
22.7816
22.2398
23.9927
23.2798
22.2381
21.8982
21.6199
22.6637
22.6744
22.6838
23.4007
23.1526
23.2990
21.8760
22.5281
23.0697
22.5022
22.1368
24.2072
24.5029
23.4622
22.3216
22.7587
22.9166
22.6123
22.6969
23.7522
24.3194
23.3295
22.7430
23.5186
23.6064
22.3028
22.5391
23.2908
22.5641
23.8996
23.2880
23.5013
23.4674
24.3896
23.4416
22.8319
22.9796
22.6755
22.8177
22.2568
21.9816
22.6904
22.6863
21.9644
22.4621
23.6587
22.8512
22.5790
22.1044
22.2005
23.2870
23.5414
23.8668
23.0936
22.5152
21.8589
21.9768
22.2105
22.5228
21.5100
22.5299
22.2981
23.4628
23.8798
23.7285
23.3163
23.6788
23.3456
22.7036
22.3794
23.5824
22.7686
22.2105
22.6661
21.9473
23.6813
22.6756
22.0706
22.4602
22.1860
22.6117
22.1053
22.7931
22.5570
22.1734
23.2296
22.5034
23.1936
22.9844
23.8592
22.2553
22.4304
22.5118
23.2570
21.3589
23.2048
22.0153
23.4586
22.9728
21.8064
23.4668
22.6558
23.9726
24.0528
23.6000
23.2211
22.3981
23.4540
22.7268
22.8090
22.4960
22.8443
21.5666
22.6823
21.9923
21.5110
23.5811
22.6066
22.3566
22.6312
21.6733
22.8233
21.7655
21.7053
21.7930
21.4511
22.0375
22.1917
22.7135
22.2369
22.8616
21.5195
23.0568
22.0113
23.1060
23.7643
22.7661
23.9067
22.0654
23.1082
21.2172
22.2664
21.9042
23.3598
22.3202
23.2288
23.4481
22.9858
21.8800
22.7127
23.5193
22.8183
23.2567
22.5900
23.5850
23.5402
23.1407
22.8566
22.1188
22.4962
21.0678
21.4218
21.8413
23.0677
21.2379
22.3478
21.8406
20.9379
22.3196
22.6710
21.5831
21.9977
21.3862
22.4177
22.6360
23.0623
22.9016
23.1387
22.5678
22.3910
23.0242
22.9933
21.7347
22.3272
22.5298
23.4646
23.0907
23.1362
22.8666
23.5885
21.7416
21.5563
21.8276
22.4776
22.3202
23.2443
22.3924
23.3106
23.1404
23.0508
23.1017
22.1927
23.1885
22.7453
22.4061
21.2890
23.4060
21.9401
24.0541
23.0686
22.2392
22.5051
22.3545
22.6745
23.1873
21.9176
21.9890
22.4236
22.1890
22.0153
22.5618
22.9845
21.6962
21.6512
21.6019
23.7446
22.7006
22.8954
23.6736
23.2012
22.9539
21.6603
21.8627
23.7492
21.9479
22.4597
21.7910
23.3503
22.7235
23.5776
22.7302
23.1511
22.2541
22.9174
23.0390
23.3744
22.7017
23.3120
23.5808
23.0708
23.4160
23.5024
22.4375
22.3861
22.3163
21.9977
23.4437
22.9657
22.6527
22.3742
23.2904
21.9605
23.4773
22.1965
21.7872
22.3273
23.4969
22.6148
22.9169
22.3793
22.7945
21.4170
22.8633
23.4966
22.3017
23.1126
22.9098
22.6543
22.6575
22.3867
22.9816
22.1439
22.2954
23.3326
22.1496
22.6493
22.5128
22.5742
22.5670
22.6498
23.8931
21.6478
22.5244
23.2342
23.1118
22.9980
23.1253
22.8593
22.7232
22.5115
21.2533
20.8937
22.7571
21.8790
23.4492
23.5263
23.1065
22.7563
22.9758
21.7277
21.7974
21.9273
22.9964
22.9277
21.8874
23.1187
23.2139
23.7797
23.2567
23.0521
22.7533
22.5960
21.4182
21.6116
21.2172
21.3790
22.7846
21.6511
22.2172
20.7970
21.0433
22.0403
21.9352
22.3269
22.0928
22.3315
23.7067
23.7929
22.3750
22.5172
22.0520
22.5571
23.2438
22.4404
22.7650
23.2379
23.0927
22.2700
22.4137
22.5198
23.2368
21.5353
22.2487
24.2748
23.9767
23.7503
23.6531
23.2958
22.3000
23.1479
22.4084
23.7530
23.0492
23.3191
22.5408
23.2195
22.7349
22.4184
21.7975
22.2625
23.4291
22.7342
24.0410
22.0194
24.1207
22.5019
22.4785
23.3966
23.8127
22.3488
21.9058
22.0442
22.4883
22.4501
22.8806
24.0762
23.8706
23.1316
22.1507
21.8441
22.0930
22.6080
24.5565
23.0186
24.0181
23.1695
23.3440
22.2840
23.6885
22.9535
23.8078
23.1832
23.3752
22.4588
23.6388
24.0166
22.4419
23.2145
22.6792
22.0807
23.3000
22.7744
24.2326
23.1588
23.1649
22.2300
22.7916
23.2322
22.5406
22.5668
22.4218
22.4679
22.1657
21.9905
22.8330
21.7625
21.7428
21.4128
22.3270
22.4766
22.2636
22.5879
22.8921
21.7661
23.0224
22.6583
23.1272
22.3527
23.0687
23.0978
22.0664
22.1215
23.8793
23.2689
22.6642
23.8300
23.2292
22.5432
23.4527
22.0133
22.7216
22.3445
22.7355
23.6661
21.8706
23.4180
23.7502
22.8048
22.3308
23.7736
23.1253
22.0070
22.2219
23.3376
22.9529
22.6508
22.1309
21.8714
22.6990
22.1072
22.2026
22.2179
23.0817
22.7531
22.1374
21.8473
22.5913
22.0644
21.9904
23.3913
23.1049
23.8578
22.9547
22.8467
23.2565
22.8691
21.5145
22.1291
21.7673
22.1660
23.0614
22.8003
22.6229
23.2267
21.7067
22.3757
22.1010
22.6943
22.7274
22.0885
22.6041
22.1309
22.5179
22.0039
22.9949
23.4238
22.9136
23.1021
23.5390
23.4385
23.1822
22.1738
21.7729
21.6261
21.8993
21.3488
22.9041
21.2925
22.0686
22.5282
22.4047
21.3490
22.8217
22.4437
22.3487
21.6756
23.2507
22.8211
22.8947
22.3471
23.1462
21.5167
22.4193
22.3126
22.1871
23.0433
22.3912
22.4027
22.5149
22.3744
23.1931
23.3877
23.1258
22.2590
23.4462
22.3944
22.7916
22.2874
22.4704
22.5800
21.8843
22.6869
22.7407
22.6694
23.3439
21.7890
22.2652
22.6601
22.5461
22.8083
23.1404
23.7063
23.4222
23.3197
23.2668
23.8416
22.8999
22.8979
24.7842
22.9858
23.1843
22.2997
22.9464
23.2555
22.8946
23.8626
23.8688
21.1543
23.1170
23.5521
23.6782
22.9499
23.2029
23.7797
22.3405
22.2228
23.1922
23.4259
23.3998
22.4662
22.7640
21.8710
22.4917
21.4660
21.7712
21.6216
21.7762
22.5966
21.7912
22.5808
22.7785
21.8318
22.2148
21.7187
21.9371
21.4539
23.0079
22.3499
22.7312
22.6044
22.3966
21.6983
22.2184
22.4376
22.2860
22.6163
23.0103
22.8804
22.4539
22.6920
23.4033
22.6455
21.6030
23.1401
22.2113
22.7470
23.1819
22.6096
22.1668
21.1882
20.7355
22.7960
23.3561
21.3939
22.3225
23.1653
23.1898
23.3853
23.2137
22.8705
22.3571
23.4473
23.0300
23.0935
22.5371
22.5759
21.9542
22.7003
22.5211
23.0850
22.8582
22.8398
23.1760
21.8449
22.9177
22.5145
23.2046
22.3623
23.6630
23.4839
23.3005
22.5198
23.3599
22.1078
22.2472
22.2482
22.1231
23.1463
22.4369
22.4381
22.3817
22.3619
21.8644
21.6864
22.3370
23.5216
21.7571
21.9551
21.4252
22.0317
22.3236
22.1334
21.6202
21.8986
21.5318
22.6860
21.8504
22.9604
22.7925
22.7868
21.9550
21.7632
22.6285
21.3039
21.2952
22.2883
21.9407
21.8129
22.6507
21.7256
22.0029
21.8217
21.8564
22.5680
21.8761
21.3390
22.0822
22.3596
21.6142
22.4848
22.3505
23.1237
23.6009
23.5449
23.9425
23.1557
24.5950
22.5049
21.4117
20.8594
22.2261
22.5977
21.9431
23.0099
22.7185
22.8412
23.8240
23.2634
22.9896
22.8263
23.5905
22.3953
22.5332
22.1977
21.8213
20.9329
22.6210
22.2853
22.3380
22.5818
22.6262
21.7886
22.3213
22.8180
22.3050
22.5486
21.7469
22.5209
21.5995
21.0665
21.6723
22.4815
21.7788
22.3919
21.4338
22.9304
22.1950
21.6588
23.0210
21.6132
22.3825
21.9275
21.4221
21.7644
21.4557
22.5364
22.3484
22.6671
23.8650
21.6554
21.4860
22.7455
22.9593
23.3180
22.3143
22.4295
21.6119
20.9517
20.5718
20.7013
20.5994
22.3311
20.8797
21.3226
23.1495
22.4399
22.0832
21.5316
21.3414
21.7755
20.5645
22.6228
21.7579
22.1500
21.8474
22.6790
22.5394
23.5262
21.7559
22.8355
22.5960
21.6776
22.1210
23.5107
22.8918
22.0820
22.1628
21.6953
20.8853
21.9130
24.2123
22.0894
21.4794
21.5041
22.0999
22.2041
22.1492
23.4187
23.5555
23.5337
23.4802
23.5317
22.7261
23.7046
23.2701
22.6906
22.7731
22.0280
22.6356
23.0734
22.5402
22.1168
22.7409
22.7436
22.4038
22.8516
22.9421
24.4326
23.8645
21.9676
22.5704
23.0004
22.6329
23.3438
22.4215
22.0754
22.8919
21.9696
22.4080
22.9495
22.5766
23.8498
24.0957
22.9383
22.0270
22.2968
21.9353
21.5734
22.1460
22.4605
22.5735
22.5579
23.8916
23.1828
22.1073
22.0021
22.4999
21.9425
21.8201
21.6412
21.5604
22.5452
23.2477
22.1020
22.4035
22.2428
22.3516
22.0440
22.8643
22.1903
22.2423
22.9544
23.3082
23.2165
21.8001
22.7903
22.9962
22.1442
22.4027
22.3842
22.1613
22.3943
22.7466
21.7393
23.3024
22.8508
22.6061
23.5801
22.5745
21.1628
21.6713
21.8873
21.7647
22.7231
23.0606
22.5906
22.8479
22.6196
22.3938
22.6585
23.1312
22.1967
22.7319
21.7293
22.5596
22.5709
22.7878
21.9999
21.5145
23.7986
23.1792
23.0920
22.9313
22.5555
22.0107
21.2783
22.8532
22.3087
22.8145
23.1607
21.9943
22.4638
23.4696
22.4302
22.2095
23.5610
23.4046
23.1847
22.5349
21.6759
21.4745
23.0666
22.1073
22.9882
22.4385
22.3735
23.7111
23.0024
23.1981
22.7775
21.7408
23.0696
21.8829
22.4931
22.1183
21.9501
23.1682
23.2302
22.0280
21.8206
23.1749
22.5968
23.3902
23.4480
22.8295
21.2446
22.4190
23.5577
23.1987
22.6206
22.7621
23.1383
22.5410
23.1217
22.1097
22.2371
21.6220
23.4902
21.6199
22.0450
22.2489
22.5045
23.0326
22.5172
22.3006
21.5768
24.1035
22.7939
24.1316
23.1699
22.2539
21.3279
21.4439
22.0177
23.7161
21.8148
22.6108
22.9379
22.3771
23.5229
22.9509
22.7491
23.1574
24.6929
21.8283
23.5906
22.4091
21.8211
21.9475
22.8043
23.1046
22.6587
23.4474
23.0787
23.3896
22.7572
22.8377
22.7284
21.7710
21.6452
21.3017
22.5985
22.4540
22.6735
21.7017
22.1915
21.9760
23.4418
22.8368
22.9088
22.6196
22.4445
23.0299
22.7003
21.8402
21.9510
22.2370
21.7356
21.4778
20.9680
21.6941
22.5928
22.7152
22.9832
23.3122
22.0988
22.0514
22.7634
21.8476
22.5560
22.4274
22.7572
23.2896
22.6723
22.9462
21.5685
22.2283
22.0126
22.8645
22.8235
22.1485
23.2524
22.8798
21.4493
22.3418
22.6123
22.8094
21.6850
23.0289
24.0371
22.2981
22.8960
22.7406
22.6708
22.6584
23.1850
23.3077
23.6666
23.5850
22.9189
21.7571
20.8124
22.4782
21.3546
21.6576
22.3324
22.3593
22.5736
22.5842
21.7712
22.1406
23.1911
22.0219
22.0981
21.4630
22.6536
21.5831
22.9109
23.6146
22.3442
23.1120
22.6473
24.1597
23.7581
23.6126
23.1673
22.6180
20.3258
21.9193
22.2500
22.0451
21.5809
22.0584
21.6487
22.2042
20.9886
20.8657
21.5387
22.2561
22.9448
21.5339
22.6004
20.9190
23.3467
22.8021
23.0462
21.3571
22.1809
23.8299
22.8824
23.4827
21.7724
22.8114
22.0595
22.7378
23.6305
22.1170
22.0406
22.2453
23.0036
21.6538
21.2430
22.1591
21.1068
21.9990
21.5158
21.5711
21.4898
20.7336
22.2265
21.6022
21.4013
22.1042
21.6930
21.1963
21.9282
21.4023
21.6218
21.7934
21.9149
23.3675
23.1596
22.9737
22.5772
21.5850
21.5721
20.5123
21.6030
20.9939
20.8578
20.8302
21.1900
21.2918
22.8319
21.3894
19.8592
20.5647
20.9032
20.4101
21.1754
22.0027
21.7382
21.8323
21.1977
20.3943
21.6955
20.8200
21.5680
20.8383
21.5416
21.3772
21.7569
21.5892
21.1744
20.6957
20.5154
20.6293
21.4069
20.6426
20.8804
20.5668
20.3439
20.2513
20.2069
20.6833
22.0789
22.2461
21.7512
22.7464
20.9119
22.0618
22.0311
21.1665
22.2082
20.6307
21.7595
20.8840
20.6889
22.0197
20.6734
21.2688
21.2377
21.2827
21.0015
22.7316
22.4874
22.0695
21.7776
22.6262
21.5076
21.5718
21.1864
22.0863
21.1415
21.9741
21.4944
21.8445
22.8227
22.2589
21.2852
20.9676
22.7169
22.0442
22.3932
21.3254
22.1797
23.0389
21.7305
22.0151
23.4168
22.6575
22.5451
22.8837
23.3621
22.2135
21.1746
21.1152
21.9171
20.9514
21.6186
22.0832
22.1984
22.1749
23.2030
21.6250
22.1624
22.9607
23.5581
21.0999
23.4583
23.0239
21.2907
22.1179
22.7642
22.2376
22.6874
23.2953
22.4127
21.5704
22.2605
22.6833
22.1919
21.7004
22.9130
22.1235
22.1069
21.9072
22.0819
21.4879
20.1957
21.4962
20.5865
22.2453
21.4210
20.6397
22.5728
21.8108
20.4450
21.2005
21.1464
21.1852
21.4197
21.6411
21.4861
22.8903
21.8733
21.0232
21.1327
20.0859
21.6317
20.3523
20.1660
20.6623
19.6641
20.2519
20.5715
20.8357
21.8480
20.7126
20.9183
21.1360
21.5654
22.3675
21.9556
21.7349
22.6328
22.0208
22.0512
22.2267
22.4868
23.3330
22.9858
23.1245
23.0170
21.8952
22.1918
22.0958
21.5721
21.9204
21.7479
21.0785
21.8301
21.8758
22.5634
21.8190
21.5065
22.7199
22.8339
22.3741
22.4293
23.3163
23.5326
22.8159
21.1499
20.9458
22.8194
22.5280
21.8749
23.5042
23.2060
21.6653
22.2931
22.9313
23.8022
22.2720
22.0165
22.8255
22.3670
21.2867
22.9179
23.2253
22.0840
21.9908
21.8144
21.2619
21.1347
21.6205
21.8207
22.7926
21.8779
23.1344
22.4813
22.7279
22.3478
22.7358
22.7657
22.6373
21.6945
22.5899
22.6309
22.5252
21.7139
23.4203
22.5152
21.9982
22.3134
23.6784
22.2830
23.3141
22.8204
23.0733
23.2429
21.8788
21.9854
22.3230
22.3084
22.1981
22.8126
22.6382
22.3539
21.3314
21.8663
23.4421
23.2104
23.1427
22.5378
23.3553
24.3631
22.4390
21.8410
22.0312
21.2601
21.9635
23.2937
22.6345
22.4632
23.0483
23.2587
23.2696
22.5496
22.2808
22.5899
23.1101
22.7184
22.0822
23.2339
22.2787
22.5368
21.3859
23.5984
22.9168
21.7429
22.3612
22.5964
22.2039
21.4481
22.0482
22.5058
22.3847
22.2325
21.6067
22.9216
22.4449
22.8148
21.9366
22.7942
22.7767
23.3478
22.3696
22.0348
22.6569
23.3084
23.0523
22.1622
22.4404
21.5478
22.9328
22.1768
22.7695
22.2371
23.0065
22.8300
22.4173
22.6702
22.7714
22.7232
22.1517
22.2134
23.5854
22.7763
23.4042
22.7358
21.9555
22.7276
23.0994
22.3589
22.5623
21.5212
22.1850
22.3270
21.8635
21.3156
21.9610
21.0382
21.7611
21.8087
20.6262
20.6612
21.8231
21.1844
20.9891
21.3391
20.7484
21.7481
20.7924
21.8372
20.9266
22.2120
22.2963
21.7084
21.7648
22.4021
22.7261
23.3514
21.8360
20.7931
22.8641
21.9984
21.6277
21.2536
22.1265
21.5789
20.3463
21.8976
20.9357
20.5463
21.5265
21.2487
22.3397
21.7386
21.2087
21.6914
20.8038
21.6700
22.7235
21.3156
22.6482
22.9712
22.4378
21.5903
21.7908
20.9689
20.6863
20.9248
21.4334
22.1468
21.7645
21.5275
21.8862
22.1301
21.5638
22.1292
21.4455
22.0471
21.9754
21.6905
21.5255
21.4894
21.6751
21.6108
22.6065
21.3745
21.7428
21.4677
22.9132
22.5333
21.7029
22.4171
21.2635
22.3707
21.8522
23.7267
22.0033
22.1220
22.4508
21.9051
22.8695
21.8154
21.2187
22.2992
21.7954
22.4231
22.2979
22.2233
22.7150
22.1133
21.9444
21.5982
21.2582
21.6943
21.8487
22.5450
23.0071
22.7557
22.3422
22.6387
22.0141
21.8833
22.7529
22.7907
21.8750
22.1928
23.1634
22.9204
22.3703
22.4320
21.1998
22.1598
21.6565
22.3651
21.9209
22.5415
22.2110
21.8890
22.1737
21.4932
21.2057
21.7164
23.6507
22.3826
20.9263
22.2744
22.4884
21.7514
22.3494
22.1594
22.0262
21.2517
21.7453
21.7144
22.2930
22.7699
23.3451
23.0093
23.0366
21.4664
21.7959
22.8204
22.1188
21.4239
21.7765
22.5348
21.8023
21.2856
21.8427
23.0823
21.5648
21.8812
21.9173
22.8427
23.7857
22.7422
22.4633
22.5037
21.8169
22.5852
23.4598
23.3302
23.3982
21.6627
21.4495
22.1951
22.0285
22.2037
22.0617
21.4952
22.2020
22.1924
21.6430
22.1980
23.1609
21.9674
21.6785
22.6716
22.9155
22.4577
22.0827
21.9943
23.1326
23.6484
24.4553
22.8409
21.8605
22.6386
22.2693
21.2962
22.3395
23.6495
21.8782
22.4024
22.6722
22.4367
23.8212
22.7149
22.1521
22.2606
22.2871
22.1784
22.7956
23.1676
22.8871
23.1960
23.5384
22.8099
23.6543
23.7376
23.4172
22.9115
21.9450
22.4458
21.5658
22.4257
21.9220
23.1924
23.1459
23.6001
22.9489
24.2042
22.8029
22.8838
23.1696
23.8231
23.2395
23.8540
24.2033
23.0947
23.6090
22.9649
23.5847
22.3486
20.7069
22.1011
22.6637
22.0805
23.2787
22.8150
21.3311
22.8391
22.2671
23.2283
22.2597
23.1494
23.1504
23.1874
23.5848
23.8857
24.2848
22.3812
22.6320
23.6960
23.7669
23.9032
22.5755
24.0373
24.1634
21.8492
23.4083
23.3799
23.4002
23.0787
21.6029
23.3357
22.7175
22.2527
21.8854
23.3404
21.2838
23.3117
22.3986
23.8253
22.9127
24.2086
22.3337
22.7596
22.2259
21.6053
22.4782
21.3402
22.4686
22.2635
21.7735
22.9764
24.2240
23.2665
22.7099
22.7888
22.8663
23.3135
22.7659
21.9275
22.1995
23.5904
23.6974
22.4022
22.9529
23.0018
22.9482
22.8446
23.8749
23.1884
22.9821
23.3403
22.9022
22.7931
21.9098
22.6261
22.3343
22.8676
22.4209
22.2755
22.4365
22.4938
22.9163
22.2412
22.8222
22.8557
22.0734
22.4297
23.4039
21.8130
22.1573
23.6363
21.8610
22.7115
23.2991
21.7635
21.9146
23.1701
23.4145
24.2028
23.6047
22.7523
23.5531
22.4226
23.5309
22.8673
23.1784
22.7723
23.0457
23.0540
23.7114
22.6967
22.4091
23.2804
21.5416
22.1254
22.4221
23.2943
21.9051
23.5389
23.0660
22.4267
22.4465
23.3950
23.5770
23.5396
23.0371
23.4576
22.9958
22.7577
22.0392
23.2254
22.5370
22.8582
22.7926
22.0362
21.7078
23.7836
22.3005
22.8983
23.1430
22.8058
23.1513
23.2602
23.3091
20.9481
22.2076
22.4633
22.9181
22.7081
22.2577
21.5752
23.1769
22.8739
21.7451
22.5725
21.8471
22.4215
22.3529
24.2186
22.5296
23.6946
22.5864
22.3103
23.0371
22.4769
22.8701
21.3167
21.9575
22.7791
23.5082
22.8210
22.7817
22.3474
22.9364
23.2767
22.8698
22.2985
24.0271
23.4449
22.6281
22.3297
23.5473
23.3052
22.7753
23.3430
21.5695
21.1390
22.2897
21.9797
23.2754
22.6768
22.5477
22.1376
22.5274
22.8909
22.4702
21.6665
21.2956
21.9110
22.5494
21.5820
24.1090
21.7857
21.6684
21.4203
22.5063
21.5240
22.6185
22.9949
23.0303
23.0828
23.7428
23.4465
23.8732
22.2082
23.8437
22.4365
22.3357
23.1455
23.8633
23.8643
23.9357
23.7714
22.3810
21.8640
22.0491
22.1828
22.5265
22.3507
23.1851
22.1504
22.3519
23.9718
23.1510
23.3665
23.2918
23.2665
22.9045
21.9191
22.7880
21.2956
22.3244
22.1583
21.2310
21.7913
23.0859
21.8576
23.0019
21.9383
22.0962
22.5568
22.1889
22.1305
22.8644
22.8924
21.6777
20.7699
21.5356
22.4275
22.5363
23.4460
22.7845
21.5639
22.6664
22.8787
23.6154
23.1341
22.1391
22.2346
22.4000
22.5654
22.3306
22.8927
22.9222
21.8579
22.7251
23.4139
22.7839
21.7997
23.7827
22.3925
23.3151
21.9854
23.2858
22.5438
23.2339
24.3590
23.8690
22.3958
22.3147
23.3003
23.3031
22.8555
24.4695
23.8225
23.0365
22.4074
22.9848
22.6003
22.8005
22.6766
23.5970
23.2776
23.0882
22.8973
22.6171
22.3634
22.7725
23.4034
22.2259
23.5016
23.3035
24.0472
22.7544
21.9241
22.5765
22.7968
23.7902
22.5888
22.8648
23.7887
23.4130
22.2812
21.7651
22.8680
23.4148
21.8928
22.8401
22.1192
22.7586
22.1596
22.7385
22.2339
23.8654
22.5478
22.8536
22.7190
23.7885
22.3309
22.6028
22.8813
22.9576
22.6714
22.6549
21.8301
23.0120
23.7429
22.8810
21.9783
22.5466
23.4583
21.9965
22.0152
21.7519
22.7647
23.1510
22.5705
22.3157
22.6681
21.9681
22.1503
22.2779
21.7251
21.8429
22.5372
22.6260
21.4472
22.8736
22.6368
23.3766
22.2550
23.3024
22.1517
23.2529
21.7366
22.7445
23.5634
22.2794
22.2292
21.4032
22.6095
22.7338
23.6244
23.0777
22.6498
23.1954
23.4852
23.4138
22.9420
22.7939
22.0691
23.0379
24.2389
23.1960
22.3600
22.7815
22.1719
22.0670
22.8709
22.7038
24.0559
21.8334
22.0087
23.4305
23.2804
22.9837
22.5401
23.3173
23.1079
23.7070
23.0341
23.1713
22.7867
21.6246
20.8323
22.1309
22.6898
22.9266
22.6470
22.6849
22.6008
21.6562
23.6377
23.8192
22.6905
23.5555
21.7738
21.6958
21.3148
23.9277
23.8245
21.7647
22.4376
20.9713
20.9089
21.5409
23.4635
21.7039
23.3568
22.6361
22.7986
22.4626
22.3598
22.6052
21.5190
22.3558
21.1216
21.3333
21.9806
20.9563
22.5289
22.2405
23.5085
23.7111
23.7690
21.7553
23.5257
22.9326
23.1165
23.9636
22.7942
23.6717
22.2044
22.5434
22.3309
23.5206
22.8418
22.3187
21.4656
22.2921
22.5693
23.2829
22.7524
23.2239
23.0097
23.8941
23.0421
23.6207
22.5126
22.7197
21.9325
24.3689
22.7802
22.7452
22.1170
21.4772
22.1962
23.4202
22.8018
21.6104
23.2183
23.0340
22.0179
21.8453
22.8012
23.6239
23.5612
23.0338
22.5354
22.5223
22.9668
22.7631
23.5705
22.8984
24.3544
22.3718
23.9607
22.2255
22.8353
22.9986
23.3564
22.6340
22.9382
21.4530
23.1838
23.4073
23.0764
23.2500
23.4464
22.4023
22.4349
23.1487
22.4792
22.7731
23.1377
22.7013
21.3685
22.1043
22.6500
21.7983
22.6100
21.9203
21.6638
20.9315
20.8865
21.4384
20.0404
21.1056
22.7236
21.8630
22.7238
21.8580
22.1522
21.8529
22.0652
22.0512
22.0284
21.6280
20.8027
21.4377
21.2184
21.9208
21.5269
21.5185
21.4205
22.6587
22.3003
21.4720
21.4485
21.7259
21.4978
22.3193
21.6473
22.2843
22.6664
21.9248
20.8853
22.3364
20.9586
21.7562
21.9943
22.4883
21.8556
22.4265
21.8498
21.6949
22.2717
22.0876
22.1533
23.3477
22.7327
22.3770
23.4364
21.9272
24.1266
22.5459
22.5073
22.8661
23.3502
22.5486
22.8087
22.9835
23.0679
22.6825
22.1894
22.7795
22.7279
21.9781
23.1581
23.0760
22.9561
24.1657
23.1437
22.7474
22.4981
22.2782
23.3085
23.2831
22.2282
23.0329
23.2606
21.7816
22.3933
22.1762
21.9968
22.6446
22.6328
22.0031
22.4339
22.8554
23.6122
22.4656
23.1146
22.8214
22.2808
23.2885
22.3496
22.1259
24.0610
22.4221
23.2173
23.3098
23.2136
22.1467
22.6297
22.4484
22.5738
23.1176
23.5799
24.2369
23.3740
22.7989
22.6171
22.6392
22.9127
23.1012
22.6639
23.6929
23.2017
22.6844
22.2147
22.5955
21.9698
22.4499
22.0883
24.0463
22.9267
23.3270
23.1595
22.9472
22.7314
22.0599
22.9972
23.9490
22.4760
22.7400
21.8732
23.5753
23.7841
21.8577
22.4957
22.6541
22.8272
23.8002
22.9109
22.1102
22.2046
22.7627
21.9108
22.7416
21.6328
23.1862
23.6728
23.8607
23.5706
24.8279
23.6269
23.0315
23.1430
23.6631
23.0163
22.7065
22.0214
23.3448
22.7626
23.2167
23.3884
22.3545
22.6243
22.5955
22.8402
22.5769
21.8188
22.7623
22.3016
22.5439
21.8994
21.8494
21.4673
22.4403
21.6997
22.3099
22.9392
21.8829
22.2847
22.4769
23.1036
23.6713
23.6526
22.7625
22.3769
23.0050
22.1440
22.4716
23.1870
22.4722
23.1006
22.7252
22.3206
23.6894
21.6146
23.0634
22.1810
21.4791
22.7038
22.2014
22.0063
22.3101
22.0230
21.7911
23.1306
22.2192
22.7510
23.1978
21.7036
22.1266
21.8738
22.5920
23.1201
23.0627
23.2833
24.3845
22.0700
21.9501
22.6175
22.2555
21.8675
21.9390
22.0023
22.4084
21.9805
21.3784
22.0749
22.5707
22.4031
21.4052
21.8337
21.6733
22.0704
21.2887
21.4260
21.1211
22.7217
21.9962
21.1785
22.7389
22.4951
21.3880
22.0631
21.8431
22.1808
22.0734
21.9299
21.3520
21.9308
21.6741
22.4242
22.2235
21.8772
22.0190
23.1544
23.2422
21.9995
22.0683
22.2156
22.0781
23.3781
23.2618
24.0467
22.2277
21.9133
23.3609
22.1379
23.1445
22.1821
21.2947
21.9883
21.6671
21.0891
21.8075
21.3542
21.8406
22.3655
22.0704
22.5832
21.3173
22.6684
22.3959
22.7856
22.9650
22.9743
21.6921
21.7475
21.3873
22.7416
22.1254
23.3088
22.2728
21.8340
21.6031
22.3456
23.5006
21.2768
23.5499
22.6551
22.5690
22.2365
23.4195
23.6539
23.5610
23.4641
22.5401
22.7987
21.7793
21.8234
21.8325
21.9508
21.6609
21.6322
21.4473
22.2048
22.5030
22.1654
22.4789
21.7324
21.2027
21.7670
22.3523
21.9742
22.0503
22.1244
21.4298
22.4235
21.9154
21.0806
20.2921
21.4337
21.3692
22.6757
21.9719
21.1184
22.0052
20.2640
21.6951
22.2061
22.9773
24.6186
23.5218
22.8152
23.1012
22.5716
23.0614
23.0785
22.1034
23.0397
23.7194
22.6632
22.3646
22.2014
22.8001
23.4709
23.9520
21.7494
22.6893
22.8958
23.9817
23.2770
21.9594
22.5508
22.0822
22.4458
21.5392
22.1529
22.3585
23.8547
23.9243
23.0240
21.7673
22.3966
22.5883
23.3395
22.9601
23.6344
22.7518
22.7549
22.5769
21.6410
22.5288
23.0698
22.1611
23.2648
21.9557
22.9240
21.8933
22.4634
23.0212
23.6383
22.0085
20.7387
21.3262
21.7146
24.2107
22.7899
21.4203
21.1534
21.8923
21.3583
21.8705
21.5924
23.2843
22.3475
23.5178
22.1440
22.1284
22.0557
22.1540
22.9237
21.6240
22.2588
22.2135
21.7286
22.1512
21.0761
22.4672
22.3068
22.2719
22.2632
22.2426
21.7125
21.9004
22.9444
22.7859
23.1408
23.4335
23.4196
21.8210
22.9090
23.2460
22.9966
21.8314
22.8502
22.5150
23.3478
22.5971
23.0543
22.7926
22.7114
22.4532
22.3545
23.3519
22.2862
23.6693
23.8580
23.2241
22.2840
23.1642
22.9359
21.9793
22.4545
22.7036
23.2018
22.7493
23.1093
22.8076
23.0516
23.2978
22.7228
23.1656
22.8958
23.0439
23.6407
22.6669
23.2305
23.8869
22.6698
22.0449
23.6148
23.6759
23.1727
23.5034
23.1791
22.8963
22.5005
22.6563
23.2478
23.8550
22.6456
22.3907
23.6640
23.6381
22.2791
22.4372
24.6451
23.1867
23.8932
23.1621
22.5908
22.5679
23.0397
23.1786
22.2195
22.8400
22.7437
22.8986
22.6324
22.2190
21.8950
22.0866
22.1282
21.3473
21.1277
21.6008
21.6942
22.4169
23.2784
23.1592
21.3229
22.7880
23.0866
23.3490
21.9971
23.5958
22.9987
22.1969
23.4708
22.6680
24.0080
23.4153
23.0525
23.0947
22.8160
23.6245
22.8028
23.2986
23.0769
23.1364
23.6142
23.4938
22.3286
22.5857
22.2223
22.0098
21.6320
21.5523
22.3925
22.6497
22.2182
23.7630
23.0907
22.6723
23.1072
23.8394
22.9277
23.2591
24.2954
22.5088
22.8980
23.4668
22.7840
23.2821
23.3929
23.2909
23.0398
23.2641
24.3171
23.7020
23.6566
23.9029
23.5234
24.2005
22.4497
23.3992
24.2234
23.5627
23.0770
22.5104
23.4081
23.1931
22.6010
23.3134
22.2098
22.0985
22.3910
21.8891
23.5054
23.1156
22.9156
21.7646
22.7643
21.1881
21.8735
21.6560
21.8268
22.0159
22.6480
22.2134
22.0914
23.5294
22.0805
21.6377
21.7921
21.8110
21.7609
22.6902
23.2801
23.4601
22.5300
22.7339
22.1603
22.0814
22.4839
21.6973
22.6858
21.5590
21.8382
22.4042
22.7204
22.8760
23.4065
22.3649
24.1214
22.7039
22.0953
23.1431
22.7061
21.7830
22.4732
22.2965
21.5335
21.6182
21.9168
21.4423
22.7574
22.5586
21.6145
21.6517
21.8541
22.2991
23.0694
22.6593
22.3647
23.4428
22.4543
22.1528
23.7699
24.0573
22.0164
22.0069
22.8518
24.0841
22.5708
21.5372
22.6659
21.1512
22.9038
22.8952
22.8443
22.8139
21.3267
22.2092
22.3976
23.0382
23.0023
22.3922
21.6811
21.7203
22.0227
21.5851
22.2160
22.9082
21.7882
21.0913
22.1948
22.0731
22.7247
22.2769
22.7091
23.1625
22.2973
21.7659
22.7317
22.8666
23.1494
22.9132
22.3902
20.7482
21.4443
22.6818
22.2757
22.3080
22.4147
22.4787
22.3478
22.9104
22.6869
21.9492
23.5265
21.6948
20.8161
21.9713
22.9890
21.8496
22.5840
22.8045
21.6128
22.1929
22.2634
22.6351
23.8894
23.1674
23.5247
23.4512
23.3834
22.3728
21.7928
22.3940
22.3447
22.6785
21.1532
21.9800
21.9304
22.0229
22.9973
22.5527
22.5696
22.3407
22.2505
23.1126
22.1672
22.4031
22.3029
21.0620
21.2053
22.5887
22.4897
21.6160
21.3436
22.3407
22.1352
21.6507
22.3427
23.1684
21.9333
22.4525
21.9388
22.3981
22.2310
21.0366
21.3060
21.7811
21.7573
22.5753
22.5139
22.5298
21.7006
22.9882
22.8116
22.7951
22.4410
22.4532
23.8779
23.2842
22.9835
21.7851
22.9768
23.4566
23.5363
22.3198
22.5030
23.2045
22.6862
21.6663
22.6562
24.5599
22.4998
23.2041
23.4455
21.8006
22.4702
21.5850
23.6236
22.6458
23.0956
22.7279
23.2712
22.6870
22.4530
22.2760
23.4176
23.2254
22.6209
22.9392
24.4291
22.8305
23.8108
23.0877
23.5394
23.4750
21.8355
24.4965
24.2449
22.8156
23.2932
23.1104
23.5663
22.2760
22.8776
22.3628
23.3220
23.7219
23.6377
21.6577
22.6653
22.3657
22.5802
23.2433
22.4872
23.3435
23.3468
23.5802
22.8379
22.7212
22.3025
22.6855
22.7409
22.5342
21.9431
21.3238
21.4533
21.3382
22.0588
21.6799
22.8991
22.3743
22.3215
23.5188
23.0487
22.9515
21.1607
22.7589
23.1187
22.1789
21.8951
21.7331
21.9698
22.7764
22.1652
22.1326
21.0881
22.8374
22.8883
21.5261
21.2346
21.0321
21.2794
21.8531
21.3651
21.1824
22.6230
21.8978
22.9059
22.5532
22.4680
23.7600
20.9515
22.0728
21.7149
21.7552
22.5052
21.5515
23.3281
22.0487
23.2072
22.6644
22.0454
22.4090
21.6151
23.4020
23.4857
23.3750
23.8509
22.5111
22.2539
21.5853
20.9959
22.8329
22.5219
23.1863
22.4117
21.8356
22.0583
21.1707
21.8310
22.1279
22.5201
23.1355
21.5471
22.5323
21.6159
22.7842
22.6020
22.4948
22.7653
23.1105
23.4800
23.0419
23.6537
22.2570
23.1961
23.1526
23.2254
23.3378
23.5413
21.9765
22.2045
23.4747
22.8305
23.2028
22.3060
22.3219
23.4882
21.0616
22.6670
23.0177
23.9426
21.4766
21.9735
22.2236
20.8652
21.6941
21.9354
21.6175
21.7852
22.0877
21.6538
22.4723
22.6517
21.9581
22.3384
23.0148
22.0934
23.1323
23.2603
22.9811
22.5334
22.6094
23.3824
23.4177
23.0537
23.2913
22.1747
23.5944
23.3835
23.6855
22.9255
22.2016
22.8519
23.1813
22.6822
22.8010
21.3952
23.2920
23.1477
23.6371
22.5663
23.6431
22.8801
22.2561
22.5153
23.1791
21.6956
21.6407
21.0735
22.8377
21.8405
22.9549
23.2716
22.4787
21.5174
22.5499
22.1697
23.7978
23.1022
22.6306
22.1250
22.1563
21.8728
22.1744
23.0011
23.5923
22.7627
23.9092
23.5565
22.6999
23.9500
22.3899
22.5174
22.4879
22.2880
24.0488
22.8519
23.1793
21.8450
22.6262
23.4961
23.5879
22.6792
23.4536
22.7721
22.1920
22.5954
23.2419
22.6009
22.8381
22.5815
23.2594
22.3594
22.0544
22.4310
23.8190
22.4964
21.7758
22.6780
23.5203
22.7591
22.0657
22.6641
23.0038
22.5231
21.9223
22.1147
21.8276
21.3147
22.5111
21.8371
22.3756
22.0324
22.7851
21.7460
21.8279
22.5352
22.1092
22.9642
22.9294
22.9039
23.2782
22.3803
23.4803
23.1547
22.2746
22.0484
22.4040
21.9224
22.8861
22.4184
21.8706
22.1066
21.7265
22.3814
24.1277
22.8158
22.5829
22.0038
22.5060
22.1317
21.4606
21.6121
22.1803
22.0577
22.4150
21.7976
22.9899
22.1156
22.8101
22.7744
20.9724
21.6046
21.4633
21.6488
22.4388
22.5056
22.2109
22.1507
22.4953
22.7092
22.5171
21.7966
23.2162
22.4984
21.8214
21.8089
21.8904
21.1187
22.4612
22.2395
21.2943
21.4192
21.0787
22.2325
22.1603
22.0448
23.0212
23.1436
22.1910
20.9440
21.1264
22.3445
22.1101
21.3689
22.4272
20.6337
22.4791
21.8588
22.3843
21.8357
22.6301
22.1420
21.1462
22.8030
22.8842
21.8550
23.1605
22.5969
22.7931
23.0497
24.2254
22.9724
22.3577
23.7845
23.6805
22.5319
23.6054
23.2030
23.4066
22.4154
22.5695
23.7933
23.6277
22.7217
23.9811
23.1957
22.6175
22.3874
23.2604
22.4856
22.1963
21.7281
23.0303
22.5181
22.9031
23.8396
23.7741
22.7612
23.0818
23.2883
22.1686
21.9224
22.4052
21.5204
22.4536
22.5538
23.0182
23.3793
22.8270
23.1386
23.3834
22.7593
23.1453
22.9844
22.2460
22.1111
23.1122
22.3228
22.5548
23.1986
22.8217
22.6668
22.9660
22.9591
23.3483
23.0361
22.5637
22.5766
24.1861
23.4814
23.2877
23.3917
23.1038
23.2323
23.3235
22.7440
21.9127
23.6232
22.7849
23.2373
23.8737
23.8321
22.8452
23.2425
22.0294
22.9423
23.0270
22.9832
23.5389
23.8211
22.4125
23.1540
23.3838
22.2820
22.9047
23.5281
22.2105
23.0951
23.0698
24.0179
22.7566
21.6636
22.6280
23.4382
23.1455
22.4685
23.2722
23.1024
22.5908
22.4565
22.0001
22.7193
21.7501
22.2236
22.7801
23.0349
21.5328
22.1590
22.3607
20.9824
21.8609
21.6555
21.3698
22.0840
22.9566
23.2613
23.0691
22.4253
21.9606
22.3155
22.7903
21.6694
22.9091
22.8128
22.9139
23.1530
21.8075
23.5897
23.4135
22.4798
21.9840
22.6347
21.8721
22.2107
23.0728
23.0597
22.6335
22.8168
22.6181
22.1453
21.5917
22.5920
22.8905
22.4876
21.8733
23.9226
23.9582
21.9333
22.1450
23.1945
22.1141
22.6936
22.6194
22.7288
22.9511
22.5925
22.6314
22.3743
21.9651
22.7244
23.0517
23.4395
22.6845
22.8463
21.4697
22.0258
23.2076
23.2585
22.3308
22.9587
22.1767
22.4304
22.6706
23.5298
22.9112
23.2462
23.5025
21.9848
22.9247
22.5247
22.7373
22.1512
22.8047
23.2649
22.1965
22.4273
22.6049
22.7411
23.2885
22.5243
23.7278
22.2160
20.6184
21.5212
21.5269
21.1905
21.5464
21.4893
22.4380
22.7261
22.7223
22.7481
22.0402
21.9262
21.5658
21.6217
21.9702
21.3740
22.2015
21.7697
22.7322
23.1707
22.1301
21.7119
22.0666
23.0401
22.8113
22.5200
23.0780
21.5044
21.4019
22.5088
21.6956
21.7395
21.6985
21.2360
22.1290
22.1530
22.5561
21.3984
21.5152
22.6319
22.6504
22.7742
23.3116
23.5336
22.7533
22.6124
22.4241
22.8238
22.1104
22.6262
22.8404
21.5428
23.1073
23.3976
22.3053
23.0332
23.0235
22.6158
23.7510
24.0936
22.9247
24.0229
24.2379
23.5035
23.3819
23.2041
22.2181
22.2534
20.8717
22.7277
22.5230
23.2986
22.2208
23.3428
22.2771
24.0219
22.0610
22.2609
23.2372
22.8419
22.4235
22.5576
22.5207
23.2519
22.2354
23.0094
22.0388
22.3276
22.0779
21.8546
21.9474
22.6301
22.1865
21.3327
21.8654
22.9798
22.4011
22.8355
22.8917
22.4358
22.0928
21.2061
22.3406
22.0606
22.6793
22.1297
22.6471
23.5436
22.6610
23.1247
23.0821
23.3054
23.1134
23.6519
22.9963
22.4397
22.4841
23.0713
23.3563
21.9379
22.1818
22.6577
22.8298
21.9084
22.1063
22.9170
21.6098
22.0801
21.8305
22.6877
23.2728
22.9871
22.5680
23.4308
22.7352
22.7199
22.0687
23.5922
23.0333
23.0378
23.4736
22.3959
22.3463
22.6174
22.5695
23.1900
22.0222
23.7178
23.3062
23.7717
25.5920
25.8437
24.2056
25.5336
26.4624
25.7374
27.4818
27.5679
26.8883
26.9789
25.2013
27.1828
27.1878
25.5043
26.3484
26.1577
25.4610
24.9435
24.6303
24.0860
24.4755
27.3474
27.8572
28.5992
25.9998
24.7017
23.0192
22.2462
22.9399
23.7202
23.8953
23.3884
23.5925
24.6355
24.1506
25.7202
24.1479
24.4079
23.6625
25.4621
24.1691
23.8165
24.9063
25.9253
23.9976
22.3548
22.5476
22.4378
22.6695
24.0006
22.6302
24.2357
23.1119
23.6500
25.2907
23.5623
24.5360
22.1839
23.3151
24.2405
26.1728
24.3026
25.7101
23.3054
23.6592
24.3811
24.2970
23.4525
23.1527
23.3021
23.9182
22.7144
22.8077
21.4587
22.2952
21.8067
22.6889
23.3360
24.1257
24.8981
24.4732
22.7690
23.5634
23.4424
25.3184
25.7537
25.9257
24.7555
25.8381
27.3767
27.2966
25.7531
29.1191
26.4049
30.2349
27.5252
27.3078
25.4771
24.7828
25.2086
27.3823
25.4277
25.7233
25.1786
29.3094
25.3949
25.7386
28.2632
26.8905
24.6000
24.4339
26.5814
25.4465
25.7634
25.4136
25.4223
28.6284
23.9197
24.4840
23.8158
24.6153
24.8168
23.9059
24.6479
24.9670
23.8493
24.9121
23.7233
24.1578
23.4731
22.5925
22.7806
23.6215
22.6459
23.3653
23.9007
22.9152
23.1563
23.4893
22.4062
23.1143
22.9466
23.3705
22.7603
24.1960
25.5697
25.4433
23.8066
26.1451
25.8753
24.7532
24.6883
25.6983
23.8093
25.4977
24.0022
24.8222
24.7091
26.2298
27.4608
28.0328
29.4003
29.5809
28.8412
29.1491
27.3204
25.9352
27.0285
26.2391
25.7104
26.1465
26.0362
27.0708
28.1058
24.6609
24.7952
25.0868
26.1085
26.4703
27.0780
25.6460
25.3056
26.5897
25.7898
25.4137
27.4040
27.5063
24.0177
24.8811
22.4858
24.3837
23.8969
25.1651
24.6834
25.6545
22.7028
21.7095
21.7852
24.8219
22.1448
22.2547
23.5111
23.7587
23.2132
22.8352
23.1316
23.0342
23.0637
23.4318
26.6470
25.7388
23.7369
24.2641
24.6594
22.5950
24.3440
25.6898
25.4804
23.8012
23.4222
23.2849
21.8876
24.3723
25.9072
24.9692
25.2178
25.8039
23.0135
23.3029
25.3738
24.8141
25.6407
22.5545
23.3855
24.4848
23.8501
22.5540
21.4592
24.1906
23.7807
23.4493
22.9547
22.9889
23.8017
24.9323
23.0240
25.6081
25.2572
23.6131
24.6489
23.6114
23.7615
25.0017
26.5164
25.1110
24.0297
25.9335
24.8690
24.9665
24.5099
22.8675
23.0816
23.2201
23.5043
21.8727
24.1147
24.6332
26.0111
26.4605
25.0604
26.0548
25.2348
26.2089
24.2780
26.9814
26.2874
27.6627
27.5955
26.4177
26.8134
25.5879
25.9167
26.2469
25.3984
24.4617
23.6549
25.1132
26.7527
28.0989
25.6835
26.7628
25.8846
24.1115
24.9555
24.8687
27.5209
26.8297
25.9794
28.3949
26.4735
24.1511
25.3381
24.4376
25.0563
23.6888
23.4624
24.6559
25.7300
22.4110
22.5204
24.6722
25.5594
27.7214
28.9352
28.7022
27.1076
26.3961
25.3488
26.7287
25.7347
26.6848
28.3897
27.0565
26.9989
27.9989
25.6560
29.0160
24.0765
24.3537
27.0388
25.4611
25.3849
23.7707
25.2261
27.4756
25.8169
23.8190
25.9785
25.7925
24.8729
24.1844
24.2676
24.0096
24.3392
25.2215
23.5499
23.5667
24.7277
23.3069
23.7009
22.1502
22.5540
23.3390
23.7789
21.5529
24.3520
21.7756
24.5456
25.4966
24.3842
24.1731
24.9550
25.5357
29.0216
29.0104
30.8299
26.8602
27.9519
27.4082
27.2295
26.3846
26.7396
28.6760
28.7959
27.6105
28.1500
28.9968
27.1555
30.2293
29.7367
28.5133
26.1438
29.7552
29.9111
28.1581
26.1674
29.5748
28.6562
27.9779
26.5767
27.7883
30.2770
29.2256
26.6470
30.1674
29.2547
28.9892
28.1826
26.1230
25.8190
27.0267
27.6375
27.4623
26.0308
27.7153
26.9790
26.6019
25.1532
28.2962
27.5023
28.4991
27.9303
27.7786
28.3312
29.3475
27.5489
27.4072
26.6911
25.8715
27.5970
27.9007
26.6732
27.4715
30.9538
29.9022
27.7535
27.9190
31.6257
28.9055
30.3046
29.8610
30.2400
29.2362
28.7830
30.8174
29.8677
29.8085
28.5114
27.2671
27.2507
28.3252
29.4963
27.0745
25.7390
25.2984
25.3535
28.2013
26.2586
29.0181
28.7888
32.0472
26.4781
26.1423
26.3232
24.9656
25.8994
27.1440
26.5829
24.0580
24.9220
24.6721
26.5121
28.4890
26.6372
25.8304
24.6035
26.0800
27.2379
29.0928
27.7355
28.3536
27.8511
28.7028
26.3379
27.5550
28.8482
25.2084
25.0742
24.3470
25.1572
25.0416
26.1711
28.0576
27.9961
28.1479
26.7514
26.2929
25.8594
26.0092
27.8742
28.3895
27.4183
27.6030
30.1674
27.8949
28.5968
28.4207
26.1779
27.9782
28.7362
25.4925
26.4536
28.0066
25.5726
28.2427
25.8295
25.7978
24.6422
25.5808
26.9118
25.9579
26.3998
26.7646
24.7541
27.8489
27.1748
28.1722
26.7778
26.1983
25.4107
26.1459
26.2045
24.7418
26.7736
25.2369
25.9719
25.6869
25.4839
26.0738
26.5849
26.4930
27.4187
27.1221
26.7482
26.8274
27.3934
29.0978
29.1863
28.9377
26.8249
25.0142
27.9963
24.6812
26.1497
27.0989
27.8934
28.1809
27.8373
27.3821
26.8891
25.5828
26.8385
25.3973
27.9621
29.9763
25.8541
26.8296
28.0284
29.2742
27.7584
28.2503
27.3842
26.8971
26.1672
26.4119
24.6135
25.4290
26.0707
26.6255
25.0476
26.4419
27.6740
26.6119
27.8614
27.7548
28.0883
28.8691
26.8951
28.5073
25.5941
27.1804
28.3691
26.8929
27.9263
28.5984
28.4370
28.2420
27.1182
29.0031
29.1564
27.2313
27.7090
28.5259
28.5568
28.0878
28.8777
28.0777
29.3990
29.7725
27.4422
27.6418
28.5279
27.4919
26.4429
29.0048
27.8068
29.2239
29.5913
28.8709
30.7926
31.4206
31.6344
29.1841
28.9738
29.3738
28.1219
28.3116
27.4703
27.5286
29.9998
28.5881
30.1931
29.9044
29.7797
26.4599
28.5145
25.7952
27.8900
26.0220
24.8683
23.4954
24.9494
25.5909
27.4819
28.7379
26.4816
29.3791
31.1991
31.1098
27.7397
27.3379
27.5293
27.7031
27.9655
25.2057
27.1100
29.9468
28.0302
29.1610
29.3096
27.0718
26.7006
26.2726
24.3446
26.1880
26.9703
27.8039
27.4745
28.8350
25.6510
28.8242
27.5149
28.8416
28.7538
30.0285
29.1670
30.6891
27.7610
26.6908
27.1586
29.7636
27.2070
29.4410
27.0083
30.2974
29.6535
28.1312
27.9111
30.9564
30.3395
29.9710
28.1152
30.0719
29.5045
27.0342
28.1778
26.8263
29.3683
28.9568
28.0913
26.9576
28.0388
28.7293
30.2457
29.7125
28.2918
27.4798
26.8286
29.3472
28.9548
28.3459
26.9648
28.2585
27.6634
27.0872
27.3787
27.3436
28.1550
29.6663
28.9648
30.5231
29.9395
31.0385
28.7244
28.7172
30.4458
29.2241
28.6204
30.1996
31.4410
30.7989
29.6247
30.4552
28.7108
29.5851
27.7776
28.4892
27.0020
28.8735
28.6138
27.9012
28.9409
30.9187
29.5890
30.2237
29.4008
28.0632
29.7066
27.1086
28.0553
30.1258
27.4369
30.6220
31.0307
30.5219
28.8284
29.5330
28.5622
28.1782
28.6105
29.7782
31.2991
31.1355
28.5635
26.4494
27.2439
26.4865
27.9248
28.1438
28.7927
25.8640
28.6711
28.2592
26.0639
28.4846
29.4752
27.7949
27.3399
28.2218
28.9726
29.9130
28.6735
27.9804
25.7941
28.1020
28.3260
28.3534
29.9752
28.7296
29.0739
27.1647
29.2875
27.9057
28.5722
29.8559
29.6836
26.9371
28.2802
29.7400
30.6596
31.1811
28.3988
28.8468
26.5436
31.1974
27.6246
28.1995
27.6337
29.4103
28.3897
27.3162
29.2255
27.6343
26.1979
27.3595
27.1508
26.9976
28.0263
27.6985
27.1975
28.3705
27.5434
29.3665
30.7254
27.8833
26.2125
26.2357
27.0680
29.9419
26.1226
28.5258
28.6222
27.6482
26.9340
25.9164
25.1427
25.3177
25.5153
25.1896
27.1777
27.5300
25.2503
27.8330
27.8801
27.7295
29.3650
27.1184
24.9322
25.1732
26.1838
24.8506
26.7191
28.2578
25.7169
25.0885
25.3334
24.7415
25.5001
24.4154
24.8714
26.1744
28.4794
23.8548
27.0395
23.4099
26.1316
24.7568
24.9229
28.4399
27.6537
28.6353
28.5411
27.4904
29.0841
28.8397
29.3622
27.7846
29.0759
28.1412
26.3396
29.9613
28.8434
28.6167
28.1000
27.8734
28.5896
28.8328
30.5255
27.8609
30.5506
27.1116
27.1394
27.7805
25.4764
24.8307
24.5702
22.9860
25.2290
24.6707
24.6504
24.7597
25.9020
26.0497
27.5237
23.6002
23.8535
24.2571
25.9954
26.7150
23.8340
25.4695
27.6091
26.8214
28.9669
24.8893
27.5970
28.7338
27.1395
28.5381
27.9976
28.7379
29.3676
29.7891
26.5012
30.3800
28.2766
27.8171
23.2807
24.1641
22.2317
27.9067
24.8058
28.0326
27.9238
26.5004
26.1073
26.0597
25.6037
25.1912
26.2448
26.9253
25.1495
26.9685
26.8186
25.9548
27.5258
24.4793
24.0176
23.8337
23.6908
25.0326
25.8974
25.3681
24.4696
23.4803
22.9244
25.0117
23.9912
23.6470
22.4678
27.8022
28.2753
27.6614
28.3456
25.8339
29.1015
28.9932
30.0105
30.8164
29.9292
29.1221
28.1271
29.2913
28.6379
28.7653
28.2210
30.3761
31.3971
29.3320
29.2500
29.4403
29.2055
28.4369
28.2639
26.9820
27.6538
30.5146
26.2321
26.0128
26.2506
26.7821
27.8525
26.8028
29.7225
29.1278
27.3556
28.7472
29.4373
27.2254
29.1408
27.4239
27.4733
30.1717
28.6787
28.7240
29.1502
28.7092
30.1772
30.2391
27.9353
27.5353
26.6357
27.1220
28.9401
27.6480
29.1227
29.2528
29.4618
31.0444
29.2928
31.2984
30.1075
29.3114
27.9428
32.5154
30.1506
29.5956
31.1574
31.5152
30.8474
30.0453
29.6199
29.6816
32.4250
29.1554
30.2191
29.1819
29.3961
29.1917
28.4967
29.2194
28.9147
27.9287
26.2962
25.9630
27.8211
28.7815
29.3143
24.7213
28.4183
28.3349
30.6960
30.4297
29.3061
27.3741
26.7513
28.8534
26.0878
30.0788
29.0258
30.1182
28.0443
31.1262
29.8384
28.9347
27.9595
28.2267
28.3878
30.7308
29.4075
29.7785
28.7813
28.9295
26.6530
29.8994
28.4530
31.3083
28.4203
26.4603
28.9964
29.5072
29.7643
28.0047
30.6780
32.1661
31.0547
29.1442
29.2555
28.2603
27.2286
27.0036
27.0469
27.9570
29.8985
28.9621
26.8329
28.6273
29.4153
30.9240
31.3541
29.1318
29.3344
28.5868
28.2018
27.1743
27.4981
29.2425
30.6053
30.9911
28.3200
28.2188
29.6239
31.3969
28.9612
30.9069
27.9317
27.3988
26.2915
28.4718
28.3902
28.7567
28.1666
28.3090
31.7933
30.2317
29.6055
28.7616
28.7519
29.8792
30.0112
29.7629
27.3571
29.1044
26.4469
28.0867
27.2452
28.4479
27.6145
28.0393
28.7250
27.1964
26.1243
27.4940
26.8542
28.5630
27.1871
28.7914
29.7579
28.3957
31.2657
30.3662
27.1551
29.2918
29.8710
29.6678
29.1141
28.1083
28.8427
27.4588
29.1585
29.3842
28.4329
29.0628
29.8926
27.4671
28.9580
27.5511
29.5875
27.9386
32.2114
28.5570
32.3361
32.0055
27.9867
29.6078
28.8601
28.7223
28.8074
29.0935
31.2164
28.6801
29.9238
29.4453
27.8771
28.1399
31.6029
27.1350
29.7257
30.5166
31.5189
32.5071
30.0770
29.5576
30.3491
29.3515
29.2672
28.1885
30.1745
29.9697
29.6552
29.5189
27.3469
29.4577
28.6834
29.4841
30.1632
28.4488
30.5046
29.2349
29.3265
29.3539
30.5275
30.0090
27.9511
29.4203
29.5782
30.2624
34.2450
30.4551
30.7736
30.1710
30.8189
29.8275
30.9389
30.0011
30.1707
28.4488
29.6401
28.3600
28.5284
28.1898
29.4989
28.7241
27.8284
29.5820
30.6147
26.7304
27.6919
28.6983
28.6329
30.1891
30.3728
30.1071
28.1398
28.7906
31.8791
31.0171
28.9154
29.6852
29.2511
31.5595
29.4598
27.2963
29.3724
31.4782
27.6716
29.2296
27.1493
28.1195
28.5406
27.2361
27.1385
28.6502
28.8913
27.6329
27.5502
28.9015
27.4213
29.6354
27.1264
29.2588
28.6663
27.9484
27.3254
26.1947
27.4208
28.7867
29.6974
29.8730
29.1396
28.5861
26.7400
27.6459
25.8427
28.4990
27.1800
27.3026
26.2584
27.3858
28.2637
25.8392
28.5094
27.8791
28.7429
27.6327
30.9160
30.0680
30.0662
31.5073
30.0074
27.7868
27.6302
28.2700
28.0304
28.3880
29.7980
28.0718
27.8004
29.4152
29.4200
27.8763
26.9003
28.4712
26.7593
29.3290
27.2643
26.9197
28.6432
26.4807
29.7469
27.9525
27.8912
28.5720
29.9921
29.4843
30.0475
32.0894
28.3276
30.1467
32.4437
29.1649
28.4178
27.0948
27.4609
24.9997
27.3343
25.2773
26.6370
29.5515
25.6466
27.7659
27.2938
29.9252
29.8495
30.0718
28.1499
29.6383
29.2168
29.2141
29.4409
28.8394
29.4846
29.6643
31.9888
28.4712
28.7366
29.4424
30.1489
30.8727
28.4275
27.9515
27.5255
28.6196
28.5513
28.8073
29.8177
30.6088
28.8844
26.6875
28.9370
28.7879
29.1089
27.7489
26.9616
28.6597
28.1871
29.3879
30.8037
28.4975
31.3473
29.5707
30.0679
30.4374
29.5158
27.8344
28.1553
28.3445
29.7933
28.6002
29.5719
30.4182
29.3532
28.4910
28.8139
28.3360
28.3068
31.8260
30.8724
30.8751
29.6718
30.7245
28.0972
28.4585
30.2351
28.9457
29.9225
29.7255
28.1797
29.5198
31.9753
29.3618
29.8033
29.4901
28.2005
25.7796
25.7014
26.7942
25.7907
25.9894
27.3727
26.8953
27.3042
26.0318
25.9406
28.3596
28.6772
28.8128
28.0025
28.0491
27.6795
28.2997
27.7681
27.9610
27.8620
23.1622
25.1202
24.5000
25.1100
25.3024
23.5145
26.4004
26.1477
26.5858
25.5279
24.7612
25.4449
24.6635
24.0886
25.3032
24.9553
23.4144
24.5374
24.5365
26.1538
26.8452
26.8965
27.2520
25.6234
26.4943
25.8120
23.8193
24.0185
24.5027
23.6643
22.2496
22.9561
22.7131
24.1365
24.6121
24.1445
26.5039
22.0903
24.2347
23.7334
24.1853
25.1528
25.3366
24.6320
26.0108
25.2268
25.5638
24.6537
25.8531
26.7802
23.8261
24.3857
27.3913
24.0489
23.3188
24.0340
24.5285
23.6023
23.1263
23.1880
25.6271
23.2948
24.9247
24.0811
23.4722
23.8840
24.0785
24.5322
23.4315
23.6696
25.2459
25.1309
23.2800
24.7782
27.6277
25.7063
23.3522
24.3277
26.1212
26.1662
26.0775
28.8796
30.1389
30.0851
26.6462
25.6234
30.3170
27.9459
29.7473
27.0591
27.0751
25.9055
28.2791
25.6537
26.0614
23.5617
24.7727
25.8645
24.5419
23.7622
24.0057
25.2554
27.8001
27.0201
27.6087
25.6744
24.8930
27.6412
27.4165
25.7487
27.0737
25.1579
24.5381
23.8296
23.9070
23.5086
23.3572
23.4995
23.1801
24.4888
24.0745
26.8821
27.4365
28.4371
27.7823
24.3334
23.2675
21.4172
22.5619
23.9407
23.8348
24.3448
24.4808
26.3315
25.3188
27.1255
28.2707
26.9494
27.8629
27.3035
27.4134
26.4494
26.3774
25.2195
23.3092
24.6147
23.3907
23.0798
25.9394
25.4687
26.8578
25.6319
27.1260
26.3384
25.8831
26.3767
24.6377
25.8349
28.4339
28.1836
26.7783
27.0847
26.5438
28.1312
26.8271
26.4189
29.4071
27.2008
26.5284
28.0535
27.5535
24.8002
24.8106
25.5493
24.4196
24.2956
28.6458
28.9906
26.8059
26.1083
23.7001
24.0572
22.8428
23.4611
25.0334
25.5145
24.1600
23.3150
24.5404
26.1277
25.2685
27.3555
25.4696
24.7818
26.5877
26.2283
26.7549
25.3746
25.9165
26.3212
26.3883
25.5638
26.5611
24.1360
24.4887
23.5226
22.9165
24.4345
23.7036
26.0760
26.2498
24.7069
22.6801
24.4396
22.8289
27.0258
26.4501
23.8184
23.7722
22.8329
23.3127
21.9450
23.9235
23.0346
22.4793
24.3546
24.1891
24.1950
23.6514
25.2854
25.3017
24.9580
24.4112
22.7845
24.6338
23.5483
24.7688
23.7100
25.2162
26.0507
24.9228
25.1265
28.3730
27.2820
30.2549
28.1951
27.4644
26.2772
28.0013
28.3462
29.6701
27.9337
28.3171
25.8420
27.5069
27.9229
26.8416
27.1111
26.4720
25.6563
27.1881
26.0801
29.2281
29.4318
29.0204
25.9851
26.7267
25.3442
27.0544
24.9807
26.8287
27.7783
26.3514
26.7973
27.6314
26.5885
27.1448
28.0790
27.9166
28.5351
26.0619
26.3473
29.3004
27.2593
27.6948
24.8120
27.9155
25.7820
26.4832
25.3679
28.8837
27.4834
28.6692
28.3339
26.9839
26.2546
23.6970
26.7415
27.0011
28.0475
26.1179
25.6264
26.5561
24.6136
24.0146
24.3257
22.5252
25.1970
26.5420
27.6008
24.7797
26.5755
24.6927
23.7615
26.1183
25.7425
26.1027
26.4162
26.1427
25.3306
24.6105
27.6224
27.9525
28.6257
26.6542
28.1414
26.3623
24.7423
27.0166
30.2913
30.4166
29.0328
27.8336
29.4715
28.0306
27.8211
24.3036
25.9267
23.9458
23.3324
24.7932
23.2234
24.7172
22.6928
22.8941
24.7929
24.0455
24.1233
24.4209
24.7984
24.9081
25.5384
25.4220
24.4863
24.0285
29.5175
28.5728
28.3450
27.6477
29.0231
30.1026
28.4520
26.7778
28.8352
26.6836
26.3083
25.9702
27.0715
27.5300
27.3578
25.3518
29.1097
27.0419
29.4041
26.3497
27.4364
27.0288
27.0120
26.0883
25.1257
28.6591
25.2081
28.0518
30.5209
24.8337
25.2291
26.4698
24.4485
25.0808
27.1189
25.5006
25.8529
26.5225
28.8928
27.0795
28.4959
28.0269
28.9359
27.3910
26.5247
28.4500
25.4467
25.1701
23.7257
27.0037
24.4183
27.6347
28.5313
27.7610
26.6692
25.1577
25.3354
26.0662
24.6791
26.8042
26.3738
26.3528
26.5061
28.2183
28.0195
26.2566
25.0310
26.4384
25.4191
27.5521
26.2363
26.0277
27.5938
25.3666
27.9839
26.3352
26.3401
27.3569
25.5927
25.6802
24.6347
25.0792
23.9425
24.3680
24.2006
23.6131
25.4903
25.2814
25.0424
24.7164
23.8809
23.2147
26.8377
26.3281
27.1278
28.1331
25.1176
27.6717
28.1400
24.8089
24.3100
27.7634
30.3130
26.1919
29.5845
27.5786
28.7007
26.3519
25.2487
26.8274
27.1263
24.8893
26.2986
24.0502
23.9380
23.5331
23.5391
23.5790
24.0823
25.0807
23.0298
23.5824
24.0353
23.7177
24.8968
24.1171
24.4353
26.3782
23.4944
23.7700
23.6883
23.3836
23.5863
24.2013
22.5671
24.3368
24.1009
25.5047
25.1291
24.8404
24.8742
25.7894
24.8326
28.8526
25.2936
24.7003
27.6876
24.9564
25.6816
25.7856
25.3615
24.4927
22.2301
22.2737
22.3182
23.5152
25.4404
24.5411
25.5184
22.7511
23.8187
23.3030
24.4348
22.5771
23.4550
25.1850
27.1626
25.8937
26.1227
25.6364
23.8477
25.2131
24.5922
26.1863
26.0265
25.4863
25.2190
25.0883
23.3888
24.5690
23.8281
25.5511
23.8204
26.3269
23.8301
25.0764
23.4379
24.3133
24.0111
24.2694
25.9777
24.7393
24.1980
25.2642
27.0481
25.1919
24.4570
24.8891
23.7162
22.4914
25.2490
25.4777
23.7494
26.8206
24.4317
23.0559
23.9557
24.1213
24.0365
22.3057
23.8422
23.6472
25.2636
23.1411
22.9493
21.5149
22.2364
21.5714
22.4283
24.2407
22.4715
23.7218
24.1954
22.1279
23.1027
23.7782
21.9452
21.2791
22.1559
22.9843
22.6819
23.0731
22.6946
25.7501
24.7598
23.5228
24.7636
23.4484
24.5781
26.1603
22.9125
22.9944
23.8989
25.5007
23.6004
23.3730
24.1586
25.0499
23.8442
23.0716
23.5032
22.3621
23.9845
24.2604
23.5004
24.8204
22.4175
22.6552
24.4816
23.7527
22.6771
22.4490
22.8139
24.2362
22.3007
22.3521
21.9894
23.1851
21.4750
22.3673
24.7977
23.9462
25.8673
25.0613
22.2549
23.6367
23.7109
24.0375
23.6854
22.7860
24.1459
23.0076
24.4585
24.0961
22.8231
22.8204
24.3653
23.2206
23.6528
25.2444
23.2253
25.2121
24.6290
25.0167
24.2082
24.8496
25.2677
26.5661
22.3791
23.4604
22.1450
23.8581
23.1568
24.5054
24.4544
24.4995
25.2671
26.6167
25.4933
24.8831
24.8260
26.7506
26.0794
26.1307
25.1074
25.1848
24.9092
25.0669
25.9501
25.8023
27.4272
25.8215
27.4674
28.9911
27.2068
24.9600
25.8287
24.9684
26.6826
23.6328
27.1303
27.7557
28.4811
25.0077
25.4644
25.6085
25.0841
28.6894
26.8684
29.1024
27.7664
24.5064
26.4923
23.8007
23.9824
24.3671
22.9691
24.4212
25.1481
23.8230
23.8093
25.3748
24.2350
27.2773
27.2707
26.0874
26.9007
24.5164
24.3959
24.3733
24.8508
26.6930
24.2698
26.9189
26.0634
24.0009
24.9556
24.2011
24.2234
24.9892
25.0453
25.7833
25.6956
24.5785
25.6956
25.9683
25.4145
23.9029
25.6569
24.9223
24.4078
26.2891
24.7465
25.4135
26.6149
25.6850
24.0350
23.7427
22.2183
22.4890
25.1653
22.8733
23.1718
24.9573
25.5386
25.1576
27.5710
27.2405
25.0333
25.2925
25.6892
25.1877
26.7732
26.0282
28.1898
24.6586
25.8243
27.3365
26.7111
24.7480
24.1397
25.1031
24.1685
23.6604
23.0838
24.7519
23.9243
23.0721
24.9704
24.1810
26.1949
27.7174
26.8574
27.2749
27.5148
25.2267
26.8736
27.2402
25.9289
25.7883
26.3134
25.0072
25.7396
26.2341
25.4284
27.3896
28.5483
27.5601
26.2106
26.6469
25.0105
25.6250
25.2644
26.6925
26.9992
26.2501
25.7209
27.0050
26.1284
25.0075
25.5177
26.6516
23.6891
24.7127
24.8139
25.4535
23.5511
23.5877
24.2077
24.6250
23.3643
23.7623
23.6508
23.0412
23.8995
22.5702
23.0558
23.1988
24.7292
26.0644
26.2173
26.5967
26.3701
27.3720
25.6887
26.1668
26.2224
26.8322
25.2076
24.6006
24.6959
23.7333
25.8801
25.3897
26.0144
25.1896
25.7911
24.3872
25.9097
25.3899
24.9297
26.3739
26.2882
25.6288
27.6493
27.5949
26.6479
24.7057
26.2718
25.5948
24.9107
24.8142
25.5191
24.6760
26.6683
25.3431
24.3215
24.2688
24.3864
23.6570
26.4641
26.4419
25.4750
23.2958
25.4869
23.7630
22.3211
26.1870
25.9491
25.2249
23.8587
24.4775
23.6191
23.4755
21.1268
24.2364
25.1993
27.5526
26.3692
26.9251
27.2330
27.7533
25.1920
26.7531
25.8057
27.1210
25.3322
24.0921
28.3528
24.9822
25.4256
26.0310
24.7858
24.7472
24.8897
26.0850
26.4535
27.4904
25.4357
25.1348
24.3681
26.0192
25.7240
23.8170
27.0831
27.3152
26.1157
26.0695
25.5082
26.2149
26.1085
25.7246
27.5811
26.4768
24.9698
25.6866
27.3508
25.8346
28.3250
26.1167
24.2596
25.2301
25.1649
24.4992
22.1263
23.0352
23.6413
28.1286
29.4230
25.8367
25.4010
27.9535
26.7629
27.0783
27.4320
28.4763
26.2429
25.3294
26.2287
26.6848
25.0284
25.0871
24.5159
22.9534
24.6021
26.5424
23.5653
25.1133
23.6839
23.3278
22.7191
23.3640
24.8341
25.0531
26.6501
23.1844
23.1251
23.7773
23.7577
25.8840
24.6453
24.5798
24.8782
23.8367
26.0842
26.5998
26.4570
24.9646
25.7433
27.1153
24.4411
24.8702
23.4126
22.9754
23.5208
23.8446
22.7717
23.6949
22.0055
22.7544
22.2641
21.5751
22.4352
21.9957
23.1866
23.1483
24.1518
21.9172
23.4350
21.8701
23.3022
25.5136
22.9716
23.7273
23.1220
22.3996
23.1583
23.1313
22.4895
25.8568
24.8124
23.5052
25.3525
27.9869
25.4247
25.7105
24.2413
23.7988
24.5630
23.6712
24.2142
24.7376
21.8720
22.7667
22.4752
21.2887
21.0983
20.8302
22.1857
22.1586
21.0571
23.3277
23.0275
23.2584
22.0800
23.8991
26.2457
25.2860
22.1595
23.0434
23.4661
25.5597
23.2822
24.5285
22.8864
22.3913
21.5488
22.1786
21.0756
20.7253
23.3151
21.3616
22.0488
22.1165
23.9025
25.7054
25.9873
26.6796
25.8896
23.6479
24.0648
24.7605
25.0852
24.3843
24.1928
24.4943
21.9506
22.9817
21.4493
23.2733
23.4750
22.7460
23.1634
23.5105
23.8743
23.6292
26.2380
24.5604
25.6440
24.7791
23.7200
22.9570
24.5057
26.3937
26.0537
26.3916
26.7314
25.2305
26.0094
26.6142
24.0329
22.6193
23.5682
22.5716
23.8239
22.1942
24.4115
23.5948
23.2060
23.1237
22.1598
20.6433
22.1962
23.1437
24.6178
23.2443
24.9277
26.5458
25.0952
22.6488
21.8020
24.7716
22.5189
21.5024
21.7414
20.0949
21.1992
21.9725
22.5742
21.4424
21.3992
22.1988
21.3443
21.3961
22.8165
23.3978
21.9507
22.2672
21.2982
22.4353
23.5146
22.0403
25.9025
24.9559
25.6864
24.8632
26.5666
23.7071
23.5733
22.4125
21.8131
21.4330
22.3096
22.6027
23.1417
24.0860
25.4077
25.6056
25.4305
27.3094
25.8564
25.0133
23.2722
23.5869
22.6196
22.6917
21.1033
22.9294
22.5837
22.6593
22.4415
21.5823
21.7040
22.1135
22.1270
24.1692
22.7413
22.5845
21.2949
21.2986
21.2183
24.4738
27.0201
26.3302
26.0091
27.1692
24.5784
24.7465
24.7553
25.7554
24.9865
24.0130
24.1390
24.7392
24.3523
24.4909
24.2962
23.4479
24.8149
25.9716
25.0166
23.2761
24.7334
22.8308
23.8083
24.0616
24.6697
24.0276
27.0492
25.3434
24.2915
24.4594
25.7739
22.9954
22.1722
22.0948
22.6086
24.4218
23.3041
23.0053
23.0909
22.1399
22.8832
23.5261
23.5722
26.2582
25.5909
25.2148
24.1418
23.7263
22.7733
23.3832
22.6268
22.7708
23.1561
24.2233
24.4754
24.1834
25.2653
24.9898
22.1523
24.8882
23.4949
24.9846
25.3456
24.9759
22.6265
24.1649
24.2246
24.9980
23.3640
24.6376
26.4515
25.9195
26.3231
24.5744
25.1809
26.1766
25.9652
23.6909
25.2749
24.1892
25.1399
26.5042
26.2720
24.2658
26.0753
25.5597
25.9625
27.4731
26.5999
27.1110
26.0930
26.4763
25.8007
26.8980
24.8323
26.7538
27.1333
26.7008
24.2537
24.4612
24.1652
23.5407
23.8205
23.5440
23.1587
23.0843
24.4787
24.8190
23.3429
23.7156
29.1102
26.6221
27.2143
26.0085
24.9663
28.2918
24.3612
23.2217
24.1440
23.6005
26.7521
24.1026
24.0088
25.2962
23.3014
25.3947
25.8160
24.8281
23.3932
25.8469
25.8500
24.2444
25.2098
25.0784
24.7549
25.6185
25.5747
27.3280
27.1488
26.0194
26.0675
28.6821
27.9557
28.2967
25.6133
23.2737
26.6997
27.0404
29.2725
28.0723
24.6311
25.9208
25.1126
27.1483
25.4009
25.5769
25.7644
26.1210
23.7715
27.2739
28.6178
25.9698
26.6211
26.5119
28.7129
27.9067
28.2883
28.2444
27.3636
28.7194
27.1429
27.5476
29.2830
25.1249
25.4851
28.2526
26.5637
27.3864
26.5636
25.8321
27.5945
28.9538
25.2449
27.0066
26.4081
26.2894
25.4276
24.4261
26.4676
27.1196
27.9061
27.1068
26.2059
25.5973
26.1183
26.9296
27.3399
29.4060
27.9668
28.1651
26.0739
29.5403
27.6657
26.9325
25.4877
26.4401
25.3428
22.9488
25.5983
26.7767
26.5643
28.5229
27.4354
27.5168
27.7219
25.4960
25.3587
24.0123
26.8668
27.1702
28.7998
27.0446
28.1623
27.8011
28.5016
28.5612
27.5187
29.5448
27.9167
28.8473
27.6146
27.2485
28.3022
28.1378
26.0540
26.2514
28.9606
27.1564
26.7562
26.0889
27.0749
26.1114
24.9592
24.1167
24.6094
26.4023
24.7260
24.2417
24.5088
23.6885
24.3551
26.0933
24.1180
25.6043
23.7055
24.5088
24.4972
25.7766
24.3291
23.8063
22.0622
22.7225
22.5506
22.2508
24.2691
22.3118
23.7853
26.2905
25.3021
26.3876
28.4127
25.2689
26.0013
26.7681
27.3732
29.5896
28.1646
27.3826
25.5138
25.6849
26.7412
24.7585
25.3172
25.7266
27.2895
25.5828
23.6956
26.5940
27.0840
27.9368
26.1162
23.1364
23.1358
23.1319
24.3270
24.9901
27.0850
24.9444
24.0826
23.7554
22.7533
24.4581
23.7380
24.0504
25.7517
26.7981
28.5057
25.4628
25.3327
25.5696
25.6506
25.1370
24.2585
25.5227
26.2812
24.9692
24.5465
24.4280
24.0001
24.5778
25.0957
23.4475
25.3165
25.5955
25.8368
25.0068
25.8153
27.4326
25.3377
25.2071
26.0365
24.8138
24.1825
25.2299
25.2594
24.4488
22.7850
23.4986
23.4702
23.5968
24.5174
24.9167
24.4644
24.2355
26.0220
24.6021
24.6356
24.8370
26.3847
27.5618
26.0150
26.0770
26.5121
23.3524
24.9667
25.6819
26.2452
25.0291
26.5678
27.2137
25.0731
26.5581
28.1712
27.6107
26.2571
25.7812
25.6243
25.0558
24.0426
26.4438
25.5728
26.4188
28.2300
25.1772
28.2732
26.4452
27.1961
26.4414
27.5764
28.3347
27.9257
27.1391
27.3873
25.0910
26.5738
26.0185
27.0222
27.4136
27.6505
24.9598
24.7919
25.8906
27.1961
24.9068
24.7422
25.7698
25.8356
26.5343
25.1182
26.7166
25.6041
26.4601
28.2050
25.0884
27.5471
28.3860
25.1552
25.1104
26.9791
27.8921
27.7664
25.5891
25.5860
27.3259
29.5165
26.8125
25.4626
26.1608
27.7694
27.2697
26.9350
23.1528
24.5257
23.9063
24.7504
24.6311
25.7823
26.0210
25.8426
24.5730
26.4533
26.9581
25.1506
25.7941
27.7856
26.8318
24.6956
26.4377
23.7995
25.2937
24.4157
26.4621
28.3787
27.3557
26.9346
25.5542
26.4275
27.7911
26.2388
26.2674
28.0513
27.6983
27.7051
26.3929
27.1244
26.1609
24.7320
25.8615
27.3435
27.2144
24.9852
28.3624
27.6054
29.0610
27.9637
27.0227
26.8096
27.2532
24.8850
27.5830
27.4548
24.7139
25.6823
25.6998
25.2260
23.5893
24.3043
25.8319
27.0167
26.1223
26.8595
27.6505
26.2949
27.5776
25.4609
24.6047
23.8760
21.4850
24.8307
25.1507
25.3438
27.8693
26.0111
26.3418
24.1595
24.7171
25.7910
26.6860
24.1635
27.5329
25.6877
24.5571
26.8714
27.1271
27.3759
24.9235
25.1462
27.8096
28.2448
24.6885
26.5942
25.5852
27.6950
25.8867
27.3496
27.8174
27.1999
27.7849
27.2477
26.4158
27.3901
27.8925
27.5195
28.0422
26.4896
27.8566
27.1146
27.5442
28.4045
27.9010
25.0395
23.3397
25.9777
25.0487
24.3565
25.0161
27.1318
26.5170
25.2796
25.9409
25.0570
24.4159
25.6953
24.2886
24.3235
24.4576
24.9501
25.3175
24.3445
24.0828
26.2110
27.0547
24.3030
25.2642
23.9373
26.6309
25.7352
26.1211
23.8035
24.5447
24.7200
25.7561
25.3916
23.1246
24.5690
24.8536
25.7298
24.7344
24.7222
25.1537
25.6224
23.8723
23.7895
26.1438
24.3980
24.9325
23.4831
26.1825
23.8655
24.6954
25.0696
25.2952
25.9238
27.1933
27.3381
25.4199
25.3813
25.7973
22.8823
25.7856
24.7512
24.3029
23.3508
23.3685
25.4083
23.1251
24.2143
22.3231
21.7016
22.5780
23.9065
24.2517
24.4823
25.7620
24.6013
23.6412
24.8031
26.3816
23.9860
24.3707
23.8816
24.4967
24.9432
23.9920
23.7565
26.6146
25.5071
25.4893
25.5085
26.5746
27.5883
28.0137
26.7828
26.0292
26.3272
30.3965
26.9306
25.7713
25.8300
24.1593
25.2391
24.1202
24.7719
23.8006
23.5407
25.9655
24.2430
26.9194
26.3353
26.3214
25.2735
23.5499
24.7468
26.6895
22.1737
24.4229
26.1904
24.7098
24.7357
24.7357
26.2015
26.7019
25.7831
27.3185
26.6967
26.4105
25.7666
27.7805
26.1306
25.1587
24.8758
26.6751
24.6913
24.8739
24.3406
24.8836
24.8516
24.9107
26.2405
22.3777
25.0085
25.8286
27.6920
27.7014
28.3638
25.2236
25.8924
27.5093
27.0409
25.7795
25.1877
26.9526
27.5051
30.1669
28.0126
26.1610
29.0063
27.4783
26.3910
27.3125
26.6791
26.9466
26.4065
26.2264
27.2979
24.3353
25.3530
25.3540
27.2308
26.3107
25.7418
25.2571
26.4883
25.3057
23.8964
23.7501
25.2346
23.6860
23.7349
24.5850
24.6935
25.3257
24.2979
24.8036
24.8123
28.0903
26.4436
26.6637
25.7113
27.2623
28.7407
26.3281
26.8463
29.0653
27.9503
26.1797
25.0936
26.6882
26.9253
25.7290
26.1972
25.9314
26.3634
27.5542
26.2924
26.5775
23.7680
24.3276
25.2895
25.6080
25.9414
24.7853
22.4990
24.9034
23.8022
25.7066
26.6944
26.6721
26.5101
26.4169
26.8170
25.2318
26.3456
24.9912
23.4708
22.4534
22.1336
24.1797
23.8349
23.7643
23.7318
24.3856
24.7201
26.2356
28.9412
25.7658
26.1119
24.8922
26.5237
26.2053
25.5850
26.0604
25.0889
23.4636
25.2148
25.4482
25.8243
26.9630
26.0677
23.3714
24.0870
24.2794
26.3458
26.6613
29.1295
23.6360
25.7453
24.0505
25.7455
24.9495
25.3648
26.3535
27.1678
25.4796
24.8144
27.4944
25.5569
25.4076
23.5839
24.8510
25.8034
25.4986
25.3172
24.1938
25.3682
26.0330
26.4292
25.0097
26.4426
27.4440
28.3467
24.3049
25.0049
26.8765
27.9700
25.6648
26.1327
27.3102
28.2900
25.9581
27.7626
26.0299
24.7255
26.5099
26.9303
22.9412
23.7235
25.0387
24.1693
25.4279
25.5455
26.5625
24.8286
27.3069
27.1378
26.1249
23.0555
24.1643
24.4165
27.1765
29.1185
26.9333
27.5969
27.4266
27.3958
29.2786
28.7199
29.3760
29.5661
26.3211
29.4493
26.1212
26.5085
27.9448
28.4315
26.8836
27.1729
25.0522
27.9059
24.6631
26.0778
27.4036
27.1384
27.1154
26.6916
27.3722
25.3398
26.4762
26.5356
26.8911
27.4501
26.2102
26.2083
28.5077
27.1442
26.2954
27.9387
29.8189
28.5958
29.5838
27.9580
25.3139
27.3499
29.0923
27.9793
23.9036
27.1252
27.7739
26.5386
25.6071
28.5830
25.7388
26.5095
25.7332
26.4854
29.0410
27.5255
27.3435
26.2326
28.1846
25.8520
28.3111
28.3908
28.1353
29.4412
28.8061
27.2528
27.1044
25.8916
25.9093
27.8986
28.2070
25.3333
25.4056
28.0590
28.6890
26.2923
28.1019
29.3276
28.7954
28.1379
28.1168
28.6820
27.0621
28.5295
29.4212
26.1829
25.4018
25.9171
24.9110
25.2550
26.5655
28.4420
28.9473
28.1168
28.3734
26.3448
27.4742
25.4508
25.7897
28.0591
28.1209
27.1560
26.0845
26.9361
26.8309
25.0098
27.2027
26.2966
27.9057
27.4572
29.1661
25.2625
27.8318
25.9833
26.2662
27.3698
30.6205
25.5390
28.6043
27.5355
28.5658
27.1446
28.2048
27.6923
29.6755
28.2349
27.7185
25.6753
27.5449
28.1769
27.4544
25.4620
25.5932
26.9960
27.3104
29.8876
25.7514
27.2483
29.9831
26.1428
25.5234
25.8340
25.6250
27.6277
25.4276
26.4417
27.1312
24.2465
26.4309
28.2091
29.9711
26.7279
29.5563
26.3576
25.7910
23.7389
26.4851
26.4379
25.4813
28.0168
26.8691
25.7465
27.9076
25.6918
26.2944
25.7512
26.4745
27.1468
27.4036
23.4459
24.8871
23.3968
23.3085
23.3960
25.8826
25.0747
27.4250
24.8716
26.1925
26.1794
26.3965
27.1356
27.4779
25.5016
26.5493
24.5008
23.5005
24.9422
25.7042
25.8030
24.6687
27.9464
27.4578
26.1944
28.1842
27.8905
27.7114
25.7548
26.2449
28.6946
28.0708
25.7312
24.8063
23.8215
24.6676
26.4772
25.5428
24.4567
27.1601
27.8877
26.9121
26.2864
26.4877
28.0056
27.7347
26.6990
26.7488
28.7021
24.9577
25.2863
26.1956
25.6335
27.0809
25.6946
26.6225
28.6476
26.3476
30.1143
28.1082
26.7092
28.7652
29.1777
30.2718
29.4581
29.1158
29.7445
29.2751
29.2083
29.4545
29.7344
30.2821
28.1962
26.0658
26.6084
29.3085
28.7253
28.3493
28.7385
26.6856
29.0254
25.8593
29.5517
28.5492
29.4433
26.8039
24.8864
26.1880
27.2926
29.5977
29.0613
27.7907
29.4099
26.8209
26.1827
28.0087
28.1555
27.1342
28.1024
28.2224
26.5186
27.8680
29.0226
28.7125
29.2452
29.1499
27.3087
27.5637
28.0037
27.5887
29.6580
28.8479
26.4569
27.4616
28.8141
29.0019
28.8557
28.2809
28.4561
29.0425
27.3780
29.5096
29.0341
27.1757
29.2620
28.6040
29.3523
27.5971
27.5671
24.9157
27.5315
26.7898
28.9887
26.6620
26.4424
28.5469
27.6516
27.1949
28.0380
26.4587
28.7836
28.1695
27.6473
26.4624
28.0983
26.8233
28.5465
27.7831
28.1871
26.6091
26.9395
27.7942
26.0592
27.1274
26.9243
26.1737
24.7802
26.7897
25.5863
26.2733
25.1502
27.4442
27.8776
26.0610
26.1370
25.7512
26.5422
25.0774
24.0339
24.9065
27.8704
26.4912
26.5851
28.1342
27.7546
27.3645
25.8932
29.0426
27.5524
26.8323
29.5480
26.5016
26.9298
29.3240
28.9749
28.1215
27.4231
26.4296
27.1149
27.3287
26.5113
27.5935
27.5280
27.9882
30.1796
28.9672
28.2039
28.5675
28.1709
29.5920
29.0529
28.4871
25.1680
27.6743
28.6722
29.3849
27.3975
29.1075
30.0916
28.9491
28.5122
28.5496
30.7072
29.0352
29.0554
26.7129
27.8939
29.5638
28.0591
28.8703
28.4918
28.5346
30.2331
29.5070
26.9939
25.6553
24.0562
26.1077
30.7144
29.1604
26.6702
27.0344
26.9387
24.1096
25.1397
27.9358
25.8278
25.5662
24.7924
25.5847
24.4159
26.9803
27.4527
25.1607
27.6920
28.8155
27.2928
27.5000
29.3242
27.0840
26.8913
27.1413
28.0627
26.1517
26.3235
24.1090
23.5115
25.4115
23.6829
25.6879
25.2274
24.7888
24.1237
24.1465
25.2037
24.8493
26.6914
25.2508
26.1262
27.2173
26.0045
26.6949
26.0132
25.1852
25.6592
25.4536
23.9922
24.0803
24.4867
23.9681
23.9805
23.4266
25.1047
25.5857
23.0888
24.8500
26.0534
23.9368
22.9686
24.4661
23.9559
24.5924
26.0779
23.8698
25.0808
22.8438
23.3439
26.5535
25.6461
24.2935
25.0420
24.7798
26.6974
24.0240
21.9110
23.3014
22.6029
22.8727
21.1771
21.7903
21.9403
22.2924
23.1090
26.6281
25.0794
25.4792
25.2009
24.1835
25.6643
23.9490
23.1377
22.0091
21.7945
23.9039
24.3891
23.4547
22.1811
21.6546
22.7413
22.4106
22.5743
24.0916
21.8284
21.1844
25.1609
22.6932
25.8528
24.4886
23.9181
22.5447
23.8671
24.8332
23.7189
22.2109
24.0518
24.9660
24.0235
23.9060
24.8925
24.1264
26.4424
24.2256
25.6181
23.5338
22.8518
23.9168
24.3866
23.3143
25.0297
23.2475
23.1604
24.4949
24.6920
25.9577
24.5775
23.4006
25.0472
25.2212
23.8367
22.6461
22.5465
22.9146
24.2080
25.0490
24.7498
24.3724
25.0657
24.4419
24.0835
24.1138
24.5185
25.4059
23.9577
23.6175
22.6717
23.8450
23.4305
24.2032
23.7095
22.3138
22.5054
23.8302
23.7270
24.2089
24.3575
27.5668
26.7752
27.7610
25.0362
28.1149
24.9445
26.4706
25.2106
27.5393
28.3954
26.1662
25.2054
24.1088
28.0206
28.1021
28.5629
26.2361
28.4409
25.3207
24.0033
25.2338
21.8063
25.0880
25.9432
25.2143
22.1008
24.6918
26.3601
25.6296
25.4020
27.4341
24.2385
26.8114
23.9573
25.0975
24.9380
24.5008
23.6120
24.0424
25.6255
23.8460
25.9186
25.1415
22.6971
24.1127
24.1411
25.6840
26.9171
25.1681
25.2979
25.2592
25.2081
25.6405
26.1431
24.5094
26.2088
25.7325
24.0569
25.2473
24.3780
25.6109
24.4498
24.9322
23.4721
25.3462
24.6424
23.2506
24.3823
24.6244
25.7444
25.9444
25.6736
24.6276
25.0054
25.1769
26.8107
25.6471
28.6153
26.4905
27.5125
25.8740
26.8343
28.5436
25.9814
25.5755
25.6318
24.7878
23.9098
24.1411
25.0066
26.5500
26.6978
25.4752
26.2150
23.6152
24.2425
26.5317
26.0684
24.5620
25.4584
22.5311
22.4073
24.1950
24.9675
23.2373
23.5444
23.9332
22.9092
21.7838
23.5349
26.2516
26.1461
24.2760
26.5885
25.1340
27.0232
24.5399
24.5832
24.0530
23.5986
25.5473
24.9835
23.9629
21.5732
23.0518
24.9940
24.4784
24.7939
22.8148
25.2898
23.4499
23.5015
22.4903
22.3983
24.7540
21.1996
21.7516
22.0990
22.0676
23.4195
24.3097
22.9359
24.0724
24.2945
28.0060
24.4824
23.7547
27.0374
24.2020
24.5353
27.9771
25.3138
23.8764
25.1346
25.2204
26.0151
24.4284
26.8736
23.8149
23.7887
23.2115
24.8495
23.9613
23.8769
22.7713
25.4810
26.4107
27.3770
25.6505
26.2117
26.6371
26.0288
28.0840
27.8983
27.6547
29.3187
26.0815
26.4020
25.6169
26.9591
27.9445
28.7064
25.2883
27.0861
26.2507
24.7809
25.9727
25.4699
27.0666
24.4841
27.9470
26.8183
26.1903
26.9305
25.2264
25.2599
27.6834
27.9898
27.3856
27.0828
26.5021
25.5997
28.3004
25.1353
25.4927
27.8377
26.6607
25.9730
25.5942
23.1251
25.0378
23.2813
23.6789
26.3217
24.9953
23.6829
22.9416
21.9060
23.9768
23.6340
24.3907
25.1040
24.6064
25.8571
25.2158
25.1744
23.2815
25.5602
25.8902
24.4436
22.9989
22.4132
22.7267
25.2524
25.8187
25.4715
24.5581
23.6637
20.5275
21.7722
21.4301
21.9470
20.9123
21.9900
22.9270
22.2372
22.3281
22.8497
22.8967
23.4094
23.5836
25.8892
23.9793
24.4397
24.8959
26.4231
24.6707
26.5479
27.0647
24.2505
24.6227
23.8690
24.3736
25.3083
25.0302
25.1648
25.2577
25.9725
25.4911
23.5184
25.0309
25.9248
25.6916
24.9717
23.7192
26.4472
25.9980
24.4482
25.9785
25.0631
21.6171
23.5336
25.6762
24.5230
25.0179
27.3165
27.5394
26.2507
26.4814
25.3266
27.0965
30.5649
27.5895
28.5543
24.2241
24.7348
27.4656
25.3892
25.7615
25.7962
23.9189
25.7686
25.5739
26.2266
27.9461
25.7017
25.5714
24.0213
24.9941
27.4880
26.9623
26.2647
25.9875
26.0312
23.7704
25.1313
25.2843
23.6850
23.7281
24.3635
26.4616
25.4575
25.7141
24.8439
24.3435
26.1812
27.8770
25.8327
24.2442
24.9131
22.5271
24.3074
24.0959
23.2878
23.9430
24.2015
22.6140
25.1132
24.9105
23.4558
22.6743
22.7782
24.8586
22.9634
22.6840
23.9047
24.4849
23.8790
22.3078
23.0233
24.9576
23.7831
24.7471
25.3626
25.9260
26.7579
27.3770
25.5032
28.0646
28.1127
27.6392
26.6357
26.5397
27.4029
28.6680
28.6661
27.7378
24.7954
24.8996
24.7938
26.3576
26.2849
26.4578
25.9912
26.9893
27.0761
24.6283
24.5619
25.3010
26.5874
23.1598
26.0930
26.7574
24.4776
25.7060
25.8429
25.7269
25.4580
26.2768
27.0206
26.2886
25.0583
24.1903
23.3873
24.7161
23.8008
24.7504
26.4354
28.1693
24.2864
25.8026
25.2390
27.0956
25.0008
24.5986
25.2646
28.1059
24.6508
23.9318
24.8296
26.5424
26.6983
24.7620
22.9064
24.7730
22.3265
22.4462
24.4392
23.4043
22.2380
25.1241
24.7482
26.3744
23.8183
23.6731
25.6681
25.7293
25.7030
25.2414
25.8858
26.4720
26.0923
26.9299
25.7383
26.5803
24.6776
24.6862
28.7446
25.8492
25.5058
26.7838
25.3000
25.9173
26.7913
24.7342
23.9080
28.5329
25.6781
25.3003
23.9438
23.1960
23.8433
26.8031
24.5925
26.1611
25.5503
25.2067
24.3378
25.7669
28.3296
27.8709
26.2734
27.1299
24.1734
23.0482
24.2027
24.6336
25.9827
25.8083
22.9216
24.9761
26.4937
23.3027
25.8143
24.0979
26.0744
24.6509
27.8971
26.6511
26.0899
25.4727
24.7896
24.2799
25.1124
22.0341
23.6610
24.0617
25.1359
26.5636
27.1914
25.9043
26.7620
26.4109
27.1787
24.3515
24.9088
24.1901
24.8533
25.5059
24.8787
26.5694
25.9382
28.4665
26.0565
24.4856
23.5210
24.3362
23.7047
23.1409
24.5211
25.2704
22.8979
25.0180
25.5025
24.9836
24.4782
27.4903
27.1413
24.0320
23.5351
24.1657
26.6936
25.9532
23.8292
26.0085
25.7595
27.4328
26.0652
26.3690
26.9742
25.7141
27.0720
25.5383
24.5814
23.5634
25.7541
26.1570
26.7328
25.2318
26.2361
23.5978
24.5775
22.5005
22.9755
24.8680
24.5914
23.1916
23.8657
25.1610
23.7200
25.1095
25.2491
24.6627
27.8014
25.7971
24.8361
27.1097
24.8518
23.5642
24.3405
24.0212
22.6369
25.1859
23.0748
21.9420
22.9910
24.6565
23.9040
24.9799
26.3411
25.5493
23.0276
23.9607
26.8287
23.0929
24.3016
25.2874
23.4030
25.1881
24.2903
24.0717
25.2281
24.8905
24.1318
23.7127
23.6344
24.5217
24.0037
25.5116
25.6491
25.5888
24.9885
23.8171
24.8974
24.1943
22.7419
26.5047
24.1250
24.9209
23.8598
25.9114
25.3141
23.8103
22.6092
23.1100
22.8111
24.8762
26.0502
24.3878
24.6058
26.1562
28.7610
26.0114
28.2811
24.5514
26.1174
24.9117
23.9746
23.7743
24.6669
24.1204
25.6155
24.2285
23.3928
23.0389
22.6514
23.1285
22.7324
25.2556
24.1226
22.4814
22.8690
24.8330
23.1807
23.8050
24.6676
25.2073
24.6194
25.2513
23.0511
22.3502
22.9774
23.2292
23.6171
24.4544
23.0745
23.1730
24.1231
24.0290
23.2422
24.4480
24.6797
24.8587
23.2803
24.5562
24.0222
24.1945
25.3777
25.1968
24.4849
26.6212
25.2194
23.9083
24.8004
24.7451
24.8252
24.7380
23.9757
22.7191
23.2559
23.0083
23.5038
25.1194
25.6507
25.9423
25.8034
24.5913
24.8253
23.7872
24.7064
23.7771
25.2564
22.8563
24.0371
24.2783
23.0531
24.8571
24.8885
25.0093
25.3931
26.0083
23.7883
24.9988
26.6608
25.2090
24.8102
23.7618
26.3433
26.9112
23.9463
23.8760
23.8350
24.5349
23.4974
23.8347
23.4084
23.7087
25.0096
23.7802
23.9310
27.8642
24.6879
25.2863
23.8370
23.4922
23.2164
24.1395
24.1885
23.7241
25.0096
24.7985
24.0350
23.7749
25.6190
26.2128
24.9040
23.7464
23.1405
24.6671
22.3692
24.1240
25.2061
25.1163
24.2239
23.4756
24.3608
23.6373
26.3152
24.7994
23.0874
24.8378
24.6756
25.9784
24.9561
25.4423
23.7958
24.2230
24.3493
23.5785
22.9627
22.7304
24.1518
24.1041
26.2995
26.7766
24.1821
26.5303
26.9140
25.8733
25.5217
25.7298
25.4436
23.6007
24.7217
22.1530
22.5311
23.2801
24.2050
23.6231
23.8368
26.5340
27.0160
26.7171
25.0620
24.7395
24.2691
25.5698
25.4512
24.5304
25.2828
24.3978
24.1495
26.2741
23.9316
22.6792
24.3382
24.7388
27.4538
24.4532
25.6650
26.6398
25.7243
26.6567
28.8047
28.2946
28.4436
27.1887
25.8889
26.7537
26.7400
26.2815
27.4466
28.4397
25.6034
26.1089
25.7438
26.4666
27.7610
26.0580
24.9503
27.0275
24.9946
25.7101
26.8872
26.6063
25.5689
27.1435
27.2798
24.4323
26.7071
24.7191
24.1230
23.0693
24.6910
23.6312
25.4196
22.8045
25.1781
24.6469
26.6409
25.8442
24.8994
22.4818
25.2761
26.0999
24.2870
24.6494
26.4016
24.2905
26.1688
25.1631
25.6546
25.5205
24.9029
26.8722
26.0598
24.6497
23.5510
25.3471
24.7548
24.8871
23.2431
25.4422
24.7260
24.7927
26.1439
24.5189
26.6746
23.4546
23.7152
25.4149
26.1337
25.8194
27.5030
29.0814
28.6436
25.5338
30.1864
26.5905
26.2489
27.4308
25.3467
27.2700
25.4060
25.9823
26.3883
27.5555
24.8714
27.7944
25.5918
28.7228
26.8799
27.5735
26.4948
26.2863
27.6632
28.0020
27.5807
28.6088
27.0013
28.4837
28.9024
27.3291
28.2712
26.9275
25.9883
26.0085
26.3860
26.5083
25.3709
24.2736
26.9989
25.5750
27.8891
25.2595
28.1122
27.4394
24.8044
27.9661
27.1777
26.5583
27.0859
27.4197
26.8735
28.0258
25.1469
24.3011
24.7599
27.0543
25.9836
25.3653
26.2761
25.0248
24.2319
25.3579
25.2165
24.6134
24.6895
24.5343
24.4177
25.2552
26.2691
27.6470
26.8909
26.1027
25.9523
24.5906
26.5317
25.2762
26.0879
26.9268
25.7225
26.4162
25.2036
29.4092
27.9651
28.2937
26.5392
26.1688
26.6589
24.4937
25.9933
25.1215
24.9073
23.5189
22.1266
23.5807
23.5241
25.4361
25.2392
29.4958
25.6425
27.1783
28.1701
25.4825
24.6053
25.6110
26.5720
25.7947
26.8223
27.7167
25.1979
26.5243
25.7347
28.0266
25.8673
26.6273
23.5801
25.3503
27.4508
25.4711
26.3909
27.6036
27.6775
26.6216
29.4847
29.5492
29.8568
28.3247
27.9213
27.6202
25.9133
26.5629
26.7483
27.8722
26.3644
26.1420
25.7536
27.7978
25.4113
26.7689
25.6461
26.2595
26.9491
27.2065
27.9459
26.5932
25.3711
26.5234
25.1469
27.2805
27.2250
25.5125
26.6047
27.6379
28.6102
27.5208
26.2973
26.0782
25.6847
25.5082
24.9436
26.1744
27.6078
28.0610
26.6618
25.6678
24.6933
26.4883
26.8236
28.3632
28.5042
27.0111
26.9438
26.3214
28.1351
27.8882
24.8427
24.5698
25.8507
24.4128
26.4357
26.0197
26.7081
26.3719
26.4252
26.3142
26.1797
27.7769
29.0199
25.8714
26.4317
26.7275
26.1129
25.2640
24.8422
25.1893
23.8205
25.0152
24.5098
24.3430
27.6303
26.2677
27.4280
26.9515
26.5047
27.0630
26.2470
25.3507
26.9638
25.5119
28.6996
27.6053
28.4887
28.4137
27.1352
27.5841
26.9639
24.1383
26.0258
28.0646
25.0329
26.0816
26.7353
27.7535
26.5369
24.6473
25.9396
25.2821
25.0010
25.4669
25.3493
28.9506
27.6952
29.6119
29.1669
25.5304
25.1589
25.8187
25.1520
26.4713
26.8197
25.1631
26.8008
24.9122
25.6142
26.2192
28.1983
26.8412
27.9573
26.3829
25.9910
26.1773
27.0937
24.8928
23.8911
25.2788
26.1662
27.1966
24.1696
25.8433
26.4353
25.8958
26.0289
24.8798
25.1218
25.4601
24.5439
25.1103
25.0845
24.5481
23.1167
25.8448
26.6419
28.0059
27.3226
25.2063
25.9624
24.1090
24.4343
25.3704
25.0295
27.2075
24.4674
26.1370
25.7574
26.0757
23.7841
25.5749
24.0554
26.1753
25.7847
27.6668
26.9488
25.2468
26.3867
28.2869
26.4048
26.0038
25.4118
23.9137
25.1086
22.7769
26.9146
25.9278
25.3166
25.2269
26.2016
26.7998
24.2552
25.3408
23.6275
27.2923
24.8817
23.3537
23.2372
23.9277
27.0418
25.4865
25.4922
26.7041
25.5999
23.3160
25.8896
25.1617
24.3586
24.2627
25.4115
26.0466
24.2235
23.9657
25.2220
23.6408
24.8375
26.1591
23.0515
26.3686
24.2921
24.8568
22.8707
24.2864
24.0496
26.3580
25.9998
24.2742
25.5594
24.3324
24.7249
24.1279
24.2296
24.2736
26.4976
25.2141
25.3767
24.3029
23.6225
26.4422
24.3330
24.1321
22.8209
24.4350
23.9824
24.2060
24.3484
25.2888
25.1126
23.6209
24.7482
25.2157
25.6576
25.4048
25.2487
25.7906
25.3914
26.7145
25.6780
25.5030
24.9932
27.1436
25.0452
23.1453
24.0554
23.3404
25.3677
24.5707
23.6285
23.6507
21.8859
23.6591
25.4641
22.0111
26.8533
24.8404
23.7268
24.3377
24.5771
24.8696
23.8623
23.8092
24.1239
24.6519
24.7637
25.5741
25.0898
25.7027
23.6977
24.8688
24.5753
26.5931
26.7055
27.1539
25.2582
23.0508
24.7581
24.1757
24.8239
27.0199
26.0419
25.7709
25.8036
25.1962
23.6188
22.3076
25.6685
25.1646
24.0523
24.7642
26.1418
26.6100
26.7855
24.8822
26.2165
25.2082
26.8622
27.3250
27.5724
27.8453
24.6976
25.7039
25.6919
29.6897
25.4941
27.3533
25.9537
28.2622
28.8538
30.6559
28.4622
25.5473
26.8989
26.7940
28.9046
27.3228
27.7059
27.2457
27.0115
31.1448
29.6078
29.0104
28.7329
25.5596
28.8041
27.5823
29.0655
26.1343
27.7493
29.5004
27.1409
28.0143
28.9419
26.7432
28.9340
26.8868
28.7650
26.3627
25.4107
26.9234
26.4189
26.6963
27.9198
27.3862
27.5575
26.3959
25.1402
26.5744
24.2293
24.8137
24.5597
26.2713
25.0175
25.1951
25.1490
25.3708
26.0245
26.4395
25.8550
25.7087
26.7543
25.8831
25.8101
26.6862
25.6679
25.4507
23.6511
26.8475
27.1563
27.2775
28.0688
28.8867
26.4228
27.3414
26.5396
27.8650
29.2524
26.9621
29.7408
28.6418
28.8561
27.3482
26.7821
26.7281
28.0182
27.5667
25.7996
28.6480
28.4203
28.0327
26.6565
24.6888
24.1235
25.1625
25.5850
27.2674
26.9158
28.0327
27.9575
29.1159
27.4536
28.2211
27.0935
25.0639
26.0593
25.4445
26.0344
27.1820
