24.3425
23.5423
23.2100
23.4561
23.2822
23.5672
24.2506
24.3404
24.2875
24.6690
24.4983
24.4784
24.4495
24.4584
24.2795
24.3895
24.8859
24.9160
24.5664
24.3982
24.7252
25.2284
25.1536
25.1141
24.8192
24.9460
25.9707
24.6375
25.2240
25.0985
24.8457
24.2686
24.7843
24.7341
25.0007
25.4352
25.0945
24.4269
24.3772
24.7780
24.4942
24.6987
24.7332
24.6638
24.8141
24.1001
23.1512
25.3396
24.2655
23.8844
24.3121
24.5037
23.9432
24.9403
24.7565
24.3673
25.2246
24.4607
23.6559
23.1592
25.5639
25.8902
25.0214
26.8206
25.6888
26.8878
27.5044
26.4578
26.4660
26.2926
27.3462
26.2204
25.5093
25.6933
24.7717
25.6093
25.5507
25.1105
25.9013
26.0219
26.3826
27.0400
25.1733
27.1100
26.1872
26.1966
26.1151
27.4526
25.8908
25.6805
26.3170
26.1421
26.0433
26.2657
26.0847
27.0897
26.2756
26.3176
26.2191
26.0539
28.2430
27.4467
26.7751
25.6174
25.5094
25.7144
27.1629
26.2841
26.2577
26.8197
27.6482
26.9379
26.0704
25.4905
25.2828
26.1095
25.5865
25.4921
25.1950
26.9007
26.6816
27.9001
26.7291
25.6504
26.6909
27.7718
27.7124
27.8362
26.2396
27.3007
26.8325
26.9250
26.1302
26.5986
26.0041
25.7139
26.2906
25.8511
26.0367
26.6356
26.2135
26.1171
27.1917
27.4142
26.2256
26.3559
28.0871
26.8868
27.2648
26.0818
27.3028
27.2698
24.8645
27.6898
26.9666
28.3072
27.1847
27.2623
26.5278
27.2793
26.3269
25.5933
26.6528
26.7849
27.8257
28.1076
27.8540
27.5350
25.2064
25.6491
26.7150
26.9166
27.2019
27.7558
26.9444
26.5728
28.7783
26.7433
27.7056
26.5750
26.7226
28.3461
28.5191
28.0516
27.2654
27.9209
28.7513
30.4134
29.4762
27.8768
27.9185
28.7547
27.8944
25.5352
26.9045
25.1133
26.4092
26.4929
25.7639
27.2790
26.5680
25.4120
26.7185
27.3312
25.3305
25.9483
26.8303
27.6101
27.1702
24.7312
26.2159
26.2166
25.2189
26.1290
25.7777
25.5681
26.5930
26.6301
26.9980
26.0738
25.2107
25.7594
26.7608
25.0998
26.2181
25.5057
26.2045
25.3366
25.0212
25.3593
25.7120
24.7032
25.2372
25.4770
23.1535
23.9196
24.3408
25.5887
23.9560
23.4703
23.2326
24.9919
25.1740
24.1776
24.0652
22.6947
24.0764
24.2342
23.2930
23.1901
24.8864
25.0222
24.8444
25.7802
24.6421
24.8919
25.4850
24.9113
24.5009
25.3685
24.6066
26.6301
25.4313
25.2274
25.5431
25.2339
25.7164
29.9967
28.2549
29.4601
27.7249
27.7333
27.8755
28.0468
28.0478
29.3023
28.0653
26.7330
26.7337
26.0083
26.8392
25.9087
24.8047
26.8924
27.4711
28.9838
28.3454
27.4638
27.4773
26.5473
26.8412
27.1057
24.6028
26.6736
27.0903
29.0079
27.2960
25.7342
23.7463
23.3805
26.2988
25.7612
26.6584
25.3174
25.8562
26.6468
26.1179
28.6395
27.6167
25.8992
23.7249
23.7110
23.2131
24.2214
26.2960
25.2030
25.5446
25.2635
23.9628
24.1295
23.7932
23.1728
24.1459
23.2539
22.7538
22.6279
24.9982
24.3658
24.3561
24.0349
25.5889
25.3886
25.7757
25.5973
25.7435
27.0273
25.5520
25.0772
24.9886
25.6736
25.6955
27.9449
28.3108
26.6861
26.4666
26.2019
26.3706
25.9802
24.8982
25.7398
24.6571
26.3852
27.2063
24.4520
24.1274
27.2878
25.7607
25.3604
25.3890
24.9477
24.5984
23.7351
23.0049
24.3612
23.6825
23.6052
24.6481
24.2297
24.8291
25.1064
25.1199
24.8009
26.7852
24.6560
24.7210
23.7048
23.7169
23.9671
24.2804
24.2059
24.3847
24.2121
23.9917
23.6522
24.9446
24.1808
23.5593
24.4850
24.7377
22.4762
24.0434
23.5385
24.0084
23.7693
23.8535
23.7463
24.0818
23.6314
25.5821
24.6530
23.0603
24.0105
26.3785
26.7021
27.4732
26.8606
26.1080
26.8780
25.9025
24.9872
25.1928
24.4231
25.4236
26.4035
26.3060
26.1180
26.1154
25.1205
25.7963
24.1365
24.5228
26.7083
24.4749
24.5288
22.9200
25.1816
24.7795
25.3843
25.6034
25.4493
25.9427
24.5675
25.2998
22.9453
24.8249
24.4294
25.5274
24.5227
26.3779
28.3435
27.6793
26.8629
26.1887
26.6263
25.4938
26.3533
25.8824
26.0659
25.2660
24.1326
27.5964
25.1468
27.1756
25.7532
26.5307
24.9279
24.7433
22.8477
22.9414
24.0537
24.2477
25.9799
25.1438
24.2120
25.1765
23.1974
22.7590
22.8937
24.1905
23.3320
23.5159
23.7205
23.5136
24.1474
24.7711
23.9599
24.9543
24.3212
23.6744
23.9746
23.9209
24.7402
23.8554
23.5453
22.3315
24.8110
25.6758
25.3255
25.0550
23.5913
24.1971
23.1439
24.5658
23.8684
24.2199
23.5297
22.9985
23.9319
24.0826
23.8101
25.2403
25.7807
22.9673
24.5910
24.7280
24.7744
23.7689
24.1138
24.1953
24.2698
25.7857
25.2647
26.0713
23.3767
22.7916
24.1671
23.4924
22.6549
23.5912
23.4017
22.9377
23.3131
23.4603
23.9623
24.3880
23.5866
21.6600
22.3940
22.1528
22.3383
23.3277
22.0163
23.4149
23.7292
23.5625
24.8958
22.8342
22.2106
23.4721
21.0132
21.6319
22.3159
23.3867
22.6900
24.8181
23.5981
22.5519
23.5264
23.4990
23.2923
24.8643
24.4288
23.5268
24.9538
24.6818
24.6113
25.1864
24.7628
25.7585
25.7051
25.3266
25.1870
25.2379
25.1722
26.0723
23.7031
23.8135
22.6829
21.3674
23.0602
24.4596
23.8218
22.7699
24.7981
23.1352
22.1994
21.3210
22.1264
23.5706
23.8789
22.7206
23.5583
22.0537
24.9356
25.6565
24.8496
24.3361
26.1934
25.8441
24.8059
25.1108
25.1660
23.7341
23.9782
22.8824
23.1176
25.0237
23.7714
21.1590
22.8670
24.6379
21.9528
23.6305
25.9506
23.7809
23.0852
23.4802
22.0752
23.7893
22.6775
23.2879
23.5149
21.8052
21.9798
21.7411
23.7091
21.4127
21.5722
20.5938
22.7978
22.1663
21.3682
21.4074
22.1143
23.0954
22.4027
21.1533
23.3932
22.9770
24.3082
22.8831
24.0928
23.9598
24.2764
22.3309
21.9550
20.8918
20.6620
22.8499
21.6619
21.1574
21.6378
24.2480
23.8175
24.5099
22.3615
21.7326
23.9185
22.5149
21.9058
22.7646
22.6638
21.4987
23.4579
23.9283
23.7937
22.3907
24.2956
21.9211
22.6779
22.7431
22.4971
21.2543
21.3224
22.3833
22.4423
21.5964
22.0723
22.7449
24.2325
21.1897
22.0466
22.3601
22.5961
22.4469
21.8623
23.1952
22.6584
22.0014
22.5102
23.2363
22.3899
22.0456
23.1231
22.0074
22.2476
23.7875
23.4487
23.4392
22.6964
22.7546
24.9024
23.8871
23.0332
22.2042
23.5114
22.0265
23.4732
23.1602
23.0343
23.2326
23.1644
21.9777
22.4352
24.2239
23.5241
24.0108
22.8979
22.8919
23.8864
24.5767
22.4747
23.0629
23.2355
22.2523
19.9377
23.4813
22.5880
22.3718
22.5020
22.3790
23.4298
21.5180
22.4534
22.6106
22.7488
23.3716
23.5585
21.2515
22.7260
22.9090
23.3402
22.7838
22.2234
22.1501
22.6970
24.1816
26.6242
25.9158
24.2616
23.7160
22.3662
22.7858
22.2860
22.2438
22.9040
23.3070
22.5928
22.8268
23.6003
23.7825
24.4802
27.7426
24.2671
25.5189
23.4657
24.6354
23.3481
24.0852
24.4647
23.7929
23.8632
23.0765
22.9686
22.8047
22.5794
23.2974
22.5835
24.3270
22.6250
23.1904
22.9755
23.3827
23.5739
23.5920
23.3009
22.1491
22.9598
22.5708
23.7956
23.8199
23.8706
22.8346
22.6540
23.2266
23.1598
22.8617
22.4190
22.1809
22.9353
23.2799
23.4980
22.6364
23.8585
23.2270
23.6087
25.6743
22.8528
24.5612
22.4818
23.7526
22.4058
23.2703
22.4034
22.2070
23.1747
22.8462
23.3524
26.2162
25.1265
23.9111
22.7316
23.2189
23.9168
22.9669
23.6231
23.3342
23.0101
23.8191
23.4561
23.1241
22.5757
21.7779
22.9046
21.8153
22.6258
22.7682
22.4094
22.8173
22.2939
23.6325
23.1663
22.7596
23.5055
23.6156
23.0795
23.4401
22.6244
23.7338
23.2221
22.8387
23.1241
23.0216
22.4883
22.3674
24.2103
23.5947
24.0775
22.9534
23.2735
23.4038
22.7288
24.0273
24.6143
24.2496
25.1141
24.4422
23.8423
23.9090
23.7908
23.7963
22.7846
23.1851
22.7804
22.9655
22.6049
23.1097
23.1658
22.6399
22.7034
22.7422
22.3825
23.3327
22.4992
21.0484
22.5850
21.6458
21.5510
22.2201
22.4740
22.3826
22.3934
22.4542
23.6176
22.8061
22.1963
21.6549
22.5493
22.2896
22.3015
22.5728
22.0999
22.8764
22.9443
21.7066
22.9683
21.0221
21.8695
23.2327
21.4721
21.1564
22.9142
22.7568
22.7766
22.7390
23.6127
22.9785
24.3883
24.4090
24.4939
24.0702
25.0325
23.8021
24.7715
23.7994
23.4289
25.9240
23.5515
24.4078
23.5775
24.0776
23.5293
22.8319
22.8659
24.3799
24.3211
24.6480
24.1881
24.2555
23.5317
23.5354
23.7297
22.7967
22.9568
23.2865
23.3616
22.4391
22.0480
22.0701
21.7726
22.9441
23.8739
23.7554
23.4801
22.9751
22.1639
23.8186
22.7477
24.0761
22.2081
22.1386
22.6266
22.4906
23.1641
23.6356
23.8894
24.3572
23.3086
24.5787
24.0557
25.1622
22.5596
22.5886
21.9510
21.4846
22.1490
21.3521
21.1023
21.9817
21.4914
21.0062
22.1146
21.5848
21.2559
22.8673
23.2366
24.2600
23.9753
22.9255
22.8082
22.4473
23.8102
22.4589
22.5546
23.0795
23.7239
22.8947
22.6759
23.1893
22.7578
23.2815
21.6244
22.7692
21.4923
21.8467
20.5408
23.0685
21.9483
21.2309
23.1773
25.5799
22.7826
23.3724
22.5461
22.2673
21.6334
21.8387
22.0255
22.6166
20.8483
22.0169
22.6362
21.5036
21.7732
22.1396
22.1739
22.4101
22.8682
20.5665
22.0936
22.2579
22.3209
23.2128
23.2279
23.7657
24.0121
23.6000
23.8338
23.9400
23.2986
23.8328
23.7163
23.6537
23.9675
23.2836
23.1047
24.8785
24.7030
25.3241
24.3657
23.4350
22.4033
23.4040
23.4008
24.0560
25.0951
23.9770
23.4697
23.7578
23.8237
23.2830
22.4713
24.0845
22.6008
23.9341
22.5312
24.4986
24.3520
23.6696
24.6411
25.9581
24.3684
23.5537
24.2911
24.3025
24.5395
25.5430
23.4478
23.9134
24.6830
24.3912
24.5197
23.3081
22.2764
22.4407
23.3193
23.0626
22.7704
23.7982
22.9280
23.6113
23.2253
21.0557
20.3308
21.0396
23.7779
22.8081
24.3641
23.4141
24.2811
23.9305
23.1297
24.5211
24.6331
23.8437
25.1508
26.1581
26.0963
25.2369
23.5326
21.9305
23.5739
22.6032
23.3978
23.3639
22.9702
23.4025
22.5113
23.9149
22.6089
23.9266
24.3962
23.1824
22.9964
25.1774
26.1091
24.3500
24.2990
23.5658
22.6517
24.8888
23.3191
23.8970
25.5949
24.4931
25.0587
26.0705
25.3393
24.8219
24.7247
25.4326
26.1380
25.8369
25.8237
25.5116
24.4791
25.7598
27.2536
25.2193
25.0779
23.9846
22.8697
23.2884
22.6097
23.8937
22.6923
22.2112
21.0894
23.2098
22.8626
22.5146
23.8222
23.3518
22.7790
22.9595
23.5066
25.0323
23.2997
25.8231
25.1691
23.8586
24.7620
24.7497
23.2394
25.5354
25.4301
22.4984
22.7080
23.3497
25.0995
24.2508
23.6742
23.5918
24.0027
25.5400
27.1436
26.7404
25.4192
25.7497
24.5608
22.1416
22.4359
22.1860
22.8742
22.1549
23.9900
22.5974
22.1808
22.7432
24.5637
24.2418
22.7570
21.4537
21.3279
22.4405
22.0535
21.8236
22.3087
22.9348
23.6230
22.8798
23.7589
22.8544
23.9616
23.8321
24.1609
23.7828
22.6812
23.2795
22.8118
22.4893
22.3783
22.6978
23.6544
22.4284
23.4249
22.4003
22.4123
23.2250
22.5940
22.3323
22.7864
22.4841
23.6816
22.4907
24.2143
23.7850
23.8425
23.3337
24.2611
22.7588
23.2197
23.2663
22.6968
23.4958
24.6597
24.3513
23.8583
25.4221
25.2416
25.1782
24.3023
24.2032
25.1658
28.1675
25.0849
25.6304
25.3759
27.4400
24.9637
26.2111
30.3694
27.3250
28.0185
27.0188
27.0092
29.0241
26.0842
28.6000
27.2315
26.9590
27.0168
27.1722
26.1961
27.1902
26.3247
29.0651
27.0427
28.2095
28.0164
25.6303
24.2638
24.3263
24.5008
25.1693
24.3081
24.5513
24.0676
25.6097
26.9645
27.0813
27.1889
28.0836
25.3359
24.4744
22.7302
24.7175
25.9937
23.9458
24.5047
24.8272
22.4881
23.6751
24.3041
24.3527
24.8081
25.0954
24.4628
27.3251
27.0269
26.7743
27.1613
26.9711
25.7451
24.6038
24.8789
25.2102
24.5601
25.4079
25.1032
23.6946
26.7135
26.4698
25.8520
23.8494
24.6818
24.3611
25.4088
24.6696
24.6121
25.0750
25.9074
26.5757
26.0140
25.9364
24.5404
24.4931
24.5706
23.5525
23.8763
25.3119
25.6964
26.6541
24.7945
25.1675
25.4398
26.6934
26.2239
27.0430
25.5327
25.0222
24.0036
25.1842
23.4571
25.5899
25.8470
26.3040
25.7376
28.7107
26.8159
26.7716
26.2168
26.5320
26.9695
24.8871
27.1197
26.0318
26.1440
26.4255
27.3130
26.7785
25.5669
25.9637
25.9764
25.4929
24.9690
27.4785
26.0480
24.2760
25.5156
24.8917
26.3475
25.8722
24.9568
27.4140
27.9919
26.4984
27.6060
26.5301
24.0390
23.7942
22.4040
24.4474
24.1552
24.9148
23.3338
23.7699
23.0612
23.8427
24.1803
23.0590
24.6537
25.0569
23.7375
25.2832
25.0067
26.6196
24.9804
24.1207
25.8743
24.2457
24.6931
25.3895
26.1402
24.5677
24.3554
24.4097
25.9326
26.2568
24.7555
26.0121
24.9000
25.0327
25.6658
25.1885
23.9356
23.9540
24.7938
24.4258
25.9865
26.3647
24.8916
22.8203
23.7643
23.9260
24.8080
23.5279
26.2844
25.9214
25.3558
24.5443
27.5701
26.4470
27.2383
27.9563
24.8689
26.4708
24.4159
24.9224
24.1198
25.0035
25.8495
25.0364
23.6588
24.3707
24.9271
24.9758
25.4440
25.1676
24.5911
25.9045
24.0797
24.7788
26.0556
25.7564
26.7991
27.7166
25.0799
26.5607
25.8861
24.7656
25.6747
28.2694
26.9496
26.5578
25.6768
24.9670
26.4012
24.6128
25.0907
27.2739
25.8844
26.8657
26.5243
26.5767
24.2892
24.7492
23.2398
23.7869
23.4981
23.9121
24.2768
24.1397
25.8896
24.8316
25.0652
26.3948
25.2720
24.5672
25.9739
26.1586
28.0581
27.1209
27.4725
26.4216
26.8864
26.5569
25.8236
25.9956
25.0100
24.3588
24.0465
23.0586
24.5780
24.3591
24.4809
26.9633
26.3314
25.3023
26.3727
26.4086
29.6268
27.7330
28.8674
27.5428
25.0991
26.8496
25.9409
25.5887
26.1885
27.3719
25.5702
26.4866
25.2947
23.5042
22.5731
24.3344
24.1061
24.8192
25.1597
24.9400
23.0858
24.9714
25.7774
24.3647
24.2338
24.8299
24.3501
25.3136
26.0605
24.1752
25.3795
27.1591
26.8532
28.0244
27.9028
26.2116
26.4504
25.5765
24.6335
24.8756
25.5735
25.4760
25.4985
24.3892
26.7835
25.6720
25.8238
25.6328
26.8176
26.1800
27.0618
26.9135
26.8822
25.6667
24.8298
25.6053
24.1466
25.0018
24.0093
23.3805
25.1859
24.1171
23.5786
24.1320
23.3075
24.0539
23.8086
24.4987
25.5029
23.8858
24.1873
24.9558
24.0691
24.1986
24.7850
24.5265
26.2497
27.2789
28.7123
27.1279
28.3273
26.9609
27.9262
26.5512
24.7798
24.9484
25.5138
25.4612
25.6786
25.5976
26.6776
26.0286
26.1299
25.7237
25.4615
25.9511
26.5533
26.0231
25.8488
24.5933
26.4643
24.8507
26.8973
25.5814
25.9335
24.8018
25.1674
26.9995
27.0245
26.8206
26.2083
24.2144
23.7235
24.2053
25.5736
22.8493
22.7619
22.5184
23.2819
22.2906
22.4478
23.9839
23.4012
22.9956
24.4876
24.4882
24.0583
25.5714
25.1248
24.8938
24.4406
25.6153
25.8997
24.7141
24.2566
25.1601
25.5450
24.7430
23.8817
25.3121
23.5697
22.8992
25.0542
25.0975
23.2428
25.0607
26.0986
24.5406
24.3307
25.0344
24.2480
25.4644
24.0272
23.9645
22.4620
23.1655
23.8066
23.7958
24.9834
23.2833
23.4344
24.2328
24.0393
22.7354
23.6933
22.6486
22.6384
24.0675
24.6295
22.2029
23.4858
22.9601
23.8254
24.7579
24.0301
23.6736
25.6203
26.0960
24.8856
25.5434
25.2718
24.5276
24.3468
26.4058
25.7991
25.1711
24.3638
22.9521
21.5056
22.6493
21.4287
22.2814
22.0713
21.8923
21.9371
22.7814
22.3529
21.5765
21.2975
22.0666
22.6014
21.9083
22.5187
21.8654
22.2628
22.9696
22.0595
22.1702
21.9524
22.2025
20.9968
21.1066
20.5974
21.5395
21.3808
21.0018
20.6514
21.2921
21.4012
21.0051
20.7138
21.6523
20.8810
22.8828
21.6761
22.3527
21.9438
22.3414
23.0359
23.2489
24.1777
22.2915
21.7004
22.4051
22.1927
23.2870
22.1806
22.1563
22.1880
22.3082
22.8431
22.1156
21.7465
22.3825
23.0926
23.5987
22.4613
22.3116
23.1922
23.0052
22.2121
22.2876
21.4387
22.4349
22.0262
22.3158
22.1603
22.0706
23.5905
23.2829
23.6237
21.7702
22.0012
22.5273
21.9596
22.8869
22.4502
22.9140
22.6871
21.7805
22.3391
21.9797
23.0043
22.8237
23.6772
21.8238
23.2299
22.7344
22.4015
22.5220
22.1783
21.9648
23.5268
21.6890
23.0903
23.0508
21.9359
22.9607
24.7998
23.5566
23.6367
24.5289
24.5037
27.2263
26.4051
24.9011
25.0388
24.4724
26.7064
26.0176
25.4189
25.5169
23.3214
23.9968
22.9846
23.5164
25.7247
25.7409
25.6442
26.0777
26.6602
26.2766
25.8014
25.4319
24.6354
28.0798
27.2504
26.5889
25.4962
25.7366
25.5536
25.0623
25.3203
26.0107
29.4351
28.2334
27.5568
28.3247
27.8021
28.5552
28.1072
26.5197
25.3115
25.3366
25.6257
24.9719
25.8081
23.8066
24.1586
22.8605
24.5055
22.9683
23.7074
24.5665
24.5879
23.4218
22.9083
23.4471
24.3571
25.6342
24.7304
24.3795
23.8487
25.4809
24.5383
24.2560
25.1194
23.1307
22.9791
24.6535
25.3304
23.9053
25.1685
23.5945
24.5080
22.9733
23.1413
23.1400
22.8297
23.8295
22.9199
22.7599
22.6265
23.4548
22.8772
23.5439
25.5872
25.4000
25.4171
23.1089
22.9282
23.8791
28.1159
25.5092
25.6187
27.2229
24.6376
26.0887
23.4078
23.9937
24.0358
26.3951
27.4062
25.9504
26.0260
26.3276
26.0970
27.2116
27.2402
26.8972
29.1956
26.7805
28.5233
28.0109
27.6991
27.5696
27.6987
26.5844
26.8855
25.6762
25.3652
26.4566
27.0770
26.3614
26.8079
26.3749
27.6748
27.7109
28.4147
28.5476
28.9832
27.2960
27.5975
28.8095
26.4238
27.1965
26.6695
27.0391
27.3890
27.9011
28.8879
28.1145
28.4330
27.3588
26.4970
27.4857
27.7033
27.7255
28.1280
27.0951
28.0306
27.8230
28.8998
29.1739
28.5006
28.1762
28.2666
28.4911
28.0799
29.1100
27.4549
29.9494
28.6622
28.3787
25.6785
29.7779
27.3633
29.2939
28.4827
29.0083
29.0443
29.1749
27.4953
28.1740
28.5906
28.5929
27.1200
27.1104
28.2425
27.8543
27.3337
28.7336
28.8626
25.7571
27.3688
26.8260
26.5576
27.7860
26.2306
26.9602
28.9002
27.5585
26.8851
27.5047
27.0534
26.9455
26.6146
27.1543
25.6058
27.1237
26.6376
25.9325
26.4146
28.3685
26.4504
26.9883
25.8947
26.5797
26.2963
26.3940
28.8857
29.6279
27.9143
26.4350
29.1944
29.4786
25.8046
25.5524
25.4756
27.9099
28.8865
27.2550
26.7911
29.3617
30.5995
27.6079
30.5456
32.1140
30.2812
27.7752
27.8045
26.1203
26.9859
26.9002
25.1793
24.2050
25.5517
26.8729
27.5415
28.5088
23.9714
25.2481
26.1786
25.5309
22.8208
21.6154
22.6648
24.3811
24.7227
25.8320
23.6534
24.4906
23.5731
22.1128
23.0315
23.7401
23.6572
24.2961
24.6110
24.1366
23.1003
22.4623
24.6479
24.4413
24.4465
23.7442
20.4595
20.6181
22.9257
21.1551
22.8852
22.2772
22.8778
21.9563
21.7517
21.7506
21.6082
22.6881
21.8311
22.6627
21.8098
22.5589
22.1659
22.4315
23.3475
23.2854
22.1410
22.0999
22.2515
22.1091
22.9906
22.2353
22.6037
22.1584
22.6437
21.6759
21.9548
23.7080
21.7674
22.8207
23.4674
25.2261
25.7333
26.2028
23.8799
24.3524
25.2769
23.4416
24.5564
23.9985
23.3376
22.3108
23.4123
24.7796
24.0491
25.4722
25.7604
26.0375
26.1899
27.0867
25.1541
25.6900
24.6404
25.2532
23.9515
24.5680
25.0234
25.0802
24.3446
22.5560
23.3947
24.0775
22.9244
24.2226
23.3006
22.9338
24.6049
24.2827
25.6913
22.2546
21.8481
21.9446
22.5777
21.4632
21.7268
21.8491
22.2558
21.5211
21.1252
21.9130
22.4819
22.4989
22.2906
23.7434
22.1738
21.6473
21.6769
21.3181
22.8652
22.6417
23.0479
24.7565
25.8721
25.8356
23.7516
25.3769
24.8463
23.5659
24.1229
25.2592
25.6973
24.4224
24.2293
23.9953
23.8296
25.0496
23.8159
24.1401
26.3467
26.0904
25.9420
25.2116
24.6318
23.2960
23.5971
24.6960
23.4849
23.1421
27.0631
28.1138
26.5918
25.6149
26.7160
25.4085
26.3467
26.5600
25.2364
26.0843
25.2899
25.4768
24.7587
25.6088
26.3958
26.1532
27.0324
25.2460
28.9767
28.9598
26.3940
28.2350
27.1113
29.4610
28.5942
28.7095
28.5775
28.2745
27.0772
27.3713
27.7045
29.2761
28.5629
28.4736
27.4607
28.9616
28.0416
29.2515
28.5018
26.5870
30.0302
29.3646
29.4181
27.3525
27.5912
27.1367
27.7855
28.4403
28.5769
29.2703
29.4455
28.0995
27.7714
28.0160
27.9793
27.9039
27.7446
27.0389
29.0575
26.6676
27.3887
26.4133
26.3416
27.1154
27.2546
27.4383
27.5479
28.2472
27.8632
26.5094
26.7667
26.3199
24.9785
26.7285
26.0467
25.9675
26.4344
26.5253
26.1336
24.2596
24.4591
24.4755
24.8898
24.8849
25.4159
25.0956
24.5327
26.1660
24.3331
24.3909
23.2355
25.1411
24.8106
24.6691
23.4831
24.8923
23.3059
23.9863
24.0424
25.8394
24.1362
25.7452
24.7626
24.6656
25.5487
23.9855
24.4480
25.1810
25.1254
24.4207
24.5645
24.4101
24.4248
25.5742
25.4826
26.4588
24.7740
25.5060
24.1568
24.5878
24.8339
24.9716
26.1748
25.6133
25.0532
24.6252
24.4311
24.4997
24.9816
25.1289
25.3981
24.5864
25.1892
25.5261
25.1073
24.7177
25.2759
25.2670
25.2306
24.4411
24.4820
24.2998
25.4397
23.7633
24.4657
24.8608
23.6936
24.0219
25.0282
23.7463
24.2402
24.6393
24.8377
24.8379
25.0243
24.2982
23.3919
24.5728
24.6509
23.8720
24.7232
23.9978
24.1273
24.6334
23.5679
24.3797
25.1098
24.4700
26.0609
26.1733
26.0014
26.7514
26.2487
25.0951
25.2182
26.4688
26.8358
24.4575
25.7705
25.8295
24.4661
25.3197
24.2443
24.1748
25.7856
24.9615
25.5089
25.2308
25.1086
25.7223
24.8062
23.6369
25.2487
26.1633
24.6298
25.2953
24.1469
23.8719
23.8790
24.8012
25.3940
25.7632
24.8074
23.4807
23.2640
22.4963
23.1116
22.2093
24.0134
22.4324
23.6379
24.4465
24.1586
23.7699
23.3833
22.9293
23.3597
22.8558
23.9815
22.7620
24.2825
25.3819
24.0242
23.6919
24.4004
25.4518
23.2151
25.4176
23.2062
22.2205
22.7772
22.6112
22.1543
21.8963
21.6483
21.9416
22.2561
22.6054
22.7891
23.3765
22.8899
22.3904
22.5935
22.2004
23.1802
22.6762
23.0322
22.7501
23.7889
22.9808
22.4829
22.4010
22.9744
22.6727
22.6281
22.5129
21.8573
23.3857
23.1075
23.4899
22.0270
22.9154
23.1144
22.8567
23.9340
22.9953
22.4990
23.6179
22.2913
22.8931
24.5108
23.8159
24.4458
25.2092
24.1592
24.5640
23.8130
22.8175
22.6658
23.4432
25.1764
23.9528
24.0891
23.3160
24.8102
24.5016
24.4219
23.5077
24.2246
24.5962
23.4721
23.7267
22.9600
23.5611
25.1139
25.3402
25.4605
24.3810
24.3478
24.8415
23.2754
24.0289
24.4769
24.6761
23.3291
23.0504
22.6161
22.2248
22.4905
22.0046
21.6219
22.1484
21.3938
23.3380
23.7761
24.0944
23.6757
22.9951
24.5308
23.5472
23.5079
23.5298
23.0827
23.4360
23.1353
24.6398
23.4409
22.9258
23.5440
22.8744
24.5429
22.9365
24.2353
24.2065
24.3134
23.8028
24.1886
23.2533
24.9253
25.3379
24.7081
24.8143
23.8435
24.6003
23.7506
24.7313
23.7492
22.6732
23.4219
22.4960
23.2974
23.4746
23.5602
23.5341
23.2885
22.7104
22.8893
23.7211
23.5538
24.4980
25.0257
25.1541
24.1520
24.2997
23.6839
24.0569
24.1214
23.6563
24.2161
23.7861
23.2718
23.9070
23.5964
23.0181
23.1681
22.1521
22.4919
22.9417
22.4699
23.2642
22.8888
23.2933
22.1554
23.0762
23.4036
22.6701
22.4538
23.1392
22.0606
22.0916
22.3989
23.3740
22.5545
22.2023
22.7600
22.7287
23.2409
23.2292
21.8618
22.7684
22.6817
24.4656
24.9596
24.1907
24.8081
26.1360
25.6036
24.3037
24.6654
26.8478
28.7752
25.4092
25.4175
24.6714
24.9315
25.8611
25.2892
25.6835
24.6688
24.9964
26.2244
26.7494
25.1944
25.5057
25.9018
25.1034
25.5266
24.1638
23.5841
23.8866
23.7018
24.6205
24.2031
22.8787
23.8669
23.8525
23.5549
23.5291
23.9752
23.6733
24.5965
24.0180
23.6200
24.7703
24.8763
24.3313
23.8631
24.2399
23.5740
24.0968
24.2621
23.9337
22.2287
23.4443
24.4187
23.7038
24.4198
24.2477
24.1919
26.0049
24.7394
24.7359
24.0858
23.7734
24.0476
25.1392
24.7751
24.1093
24.9454
23.0129
23.4176
21.6785
21.7425
22.3394
22.4594
23.1080
23.4622
23.9200
24.1524
21.8072
22.3569
23.1093
22.1915
22.4167
22.0901
21.9067
22.8467
23.0621
21.8615
21.6710
22.0817
21.9092
21.5842
22.3514
22.3492
22.4210
22.8977
22.6011
22.5034
22.0097
22.3017
21.5810
22.2722
22.9860
22.1202
22.6447
22.5442
21.6998
21.8986
21.7987
21.3266
20.7274
22.3912
22.2508
21.7647
22.0919
21.5891
21.8310
22.3674
22.4764
22.6866
22.2323
22.9174
22.0249
22.1921
22.5995
21.9050
23.1211
22.4059
21.8672
22.4477
21.5416
21.9631
21.1821
21.7167
23.2577
21.5958
20.6205
21.9837
21.9733
21.5511
21.9861
22.0923
21.2027
22.1326
22.1357
23.0979
22.1847
22.2795
21.3794
21.0173
21.3073
20.7411
21.0480
20.7408
20.9632
21.6665
22.7838
22.3795
22.0672
21.5328
21.7584
22.1604
22.4232
22.3905
21.8367
21.8858
21.4759
22.3328
22.5862
21.7099
22.3948
21.5493
22.0855
22.6875
22.6570
21.9112
22.0101
22.3277
22.7676
22.5182
21.7254
22.3532
22.8946
22.9535
22.5508
23.3508
22.8488
22.5723
22.2409
22.5763
24.2083
23.6961
23.3434
22.8074
22.4990
22.5997
22.0445
22.0028
22.1358
22.1952
21.9998
22.6248
22.4130
21.5452
21.9875
22.0915
22.4383
21.8323
21.8864
23.0173
22.3754
22.2541
22.4308
23.2673
24.1794
23.8429
22.4998
22.7103
22.2460
22.8506
21.2989
21.4376
21.9506
22.9548
22.0633
22.0245
22.0500
21.6809
22.4631
22.4206
21.6565
22.5729
22.9049
22.1376
22.8002
22.7118
22.4060
21.6477
21.8782
22.2630
21.5373
23.3677
22.5029
24.7052
24.8555
24.1889
23.6091
23.9546
22.6799
23.2813
22.9686
23.4078
22.4867
22.4843
22.8409
23.0215
22.9162
23.7503
24.1262
24.3239
23.7886
23.3462
23.4781
23.9041
24.0557
22.9525
23.6969
23.1141
23.4759
23.9526
24.7621
24.1739
23.1072
23.8905
23.4506
22.1059
22.5303
22.0309
21.8440
21.4935
22.3851
21.7435
22.3629
21.8047
21.7031
21.8693
21.2786
21.9538
22.4058
21.6144
21.4019
21.9178
21.7155
23.9053
23.8884
22.7476
22.5094
22.3852
21.5608
21.9871
22.0013
22.2608
21.6467
21.5995
22.8696
22.5919
21.3740
22.1210
21.6342
21.7067
22.2637
21.4413
22.1864
22.4699
22.7501
22.4138
22.0799
21.9957
21.5257
22.8639
21.4290
21.4674
21.8351
21.5911
21.9314
21.5077
21.2936
22.0134
22.5595
21.5323
21.7312
22.4526
21.7218
22.6304
22.0105
22.1136
22.0080
21.6849
21.0096
22.2472
21.5322
22.3617
22.3010
21.7090
21.5516
22.9896
21.3096
21.7792
22.2898
21.7634
21.8299
21.9796
22.5882
22.0558
21.7973
23.1816
21.3458
21.2806
21.7785
21.7228
22.1984
22.0590
21.6569
21.8065
21.9632
22.6624
21.3012
21.9924
21.5796
21.4850
22.0905
21.3102
22.2003
22.1410
22.5211
22.0625
21.9197
22.5256
21.9523
22.3294
21.9813
22.3339
21.2298
21.8477
22.1290
22.6081
21.1627
22.3963
21.8502
22.4314
22.5917
22.8410
22.2346
22.9015
21.8534
21.7021
22.1814
22.1459
22.2562
21.7545
22.4367
21.8805
22.7678
23.5509
24.1279
23.8740
22.6094
22.2898
22.5487
21.5153
21.8598
21.8992
21.9781
22.4220
21.7841
22.1327
21.7164
21.6795
22.0112
21.7706
21.4034
22.7801
21.7960
22.2847
21.7429
22.4337
22.2078
21.9051
22.1104
22.0284
22.8384
21.6672
22.8776
22.5898
22.0633
21.9208
22.4078
21.8932
21.4251
21.7133
22.0746
21.6268
22.1397
21.7855
21.9216
22.0686
21.5929
21.3958
22.3897
21.8838
22.2098
22.1900
22.4050
23.5124
22.9892
21.7588
22.8901
22.4117
21.9817
21.2863
22.2234
23.3937
23.4962
22.7779
22.6975
22.9624
21.6546
21.7886
21.8791
22.3328
21.9616
22.1046
22.3467
22.0686
22.2257
22.4705
21.9067
22.6303
21.7397
23.0450
21.4480
22.2836
21.7567
22.1372
23.4134
22.3062
22.1027
22.3829
22.8297
21.8943
22.1707
22.3668
22.4934
21.9119
21.9749
21.8458
21.9622
22.4297
21.6858
21.6159
22.0954
22.3780
22.7039
23.1819
22.7788
22.2359
21.7074
22.2526
21.9264
21.7909
21.5915
21.4812
23.5449
24.5368
23.7896
22.2714
22.4113
24.3223
23.4725
24.1253
23.9191
23.4496
25.6234
25.6922
25.6267
22.7552
23.2097
22.2101
22.4051
23.2342
24.4530
24.3388
24.1998
24.6374
25.0146
25.2294
25.5972
24.8334
24.9158
25.7514
25.0533
24.7110
22.5172
23.1761
23.3841
21.9056
22.1029
23.0802
22.9685
21.8065
22.0251
21.7261
20.9422
22.2250
22.1587
22.7441
21.9598
21.9480
21.5196
21.9117
21.4729
21.7969
22.3435
21.1274
22.4326
23.4011
22.0596
22.3657
22.3518
22.1476
21.7546
22.3091
22.7118
20.8320
21.3523
22.2767
21.4203
22.0265
22.2733
22.2637
21.8356
22.0570
22.0308
22.5626
22.0122
21.6697
22.8382
21.0901
20.6041
21.5354
20.4475
20.8833
20.3998
21.1572
22.0096
21.6804
21.8984
21.2025
21.9503
21.5994
21.8835
21.9728
21.8806
22.2296
22.0697
22.4450
22.7412
22.3189
21.8123
21.9265
21.7762
22.1737
22.3620
22.4950
22.8437
22.7441
22.0514
23.6430
23.7529
23.1349
22.9363
23.4362
24.2024
22.9554
22.9648
23.2328
23.2377
22.8278
22.8692
22.4458
22.3135
21.6393
22.2849
22.6471
22.8387
23.0342
23.0258
24.5748
23.1073
23.6391
24.0772
24.5241
23.8952
23.9945
24.8765
24.9334
24.6128
24.1984
23.7662
23.7269
23.0868
24.1633
23.6708
24.7528
24.3987
23.4556
23.4035
23.4239
25.4682
24.2000
24.2758
23.6649
23.7653
24.0622
23.5259
23.7336
24.6011
23.6793
22.8971
22.6862
22.6733
23.3724
23.7111
23.6047
24.4113
24.7493
23.5798
23.3504
24.0565
24.2980
23.5772
23.7493
22.4187
23.9900
23.4070
24.5405
23.8897
24.5319
24.4357
25.1336
24.7196
24.5105
23.9360
22.3135
23.5396
23.1356
23.4167
22.1944
23.3511
23.1202
23.5149
23.6510
24.1579
22.2397
22.7753
23.2691
22.2396
23.5801
23.8494
23.5361
24.3358
24.0377
24.9169
23.4068
24.0014
23.1521
23.9803
25.1237
23.7572
23.5901
23.5360
23.1454
24.6521
24.1092
23.6985
24.9500
24.1996
24.4549
24.9497
24.6728
24.7355
23.7743
24.2141
24.0592
23.7198
23.9697
25.0347
25.3206
25.6052
25.0695
23.9895
24.2135
24.8696
23.5976
24.7830
24.8767
23.5692
24.6439
24.9228
24.6610
24.4435
24.1869
24.5266
23.9209
24.4564
25.4775
26.0865
24.5072
24.8157
24.6577
24.4265
22.6931
25.0286
24.2748
23.6367
24.1430
22.1045
22.4398
23.0564
24.6136
24.6942
23.3865
22.4456
21.8453
22.3752
23.7484
22.6544
24.0666
23.0486
23.8347
25.2763
23.0882
24.0720
25.0167
24.7663
24.7768
24.2733
23.7280
23.7425
24.3923
24.3970
24.8589
23.9915
23.4286
24.1158
25.3484
24.8471
25.0299
24.2652
24.1475
24.0087
25.0611
24.7624
24.6679
24.0642
23.9948
23.8349
23.5528
24.7421
25.2064
25.7706
25.3170
22.6627
24.2485
23.9842
24.9180
24.9229
26.3593
24.6703
24.9101
25.1656
24.8212
24.3448
23.1213
24.4250
24.1154
23.2981
22.9004
22.9801
22.7418
24.2345
24.2321
23.7037
22.9712
22.0836
21.6300
25.1597
25.1979
26.0095
25.0049
24.8824
25.2629
23.1381
25.0572
25.8755
25.3661
24.4495
23.5394
23.8264
23.7798
25.2536
24.7442
24.1349
23.5923
24.7368
24.3043
25.9467
25.4874
25.4215
24.8432
24.6389
24.7379
25.0449
25.3628
26.4803
25.8005
25.0034
24.8562
25.0665
24.0192
24.8603
24.1480
24.0138
24.3362
23.5401
26.1905
25.6584
23.5537
23.9785
24.3325
25.7050
25.0383
25.1943
26.8361
26.5908
24.7835
25.0759
25.3538
24.0372
24.9776
24.0965
24.7381
24.7714
24.4529
25.1203
24.3179
24.3049
24.0869
26.1722
25.3096
25.5515
24.8181
24.9395
25.7990
23.8255
24.4936
24.4024
24.9328
26.2951
25.2740
23.9547
24.1644
23.3068
24.1252
23.0038
24.3067
24.4055
24.7803
23.5413
24.3317
23.6770
24.4075
25.5438
24.6624
24.1905
24.0251
24.9138
24.5291
23.6478
22.5615
24.2787
26.0050
24.3987
25.0902
23.5077
24.3439
24.7567
24.0800
23.6615
24.8863
25.0820
25.4615
25.4551
23.9370
24.7806
24.5857
25.3736
25.0504
25.2288
25.2422
24.1426
24.2205
25.0198
25.0371
24.7072
25.1627
23.4878
24.5663
25.4046
24.7690
24.7996
25.1160
24.5831
24.6660
24.9097
24.7829
24.7996
24.3887
24.5805
24.8108
24.8237
24.4691
25.5825
24.4133
24.2983
24.5224
25.6134
25.3007
25.1818
24.3048
24.1860
24.7135
24.7769
24.6248
24.1359
24.3257
24.7915
24.4053
25.4100
24.4509
24.6376
25.1143
24.0454
23.6528
24.9824
25.4823
24.7584
23.8750
25.5178
25.2072
25.6796
25.0960
25.1067
25.7380
26.0426
24.7079
24.3312
24.8356
23.9933
23.7819
23.6185
24.7835
24.0632
23.1254
24.1077
24.3586
24.9744
24.2607
25.2737
25.6387
23.7917
24.6096
25.0771
25.3185
25.2042
24.7169
24.2517
24.6407
23.7511
24.7666
24.2979
24.4899
24.3918
24.9012
25.4808
24.6659
24.8086
23.5060
24.2496
24.2394
25.4864
24.8689
25.2143
25.5129
23.9336
24.0200
24.4022
24.0695
25.0409
23.3422
24.0928
24.3441
23.3811
24.3394
23.3124
24.1256
25.0649
23.7274
23.5308
24.0036
24.3419
24.1065
24.3731
24.9178
23.8401
24.9476
24.8549
24.5445
24.3671
24.0801
23.6679
24.2703
24.5638
24.5943
24.4275
24.5070
24.8911
24.5378
24.2080
24.7318
25.0151
24.2034
24.8847
24.3790
24.2509
25.2815
25.0821
23.7173
23.2667
23.4959
24.8275
23.9168
24.2445
23.8369
24.3335
24.0530
24.7643
24.6804
24.8867
24.0835
24.7671
25.0834
25.7980
24.7596
25.2328
24.6038
23.9871
23.9449
24.9059
24.6125
24.5666
24.6902
24.0592
25.1261
23.3203
24.4005
23.8103
24.6092
24.4577
24.4782
25.6225
22.8282
25.1803
23.2213
24.1699
25.4747
24.2156
25.1624
25.0214
25.7609
24.3587
24.7645
26.0181
25.2196
24.5467
25.2932
25.2556
24.9081
25.4846
25.4129
23.3342
24.2625
24.4583
25.8136
25.0513
25.0470
25.6224
25.8885
25.3131
24.9892
25.7646
25.2369
23.5712
24.6559
24.4075
24.8030
24.4787
25.0590
25.0954
24.5252
25.2555
24.6107
23.5173
25.4230
24.4446
25.1587
24.5927
25.0027
24.4199
25.6970
24.4533
24.4355
24.7335
24.7161
24.9435
24.3813
24.4537
25.5389
25.2986
25.0067
24.1678
25.0028
24.1771
25.1881
24.6973
24.4745
24.6099
24.2964
24.6498
24.3948
23.8763
24.4967
24.8585
24.5532
25.5047
26.2486
24.9197
25.4969
26.1892
25.5191
24.6733
24.4799
25.4931
24.2455
24.7465
23.9914
25.1837
24.9071
24.6470
24.7828
24.4008
24.7302
23.6485
24.8155
24.6699
24.9535
25.5561
24.5763
24.7935
23.9151
23.7995
24.4554
25.1706
25.8158
24.5257
24.8127
24.1738
25.4400
24.5432
24.3583
25.2609
24.8333
24.7745
24.2333
25.5248
23.7008
25.6812
25.1751
24.8133
24.1883
25.2735
24.2737
24.2862
25.2287
24.4764
25.0792
23.0952
24.0045
24.0650
24.8367
24.1981
24.5047
24.2230
24.8598
24.9368
25.0075
25.0161
23.2729
23.9066
24.4600
24.5654
23.5877
24.3806
24.6748
24.8000
24.5777
24.4646
23.7329
24.6533
24.5752
24.8003
23.7734
25.2696
24.2470
24.8948
24.7614
25.4518
26.0513
25.0181
24.9948
24.4494
23.9764
24.2878
23.5727
24.3838
25.3176
24.6423
24.6896
24.6628
24.4770
23.9043
25.6886
24.4088
24.7211
23.7148
23.1033
24.0630
24.0585
23.9915
24.5865
24.1167
24.6063
23.9481
25.5740
24.4620
25.1655
24.3890
23.6890
24.1202
23.1903
23.0932
23.5334
23.6081
23.3554
23.3684
23.8692
26.2246
25.6327
24.3610
24.3365
24.4242
24.1881
24.6113
24.2742
23.8344
24.8966
24.5566
23.7928
24.0884
24.5284
24.5573
24.2759
23.8941
24.4171
23.2003
24.2750
22.9581
24.1427
24.3058
24.6431
24.6882
23.9689
23.8446
23.9953
25.2559
22.7141
24.0874
24.4946
24.0941
24.3977
24.8573
23.1676
24.4235
24.4611
24.2974
24.4839
22.7295
24.3594
23.9241
24.0714
23.7005
24.1388
22.9815
24.1248
24.5043
23.3212
22.9958
23.0683
23.5834
23.2477
24.8215
25.5671
25.4225
24.2309
24.0033
25.5946
24.4451
25.0850
24.0241
23.8248
25.1541
24.7769
25.9691
25.2786
25.4042
24.8496
23.8113
22.8629
23.3090
23.8192
23.6417
23.6748
23.2518
24.6567
25.9054
24.7061
24.8443
24.6004
25.4999
24.3451
24.5207
24.0540
24.3521
24.6366
25.1767
25.3597
24.4756
24.3634
24.0564
24.5413
24.6699
23.2274
24.4931
25.4893
24.5913
24.6876
25.1816
24.7624
24.7218
23.6906
23.6078
24.7213
23.7591
23.3080
24.2355
23.2456
24.1202
23.1776
23.6197
24.1228
23.2527
24.1869
24.3334
24.3630
23.8272
23.9075
24.9850
23.7215
23.9841
24.0887
23.8027
24.0987
24.3242
25.0327
24.2972
24.5671
25.2171
23.2556
23.6994
24.6341
24.0542
25.6081
24.4255
24.7604
24.2443
25.4626
25.4018
24.9475
24.7770
25.0717
24.5124
25.8928
25.6887
25.0481
25.1449
24.8043
26.0730
25.7063
24.6730
24.6529
25.6755
24.9899
26.0940
23.9111
23.6118
23.9059
23.6253
25.4650
25.5479
25.8960
25.6050
25.2128
25.4930
25.4123
24.0107
24.8401
24.0654
24.0730
23.6937
24.8504
23.2197
23.1909
23.5865
23.7110
25.5470
26.0540
25.3569
24.2023
24.2453
25.2946
25.1040
23.5980
25.6374
24.4505
25.1156
26.7844
25.3192
26.4817
25.7798
24.8751
23.8814
25.1193
25.2602
25.1660
25.8099
24.9914
25.3387
23.1647
25.5035
23.7937
24.8536
24.7998
23.6590
23.6864
24.9795
25.0245
25.5011
23.9050
24.3578
24.7027
24.3755
24.3994
23.6932
24.2780
23.8859
23.6832
24.2740
25.9380
26.0698
25.1511
25.9851
25.7269
25.0378
24.9011
24.7490
24.3655
23.1924
25.9108
24.2154
24.5106
25.1110
24.2654
24.7556
25.3033
25.4868
24.9312
25.4130
25.3075
25.1867
24.1074
25.2694
23.8647
24.8869
25.8093
24.8686
24.2632
25.8547
23.5992
24.6007
24.8922
24.1172
24.2816
24.7967
25.0974
25.6332
25.6223
24.8421
24.6808
24.2725
25.7277
26.4815
24.5118
26.2018
23.6743
24.9171
26.2678
25.6979
25.1085
25.5556
25.5622
25.6719
24.8224
24.3480
24.4630
23.9527
25.6870
25.4354
24.2520
25.6889
23.5460
24.2979
23.7445
25.0570
24.7959
25.6060
24.9130
25.4392
24.9180
24.7501
24.7469
25.4074
22.7266
24.2181
25.2521
24.0801
25.1975
26.5429
25.5644
25.8401
25.5502
25.3719
24.0644
24.1812
24.2411
23.8418
25.4265
25.7650
25.7359
24.0155
26.0957
25.1680
25.2981
25.2597
24.9219
24.4484
23.6366
25.6139
24.3222
24.3618
24.2250
24.1416
24.7944
25.6013
24.7302
25.0801
23.9813
24.1689
24.7882
24.5187
24.6851
25.8516
25.1062
24.5216
25.4001
25.4518
25.6894
24.6832
24.9040
23.8986
23.3345
25.0513
24.6220
25.0358
23.1606
24.0201
24.3576
24.0003
24.7041
25.5576
25.5305
25.1514
24.5322
25.1654
25.6852
25.9629
26.6492
25.6016
25.4826
25.0398
25.6742
24.5194
24.5234
25.5368
25.5389
24.3193
25.3187
25.1209
24.8919
24.9245
25.4317
25.0531
24.6520
24.2305
23.8342
24.7993
24.5056
24.3683
25.7009
24.5964
24.9484
24.8251
25.2815
25.0564
24.9624
25.6640
25.2360
27.1135
25.7402
25.6414
24.1130
26.1189
25.4178
25.2269
24.6891
24.2582
23.9827
24.0885
25.2297
25.1251
24.7506
25.4352
24.4109
25.1532
24.3304
23.9109
24.2465
24.7091
22.4603
25.1545
24.2058
23.6245
23.1609
23.6439
23.5507
25.6225
25.8571
23.6029
24.0628
24.8912
25.0172
23.8149
23.2617
22.0256
22.3159
23.3714
25.5423
25.7411
25.3832
25.6780
25.2053
25.2816
23.3146
24.0001
23.8322
23.7929
24.4179
24.9668
25.1141
24.9896
24.7354
23.1923
22.4810
23.3012
22.3296
26.0814
23.1235
24.3697
26.8484
24.2498
25.1490
23.8560
25.8183
25.3802
24.0202
23.5374
23.2479
24.5701
25.3274
25.4093
25.9685
25.0195
24.1965
23.0885
22.7850
24.8714
25.0473
25.2658
24.9404
25.3340
25.0355
24.7275
24.6949
24.3648
23.5125
23.7517
25.3477
25.1109
24.9305
24.2889
24.3308
23.7190
24.5929
24.8642
25.0136
24.2966
24.5547
24.9092
24.2350
24.1557
23.4874
24.7547
23.7157
24.0933
24.7824
23.0972
25.0471
24.6289
23.4840
23.9101
25.4210
24.6873
24.6315
25.5613
25.1516
25.7944
24.5681
24.4758
24.5537
24.5956
24.1835
24.1118
22.6946
23.0196
25.1767
23.4735
24.6996
24.3915
25.0974
24.9362
25.6019
24.6247
25.1507
25.0839
24.1349
24.0861
24.5254
24.0262
24.3662
23.3425
24.8374
24.4132
24.4212
24.8267
24.4334
23.8015
23.8492
24.8447
25.1136
23.9550
24.3093
24.8759
24.1493
24.7950
25.6505
24.9330
25.3313
25.2147
24.7253
24.8667
25.1617
24.5478
24.6554
24.7703
23.8697
25.2265
24.1814
25.0557
24.4187
24.4920
24.9139
23.7503
24.6202
24.1495
24.7751
24.4974
23.5807
25.3807
23.2254
24.3237
24.9334
24.7302
24.4279
23.1772
24.8604
24.8000
24.5382
23.1939
25.5263
25.0902
24.2059
25.2556
24.3336
24.1079
23.8027
25.6548
24.9420
25.0005
24.5870
24.3555
23.7519
24.0754
23.2954
23.3730
23.1787
23.7216
24.4690
25.4633
25.4355
25.7039
24.4509
25.0382
24.0950
24.4985
23.7569
23.8508
24.0875
24.5449
25.3433
25.0637
24.6364
24.0840
23.2285
24.1777
24.0413
23.9092
23.9286
25.7350
25.0101
25.1452
24.6542
24.3164
23.5441
23.8821
24.1423
23.4062
23.2818
24.2465
24.6365
23.4664
22.8896
22.9846
22.5134
23.2021
23.0092
22.9040
22.3616
22.9894
22.6290
23.4616
24.0844
22.6829
22.5570
22.8356
22.8610
23.4840
23.4659
23.5095
23.0582
22.8619
22.7996
22.5406
23.0332
23.2398
23.5679
22.1878
23.9742
23.7568
23.5366
22.0825
22.7332
22.8105
22.3636
22.9902
23.5043
23.5389
22.2657
22.7482
22.7489
23.0923
23.2388
23.6641
22.5444
23.0270
22.6640
22.7304
22.6611
22.9781
22.9453
23.1105
23.8837
23.2098
23.2546
22.9906
22.8222
23.1156
23.8299
23.6366
22.7342
23.0321
23.4978
23.1181
23.1160
23.1542
22.7041
23.1048
22.3560
22.3189
23.3087
23.1666
23.1033
22.1294
22.5575
22.4790
22.9271
22.5698
23.2472
22.7650
23.2747
23.6542
24.1538
22.6471
25.5158
24.1232
23.9367
24.6036
25.1481
25.3076
25.8504
24.8074
24.7285
25.9679
25.8703
24.8493
24.3489
24.3713
23.2353
23.5927
23.5487
25.1025
25.3402
24.9551
25.2191
24.1451
24.3698
23.9892
24.3783
25.4436
25.4200
26.0073
25.4588
25.1778
24.8761
24.3989
24.1593
23.8675
23.4674
23.1906
23.1082
23.9401
24.4489
23.0645
24.6235
23.7747
24.1325
24.5708
24.3756
23.6312
23.7016
23.4110
24.1755
26.1869
24.8137
25.0449
24.9781
25.3418
23.7179
25.0312
24.4397
23.4164
25.1936
24.2760
25.1148
24.5691
24.4115
24.2515
24.4001
24.8397
24.4285
23.4501
24.6274
26.3211
24.9887
24.1503
23.7004
23.7520
24.8552
24.1825
23.8964
25.5199
24.2507
24.5814
25.0710
23.5812
22.8624
23.7284
23.5944
25.8196
25.6230
25.4413
25.1952
24.7161
24.8397
23.7664
25.8638
24.3136
24.9677
24.4844
25.9911
25.1241
25.0180
25.6778
26.1593
25.2013
24.0076
25.3917
25.1514
23.3737
23.5456
23.7628
24.0453
23.5714
25.0350
25.1451
23.5799
23.2425
23.9719
24.2337
23.8270
23.3164
23.6311
23.2010
22.9723
22.8854
22.5604
23.6733
22.4221
23.6513
22.7480
23.3826
23.7467
22.8280
23.0565
23.1245
22.5191
22.7708
23.8938
25.1370
23.6900
25.1071
24.0775
25.5591
25.5697
25.5146
24.7977
24.3826
24.0687
23.7380
25.0296
23.9823
23.7073
24.5223
23.4359
23.7729
24.7897
24.5730
23.3648
24.0890
23.8995
24.2582
23.4823
22.5343
22.9572
23.5504
22.9324
23.7807
23.5184
23.8426
24.2108
23.2064
23.4255
22.9690
23.9727
22.9353
23.7710
22.8179
22.3590
22.2713
23.5989
23.4025
23.9493
24.3287
23.9933
23.5944
23.9918
23.9871
23.3673
24.6632
23.9043
22.9414
24.4011
24.1780
23.9955
23.4701
23.4288
23.8779
24.2866
24.2096
23.6426
23.9844
23.2717
23.5313
24.0593
25.0375
24.7598
25.8604
25.6808
25.4228
25.4394
25.1998
25.7394
24.3249
24.0369
24.6635
24.4425
24.7980
23.7595
22.8193
24.7131
23.5207
24.6516
22.9738
23.0333
22.8060
23.2497
23.5231
23.6954
23.7471
24.0936
23.0878
23.5035
22.2581
23.7236
22.7180
23.5391
22.9553
22.6723
23.4556
23.6788
23.2423
23.0430
22.9398
23.0742
22.6443
23.7907
23.7802
22.7562
23.3097
23.2417
23.4075
23.0697
24.6426
23.0246
23.2771
22.7792
23.3063
24.2057
23.1010
22.4485
22.8690
24.1391
22.6299
23.5743
24.3993
23.8659
23.3370
23.3843
23.5944
23.2192
23.0438
24.1492
22.4716
23.5435
22.6253
22.7479
22.6602
24.1698
23.4903
24.2137
22.8656
23.9968
23.6737
23.1016
22.8272
24.2496
24.0486
23.6322
23.4329
23.6967
23.2703
22.7589
23.1069
23.2710
24.2927
24.1094
22.8794
23.4799
22.7220
23.2427
23.2343
23.3172
22.7431
22.5984
23.0348
23.9308
23.4673
23.6629
23.5940
23.0906
23.0921
23.3706
23.5774
23.8820
23.1545
23.6691
23.3015
24.0425
23.4261
23.1933
23.7593
23.6995
22.1662
21.6759
22.8181
23.4761
24.1863
23.6664
24.4977
23.5996
23.8707
24.1991
23.0134
23.2868
24.1317
23.4599
23.4454
23.9446
23.5612
23.7804
25.1146
24.0470
24.4502
23.9255
24.3418
24.5843
25.0417
24.3759
24.4050
24.1078
23.5780
23.5252
23.4793
24.4084
24.1854
23.2379
21.8729
23.8413
23.4909
22.8391
22.9281
23.6326
22.8388
22.9667
23.4183
23.5421
24.0635
23.3310
23.7136
23.4456
23.2825
23.9526
23.4997
24.2556
25.4245
23.5559
23.7199
23.2984
24.2206
23.2952
25.1115
23.4913
23.2861
22.9559
22.9609
23.5932
23.3368
24.1755
24.4423
23.9938
23.9695
23.4541
24.6427
23.7432
22.9683
22.7160
23.7279
25.4894
24.4066
24.6471
24.7556
25.6227
24.4999
24.1041
24.4944
23.3463
23.4980
23.7038
24.0451
23.8090
25.2893
24.6344
23.5313
24.3773
24.1248
23.3013
23.1007
24.5317
23.8609
23.8543
23.0640
22.7384
21.7868
22.9661
23.9431
22.8776
24.0726
24.1779
23.8837
22.6234
22.2829
23.2885
23.7766
23.3695
22.7742
24.2439
23.7366
23.2966
23.3687
22.9982
22.9244
22.3681
22.6757
22.9718
23.1195
22.5397
22.4740
23.7293
23.5720
23.1752
23.6285
23.4000
23.6554
23.8155
23.0618
22.6777
23.1211
23.4275
22.3898
22.3082
22.9631
22.3206
23.5176
24.0005
23.4623
23.9501
23.7404
23.5892
23.2039
23.2579
24.2635
23.9220
23.4367
23.1691
23.5682
22.9663
23.6101
23.5104
23.3070
22.8167
22.7589
22.8294
23.5634
23.6374
23.3517
22.6814
24.2864
23.3339
23.1287
23.3778
23.0029
22.9453
23.9563
24.0612
22.8068
23.1491
23.4822
23.7655
24.7268
25.1180
24.9206
23.6810
23.7529
24.2176
24.5520
25.2474
25.3040
26.2053
26.1209
23.0259
24.2172
22.6535
25.3452
27.0748
28.1606
27.1654
27.2247
25.7584
25.7863
27.0588
26.6242
27.5922
26.2412
26.2969
26.0273
26.7334
25.6228
25.7656
25.7238
24.5876
26.4690
25.7011
25.4199
25.2315
25.4661
24.8357
24.9507
25.0993
24.9823
24.3101
25.3987
24.5673
27.2816
26.0233
25.1594
26.0251
24.8410
25.9981
26.2150
24.8070
25.2414
26.2249
25.4870
26.0692
25.9988
24.0650
25.5669
25.1082
25.0033
24.7930
25.3087
25.1843
23.8043
25.0199
25.0134
24.0515
24.2269
23.9350
25.8286
25.6661
23.7178
24.6913
25.1217
25.0158
23.1556
24.7604
23.8819
24.1795
24.8956
25.5820
23.5167
24.3079
23.3080
22.7603
22.8854
24.3080
24.4036
23.9919
24.7957
23.8092
24.0146
24.0011
24.3243
26.6566
25.6372
25.0488
24.7425
25.6221
26.0465
25.5252
25.0629
25.2259
24.3274
25.4962
25.0965
26.2591
25.4870
26.4804
26.1028
26.9825
25.6488
26.5353
25.9236
25.8184
24.5057
23.5536
24.6073
24.8372
23.8051
24.9629
22.4928
22.4732
23.1076
24.0962
25.1412
24.4908
24.9002
23.0200
23.3546
23.4519
22.8927
22.7516
23.9965
24.3835
23.4741
22.5418
23.2328
23.6449
22.8388
23.0517
23.3204
23.4061
23.5289
23.4567
23.6466
22.6938
22.9356
22.5131
23.2257
23.6874
23.0820
23.8913
23.5611
23.9704
23.5253
23.2887
23.7066
24.8361
23.3543
23.4619
23.4178
23.4174
23.4609
24.9705
25.0350
25.6702
25.7033
25.0810
25.5213
26.3425
26.5680
25.8482
25.7284
22.7971
25.2937
25.5260
24.1240
25.5276
24.4260
23.0467
23.5690
25.0465
24.1429
23.5827
25.5176
26.0220
26.2780
25.2154
22.9540
24.9195
24.0113
25.2668
26.1691
25.2192
25.8964
25.0545
25.7508
25.4374
25.2176
25.9594
24.5824
26.2353
25.4561
25.8329
24.6654
25.3938
25.5276
24.8881
26.0430
25.4206
24.9005
25.3319
24.6328
25.8085
24.4999
25.3195
25.8844
24.1162
23.3743
23.0328
24.3086
25.0886
23.7264
24.7662
25.2671
24.2114
23.9851
25.0590
25.2891
23.7358
24.4841
26.1218
25.1097
25.6969
24.1220
25.6248
23.9934
24.5468
23.1759
23.6345
25.6176
25.0294
25.6400
25.4120
24.2672
26.4278
26.4297
25.2645
24.7313
25.2733
25.0434
25.4416
24.9539
26.6653
25.3496
25.7245
24.0540
23.8564
23.9421
24.6959
24.8873
23.7759
25.6333
24.6539
24.8254
24.2643
24.5138
24.2152
23.9523
24.0246
24.7532
24.7647
24.7564
23.3149
23.2603
24.0321
24.3485
25.4674
23.8774
24.6024
24.8113
25.3702
24.8598
24.5768
24.3819
24.6318
24.5614
24.8292
24.8111
23.3943
23.8871
26.5727
25.8648
25.2378
24.6069
24.8766
24.0398
24.8245
25.2240
24.6361
24.9838
25.4260
26.2511
27.0535
27.2261
25.9489
24.3311
24.5915
25.0148
24.8689
25.0365
24.8998
25.1622
25.7432
25.5999
24.3933
23.5829
24.7445
25.3275
24.5060
24.5842
24.5742
24.1316
24.7160
25.2958
24.9597
25.0921
25.8676
24.2364
23.9432
24.3079
25.8151
26.2418
24.9004
25.1499
24.4421
26.1029
25.0634
23.7614
23.7054
23.2250
24.0540
25.6510
22.8811
25.7117
25.8280
26.5121
25.3823
24.9219
23.7442
25.4655
25.7082
24.9577
26.1992
25.2231
23.7851
23.7649
24.3413
25.8417
25.6051
25.5744
25.1089
26.4111
26.7124
24.7523
24.7496
25.1939
25.4794
25.1334
24.8752
25.0763
24.8936
25.7387
24.5264
24.8225
25.1440
25.8335
25.7499
23.8120
26.5771
22.7063
23.1906
22.8357
24.5781
25.4371
24.4478
25.2931
25.0790
24.7445
25.5302
25.4723
25.9564
24.1844
26.1414
24.3283
25.1889
24.4185
24.2319
25.1162
25.3205
24.8733
26.0011
24.8805
25.1660
24.4936
25.8016
24.2875
23.8319
23.6885
24.9102
24.7065
23.1907
23.2787
23.0780
23.9583
23.3413
23.0624
24.5145
23.8479
23.0166
24.9660
24.7600
25.1742
24.1302
24.5873
24.7274
24.3488
24.9225
25.4577
26.0641
25.9164
23.5732
25.3627
24.3436
24.2111
24.4488
25.0719
24.5557
24.8846
23.9820
24.6565
25.1879
25.9381
26.0017
24.7927
24.4027
23.7596
26.8352
26.5621
23.7112
25.2888
25.1093
24.8306
25.1332
23.7890
24.3724
26.0349
24.5267
24.2582
25.3399
25.8194
28.2216
25.0620
24.0805
25.9437
25.1532
24.9817
24.2156
24.7442
24.2478
23.8445
24.0375
24.5030
26.2548
25.9289
24.9837
24.7237
24.4769
23.5006
24.6252
25.6164
24.9055
25.7662
24.0931
24.6969
23.9320
24.4506
26.0904
24.3189
25.2795
25.1766
24.0333
25.4583
25.9123
27.3504
25.8010
24.8432
24.5602
24.3570
26.5032
24.4977
25.6256
25.4427
25.8075
25.1163
23.8281
25.2473
24.6224
24.5153
24.5056
25.0372
25.3047
23.8154
25.8299
22.8271
25.1311
26.2450
24.7923
26.0941
25.6928
26.1927
24.3092
24.2347
24.6673
25.0912
26.4480
24.6795
24.8369
25.2001
24.0309
25.2162
23.9891
24.1225
25.3958
24.2134
25.6919
24.6321
25.1135
23.5389
25.4439
25.9068
25.7244
24.5091
23.5525
25.1716
24.4885
24.6661
25.2425
25.7430
23.1935
23.8171
25.1487
25.0030
24.7651
24.9040
26.1378
24.8266
25.7750
25.8694
24.5871
25.4361
25.1184
25.6822
25.3578
26.2216
24.1724
24.8531
23.8186
23.9435
24.0014
25.0630
24.2761
25.4832
26.3001
23.5489
24.3279
25.5363
23.1256
25.1844
24.8789
25.3284
25.1240
24.3518
24.6384
23.9439
22.4528
23.2462
23.8631
24.8350
25.2732
24.1537
24.6487
24.0875
24.5566
23.6083
25.4040
25.0262
25.3607
25.5152
23.9258
24.9677
24.8611
24.5200
23.8564
24.6899
25.0491
23.5337
24.0892
24.8908
25.0766
24.8120
25.6600
26.2718
25.2666
25.0575
24.6282
25.9118
25.8212
25.1510
25.3235
24.0196
24.4938
23.5189
24.7488
23.7287
23.7834
24.9681
24.2848
25.3501
24.5968
24.3885
24.6246
25.9507
25.1136
25.2571
25.8115
25.7544
25.0237
24.4977
26.2942
25.3492
25.4557
24.8896
25.3246
26.3507
25.3273
27.0865
27.0493
24.3009
25.2864
25.5095
23.0418
24.1828
24.3097
23.8764
24.7447
24.9838
25.2490
24.8426
27.3205
24.8634
26.0292
25.4070
26.2374
24.8286
24.8277
23.4623
25.4420
24.7398
25.1712
24.7951
24.6722
23.8215
24.9105
23.2661
24.3177
24.6341
23.1666
24.7284
24.9293
23.4902
24.9978
25.8034
26.2188
24.6021
25.0792
24.9848
23.2174
24.3909
23.2215
24.9818
26.3076
24.4189
25.7999
24.2439
23.6813
24.2550
25.3945
25.1115
25.0436
24.7425
24.2638
25.1263
25.5036
25.0906
24.4759
23.6268
24.7208
25.6355
25.3935
25.5145
25.6107
25.5730
24.0378
24.7050
24.7144
23.7595
22.8567
23.9018
23.8185
22.8329
24.0396
23.7348
23.3297
23.9376
25.3850
24.8701
23.8484
26.1106
23.4448
24.3120
24.7999
25.2808
25.1108
24.0593
24.4514
25.6790
25.2750
23.3085
24.4309
24.4382
23.6586
22.9280
24.5017
24.5710
23.4631
23.6906
25.0990
25.9488
24.0595
24.3934
24.2338
24.6744
24.8552
24.4443
24.8867
25.2216
24.1379
25.2228
24.3020
23.9525
23.5119
24.7209
24.5702
26.3182
24.5616
25.0810
25.1619
26.2886
26.4136
26.1297
24.9874
25.7230
24.9560
26.0436
25.2883
24.8342
25.3784
26.3068
24.8819
24.7859
24.7676
24.7110
23.6611
25.0478
24.9208
24.3028
25.5060
24.6060
26.0191
25.8711
24.7390
24.8861
25.8702
25.3023
26.8897
25.6798
24.3119
25.4370
25.4917
23.5971
25.4698
24.5675
24.4472
23.6303
24.4277
25.4386
24.2254
24.9076
23.7466
25.0902
24.5046
24.2842
24.4407
23.7186
24.3078
23.1287
23.8897
23.3423
22.5557
23.7252
22.2529
23.3765
24.3958
24.0328
24.1264
23.5433
23.0351
24.3469
25.1542
24.5682
23.4257
24.0697
24.5682
25.1951
24.6508
24.2918
25.1205
23.9159
24.5093
24.9458
24.4451
24.7595
23.6236
23.1306
22.9194
23.7273
23.9743
23.9079
23.5854
23.1777
24.9697
24.1369
26.7021
24.5682
24.6589
24.8296
25.0248
24.4935
24.6635
22.9812
23.3315
25.6312
23.2333
26.2738
25.4442
24.5143
24.8519
25.5728
25.4805
25.6928
25.3778
24.5540
24.6023
24.9273
24.4002
24.6501
24.4819
24.3287
23.9629
24.4725
25.8091
24.8958
24.8063
25.0351
26.3092
25.3587
24.0472
24.6219
24.8441
24.5419
25.2671
25.9855
25.1965
25.5092
26.8364
25.4821
26.1928
25.2225
25.9859
25.0561
25.5346
25.9705
26.1693
25.8940
27.5407
26.4071
25.8545
26.8432
26.0652
26.0023
24.3224
25.4342
25.9719
24.4059
24.1666
23.4209
23.0880
24.7904
24.7489
25.7057
23.3894
24.4080
24.8211
24.8729
23.6964
23.8283
24.2312
23.3711
23.3313
23.2255
23.0712
22.5962
22.6015
22.7687
23.6538
22.9540
23.4750
23.7407
23.0587
22.2219
23.3680
23.9760
23.0939
23.4733
22.9418
23.1917
24.1986
22.5049
23.3622
22.5716
23.4695
23.2496
23.4113
23.5007
22.5470
22.8584
21.9608
22.6753
23.0005
21.6257
22.7513
23.1557
23.0955
23.5602
23.9486
23.1220
24.1091
23.6275
23.5194
24.7175
23.8490
23.5494
22.9621
23.7757
23.7313
23.1425
23.8944
23.5321
23.4699
23.1873
22.9888
22.7842
22.9259
23.1012
22.5102
24.0330
23.4974
22.5463
24.2807
23.4027
23.2577
23.0150
22.5728
22.9598
23.5432
23.8070
24.2580
22.7240
22.6757
22.8829
22.7199
23.2255
22.7230
23.5677
22.7549
22.4912
22.5703
22.3847
23.0525
22.0936
22.2330
22.7853
22.2175
22.8309
22.8971
22.7133
22.9981
23.2301
22.6938
23.8945
22.4516
22.4768
23.0781
22.6994
22.6766
22.7019
23.6703
23.1432
23.8153
22.4664
22.6434
22.6592
23.1982
23.3557
23.3926
23.5604
23.1715
23.1656
23.1482
22.9308
23.2621
24.1093
23.5725
23.8119
22.8447
23.7524
22.2592
23.0839
22.8220
21.6597
22.0432
23.1619
22.9474
23.9317
23.7292
23.4516
22.8101
23.4162
23.2410
23.6887
24.9374
26.8972
24.2625
25.1598
24.9755
23.8844
24.7944
22.9922
22.5812
21.8789
22.5025
22.9335
22.7152
22.1290
21.5231
21.7349
23.1440
22.6184
22.7611
22.3974
22.3999
22.4107
23.1817
22.9628
21.8279
22.9297
22.0232
22.9275
22.3249
22.6415
22.9404
23.2712
23.2187
23.0338
22.2718
22.8520
21.9341
22.3008
22.2425
22.9510
23.4276
22.3559
22.1231
22.4071
22.2941
22.2027
21.9143
21.5497
22.7791
21.7731
21.7179
22.5856
21.8700
21.7563
21.7932
21.8918
22.6718
22.8929
21.8442
21.8221
22.2100
20.8704
21.3384
20.5763
20.7325
21.8145
22.0607
21.9884
22.5399
22.5423
22.0776
23.0477
22.0882
23.1314
22.3851
23.8375
23.3598
22.5677
22.3120
22.6718
21.8851
21.6390
21.8220
22.9282
21.8685
22.9247
21.4919
22.1965
22.5985
22.8961
22.8273
22.1254
22.0505
21.4261
22.6614
22.1865
22.2047
22.5364
22.3403
23.0040
21.6858
22.6138
22.5780
22.1137
23.1326
23.8889
23.8568
23.0895
23.1997
24.0405
23.0734
22.7318
22.8153
21.8365
21.8890
21.1967
21.7918
22.4266
23.2183
22.2872
22.3272
22.8802
22.7178
22.8486
23.1797
22.5470
22.6864
22.3769
22.8116
22.5137
23.5298
22.8581
24.4809
23.6190
22.9296
23.4787
22.1852
22.5978
22.5419
22.8309
23.1130
22.6981
22.1295
22.3277
21.6917
21.7767
22.2619
21.7826
22.0965
21.3568
20.4940
21.7220
22.1051
22.7365
22.8545
23.1262
23.4402
22.9227
21.9834
21.5977
22.8731
23.5495
23.1183
22.9471
23.1310
23.6777
23.2033
22.6949
22.7352
22.9610
23.0126
21.6824
21.3746
23.2983
23.6524
23.5215
23.6548
22.8722
21.8118
22.0073
21.9008
22.5762
22.7824
21.6570
22.5408
21.9074
22.6170
22.6865
21.8042
22.6430
22.6235
22.6880
21.9476
22.5322
22.1978
21.6178
22.4957
22.1702
21.6359
22.1375
22.2352
22.1847
22.3522
21.8838
21.6832
22.4005
22.5135
22.6896
21.8795
21.8521
21.4530
21.9375
22.9710
23.1787
22.7383
22.4899
22.4518
22.8023
22.7064
22.3616
21.3234
22.1423
22.4666
22.1563
22.7277
22.5624
22.3429
21.5678
21.3007
21.9145
21.6816
22.9193
21.7448
23.0273
22.4598
22.1353
21.6123
22.5608
21.8378
22.8776
22.6049
22.6833
22.4841
21.7270
21.6354
22.1600
23.1328
22.1578
23.0108
22.6982
23.5375
22.6916
22.8251
22.3633
21.9300
22.4278
22.9169
22.6400
23.1625
22.5870
22.9546
22.2002
22.7135
22.7350
22.7214
22.4585
23.4614
22.2158
22.3294
22.3249
21.9401
22.3194
21.9837
21.3240
22.4657
22.5569
22.2983
22.0455
22.0446
22.4390
22.0329
21.7809
22.3797
22.6614
22.0881
22.7120
22.2455
21.9919
22.2845
22.5508
21.8408
22.2626
22.6670
22.5954
22.5680
22.5160
22.2001
22.5956
21.5806
22.3961
22.0028
21.4685
21.9341
22.2150
22.7538
22.6683
22.4944
22.1534
21.8666
21.9669
21.9105
21.9081
22.2508
22.2418
22.3506
22.1998
21.7888
22.4516
22.4685
22.0433
22.3049
22.3895
22.0494
22.3095
22.1994
22.8460
22.2889
22.1609
22.7220
21.9900
22.2896
22.9086
22.2647
21.8133
22.3697
21.8453
22.4761
22.5974
22.3131
22.4290
22.0942
21.9611
22.5178
22.5982
23.4694
21.9735
22.3210
23.4723
21.9265
22.3300
22.2593
21.8777
22.1899
23.1666
21.7612
22.8478
22.5976
22.2002
22.3397
22.1693
22.2471
22.2757
22.6453
21.4894
21.3892
21.6267
21.4884
22.0285
21.5942
21.5850
22.7578
21.7107
22.3626
23.1262
22.3018
22.8757
22.8203
22.7688
22.9702
22.3450
21.9644
23.0353
22.1458
21.5017
21.8817
23.0073
22.1032
22.9364
22.3865
22.0619
21.9752
21.3441
22.0484
21.4799
21.6799
21.3908
21.2223
21.0724
21.5257
21.9738
22.6808
22.2092
22.9638
22.3233
21.7601
21.8278
22.3015
22.7234
22.9529
22.1754
22.1336
22.8422
22.4552
21.9576
20.9511
22.1076
22.3279
22.6403
23.1812
23.2558
23.4018
23.3922
20.8642
22.0558
22.6784
22.0788
22.5250
23.4494
22.1367
22.4229
22.9425
22.9626
22.1198
21.9944
23.4728
23.0935
22.5510
23.1364
22.7881
23.4704
23.6044
23.2522
23.4281
23.8108
25.4246
24.1376
23.7156
24.1662
24.1275
23.9882
25.3292
23.0169
23.8261
24.3703
24.8764
24.6927
24.4417
23.7605
24.6617
25.4038
24.1910
25.2695
25.7225
25.5646
24.0703
22.2943
20.5748
20.2554
21.0408
21.2879
21.6362
21.0604
20.9619
21.1531
21.2141
20.6595
20.8611
21.5292
21.6236
23.2207
23.1514
22.7458
22.7349
23.0832
23.1518
24.2559
22.1585
21.8622
22.4853
23.6332
24.8189
24.4043
24.1544
24.2437
23.9370
23.6060
22.8175
24.4396
23.4601
24.0980
23.4802
22.9187
24.5319
23.5689
22.8832
23.8288
24.7442
25.0138
24.4824
24.4187
26.2200
24.4647
23.0649
23.1876
24.3996
22.5221
25.1577
24.6182
23.2604
24.5897
23.8335
22.5326
24.1389
23.3445
24.4800
23.4108
24.3933
24.3587
24.9853
25.2751
23.6293
23.7447
24.6556
24.7669
23.3944
23.1836
23.3534
23.4005
22.3990
21.7978
21.9588
22.3409
21.9749
24.5366
22.8797
22.3452
21.9402
23.3238
22.4452
23.6179
23.6648
23.5096
22.0878
22.0404
22.7858
24.0604
22.4582
22.3491
23.7685
23.9171
23.4675
23.7442
22.9339
22.9652
23.4172
23.4086
23.9910
22.8660
21.6364
22.8288
22.5386
22.4158
24.0671
23.6681
22.6035
23.7315
22.8460
22.9925
23.4332
23.0564
23.7150
22.4689
22.5120
22.9813
23.0876
24.0580
23.2474
22.1435
23.0702
23.7568
21.9245
22.2571
23.7728
22.6238
23.3860
23.1415
23.7323
24.9135
24.4100
23.3392
24.9913
23.0956
23.4236
24.0914
23.1530
22.9303
23.2422
23.1532
22.5834
23.9683
23.2844
23.7591
24.6751
24.0920
24.3414
25.5384
25.3263
25.2922
25.6281
24.9130
25.0030
21.9473
21.6383
23.1661
22.7460
23.3343
22.7472
23.0113
23.6399
21.7481
23.8264
23.2983
23.3289
21.9451
21.9839
22.4635
22.9152
21.4780
23.3432
22.8414
22.8556
22.4644
21.8441
21.5408
22.1751
24.4915
23.3989
25.6907
24.7657
23.2369
23.2784
23.9072
24.8977
25.9231
24.6565
27.1198
27.1098
24.7768
26.4294
25.7216
25.4366
25.2182
25.9670
26.0181
26.3467
25.8077
25.9625
25.1088
25.4071
24.9092
25.6849
22.9633
24.9452
26.7077
25.2007
24.8614
24.5901
23.5975
23.5425
22.7306
22.8523
24.2678
23.4832
23.5014
23.3480
23.7378
22.5098
22.7294
24.3675
24.0526
24.4414
23.5188
22.9133
23.2758
22.7102
23.2387
23.6739
25.5661
25.8954
26.7047
26.5381
24.5908
25.0856
26.7271
26.8657
26.3917
27.2519
28.5824
29.7482
28.8433
27.9400
26.6786
27.3636
28.6153
27.0432
28.2221
27.8066
30.0956
28.4733
25.1897
27.0795
26.0526
25.2398
26.6414
27.8587
26.2937
29.8178
25.2373
24.9825
25.3949
27.4798
27.3645
28.6946
27.7876
27.3497
26.8907
27.1598
28.0717
28.8978
28.6621
29.2382
26.0570
31.9847
27.8595
25.8797
28.1182
28.5146
28.8691
30.3365
27.4853
27.1706
28.6311
26.6101
29.0256
26.3841
25.7010
26.0943
26.9744
29.8478
25.7176
25.9584
26.1453
27.8818
28.6837
28.7769
28.5783
29.6721
28.9249
28.6701
30.5423
30.5025
31.3587
31.2147
32.1405
30.9566
32.6306
31.3953
29.9994
28.6886
27.6043
29.2720
27.5077
28.7813
27.9428
28.5326
28.7308
28.9991
28.3039
28.9861
29.7152
28.6008
28.1883
29.5337
29.7845
27.8877
28.7308
26.7407
27.4041
27.5527
28.0705
28.0258
26.8110
28.1724
26.0089
27.3026
26.2136
26.2737
25.9908
28.2731
28.0554
25.4382
28.5607
26.5124
28.0334
26.5518
24.5028
27.5141
25.5171
26.5567
25.6053
26.9020
27.8966
26.9603
27.7260
25.9630
27.3519
26.9763
26.5330
27.1141
26.5146
27.1412
28.4117
26.1735
26.6601
25.7979
25.7134
27.3271
27.2277
28.5763
27.5980
28.1396
25.7846
25.9420
25.4800
25.8924
25.1314
24.8628
24.5099
25.8913
24.5423
26.0471
25.7927
26.4789
28.2482
27.3139
25.9309
25.8129
26.6938
26.3266
27.2398
27.0648
26.8948
28.1589
26.7069
26.6878
28.1021
25.9325
26.6672
25.8897
24.7251
24.9445
25.4734
24.7869
23.9830
25.6629
24.6579
25.1659
25.0002
25.3822
25.6972
25.1387
25.6448
26.2128
25.9482
26.3724
26.5106
26.3984
25.1273
25.2336
25.8566
24.3091
25.9906
26.2317
25.8988
24.1440
23.6887
23.7813
23.8664
26.0146
24.3872
22.4976
24.2851
23.7900
24.1496
23.8869
23.8917
23.1804
23.6472
22.5024
23.6017
22.3487
22.9292
22.6731
23.4787
22.4976
22.8245
23.6931
23.6581
23.7266
23.4206
23.6906
24.1120
22.8741
22.6588
23.1363
23.1567
23.2082
23.5146
23.4373
22.9238
23.4040
22.4357
22.2143
23.9620
22.9216
22.6273
23.2284
23.8410
24.9807
24.4169
23.0272
22.8901
23.3080
23.3873
23.2886
22.1331
22.3861
22.8589
21.7673
22.0805
21.7946
22.5080
23.3941
22.1095
22.7190
22.5642
22.6689
22.2999
21.9632
22.8184
22.8777
23.1516
21.8905
22.6565
22.4011
23.1968
22.8260
22.7165
20.9045
21.7695
22.5591
22.6153
22.9396
23.2062
23.6637
22.4019
23.0916
22.4521
22.2489
22.0603
21.4866
21.8839
22.7676
21.9031
22.3852
21.3025
21.4297
22.0805
22.4024
21.6511
22.0978
24.1637
24.1043
22.8406
23.1174
23.0613
23.3019
22.6401
23.3480
23.2095
23.1643
22.9246
23.1700
24.2899
24.3334
24.1470
24.3644
24.3081
24.7632
24.9732
24.6492
24.0349
23.9056
25.1173
24.9661
23.8642
24.7181
24.0506
23.5519
24.0719
24.3284
24.8737
24.1240
23.2518
23.8279
22.6691
23.4869
23.0776
22.8694
24.3388
23.1794
23.2900
24.2213
24.1008
22.7151
22.8944
23.9009
22.2220
22.8954
22.1838
22.2596
22.1554
22.4609
22.7252
22.4748
22.8768
22.1941
22.7582
22.3479
22.8482
22.9841
22.4549
23.1363
22.8357
23.0258
23.0103
22.7619
22.8201
22.6774
22.4458
23.9491
22.5541
22.8744
23.3324
22.4310
23.4683
22.2040
22.7287
24.1476
23.4485
23.8053
23.2934
22.5706
23.2934
22.6659
23.0625
24.2579
23.4319
23.6227
23.4532
23.6024
23.7720
23.4304
22.8790
22.6280
23.4577
22.6549
22.8910
22.2081
23.6574
23.1181
22.4440
22.8865
23.1259
23.0862
23.0590
22.7871
22.7322
21.8209
22.5997
22.6911
22.4074
22.6272
22.6791
22.3019
22.5539
22.8015
22.3170
22.4130
22.6034
22.7214
23.4756
23.4542
22.6816
23.0103
23.3838
23.3850
24.4741
23.4426
22.4846
22.8905
22.6229
22.7451
23.5768
22.8515
22.6372
22.2889
21.6886
22.6457
22.8424
22.4204
23.3539
21.8312
22.3080
22.4984
21.8290
21.8651
22.8190
23.5100
22.4123
22.9623
22.5116
22.3026
24.3822
23.8309
23.1731
22.9224
23.0884
22.2451
21.8815
22.3489
22.6912
21.5387
21.9924
21.6567
21.7991
22.7774
22.7386
22.9095
22.1668
21.9230
22.5353
22.9376
23.2829
23.3905
23.6452
24.6373
23.4015
23.6917
23.8575
24.6187
23.5672
23.1459
22.9785
22.8913
23.0258
22.6307
23.4349
23.3719
22.5482
22.6694
21.6386
22.9394
24.6762
24.7493
23.5953
22.9661
24.2998
23.0153
23.1996
23.0496
22.7447
23.1993
21.9533
21.5737
22.8617
22.2501
21.5729
22.0980
22.5787
22.7910
22.0678
21.4256
22.3333
23.2798
22.0432
22.1552
22.9351
22.3523
23.3617
22.4314
23.0148
22.6654
22.2628
22.3983
22.6742
22.1340
23.1414
22.7187
22.7317
22.0940
22.8388
22.7431
22.6045
22.7089
22.2073
22.1076
22.8447
22.5389
22.4346
22.3932
22.4412
22.8651
22.0011
21.0611
22.4118
21.8494
22.8736
22.9124
23.8839
22.5694
24.2011
23.2465
23.8722
24.0419
23.0726
22.1160
22.0615
23.3242
24.0889
24.8693
25.4360
24.8951
25.9122
25.1188
25.2917
23.9635
23.6973
23.1833
22.9005
21.9601
22.3450
22.2632
22.5420
23.1534
22.9471
22.3912
24.6177
22.2993
22.1344
22.9676
24.0603
22.9974
22.1217
22.8766
22.2664
22.0697
21.1550
22.1360
21.9465
23.0459
23.1306
24.0383
24.3125
24.2118
23.8507
24.1939
24.2135
23.8587
23.2041
25.1466
23.6838
24.0624
23.1181
24.8732
25.2747
24.1831
22.7389
24.0676
23.9535
23.7256
23.1706
24.3233
24.1672
24.9456
24.4534
24.1894
24.5325
23.3344
23.3740
22.6589
24.1342
23.9056
23.6206
25.2592
24.4492
24.4791
23.5344
23.5457
23.8425
24.4164
23.7337
23.2098
23.2599
23.6364
23.7392
24.0702
23.6741
23.9262
24.3792
23.5361
23.5601
23.4869
23.5763
24.9281
22.8048
24.4614
25.5589
24.3768
24.0718
24.5684
25.5709
25.8715
24.8409
24.5900
26.1711
24.8987
23.6175
24.3679
24.2618
24.6160
24.1768
24.6818
25.0186
24.2790
24.4025
24.2996
24.9524
24.0869
24.3746
23.3604
23.7747
23.6025
24.3312
24.4587
23.2237
24.2128
23.4189
23.7512
22.2982
22.9212
23.0812
23.9431
24.2397
23.6566
24.8617
24.0046
23.5475
23.8112
24.7417
23.1144
23.4166
24.1094
24.3521
23.9700
23.7118
23.3961
23.2101
23.7797
23.2940
23.0178
25.8175
22.8479
23.2106
23.4513
22.1928
24.1794
23.7313
24.2527
24.1386
24.3793
23.6471
23.4827
22.9931
21.8089
23.1119
23.3286
24.0854
24.7711
24.3223
25.3684
24.9364
25.6345
24.2915
24.3727
23.7977
23.2608
23.4954
22.8846
23.3539
22.4157
23.3234
23.3297
22.9750
24.0152
23.6017
22.6453
23.7527
22.6247
22.4375
23.0872
23.3665
23.1268
23.0764
22.7018
22.3556
23.6323
22.7137
23.1669
23.1614
23.0949
23.6293
22.8398
23.7448
23.3026
24.1251
24.7103
25.1153
24.7313
25.5533
25.2325
25.5681
24.1217
24.8327
25.8211
23.8641
25.9119
23.8368
24.9066
23.9424
24.2176
23.2975
22.7934
24.4831
24.7048
23.4960
23.1426
22.9021
23.3210
22.5522
22.6974
22.0106
21.8773
22.5744
22.8122
24.0256
24.8471
24.2272
23.3391
23.3558
22.2681
23.6994
22.9822
22.2844
22.1651
22.4675
23.4186
23.2945
22.0251
22.6392
22.8948
22.5129
21.9878
21.9893
22.5895
21.9816
22.2148
22.8019
23.2722
23.3596
23.3015
23.7042
23.9680
24.5649
24.0123
23.7805
23.2396
24.7739
23.6860
24.3834
23.2281
24.2447
24.5259
24.3101
24.0501
25.6099
24.4799
24.0490
25.4789
25.4687
26.8672
26.1339
25.7025
26.8383
25.9641
26.0392
24.7121
26.6446
25.5253
26.3596
27.4661
28.9244
26.7233
26.1526
24.2303
24.9080
23.8139
25.5955
26.1542
25.5919
25.5174
25.9235
26.7175
26.0586
26.9604
25.1635
25.3855
24.9865
24.9677
26.1706
25.1943
26.8473
26.5123
26.5164
26.4386
26.3807
26.2920
26.1783
27.8196
26.4681
27.7734
27.3610
27.7265
26.7384
27.7932
25.9445
24.7335
24.9432
24.6466
25.3492
25.6195
25.2404
25.5480
24.9556
26.1170
24.4496
25.1768
23.1027
24.1465
24.1431
23.7925
23.4602
24.7363
23.0514
24.1744
23.2861
23.4126
23.1424
24.2526
23.2978
23.2504
22.6056
23.6600
24.3362
23.0956
24.1149
24.2122
24.6152
26.4904
24.5144
25.9467
26.4254
24.6142
25.1349
25.3691
26.0977
25.5918
25.5768
23.9159
23.8845
25.3371
25.5095
25.0069
25.4978
25.8653
26.3471
24.4875
23.6671
23.2035
23.5642
23.8335
24.8669
24.7222
25.3489
24.8435
25.0806
25.0961
26.0446
25.4685
26.6862
26.8725
26.1193
26.6109
24.4280
25.1356
25.8964
25.1988
28.6784
26.6172
27.2728
26.2836
26.9799
26.0419
26.2109
24.5299
24.6340
24.1840
22.6438
22.9213
22.7450
23.7255
24.4496
25.2991
23.5526
22.1435
21.7782
22.9971
23.3151
22.8373
22.7692
24.5775
22.2932
22.5644
24.0427
23.6730
22.3302
22.9590
24.1407
23.5342
24.2429
23.5472
24.3065
22.9099
24.3014
23.6493
23.4582
24.1634
24.7277
22.9717
23.0005
22.8082
24.7589
23.5603
23.1102
22.9434
23.1057
23.0330
24.2548
24.6859
24.7148
24.7229
24.1276
23.8829
24.7166
24.9271
22.3776
22.3153
23.6133
23.9370
23.7485
22.0211
22.7255
23.1369
23.0935
22.7638
22.3915
23.9372
22.5732
23.3210
22.6049
22.7476
23.4945
25.3738
23.1022
23.5051
24.7444
23.2882
23.2641
25.9493
26.2765
26.9600
25.1470
25.4718
24.4511
25.6990
27.1029
25.4735
25.6840
25.7909
24.8146
24.3456
25.9611
25.4552
24.9605
26.2782
27.2442
25.4923
26.1449
25.3753
27.3209
26.1739
26.4000
28.2209
26.2433
26.5332
25.5366
25.4229
26.5464
26.8543
26.3223
24.5952
25.0784
26.5072
25.5428
25.2582
25.8193
26.0369
25.5781
26.1813
26.2188
26.2968
25.4800
27.7773
29.5517
29.4128
29.1046
27.4588
25.5291
27.5780
26.8354
27.9465
27.2845
28.4865
30.4541
27.5940
28.2396
27.7780
28.1675
28.2331
26.2094
25.3991
25.9556
26.6198
26.9244
26.3430
27.1328
26.8410
27.0237
27.1052
26.3712
26.5924
24.8893
26.8566
26.4513
28.5626
28.3050
27.9431
28.2045
26.2663
27.1914
28.8267
26.3166
28.6963
28.1112
28.5166
28.0248
29.2297
29.9217
28.6072
27.3679
26.7056
25.5245
26.4488
25.3941
27.4860
26.0766
25.6191
26.0215
25.0518
26.2642
25.0319
28.5322
28.4251
27.0745
26.6326
26.8093
27.8765
30.0675
26.6749
28.3930
26.4791
27.6585
28.9020
28.2295
28.3539
29.3044
27.9506
30.4380
29.4107
29.8833
28.5473
29.7149
28.9776
29.3628
29.5380
29.8522
27.3042
27.4299
27.9649
24.9312
25.1457
25.1151
24.1006
24.0034
24.4214
24.0376
24.9403
24.2845
24.9234
24.1886
26.0336
26.3173
25.5520
25.4969
27.1664
24.9260
26.6144
26.6051
26.3288
25.8213
25.0895
25.7162
26.0640
24.7436
25.8346
25.3074
27.4438
26.6856
26.5186
26.3762
27.7343
26.3382
26.0988
27.0859
25.8918
25.1560
25.6114
26.1380
25.6137
26.2711
25.9770
27.0346
25.8337
25.2169
26.1278
27.6533
26.4307
23.3812
22.9405
24.2759
26.5750
26.0045
25.5338
26.8778
26.0698
27.9026
27.5291
26.5529
25.6748
26.3973
24.5665
24.6922
26.9115
26.5808
26.1500
25.4122
26.9406
25.9359
25.2919
24.4748
25.0435
24.1856
24.7177
26.7074
25.7535
26.3594
26.7691
25.6907
26.1293
24.9605
23.9367
24.5356
24.4845
25.2310
24.9706
25.2276
24.9563
23.5489
23.3519
24.3456
25.2991
26.3256
26.3938
26.8405
26.0477
26.0903
26.6602
25.9856
26.0677
25.8820
25.9735
24.0846
25.2527
24.4225
24.5046
25.5315
24.9476
25.4713
25.3859
24.1938
23.8068
24.1122
23.4874
24.6322
24.6162
24.6064
26.4437
25.7640
24.6380
24.4499
25.7826
23.6520
24.0682
24.1445
24.9821
24.8561
24.8965
25.1142
25.5034
25.1017
24.6496
27.1082
26.4107
26.4830
27.3050
27.3601
26.3141
24.7508
25.0648
25.8605
25.6441
24.2417
23.6858
23.5226
23.3530
23.0383
21.8103
22.2153
22.1071
22.0034
21.9737
23.1557
22.8609
22.6260
22.5654
23.0369
23.2510
22.8325
22.6458
22.6747
23.2563
23.0936
22.0922
22.2283
23.0348
22.6535
23.6118
24.5567
23.5315
23.9482
24.8385
26.2700
23.5640
26.8786
24.4380
24.2336
25.0793
24.4155
24.6404
23.9798
24.8078
26.3900
25.0041
25.7023
25.2651
25.9982
25.8109
27.8692
25.6884
25.4060
26.5353
26.1499
26.0956
24.2937
25.7512
25.4793
24.6918
23.4804
24.4346
26.2457
24.8140
25.5078
26.4194
25.8213
26.6015
25.0774
24.8609
25.0798
25.5445
24.1822
24.3665
25.4911
25.9448
25.3457
23.7531
23.7490
24.8129
25.5588
25.0211
25.1719
24.1462
24.2475
24.8161
24.7151
25.6428
27.6044
23.9877
25.0874
24.4449
25.2950
25.1954
23.1654
24.2124
23.6094
26.4651
25.6735
27.0871
24.8434
24.1091
25.8404
25.3566
25.1698
23.4037
22.7695
25.4861
24.7114
25.1599
24.3844
23.0013
21.9402
22.0894
22.8082
21.4307
21.4274
21.8147
22.0731
25.5413
23.8065
23.7714
23.1537
23.7054
24.2193
24.6217
24.9817
24.3487
25.5986
25.9370
24.0128
24.5895
24.4268
25.2045
24.6274
25.9397
25.2382
24.2933
23.8740
25.7227
23.9019
24.6977
25.2006
24.9491
24.1635
24.4629
24.5287
24.7101
25.5818
25.0556
24.5663
25.2125
22.9572
23.1734
23.4395
23.8981
24.4119
24.4755
23.3402
25.7991
25.1115
26.0320
25.2779
25.9850
24.6014
25.4138
27.4049
26.6723
24.3260
23.5918
24.1716
24.7486
24.3816
23.9304
24.0199
24.1664
24.0779
23.5067
22.8997
22.7095
24.1817
24.6572
23.8016
24.1513
22.7210
22.7475
24.0190
24.0066
24.1839
23.7957
24.3412
24.4327
25.4583
25.3613
24.0372
25.3620
24.4577
23.3387
25.0375
25.5840
24.3165
23.6054
24.2421
23.2334
23.2567
25.3663
23.6101
24.7647
27.4149
28.0740
25.7971
25.2818
26.7081
25.7185
26.0080
26.7730
26.4631
26.3830
27.3846
26.6806
26.1794
25.9461
26.0032
26.8455
27.4830
28.1114
26.4049
26.3852
25.8019
25.7706
24.5374
25.3174
24.6333
26.1563
24.9384
26.3486
26.6185
25.1089
26.3359
26.4226
25.7003
25.5875
24.6364
25.2956
24.5989
23.9625
24.7199
25.1829
24.9399
24.8558
24.1822
24.2710
24.6332
24.9478
24.0180
24.0157
24.4164
25.2799
24.9149
24.2847
24.2777
24.7787
24.4342
24.3071
26.0454
25.9124
25.8522
24.6647
24.7410
25.3727
25.0662
24.4521
25.1181
25.4631
24.9671
25.4292
24.4787
24.7719
24.5396
24.9743
24.8801
26.0010
25.6540
24.8196
25.4092
25.2370
24.1110
24.2081
25.2155
25.3536
24.9576
24.4935
25.7019
25.5219
24.3816
25.0885
25.2938
24.6303
25.2711
25.4236
25.9051
25.9811
26.1955
26.1668
25.4580
24.9715
23.9225
24.3756
24.7297
24.4924
25.1003
25.3490
25.0155
24.3332
25.9096
24.4622
25.9733
25.2815
25.3880
25.5734
25.5802
24.8828
25.2996
24.8347
25.1340
26.2447
25.2682
25.5042
25.1708
24.2417
25.7673
25.4154
25.3296
25.0865
24.1400
25.8354
26.8141
26.0014
26.3805
27.2241
26.5420
26.8994
27.1487
25.3303
26.1092
25.8716
26.4897
26.1624
25.5230
25.3604
25.9673
25.5790
25.0588
26.1467
25.9125
26.2540
26.5619
26.9196
26.9841
24.9617
25.7129
26.6916
25.8919
26.3709
28.7674
27.1142
26.8693
26.1324
26.9909
27.7994
26.5033
26.7196
25.8349
25.2387
24.6612
25.7336
25.5998
26.0404
24.8929
23.8099
25.2189
25.2370
27.3693
26.4298
26.4888
26.0956
25.0071
24.3450
25.5973
24.9719
25.0007
25.4407
25.1836
24.7857
26.0650
26.4408
25.6080
26.1496
26.2929
27.0970
26.8301
26.5961
24.7946
26.1411
25.7079
25.8793
26.9074
25.4648
25.7914
25.0299
24.6718
25.0605
25.6088
24.2025
24.5324
25.1507
24.9224
23.5602
23.8140
24.0632
25.8486
25.0522
24.3311
24.7120
25.4765
25.9950
24.3778
24.7262
26.8904
27.5164
26.6782
26.5054
25.9180
27.0590
25.7566
26.1551
25.8492
22.8574
25.2860
23.7162
23.7522
24.0762
24.7449
24.7824
25.0207
23.7066
25.6140
26.6868
23.9703
24.9136
24.5600
26.2017
26.0870
25.8157
27.5911
27.0837
27.2116
27.7329
25.8430
26.3512
26.4000
27.0091
28.9041
26.5037
25.6750
28.1649
28.3445
26.2426
26.5602
26.5941
26.5129
26.6318
27.0349
29.4387
26.5747
26.1723
26.0199
25.9972
25.3728
24.6436
25.2648
25.5376
26.8428
25.8448
25.7651
25.7485
26.6861
26.5342
25.9704
26.7789
28.0969
26.5472
26.5736
27.0053
27.1289
26.5301
26.8084
25.7870
24.7600
25.4672
26.0024
25.7172
26.3818
25.8543
27.6745
26.9209
25.6974
25.5910
25.5156
26.1380
25.9864
25.5091
27.9792
26.7833
25.6156
26.0858
27.0991
25.6849
28.5050
25.6842
25.8461
24.0226
24.6700
24.7928
24.1511
24.8787
24.6859
23.9485
23.5716
24.3525
24.8650
24.5295
24.4616
25.1563
26.0849
24.3345
24.1464
24.4618
24.5259
24.3296
25.5664
24.9793
24.7874
26.6508
24.6658
26.5778
27.5851
25.2376
25.5210
25.5729
24.9260
25.8673
23.7361
25.3589
25.6777
25.7087
24.8297
26.1665
24.5902
24.2458
24.6905
25.2261
24.5116
24.5541
23.7043
23.7629
23.1484
23.4714
24.4625
24.3326
23.6809
24.2518
25.7233
24.3682
24.1645
24.6255
24.9311
25.9444
25.7924
26.9172
26.9969
25.0409
25.6007
25.6306
25.2095
24.9104
25.0922
25.4019
26.4187
24.5914
25.4375
25.3131
25.4229
24.2351
24.6607
25.4413
24.6032
25.7124
26.3695
25.9063
27.4390
26.3097
26.0081
27.8593
25.8618
26.1984
26.3257
25.9641
25.4328
24.6348
26.8279
25.3745
24.9939
24.9595
26.5044
27.1374
25.7134
26.1662
25.5307
24.9114
25.3798
25.1136
25.4750
25.5367
25.6264
24.7034
25.5517
24.9490
25.9231
26.9163
26.5734
25.8026
26.1262
27.9745
26.8216
27.3890
27.4989
26.7321
28.0386
26.4325
27.7326
27.6109
28.4199
26.2813
26.4836
27.4397
27.0329
25.9085
24.8188
26.3633
26.0807
25.3852
25.7395
25.1553
26.5567
25.8687
25.2576
25.2665
25.4602
26.1594
25.8941
26.0797
26.3879
26.0366
25.9348
25.4127
25.3798
25.2072
25.8451
24.8369
25.0052
25.4399
25.2658
26.0794
26.1852
25.7505
24.9118
24.8088
24.5788
24.9246
26.0214
26.5864
26.4506
24.8025
24.8152
26.0612
26.2105
26.2587
25.2697
25.9256
25.0233
25.9628
26.4240
26.5992
27.3259
27.8019
25.4919
26.7064
25.8232
26.2182
25.8456
24.9901
24.6185
25.2855
25.4331
25.3376
25.3137
25.9221
26.7077
24.9629
25.6330
26.4488
26.1161
25.5555
26.9826
25.5631
26.4581
26.2656
26.6017
25.9123
24.6852
24.7466
25.6798
25.9741
25.2198
23.7032
25.5711
26.3932
25.2918
24.2971
25.9568
24.6625
25.5884
26.0062
26.3024
25.5054
25.5509
24.2183
25.6075
25.8386
25.9542
26.6824
26.1513
26.8808
26.4350
26.1425
26.5509
26.2189
26.2057
26.4486
25.3218
25.0215
25.5617
24.6193
25.4042
25.6382
25.5233
26.3930
25.5787
26.2910
25.5977
25.1274
27.0066
26.2247
25.2247
26.3764
26.7233
26.8002
25.8558
25.7008
24.7889
25.8128
26.5110
25.1646
25.1765
24.3667
24.7768
25.0324
23.9903
25.7377
24.5656
25.6758
26.1438
26.8537
27.3921
26.9805
25.2203
25.4907
25.3443
25.7353
25.8835
26.2125
26.9191
26.7518
26.3795
27.2572
26.3934
25.8109
25.4630
25.7276
26.5701
26.6795
26.1442
25.3099
25.4531
24.8770
24.9229
25.6200
25.1375
25.1389
26.5112
25.8139
25.2464
24.3193
25.3941
24.5205
24.8436
25.1009
26.6061
26.1797
25.8549
25.7990
25.1859
26.5541
25.2974
25.7185
25.4706
25.1730
25.6701
26.1738
25.2999
24.6579
25.0934
26.0245
24.5556
25.3101
24.7471
24.8240
24.8105
24.7375
24.3712
25.2930
24.5307
23.3743
23.9548
25.6977
26.8277
27.7059
25.8034
26.9105
25.5683
25.7640
27.1548
26.1782
25.8926
26.3336
26.7953
26.5191
25.8038
25.8931
26.5669
26.3393
25.0674
27.3055
26.1140
26.6496
27.1552
26.2660
25.4981
27.0337
27.9963
26.7249
28.0038
26.5141
25.2920
25.7108
26.6755
26.3354
27.5797
27.8744
29.1032
26.5090
26.9933
28.4535
27.9300
25.8211
25.4545
26.4672
25.9892
26.4644
26.4365
27.9927
25.2255
25.8227
26.1462
26.0829
25.7335
26.1064
26.0117
26.3672
25.6081
25.5815
26.0339
26.0205
25.4012
25.8739
26.8941
26.5541
25.7031
28.6546
26.6827
26.8842
25.9030
26.6428
26.6884
26.4429
28.5906
27.7756
26.2919
26.7098
28.5639
26.6994
26.5085
27.2096
26.8976
27.8279
27.5582
27.6048
26.1377
27.6621
27.4061
27.6446
25.6105
25.8328
24.8746
25.9813
26.8828
26.8649
26.7907
26.4748
26.6926
26.2031
26.8935
25.7870
26.8606
26.6044
27.2496
26.1379
26.3200
26.8157
26.0337
27.3616
26.3719
26.0240
26.5840
26.4531
27.0977
25.7137
26.3249
27.6686
27.9486
27.4835
28.3352
27.4512
27.9121
25.2048
24.6203
24.2269
24.7648
23.6854
24.7973
24.1794
25.3728
23.9247
24.6200
26.2780
26.9170
26.0813
24.8269
24.9376
26.9263
26.6464
26.0210
25.4415
26.4933
26.3003
25.6031
25.7773
26.1835
25.7397
24.7603
25.5334
24.9878
26.2519
25.3151
24.6886
25.7065
25.8138
24.6940
24.6171
25.6062
25.5153
25.8691
25.2518
24.4621
24.9516
24.5617
24.5569
23.9619
25.6379
24.9300
25.7474
26.8197
26.9193
26.7932
26.1359
24.9523
26.0246
26.3353
24.0167
25.2985
25.2891
24.8695
24.9735
26.3821
26.3300
25.1968
25.7817
26.1165
25.3418
24.9023
25.3286
25.4311
25.4111
26.9456
26.3957
26.9538
27.6150
26.3576
26.4398
24.9535
25.6005
28.1569
27.7987
28.1068
26.5277
26.3984
25.5778
25.1738
25.2375
26.1851
26.3802
26.9359
26.8556
26.8389
27.4618
28.0317
27.4918
28.9794
29.1077
28.1658
27.9065
27.4373
27.0145
26.1462
26.4369
25.9892
25.9462
27.3671
26.4396
26.2391
25.5558
28.5788
27.0528
27.0507
25.6654
25.2301
25.7037
26.1344
26.2041
25.5460
27.7070
26.4407
25.6777
26.9962
26.2371
25.7708
26.9524
26.8186
27.1207
25.8897
25.9876
26.6811
26.3031
26.0375
27.4375
25.9057
27.7728
26.4074
25.9042
26.7775
26.8391
26.0166
26.9646
28.3802
28.6507
26.4777
27.0179
27.1396
28.5836
28.5024
30.0679
29.4813
29.0713
27.7678
27.5131
28.5962
30.2998
28.6859
27.3393
27.4416
27.5779
25.9713
26.8388
26.5056
26.8819
27.2910
27.2307
25.2753
27.8748
27.6777
27.7086
28.0009
28.0058
27.2463
25.4330
27.0369
27.2985
28.1523
26.4531
27.3963
26.9705
25.2962
27.7427
27.0591
28.3543
27.7090
28.6904
27.0839
27.4056
28.9337
27.9475
27.4055
27.3719
27.2175
26.7202
26.5621
28.2144
26.5089
25.5820
24.3157
24.7304
24.6911
25.5196
25.2827
24.1680
23.6400
25.5821
25.5303
24.3881
24.3989
25.1010
25.6175
26.4734
24.3693
24.9302
24.0171
24.1246
23.8476
24.6028
23.2603
24.4602
23.6299
23.3447
22.9774
23.7768
24.0010
22.8533
24.5995
23.7995
23.1652
24.0778
25.2149
24.7846
24.7180
24.9921
24.9964
26.0183
25.4428
25.5471
27.3323
25.9541
25.3806
26.2065
26.6933
25.9777
25.8382
25.0945
25.6810
23.9730
26.7296
25.2075
24.0570
23.5397
25.4119
26.7366
25.1209
25.5021
26.5343
25.4002
24.6718
24.9213
24.0788
24.1964
23.2588
23.8870
24.3721
23.2023
24.3101
23.8329
24.4428
25.0949
24.6487
23.2818
23.7928
23.7298
23.7813
22.8740
22.9990
22.1648
23.2481
23.2495
23.6455
23.5472
23.0940
22.4961
22.0321
23.0721
22.4821
23.0800
22.0531
22.3395
26.1249
24.3319
24.4333
24.4309
24.6260
23.6688
24.7147
25.3907
25.7908
26.0850
24.9029
27.2848
27.3516
26.0545
24.3715
24.3281
24.3490
24.5237
25.2232
27.7399
26.7762
25.6178
26.0829
27.1002
26.1321
27.2385
24.1760
26.4356
25.6577
24.4774
24.8899
24.6578
25.0306
25.0297
24.7122
26.5290
27.3957
25.7887
25.4833
26.1345
25.4675
24.3568
24.4037
25.8615
26.6326
27.4745
26.4292
26.1202
25.4418
24.3932
25.1861
25.0536
25.5187
26.2044
26.1552
24.8021
26.7069
24.9989
26.4077
26.9576
24.7429
25.2097
25.7467
25.6168
25.3228
25.3323
26.1754
25.5608
24.9632
26.1711
25.4089
25.0434
24.0440
25.4420
25.1122
25.7394
25.3639
26.1523
26.4737
26.0673
25.0463
25.1926
25.6371
24.3764
25.7279
24.2593
25.0740
25.0181
24.5749
25.7472
25.5672
26.0199
26.5745
25.4409
25.5880
25.1552
24.4849
23.2293
24.9651
24.8442
24.7226
24.5526
24.9930
24.3159
23.4886
23.4162
23.4587
25.0495
23.7818
24.1435
23.5091
25.7729
25.0931
25.9309
24.4936
25.3458
26.0424
25.5601
24.4897
26.0303
25.6142
25.1163
24.9027
25.0944
27.1073
27.0262
27.6123
25.8627
26.5654
26.1913
27.3739
27.3052
27.5706
26.8218
27.5587
26.2803
27.0806
27.1151
27.3213
28.1862
25.9788
26.7181
28.5066
25.8655
25.8077
25.9310
26.2810
25.8030
25.5090
25.1523
25.8344
25.1084
27.7194
25.9335
25.5969
25.9388
25.4183
24.1963
25.6762
25.5520
26.5325
24.9368
25.8065
25.6855
26.2712
25.9937
25.5994
26.1057
25.6951
27.9443
26.4657
26.0197
27.8399
25.9205
26.0122
24.9695
24.3518
25.6089
25.6231
24.7062
24.0645
25.3086
24.7326
25.1944
25.0476
25.1897
23.9127
25.3757
26.4181
26.2610
25.1684
27.6560
28.4398
29.0869
26.6549
25.8503
26.5583
27.0764
25.5909
25.8751
24.5372
24.2589
23.3236
23.5954
22.4765
23.5793
25.0252
22.8396
23.1880
22.4288
24.9251
24.5409
24.7833
24.2160
26.1510
23.8052
24.4119
24.1431
24.0758
27.2090
25.7561
26.0190
25.5021
27.4250
29.4317
27.5753
27.1584
28.3792
26.1169
25.4655
27.1124
27.2738
26.5179
26.2928
25.7673
25.0669
24.2718
23.9353
25.1287
26.5421
25.8878
24.9980
24.4632
24.3869
24.9424
25.0412
23.5777
23.7382
23.9813
23.2579
23.9602
24.7898
25.1012
23.8478
25.7176
25.4486
25.4940
25.0681
25.1252
23.7303
24.0595
24.5653
24.0938
24.6885
25.8732
25.6733
25.2061
24.5869
24.9591
23.4093
24.1249
24.8274
25.0638
25.2553
26.6251
26.9410
26.7707
26.6705
27.5779
27.3007
29.5276
28.6575
28.0007
26.4516
25.1588
25.8172
24.9016
28.1666
26.3385
25.3187
24.0446
26.4470
26.8699
25.5000
26.1522
24.9338
25.6839
26.4365
25.4666
26.0061
27.0609
24.4721
24.7227
25.0583
25.6758
23.9566
23.7982
22.9328
22.9033
23.5594
25.0325
24.2885
23.0802
23.4600
22.9821
23.5528
23.1629
22.9834
22.7769
22.7980
22.7263
23.1353
23.1738
22.2017
21.9161
21.9354
23.2773
23.0782
21.5196
21.0199
21.6292
21.5543
21.7051
23.0238
22.1291
23.6772
22.7878
22.8180
21.6618
22.6200
21.5362
22.4357
22.6362
23.2591
23.2803
22.6210
22.8871
23.2267
22.4384
22.0430
22.8217
22.5974
22.4928
22.5772
23.1022
23.1700
23.5377
22.2900
22.5926
22.2287
23.0612
22.1395
22.1871
24.8752
22.6238
22.3764
25.3304
20.9319
22.0473
21.7171
21.3053
21.6764
21.8884
21.6313
22.2327
21.7118
21.5958
23.5118
22.5366
22.8533
21.6540
21.2610
