23.2405
24.0996
24.1337
23.6736
25.3093
26.5516
25.0670
24.4750
26.1471
24.7919
25.2250
27.1829
26.6160
29.5494
25.2608
26.4234
27.2473
26.3990
24.9814
23.4919
21.5856
21.9704
23.2973
23.2274
23.3347
25.2898
26.1558
29.7935
28.1683
24.5630
26.0660
25.4231
26.1659
28.2347
25.1248
24.8247
26.1133
25.6067
24.0677
27.0819
28.8723
27.1362
27.0657
25.6988
28.2623
26.2781
26.1007
23.6703
26.7293
26.4616
23.8076
23.7903
22.6902
23.9812
24.4432
25.2783
25.9383
26.2779
23.1589
23.9644
24.9403
25.3836
25.7383
25.4617
26.5110
28.0234
24.3944
23.4912
24.7511
25.3905
24.4304
24.6727
24.0340
23.5171
23.7076
26.1124
25.0612
24.4493
24.9773
26.3704
22.7565
24.6244
25.0748
28.5189
27.2867
26.5660
26.0210
23.8014
24.9931
25.1186
24.7802
24.8163
24.8334
25.3233
25.6419
26.7596
26.6974
25.5815
23.0566
23.2371
23.2960
23.7866
24.0922
24.0718
22.7976
25.5187
26.1489
23.9078
24.3150
26.3202
25.1122
26.6559
25.2510
23.7894
23.1503
24.2705
23.0361
23.6201
23.5182
22.8308
22.5032
22.6105
24.4306
22.8606
22.8434
23.9524
25.7822
24.4222
23.8003
23.6163
26.8395
25.4772
24.4918
26.1968
25.9307
26.6923
26.7978
30.2678
27.1480
27.1765
27.4589
25.5177
27.1076
26.3125
26.7575
25.9112
28.0687
28.6822
26.6420
25.9781
25.8072
25.5541
25.8548
23.4266
23.5389
24.0941
22.7725
22.0438
21.4179
20.2876
22.8260
24.1181
23.9175
24.3109
27.3742
26.7624
26.7965
26.6840
26.2234
25.2096
23.2514
25.0085
26.7104
25.8230
27.1996
27.0058
25.2507
26.2133
26.6399
25.2176
25.2746
24.9840
23.4538
26.3423
27.3132
24.3795
26.8613
27.5487
29.4333
27.5903
29.2662
30.3707
30.0540
29.1439
28.9053
28.0343
27.5807
24.9517
24.6932
25.4575
25.0807
25.3469
27.2228
26.3349
27.6891
27.4543
26.5968
27.4362
28.2778
27.5675
26.5144
25.6219
27.0079
27.4149
26.8421
25.6244
26.8664
25.2421
26.1764
26.6808
27.8481
25.5905
25.0216
26.4178
25.2778
27.5280
25.4072
24.8087
28.7033
28.9233
25.2056
26.9492
24.2984
24.6435
25.5715
25.3585
24.7923
25.5302
25.0083
24.8099
25.1455
25.6222
26.7967
25.3683
26.8466
25.9353
26.0963
26.4972
28.0418
27.4935
27.0963
26.4390
27.6887
25.4330
28.6055
26.4687
24.2533
25.5053
24.8489
29.1476
27.3435
27.3628
28.5844
28.3503
27.0374
27.8962
28.3789
28.9346
25.8796
26.7746
27.8955
27.7703
27.0582
29.2170
25.8479
26.1631
28.3801
28.1963
26.0169
26.2903
24.8507
26.5972
24.1710
26.6325
25.5017
25.3281
25.0715
26.3549
24.5253
24.4434
26.5754
29.2390
25.8402
28.7780
27.0793
28.1729
28.5735
26.8737
26.7061
29.2642
28.1747
25.3957
25.0187
27.8368
29.2701
28.5498
26.4230
25.3862
26.4157
28.2660
29.3376
28.2603
28.9266
27.7670
29.8153
30.2855
27.6190
28.1421
26.4831
27.4991
25.3664
25.3994
28.5738
26.7201
25.5224
24.1312
25.8801
27.7646
26.3198
25.5684
25.0069
27.3676
27.4151
26.0493
28.9494
27.9309
26.6477
27.1839
26.6329
27.6138
28.8887
28.7857
29.9312
27.9791
27.9159
27.0947
27.3971
25.1917
27.9336
27.2278
26.2550
25.3270
26.6007
25.1632
23.9919
24.8861
24.5781
25.8743
25.2848
24.2688
25.3258
25.1109
25.2754
25.6615
24.8287
23.3980
22.4907
23.9306
26.0995
25.7383
26.3991
27.3000
26.8818
26.2168
27.0341
26.0064
23.4961
25.1013
27.1820
26.8220
25.7116
24.2019
27.4306
26.0249
25.0918
26.2256
25.8740
27.2695
28.1166
26.5295
26.4224
26.4154
27.3487
24.5804
24.4692
27.5824
25.3781
24.1212
26.4366
25.4930
23.6014
23.9623
25.8542
27.5450
27.2757
28.7704
29.8512
28.2828
28.1551
26.7345
24.8152
25.9302
23.9989
27.7192
25.0883
23.4833
27.3653
26.4491
24.9548
27.2038
25.4830
23.8268
27.4300
24.3547
25.6920
25.7036
26.2159
25.4360
29.4081
26.9778
25.8704
27.0607
26.9129
27.0395
23.7076
26.9889
27.2029
27.3104
28.6565
26.8181
26.5008
28.0344
28.8629
26.6131
29.2302
27.8412
25.4482
29.7170
28.2367
26.4907
28.1448
27.9194
25.5125
27.6620
27.7515
25.3301
27.4653
26.2710
23.8920
26.3388
26.8796
26.4503
27.8833
25.1758
25.3226
25.7129
27.3953
25.0570
26.8506
24.2825
25.1310
29.3602
28.7223
28.1164
28.1468
26.9199
25.5918
25.4797
25.0244
23.7838
27.4364
26.2881
26.8533
24.0598
26.7543
25.4837
25.7331
29.0187
27.7375
27.6411
26.9454
26.4531
24.6330
26.6037
27.8583
27.4864
29.7168
25.9565
27.7590
28.1695
28.3882
28.6375
30.4568
27.8349
27.0901
27.0889
28.5516
26.9926
27.2924
26.0309
25.2808
24.0528
25.5373
25.2405
25.8854
25.4960
25.4099
26.6129
26.6696
25.5054
25.0721
25.4007
26.8292
26.9872
26.4265
28.1997
26.7800
26.0890
24.3943
24.2472
24.3110
25.6099
27.0730
26.9923
25.6194
26.5715
26.3151
29.3824
29.0444
27.8762
26.7787
29.0521
26.5513
29.2097
27.8097
28.6859
27.2189
27.2701
27.8667
26.9017
27.7126
25.8466
25.6143
26.2823
24.2695
24.8579
24.9659
26.9595
26.3378
27.2526
26.7775
25.9163
28.1663
27.3216
27.4176
26.1655
26.0138
27.7193
26.1663
26.0792
25.9300
25.9107
24.8721
26.8399
26.6278
27.8229
27.8795
28.4193
25.0553
24.5755
25.4647
24.0786
24.1257
24.7564
26.3899
27.8842
24.7215
26.0145
25.9017
25.2490
26.5524
23.9739
24.3321
24.4853
23.4765
27.4411
26.0128
28.1446
25.2010
26.1138
25.3893
24.7859
26.6078
25.9685
23.9828
24.7055
24.4804
24.6935
22.5761
23.6046
27.7838
26.5743
25.9926
25.7354
25.6580
24.1411
21.4227
24.9572
25.4495
26.2776
25.3469
23.8123
25.1380
26.8849
27.3543
28.9343
27.2887
25.9351
27.2350
22.5926
23.7665
24.5060
23.6187
25.1744
24.5217
25.5085
27.2370
25.6784
27.1016
27.5483
28.5219
27.6653
27.4240
26.1808
28.6040
29.4654
27.3052
25.8083
25.4775
24.0313
24.9388
26.3779
25.6778
24.8852
24.4007
26.9773
25.6465
25.3463
26.9810
25.8761
27.7411
26.3851
25.1965
23.4901
26.9871
29.3786
26.3327
28.2060
27.9201
27.9236
25.8348
24.8217
26.0709
26.3631
26.0925
26.5595
25.8432
27.2578
26.6931
24.6853
25.2549
27.4903
25.3772
26.4261
28.0863
27.0215
26.0458
25.4334
24.9849
26.5244
26.8513
29.8888
28.8383
27.2704
26.1650
26.9959
28.6129
27.3744
26.6322
25.5152
25.7509
25.9239
25.6850
28.3758
27.0555
27.3549
25.1264
27.0684
27.5258
27.0267
25.4374
26.4800
25.7570
24.8990
24.4943
24.0920
21.8231
22.2073
25.4493
25.0935
23.7948
23.2085
23.6489
24.0312
25.7311
26.7022
26.7950
26.9346
24.9277
25.8952
25.8644
26.0511
25.0907
25.4376
23.1171
23.4409
24.3073
27.2314
29.0181
27.0880
25.5082
26.1900
27.3333
25.0871
26.1394
27.3725
28.3454
29.0887
28.4494
25.5492
26.6866
26.4256
28.3150
26.5099
27.3103
26.0494
25.9330
25.6271
26.5911
27.9254
28.1843
28.1700
26.5122
23.9244
25.2888
24.0282
24.8361
25.7957
23.3839
25.7937
24.7926
22.4588
26.0780
24.5270
26.4948
25.8007
23.8646
23.7669
26.1227
25.2205
25.5784
24.1901
23.6910
26.5037
25.8911
24.9794
23.2227
24.7213
25.3539
27.1720
25.1731
26.5472
26.0462
27.8121
24.8298
26.0987
26.9763
26.3829
25.2000
27.2442
27.8042
28.6582
29.4670
27.8875
27.0650
29.5363
28.7807
28.4803
28.2722
28.1750
27.6349
28.0667
28.1255
28.3356
24.8993
25.7247
30.4110
30.2640
29.8613
27.4691
26.3778
25.6143
28.4145
27.6090
25.9912
27.0228
28.7179
28.3765
27.8794
26.3686
25.3833
28.3817
28.6471
26.5399
25.6463
26.8836
28.3357
28.6163
26.9263
27.0435
26.1308
26.6532
25.1496
25.0113
26.1087
27.3838
27.5737
26.0696
28.0039
26.3749
26.9569
28.4727
30.1464
26.9448
26.7948
25.1448
25.8068
28.3241
27.8704
26.0017
26.9232
27.1638
27.5732
25.8016
25.7355
27.2224
27.0290
24.1332
25.7747
26.3402
28.0238
25.2428
26.7910
26.8436
27.3902
27.3815
28.0161
26.2868
27.0266
27.2442
26.6681
25.5081
24.9810
24.3634
24.2366
26.2987
27.3124
24.7636
26.5691
25.6927
25.7744
26.7160
25.8712
25.8183
25.5738
26.1885
26.6950
26.9972
26.8934
26.2983
25.9883
27.2689
28.9488
29.0795
28.1347
26.8937
27.4615
26.2429
25.2683
27.2620
26.4607
30.7748
29.3953
27.4795
30.1807
29.6162
28.0755
26.5681
28.0666
26.9827
26.3933
25.7981
28.1297
28.9181
27.6345
29.0859
28.0729
28.7280
29.0897
26.6795
26.2652
27.3935
30.4887
28.7681
27.5109
27.0993
27.0031
29.5976
26.6649
27.1130
27.9252
26.4065
27.5106
26.7627
28.0797
27.8794
26.2311
28.5727
28.0164
28.3993
27.3307
27.8479
28.8415
27.3288
28.9386
29.3265
26.7134
26.6628
28.2602
28.2261
27.0671
26.3391
26.8752
25.1303
27.0386
27.3488
26.7048
29.1792
27.2380
30.7866
29.7454
27.2642
27.9967
27.3938
28.6996
29.2878
28.7033
28.7389
31.5481
30.7231
29.2682
29.2986
28.6400
31.5924
29.6009
29.5814
27.3030
26.9560
28.1539
29.1570
26.5496
28.0987
27.3363
24.4843
26.0613
27.9463
26.8564
27.8592
28.2827
29.3457
29.9895
28.9895
30.9028
29.4804
29.4765
28.8979
31.8302
30.8925
29.7533
27.3991
28.7555
30.7049
28.3472
31.1200
31.4450
31.2357
29.0542
29.8923
27.5054
26.3349
26.1112
26.6372
26.7143
27.9647
27.9569
27.9161
31.5305
28.9830
28.6606
30.9553
27.3823
31.0248
26.5173
30.2678
29.2290
29.4974
28.5866
27.3876
26.9781
27.1066
28.6413
29.1515
29.9862
27.7591
27.8836
29.1432
27.9081
30.1152
29.8085
29.1041
30.6996
30.0974
28.7998
28.0364
28.2686
28.8980
28.6246
28.4520
29.8283
27.6224
31.1013
30.6638
29.0320
28.0846
29.5676
27.5350
30.1615
27.3711
31.6279
29.1541
30.6309
30.7172
29.6009
29.1489
28.7821
27.9492
28.4753
28.9374
29.6561
29.7268
28.5842
26.9502
27.3415
30.6812
27.4667
29.0842
28.7953
28.8552
29.5169
29.1851
27.9951
28.8649
27.1266
27.3072
26.5835
27.3582
27.2110
28.1634
27.5219
28.1229
28.7615
27.2066
28.0767
26.9901
24.8108
27.1430
28.1291
27.2364
26.6881
26.2373
25.1218
26.0364
26.5321
24.6839
25.7880
26.7802
28.0714
27.9911
26.9843
28.8597
29.1652
29.0899
25.5814
28.7508
28.7120
29.0117
28.6489
29.6632
30.1801
29.2045
31.2060
29.6748
28.3828
26.9608
28.1134
27.5663
29.2753
29.7623
28.2591
27.3422
25.9450
28.4298
28.3198
29.4685
30.5733
28.2487
28.4222
26.7210
27.3477
29.1123
28.5813
30.0664
28.4044
28.5332
25.5243
29.0404
28.5827
28.3788
30.2189
27.6631
30.8116
28.3103
28.5735
30.7754
27.8178
27.8298
30.0501
30.7278
28.4733
30.5140
30.0647
30.7582
28.8715
28.8051
28.8156
29.9538
32.1220
31.3786
30.9696
28.8029
29.4319
29.4648
28.8388
27.6187
26.6292
29.8870
27.4055
28.7137
30.3007
29.8156
31.2814
29.8689
30.4569
27.9877
29.5400
27.8508
26.9360
28.6550
26.5970
27.0244
28.7920
29.1478
28.7717
28.1516
28.2343
29.4599
27.6264
25.8640
27.2735
25.3928
27.8463
26.0991
27.9487
30.2290
26.9941
27.3930
28.7946
29.3313
28.5663
29.1378
28.1376
28.5787
28.9376
28.2967
28.6818
30.0245
31.4839
30.9078
28.0089
29.0484
28.4908
27.6365
26.2745
26.4937
26.8660
25.8035
25.3427
27.6180
29.8045
29.8509
29.6985
28.9578
29.1389
31.0925
32.1383
30.0630
28.2422
31.0622
28.1152
31.9032
29.6688
30.9977
30.4679
30.5942
30.4886
30.0265
31.6270
33.4819
32.3094
30.3864
31.7952
30.3022
30.2377
27.1052
29.5451
28.5363
31.1032
31.2022
27.6345
28.9881
28.9124
28.0763
28.5245
26.5223
29.6620
26.6541
29.0228
28.6525
27.6105
29.0080
31.0715
30.2268
30.7432
30.2970
28.1855
28.2531
28.6714
29.0981
29.4371
27.9213
28.8279
29.0601
29.1421
27.3731
26.6310
30.6491
29.3659
29.2253
28.3679
27.9372
32.1615
29.4661
30.9773
30.2686
27.0572
28.0973
28.3228
30.3129
31.2466
29.2109
28.4214
29.9113
29.0971
31.3069
31.7062
27.8186
31.3634
30.7296
30.4008
29.0058
29.3150
28.0647
29.6800
29.2667
29.0553
29.2546
30.7001
30.0542
27.5983
30.1740
28.4010
30.7868
28.4345
29.6304
28.3004
27.4585
28.0181
28.3721
28.6115
28.8113
30.1306
27.2522
27.5001
28.5397
29.2786
27.4728
28.3575
26.9078
28.4377
27.7712
25.4370
27.1839
27.6669
29.9113
27.8727
27.1079
26.5460
26.3881
28.3183
26.9598
27.5611
28.2206
26.9984
29.6241
29.7851
27.2642
27.0398
30.0577
29.9330
29.4326
31.2879
30.1289
28.4102
29.3241
31.4847
31.3471
32.2800
30.8970
27.7689
28.2043
25.8611
29.6378
28.8509
27.9400
29.0450
27.2451
28.9967
28.9592
30.6003
30.5450
29.4542
28.3906
28.9886
29.3152
29.7090
29.6502
29.9655
28.4050
30.0393
29.9237
29.4830
29.3844
29.0856
28.8713
29.2992
30.7219
29.6061
28.8349
26.7592
29.7335
32.2723
27.9783
28.5791
32.3052
27.7526
30.9445
29.2137
30.6950
29.6319
28.2329
29.3926
28.6620
27.5237
26.6795
27.4762
28.4338
29.2528
28.6976
30.6028
29.9559
30.3389
31.4452
32.1235
30.8442
31.1488
29.1799
29.1496
29.7825
30.0074
30.0848
29.8495
30.5018
29.3927
30.5622
29.0131
30.1349
30.2012
30.4590
28.6009
27.4140
30.7307
27.9393
29.1258
28.8470
30.1078
29.5698
29.0789
29.8375
30.2254
30.8728
29.8319
27.9886
29.9229
30.3149
31.6167
30.4663
31.8615
29.8969
28.9578
27.1235
29.0922
30.8371
28.9262
28.7684
30.2137
30.1682
29.1916
27.6425
26.8480
27.4606
27.6045
28.7404
27.7282
27.8609
27.1716
29.4573
29.9400
30.1781
30.7305
29.4613
29.6916
30.1180
29.9882
30.6410
29.9270
29.8579
28.8876
28.8628
26.2643
26.5713
26.4963
28.3299
29.1396
27.8913
27.9533
29.8208
29.5075
26.5511
28.9111
29.0577
27.1634
27.6754
29.9036
30.7935
29.6902
28.0594
30.9372
29.5357
28.4859
28.5935
27.0996
29.4091
30.5300
25.2839
27.1118
28.0457
26.2013
26.5310
27.8229
29.1742
26.8428
28.3976
30.1738
28.4060
29.3587
31.2761
31.0794
29.1295
28.1458
28.4760
29.0637
29.5166
30.1800
30.1846
29.2737
29.7126
28.8610
29.2563
28.5536
27.3832
25.6251
25.7682
29.0212
28.7567
28.6202
27.5421
28.3594
28.1712
29.3451
26.8508
26.5417
28.0805
28.5542
28.7233
28.1779
28.2625
26.0969
28.7937
28.1639
29.5130
28.3692
29.7186
27.5304
25.6856
25.2091
27.7707
26.4917
27.5042
27.0023
25.8903
25.6401
26.4996
27.6491
27.6580
27.3394
24.0768
26.4664
27.3221
28.3899
28.5065
30.6199
29.8430
28.0196
27.3569
29.6904
28.6482
30.6090
28.3747
26.6521
28.6291
29.6770
27.7775
28.0440
30.0756
29.3422
28.6216
31.3291
27.6125
30.0231
27.8027
29.1124
28.5773
28.1997
28.0123
29.0456
26.2675
29.2182
30.2648
27.0858
26.2981
27.8704
27.5989
25.6901
26.1962
26.1903
26.7222
27.0156
27.3955
28.3460
26.1362
28.3413
26.8758
28.1338
28.7556
28.7098
28.4172
26.1303
27.5057
26.7239
27.3365
27.1152
26.6396
28.0270
28.4230
26.4915
27.7242
26.6905
25.1602
24.6916
27.3615
27.8515
27.1387
28.6961
24.8374
29.1725
25.9611
26.0919
28.3088
29.0353
26.4547
26.9219
24.8241
26.7102
24.5121
25.2114
25.2717
26.8412
27.3683
27.2801
27.1222
27.5018
27.2644
27.6011
28.4232
28.1402
28.2171
26.2419
26.7290
26.5115
27.8456
26.4496
31.0144
29.8097
28.7613
28.2080
27.1334
25.8248
27.3292
25.7385
26.5050
26.0787
26.8296
24.6228
25.0291
25.1298
27.6505
28.5637
26.8162
25.5447
25.9261
27.6880
25.8245
23.1998
24.4880
24.3212
25.1068
26.1571
28.0101
25.2298
22.8516
24.9642
24.9376
25.0200
26.4749
25.3256
25.7650
26.9169
26.3265
24.8474
25.8778
24.5469
23.0992
24.3605
24.4236
23.0709
24.1900
24.5365
24.3270
23.4299
23.0619
22.1382
23.9643
22.4774
23.8502
22.4110
26.3001
25.3814
24.9237
25.2847
26.2519
24.8194
25.7001
26.5010
24.4485
26.4571
26.1902
25.2711
24.7441
26.2641
25.0761
26.2731
25.8431
24.7660
23.9716
25.6733
24.6048
26.9948
26.5520
24.9483
25.8767
24.5555
24.7915
26.4164
26.4165
24.4512
26.0834
26.0311
23.1385
27.1665
26.4732
27.2788
25.2829
26.6471
23.7633
24.1984
26.6996
24.4040
24.7167
23.4130
26.0386
25.5763
24.8970
25.3017
26.3193
24.4383
26.2036
27.6082
26.0568
24.9968
24.8027
27.5614
26.8091
25.4452
23.5572
23.6289
24.5483
24.3537
25.7606
25.4559
26.0211
25.0585
26.5621
25.1422
27.7627
28.3297
27.6631
28.9642
27.9396
28.4388
28.7517
29.1462
27.5758
30.4872
29.3728
27.7575
26.4916
27.3759
27.9508
29.6114
26.9177
27.6293
27.6234
26.8855
27.0645
28.8015
29.9989
29.8866
29.5723
27.9999
29.0870
28.6493
29.1817
28.4598
29.7227
30.1488
32.4274
30.7320
31.4758
29.4621
28.0568
29.8793
29.1230
28.3495
28.6298
29.4792
25.0191
27.3401
28.2320
28.1641
29.2716
26.9213
26.6321
29.4113
28.8453
26.7936
26.6206
27.9485
29.0718
28.3746
30.0136
29.0174
27.8025
30.8845
31.9734
28.7941
29.9021
31.8088
30.1671
29.5391
28.8778
29.3558
30.0192
30.8570
28.4174
29.8907
26.4265
26.8065
27.5929
29.2665
29.4436
27.2227
27.7456
28.6789
27.5694
27.7228
28.6301
27.1613
27.0808
26.0780
26.4614
28.3592
28.5606
27.3868
28.2084
26.0173
24.4853
26.0363
26.3670
27.3136
24.2393
26.5875
27.1863
26.6201
24.7069
27.9852
28.6987
24.9784
26.9966
29.1421
28.3560
28.5116
32.3407
29.7608
30.0094
28.7846
26.4094
28.4655
31.2386
28.0723
28.5219
27.3032
28.3485
27.1270
27.3202
27.5279
27.2308
26.2528
29.5819
29.9591
31.6329
31.6797
31.1627
30.1727
29.8402
30.6557
30.8533
29.5587
28.8219
29.6575
27.9560
30.2014
30.0943
31.4950
32.8932
34.1726
28.7104
30.1627
29.6812
24.7905
26.5007
26.1048
27.0589
25.8532
28.8195
27.0006
27.7106
28.6099
27.7106
27.1829
26.1390
28.2038
25.6531
28.3086
29.9476
31.0281
30.1157
29.2127
28.2012
31.2887
29.7698
30.5847
29.7286
29.3175
30.5910
29.7897
29.4913
29.3417
29.3358
27.0679
29.5024
32.4956
32.3417
32.5689
31.8810
30.9936
30.9039
29.6443
31.9694
30.4757
28.8100
28.3556
28.9687
28.6798
26.9249
28.4354
29.9800
28.9233
30.9932
29.1752
30.6583
31.5956
30.4529
29.4295
32.3768
31.5345
32.5734
30.4439
30.3806
31.5495
31.7830
33.4013
31.8000
32.0747
32.4912
31.4488
28.8253
30.3843
29.8234
28.0162
28.5639
31.0301
28.1623
31.2044
31.2673
32.5579
31.6390
30.7161
32.2394
30.1286
30.9553
28.9868
30.5600
29.3486
28.9775
30.3445
29.2339
29.3144
27.9964
30.2301
30.1253
30.6560
27.0176
25.6617
27.4930
26.3034
28.6366
27.2267
25.4904
27.5922
29.0656
28.5299
30.2840
28.7995
25.2261
28.5146
28.9109
25.6816
25.8472
29.2523
29.6035
29.8041
28.6130
29.0871
28.6257
28.9385
29.3588
29.9434
26.3359
26.0109
26.7093
24.8813
26.7790
27.3527
26.9841
26.5108
26.9770
28.9049
29.2990
26.6528
26.6335
27.9061
27.5561
29.0248
28.7430
29.5892
27.6507
27.5544
29.2720
29.6802
28.8514
28.9838
28.0154
28.0565
25.8410
26.0272
27.3945
27.2015
29.0483
30.2478
28.3800
28.8907
29.3097
28.1632
28.1146
30.2096
29.3183
28.3422
27.1043
28.6270
27.6701
29.7474
29.5174
27.8916
27.0727
25.1381
25.3378
29.4327
28.5977
30.3070
28.8869
25.3112
25.3336
27.3679
29.8255
25.8260
27.0026
26.9187
26.7063
29.4842
29.9578
27.4185
28.8597
28.8553
29.4058
29.2080
29.6313
28.2246
26.9414
27.4233
27.9767
29.4453
28.7342
28.2262
25.6265
27.0169
24.0107
24.7546
26.2117
25.4138
26.8001
27.3660
27.6204
25.8046
27.3242
28.7527
28.0279
27.3846
25.6310
28.2098
29.6173
28.9693
26.4394
24.6219
28.5573
26.8147
28.3009
29.0088
28.6864
27.2855
25.8759
27.4004
25.8766
26.4205
25.2009
25.3853
25.5937
28.2302
26.8197
25.9225
25.1113
27.3033
27.5662
28.4814
26.2652
26.5585
26.8239
27.0570
25.4939
26.3193
28.1547
27.9407
27.9585
28.5438
29.3880
26.3036
26.6312
28.0588
27.1194
26.0966
26.4432
27.8542
27.5740
27.4445
27.7793
29.5100
29.5999
27.8910
30.3134
30.2994
31.0663
29.9843
33.1589
31.4592
31.5904
31.6287
32.7503
32.2581
30.8564
29.5347
32.2975
31.0125
33.3563
32.5843
30.4954
29.9800
30.8235
30.6199
32.4353
30.1869
30.2187
32.2750
31.4632
33.3105
30.4256
30.3730
32.9382
30.2048
31.8829
29.8770
30.4930
29.4227
33.1677
31.0217
31.4029
32.0870
31.8073
29.3279
29.8452
30.9599
31.7086
32.0057
29.4098
30.9792
28.4677
27.9499
29.3316
29.4915
29.2660
28.4133
29.7921
28.8013
27.5424
30.7493
26.8881
27.5032
28.5732
27.7985
27.1041
26.5679
25.9114
26.2788
25.8414
27.9795
30.0883
28.6376
27.2496
26.4537
28.1465
27.1712
27.4657
28.3013
28.2835
28.2370
25.4975
27.7634
28.9304
28.4598
28.4727
27.3660
29.1649
28.6301
30.3427
29.1942
26.2989
27.4828
29.5577
30.9455
30.4616
31.2462
30.0312
29.6876
29.1456
29.0391
29.9143
29.3577
30.1083
28.7016
30.0940
29.8717
30.4032
28.8671
29.5537
30.1327
28.1252
28.9522
26.5672
29.0180
28.0568
29.4347
27.4567
26.6172
30.9103
29.8647
29.2706
29.5320
28.2432
30.9458
29.0995
28.5359
28.8038
25.9220
28.5284
28.0890
26.2664
27.5466
26.8875
27.6656
28.1048
27.1555
27.0106
29.6297
29.6145
28.9547
28.0529
29.9245
27.2748
27.2829
27.8531
28.3876
28.8625
27.9500
28.9639
27.8787
29.4313
31.9523
32.3031
31.5611
32.6231
34.4104
31.1324
30.9224
28.6049
31.4251
27.9058
30.5233
31.6690
30.4926
28.6564
28.5835
29.5135
27.8661
29.4808
28.9995
29.6853
29.1062
28.3751
28.1917
31.2795
28.7463
30.9579
29.0354
29.5576
28.2415
30.2062
28.3226
28.2977
29.4705
30.6538
28.7776
29.7241
27.5018
25.3236
27.6348
27.4953
27.4944
29.1027
28.5113
27.9122
27.2185
26.9826
26.1963
26.2690
27.3474
27.6861
24.7090
28.0571
27.7891
28.4409
26.9878
29.2863
29.7405
28.3163
29.7514
29.0697
28.6467
27.3882
27.1584
26.9639
26.4293
25.0379
24.7189
24.3659
26.3297
27.8124
26.1572
28.9218
27.8165
28.0955
26.9020
26.4453
27.5950
28.4246
26.7689
27.9784
27.1060
27.6128
25.0537
25.5564
27.8814
25.7164
26.2161
28.4036
26.7926
26.4923
26.7812
26.6336
29.1643
28.1369
29.0621
27.4282
27.9962
26.5827
29.4067
30.6955
30.4186
29.2599
29.2984
29.8419
30.3025
30.6857
30.4543
30.1257
31.0404
27.6995
29.2547
28.3891
26.5424
26.2778
27.8777
27.2410
28.8298
32.6740
29.1291
28.0524
27.5393
27.0794
27.8629
27.3565
29.2392
28.0847
29.1200
29.0890
28.4993
29.2099
27.7447
28.0875
29.5908
29.7273
27.9932
29.2495
29.3685
32.1049
30.2110
27.8769
27.7641
27.0526
28.7692
29.8119
30.4264
27.7891
27.3666
29.4230
28.2529
28.8152
28.6552
27.0044
28.3901
26.1371
27.0743
29.1306
30.0493
31.3165
29.9890
30.2546
29.9749
28.1690
27.1629
25.9175
30.0082
28.8488
27.6991
27.3805
29.1159
27.3843
29.0238
27.2988
29.0901
28.0215
27.3715
28.2927
30.1897
28.7035
29.3127
26.2377
28.0361
28.9003
28.2510
30.9719
30.3833
29.9695
29.3885
28.4154
29.3397
29.2215
27.6772
29.8239
28.3185
28.0580
30.2000
28.7789
28.6091
28.1249
28.4494
29.2638
29.5861
29.7447
29.8431
27.7508
28.2726
29.6847
28.8608
29.0655
28.1649
26.1198
25.8845
26.9611
23.2866
26.1933
27.6408
29.5399
27.7700
28.1069
29.0822
26.5143
27.6556
25.0624
25.7592
26.4712
28.0341
29.1911
29.0010
30.0243
29.0036
26.1923
28.3971
28.1131
29.2925
27.9959
29.2498
27.1150
29.5829
28.2013
29.4285
29.3523
27.8467
29.2669
31.1923
30.4951
32.1134
31.1379
32.3756
29.9613
28.3394
31.3551
29.2626
28.5084
27.2397
28.1377
29.5258
28.6971
31.5528
29.1901
28.8573
29.5683
28.7712
28.8488
28.9541
26.0160
26.8278
25.1521
24.3817
26.9241
25.5903
29.7061
30.5284
28.4982
29.9993
28.4207
30.0635
29.7806
30.6824
29.7569
30.6126
27.7433
26.7742
29.9525
28.4954
28.8164
30.1049
30.1910
28.8218
28.5005
27.5718
27.0570
26.8484
27.9820
28.7340
30.5321
30.8174
31.1864
28.9749
30.3329
27.1488
28.0878
28.5957
28.0358
27.8343
28.4669
27.8227
28.2168
26.9887
26.3717
28.8659
28.0580
26.0388
26.9287
26.5636
27.1413
29.0869
27.8314
27.8817
25.6953
27.1772
28.4668
29.1868
27.6899
27.8569
28.2328
25.6695
28.4735
27.3861
26.2155
26.7009
26.6974
27.5385
28.1798
29.3981
29.3301
27.5649
25.9742
28.2616
27.0255
26.8063
27.6183
25.4141
26.9366
24.4417
29.5669
28.5805
27.1244
27.9365
26.1993
25.2504
24.6584
28.1645
27.3185
27.5577
29.3072
27.3368
27.2871
27.3556
26.3978
28.3684
25.3795
27.2337
26.7377
27.9247
27.7713
27.8597
27.3896
25.6933
28.4669
27.4949
24.8329
26.9274
25.7587
26.5151
28.5625
27.5926
27.9533
27.8484
28.0348
28.6467
26.7765
30.1055
30.6583
29.4802
28.8251
26.8532
27.6577
27.3519
26.5551
27.0981
29.0819
28.6068
28.0297
27.0582
28.0058
27.4502
26.6488
27.4384
25.2500
23.0379
26.3753
27.6024
26.3207
29.9499
29.6697
29.3362
27.4467
28.6901
28.4005
27.3532
28.0344
28.0354
26.1268
25.9823
25.8481
29.2125
26.1723
25.2293
25.9090
27.5914
25.6687
26.2855
25.5425
25.4478
28.1535
26.4404
27.5838
25.6291
23.6171
22.8399
24.4215
25.0469
24.8118
26.3110
25.9676
26.9153
27.2129
25.4581
25.8095
26.0336
27.6600
26.7800
26.4571
26.1723
25.0390
26.9854
27.7866
27.0052
28.3522
26.3079
25.5079
27.2321
26.3464
26.6654
26.1614
27.8019
26.5168
28.7550
25.4203
24.8191
26.9018
25.1042
26.9468
27.2178
24.6875
23.8199
27.3084
24.6427
25.4865
26.8884
26.3505
27.8507
27.2670
28.5036
27.4580
26.8178
26.3918
25.2756
25.3408
28.2047
27.6785
26.3515
26.2638
29.1851
29.2778
30.0582
30.8329
28.4028
26.3588
28.1037
26.9869
26.3652
27.0551
27.7495
27.7224
30.2695
28.5372
26.3876
25.7682
25.2973
26.8586
27.0999
26.7919
23.9633
25.2283
25.5645
26.5014
25.3139
24.5024
27.2344
27.1476
26.8784
26.9121
29.7730
25.7118
27.0602
25.9030
28.6975
27.1990
27.9813
25.2546
27.3281
26.6469
25.7791
24.2629
23.7219
24.6305
23.1359
24.3812
24.2414
24.5302
24.3148
25.4431
25.3692
27.1224
26.8999
28.4935
28.1772
27.1773
26.3363
27.3476
26.3814
24.6615
24.2484
26.0264
26.7885
25.4306
27.1661
25.0167
25.0470
25.6969
26.5027
26.5192
26.9226
26.2681
24.5982
24.2469
23.3808
22.3306
23.4690
24.3182
23.3012
24.7994
23.2369
23.2247
23.0264
23.3972
23.7421
23.6388
27.1646
25.6983
27.9126
27.4989
28.2922
27.0410
27.3346
25.8385
26.3445
27.1974
28.4160
28.3790
25.5189
25.4399
27.1488
27.6698
26.8891
26.0743
27.0326
26.8547
26.0966
23.6808
25.0633
27.1099
27.9067
24.9410
24.2741
24.4574
25.0247
27.2754
25.4929
27.7739
25.9514
27.9455
28.3568
27.5389
26.1466
27.6942
23.9357
28.7579
24.1385
24.5857
26.3398
28.6466
25.6590
28.1251
26.9357
29.4172
28.9164
28.8048
28.0190
25.7953
27.6700
28.6226
27.1706
24.7145
24.9164
25.5384
27.7886
26.5676
27.0362
27.4249
26.2093
27.1699
27.5988
26.5667
27.5504
28.5681
25.5232
28.3427
26.2838
24.3817
24.4768
26.8180
24.9495
23.0905
23.9182
24.0063
23.6728
25.0577
25.4552
24.6645
23.6703
23.2394
22.0544
23.7841
22.4138
23.8382
24.5084
24.3951
23.1997
24.7922
25.6359
24.1708
25.2872
23.1064
21.8724
21.9781
24.3856
24.4596
25.8210
27.7911
24.3755
24.4395
26.6403
24.9693
25.5583
25.7426
26.3345
27.1335
28.1871
26.6999
25.2108
24.2346
24.6815
25.1188
24.9096
24.3838
24.2691
24.7701
25.1825
26.6052
26.6981
24.4568
23.2687
27.0993
27.1212
27.7689
26.4227
24.9697
22.9014
23.4139
23.2506
25.1945
22.6744
23.4025
25.5969
25.2666
26.0118
24.9455
25.7917
24.9177
22.7543
22.7494
21.9541
20.8484
22.2800
23.1612
22.5920
22.3073
23.2473
23.7101
23.0048
24.5065
23.6346
24.2914
23.4664
25.3911
22.7067
22.1309
22.1856
22.8730
24.6192
26.7167
25.3502
24.9934
25.7331
27.2970
24.1881
25.3365
24.3996
26.5541
28.4950
27.4162
25.1804
25.5214
25.3424
26.4665
26.1148
25.3489
26.4935
27.5975
26.3434
27.2080
26.8803
27.1294
24.6473
27.0033
26.5203
28.7322
27.7402
26.3488
28.0308
26.8613
26.9536
28.2762
26.8535
28.3278
27.8099
27.7596
27.7505
27.6686
26.9078
29.8542
27.1198
28.0753
24.7783
26.5231
25.4603
27.7524
27.0305
27.5977
28.0381
27.9954
29.1036
26.6768
26.5511
29.2879
28.4561
28.4707
29.0356
27.7674
25.8914
25.0888
26.1731
24.0492
26.4938
26.3044
26.6968
26.8209
26.3761
27.1433
26.3366
25.3587
27.0797
26.5523
27.8390
25.7421
27.9656
25.7074
25.4537
27.6609
26.7803
25.5664
26.6558
28.1776
27.0829
26.6571
24.8740
25.3912
27.0711
27.0011
26.8037
24.5713
25.4097
23.7969
25.1320
25.0321
24.5766
25.4103
26.5443
24.5446
24.8618
25.7845
27.0734
25.5096
25.0660
25.6814
26.2827
25.7093
24.3636
25.6199
25.9658
24.9975
25.7859
24.8930
25.0295
24.6883
26.9375
25.1414
23.0212
24.8496
25.3393
26.8084
24.4606
24.6533
24.1117
22.3040
24.5790
25.9556
24.3334
24.6955
24.6089
25.6726
24.6276
24.2113
25.7879
24.7043
27.2904
23.1008
22.0728
21.3584
23.2547
23.7271
23.8912
23.1901
23.4244
22.7189
22.9720
21.8889
22.4901
23.7781
22.7043
22.2920
24.5725
22.7895
23.8315
23.4856
22.3240
22.9165
24.3783
26.0405
24.4353
23.3654
24.1594
24.5595
24.9398
24.6364
22.7306
21.2440
22.7176
22.1096
21.9267
22.8671
22.1120
22.0936
22.9697
23.9190
23.7111
25.8033
23.2038
22.9898
22.7076
23.5586
23.2179
24.0044
21.5182
21.7335
21.5521
21.5058
19.9862
20.6540
22.6729
20.9710
22.3390
23.2661
22.5798
26.3252
23.9784
23.4732
24.9915
23.3020
23.8176
22.1979
22.3418
22.6222
22.2152
21.1510
22.7744
24.2467
22.1792
23.5204
23.0368
25.3607
23.5043
24.1780
25.6436
28.5168
27.3346
26.6406
29.5053
25.7859
24.7668
24.8917
24.5129
21.0248
23.0961
22.0877
20.8830
23.1595
23.8496
24.1660
23.9499
22.5639
23.3802
24.5724
23.3158
23.7306
24.0156
23.3370
23.9086
24.1126
24.6498
25.4630
27.2859
26.2878
24.7448
27.1516
24.1537
27.3686
25.5716
26.3147
26.7057
24.4233
24.7618
24.2776
25.1968
26.3751
24.0520
25.3234
26.0558
29.0171
27.0197
28.8988
27.0104
25.7301
25.2515
26.9694
27.7767
26.4727
26.3833
27.1930
27.0193
26.7448
28.6588
26.5656
25.0784
26.2428
24.6516
26.4627
25.0969
23.7690
26.2591
23.8476
25.2534
27.1356
26.8088
27.3934
28.1405
27.1608
26.9529
26.0240
27.9367
26.0149
26.1494
25.4846
24.1222
24.2190
25.9038
27.9559
26.7591
24.6911
25.0474
27.2319
23.0014
24.5727
22.2136
22.8884
23.1901
23.9914
24.5369
25.4196
25.3030
26.9755
27.1550
27.9265
27.4375
26.0026
26.3522
28.9118
26.5166
25.9257
27.7505
29.5270
30.5705
28.3361
26.0779
27.9883
28.1893
28.2794
28.6205
27.1432
25.9730
27.1352
27.2579
24.7765
24.6592
27.8404
28.4912
25.7312
25.5554
27.0432
27.4062
28.8083
26.5274
27.8235
25.8776
27.2825
24.6506
26.5052
26.1201
26.1255
28.7481
26.7417
27.8980
28.2107
26.8876
26.3347
27.4132
28.7508
28.3488
29.5753
28.1437
29.9122
27.2642
27.3462
28.1253
27.7486
26.6890
28.8604
28.9696
32.3492
29.1203
29.5246
30.5842
27.3600
31.4499
28.6367
27.9579
25.7720
27.5028
30.1611
30.7474
27.1690
31.2777
28.9242
29.4877
28.4703
28.8112
27.6824
29.3871
28.4673
29.5243
30.2428
28.4324
25.9498
28.7183
28.4751
30.5660
26.9112
25.1906
25.3985
26.5443
26.7866
24.7019
23.8519
24.9126
25.7936
23.4835
24.4106
23.0626
26.6935
26.6670
27.1570
25.7848
24.3058
26.6975
29.0571
28.7902
28.1877
28.4472
27.4683
27.4646
26.6124
26.5441
27.6972
29.2970
28.8843
27.5543
27.7056
27.1211
26.2177
27.0217
25.5032
27.3590
27.5530
26.6134
26.4152
27.5570
27.3640
27.6518
28.2938
28.2642
27.4797
25.1696
24.2679
25.7049
26.6984
27.4450
26.7415
28.7086
30.2267
28.2637
24.5826
25.0577
26.4081
26.2226
27.5879
27.5754
26.4517
27.7613
25.6636
27.2807
27.9333
24.2477
27.0718
28.0280
30.5644
28.3331
27.7154
28.6100
29.5341
28.2464
28.6353
27.2067
30.0269
27.3315
25.7415
27.3421
28.6217
31.8664
28.9016
29.8433
27.5765
26.7218
29.0516
29.4053
26.4577
26.4722
28.3856
27.3902
26.2588
27.6205
26.9244
28.9028
28.6078
26.0113
28.1954
26.2609
26.8520
27.8981
28.1365
28.6932
27.7829
27.2488
28.1022
29.4582
26.9996
27.5018
27.4593
27.3064
28.1367
27.4263
24.4398
23.8714
25.8197
24.1816
24.5260
23.7994
26.8484
25.4908
25.9093
25.7349
27.2797
24.8666
25.4778
28.3296
27.3224
26.6905
26.0167
28.8132
28.9044
27.2552
24.4836
25.4778
26.5467
27.9723
26.4796
28.8319
28.3987
30.1874
29.7032
29.8661
29.1269
27.9993
28.6672
27.3747
27.5163
27.0773
25.4686
27.1232
28.4980
26.2038
24.8796
24.9286
26.0332
26.7487
26.2911
26.6870
26.9077
26.8568
25.6061
26.1468
24.0828
24.9927
25.1309
27.3258
28.1151
28.0905
24.5153
29.6373
29.2554
28.0871
23.7427
24.7105
24.3695
26.8605
26.4670
26.3489
28.0580
27.5833
27.5789
27.2071
25.1739
25.9491
26.7389
28.8297
27.6180
29.3143
27.5115
27.2073
27.1082
27.3688
30.0228
28.0520
28.6463
25.7132
26.8005
27.4966
24.4660
25.5257
27.9423
26.5441
26.9476
26.9997
29.7105
28.8228
27.6049
25.1367
28.4095
25.5070
26.8186
28.6829
26.6120
25.3628
24.4653
27.7881
27.7164
26.7449
26.7305
28.0269
27.6117
26.9369
24.0827
26.4875
26.0672
26.2579
26.4106
26.0387
26.9046
25.8140
25.2618
26.1382
26.3447
25.2865
27.4644
27.6747
27.9080
28.9983
29.8906
28.9526
29.9302
28.9916
28.7666
30.3772
27.4394
27.3432
26.3248
24.3074
28.1546
26.4399
27.3650
26.3457
26.3042
28.4252
30.3313
29.1673
25.7767
26.2434
27.6566
28.0191
27.1094
26.8207
25.8673
26.3461
26.8036
26.8869
25.6952
30.4152
30.5310
29.5433
27.6248
27.7754
28.1257
27.6941
26.2328
26.8266
26.6485
27.8902
24.6385
26.3256
28.6597
27.9739
25.4873
26.3330
25.2249
27.1198
28.2150
25.8074
25.0109
24.8482
26.7563
29.9680
26.6619
24.7532
25.5955
27.8048
26.9132
27.2861
27.2343
26.3233
28.1903
28.1198
25.4323
28.9140
30.2711
27.5199
29.5441
27.0320
27.6118
28.5024
26.0518
26.5976
26.5705
28.0334
25.4228
27.9334
25.8601
27.6522
26.0974
27.4429
29.4807
28.4365
25.5885
27.4977
28.4812
30.0372
26.4632
29.4864
28.5700
29.9198
26.5731
27.7201
29.0738
30.1957
27.0186
26.6343
27.1578
29.0142
27.8714
26.6092
26.8533
29.2039
30.2294
30.5122
28.8563
28.0961
26.9440
28.3069
27.3321
27.8428
27.9465
30.7182
29.8993
29.1878
28.1120
29.1040
29.8400
29.0377
27.6663
29.9621
27.8584
28.2042
29.6526
27.0391
27.8764
27.5448
27.5313
27.1973
27.1959
27.8341
25.4942
25.3070
26.6793
26.0282
27.7193
27.0585
27.3838
28.3510
28.2896
28.0122
27.4518
27.7473
26.3909
27.9367
26.7057
28.0006
26.6118
24.7912
26.9707
25.8305
29.3703
26.7841
28.6801
30.1267
26.2113
27.8544
27.0625
25.7413
27.2061
25.7747
27.6573
26.2597
26.6391
26.0783
26.3146
27.8773
27.9688
26.1765
27.5012
27.6959
30.4908
26.4478
27.6684
26.3488
26.2064
25.6989
28.6997
28.4077
29.0753
27.3291
28.0594
28.2960
27.4659
28.4614
30.3132
28.2674
28.8966
25.4253
27.0643
26.2064
26.3752
28.6095
27.0056
29.7586
28.9020
29.6024
27.5765
27.2462
26.8440
29.0338
27.7134
27.5339
29.8317
27.6757
27.4108
28.1496
25.9908
28.8342
27.2307
28.4773
27.5498
29.1059
28.5155
29.0584
28.3558
29.5805
25.6962
27.1097
29.5264
27.2763
26.7518
27.7627
27.2565
26.0624
28.1081
29.7762
29.8972
29.4535
26.4214
28.2334
28.0970
26.4109
27.1493
26.6424
30.8097
28.1863
28.7349
28.2460
29.5904
29.2053
29.2891
26.3167
29.1675
30.6578
27.2455
31.0557
29.3582
27.2916
28.4981
28.5175
30.1229
29.7856
29.9783
31.7720
28.7132
30.6092
29.1592
28.3462
29.7845
27.9230
29.0297
28.8403
28.9739
29.8337
30.8926
27.6357
26.1053
27.4980
26.5710
28.5859
30.8712
30.8571
30.7225
29.1612
27.4857
29.0555
31.2801
29.8294
28.3134
29.2554
26.7390
26.9926
25.8737
26.8803
28.4944
26.9865
28.8886
26.8555
26.6206
28.6505
26.0727
25.5694
26.0144
25.9743
26.9851
25.4301
25.3989
25.9017
26.0927
28.7609
28.9069
28.4089
27.8647
27.8137
27.9473
27.6583
26.5755
29.1491
28.1125
27.5986
28.6484
29.3495
30.1969
27.5768
27.0486
24.2039
26.2137
27.1258
27.4886
26.3228
27.3774
29.3734
26.4246
26.5825
29.5816
28.4276
29.0310
25.7419
27.1280
29.4883
28.9979
26.9625
28.5080
27.0700
28.2471
29.7130
27.0359
27.3046
27.2326
26.8756
27.4805
27.5883
29.1148
29.9573
26.3669
27.9002
28.4396
27.3113
26.7741
29.0077
29.0876
24.4035
28.7816
27.4175
26.2181
25.9053
25.4405
25.0869
26.4674
29.1296
26.8440
28.0849
28.3256
25.1521
27.3258
25.8368
27.2951
29.2906
28.6025
29.6051
28.1111
30.5800
30.6741
30.7901
30.6655
30.6998
28.5151
25.9334
28.5863
31.3775
31.9009
28.0664
28.4075
29.9141
29.2696
29.0851
31.5142
26.5528
27.3791
27.5520
25.4277
26.9301
29.7253
29.6208
27.3309
27.7780
28.1682
28.9780
28.2615
28.0461
30.6593
29.3115
28.4171
30.3336
29.7783
29.4529
29.8178
28.3606
31.0505
30.7199
30.2509
29.0854
29.3604
29.7169
31.1959
28.8469
29.8613
29.9962
29.6771
29.9373
27.4268
29.3007
29.3781
31.3031
30.3330
29.6506
28.9004
30.2174
29.3353
27.4646
30.0734
30.0759
29.9928
28.3923
28.8985
26.4349
28.1768
27.7693
27.9849
26.8892
30.3770
28.1437
28.1088
30.7839
27.7943
26.9075
27.2033
28.5130
28.2842
28.7321
27.8584
29.1854
29.1764
28.7160
28.7217
28.4214
28.3143
30.5526
28.4326
29.9804
28.0823
31.9316
29.3267
31.5481
30.8310
31.0292
28.7910
30.2959
31.2743
28.8558
31.6830
32.1940
29.4889
29.3424
29.9351
27.4021
30.2968
30.6389
28.1144
29.4178
28.9981
29.3912
29.1711
30.1414
30.1345
31.6846
29.7695
28.8119
29.2826
30.9116
31.6121
29.1440
29.2940
30.4370
31.2433
29.8376
30.4485
30.8100
31.0117
27.6297
28.3280
30.1759
30.5194
26.8624
27.0981
27.1215
26.1015
26.5115
26.5014
28.0379
25.8410
26.6741
27.5282
28.5427
25.7423
27.9850
28.0495
27.5632
27.9967
28.5813
28.2818
28.1861
29.0455
27.6210
25.9010
28.8157
27.1583
29.6632
30.9699
29.3060
27.6312
28.9308
28.0761
28.4106
29.4012
30.0370
28.3420
27.2016
29.3759
27.2591
27.4265
27.8306
28.2213
26.9072
28.3803
28.1339
29.5232
28.4235
26.3455
28.3825
29.0063
28.6829
29.2740
27.7129
29.3023
29.7160
29.0426
28.8663
26.9606
28.0980
27.6574
28.9217
29.0555
28.4571
29.1007
27.9844
28.3860
28.2590
29.8900
28.4290
28.7120
30.2122
29.9669
28.8582
28.9498
27.1122
26.4071
27.9693
27.2893
27.2681
27.6969
26.7506
26.3484
25.3417
28.4752
28.9242
29.2416
28.9025
25.3834
26.1754
25.6897
26.8939
26.6685
27.1010
27.4227
28.6517
27.9309
30.6901
27.3032
25.9663
26.2415
28.7081
29.5149
29.8431
27.7629
26.8389
27.4778
27.2572
29.3641
28.0528
27.5318
28.6811
29.1103
27.3544
27.3141
27.4414
28.2989
27.3140
26.8490
26.3680
29.2208
27.3519
29.1253
27.7903
27.1244
28.7936
27.1452
26.9315
26.7283
28.6981
27.7862
28.2284
26.8848
27.2984
27.3429
28.3253
29.7769
29.4080
30.5576
28.7345
28.5205
27.9804
27.4116
25.0423
27.9644
28.3145
28.4519
27.6016
29.2411
30.9161
30.1014
27.4820
27.4335
27.8957
27.8796
27.8267
29.1106
28.4434
27.3176
28.8470
28.9148
29.0836
30.7699
29.4681
28.0873
26.0624
26.1161
24.3441
29.3302
26.4963
26.8405
26.1569
25.7069
26.1875
25.8722
27.4445
27.2311
24.2531
25.8775
28.2478
26.2096
26.5274
27.1030
27.5741
28.4715
27.3821
28.3683
29.5799
27.7223
29.0985
30.2788
29.3081
30.3536
29.3602
29.2543
28.4190
28.9275
29.8223
28.4030
28.1389
29.5622
27.5292
25.1164
27.5801
28.7311
27.6019
29.1826
28.3775
27.3195
26.8440
26.7845
25.7973
27.4258
26.5495
27.0307
26.3162
28.8304
26.9974
28.0488
28.5010
28.3106
28.6407
27.8104
25.8971
26.8894
30.1574
29.0044
30.1691
27.7693
28.6637
27.0858
27.6300
28.5746
28.2160
27.8161
27.9719
27.1821
28.4141
24.5765
26.5527
28.9578
27.3486
26.5049
26.5098
25.3697
27.3275
27.5840
27.2195
27.1941
27.5455
29.1668
27.1327
27.5950
27.5295
27.6508
27.3580
26.2256
25.7902
25.9360
27.9140
29.1509
29.5453
28.2515
28.1700
27.2429
27.3078
29.9223
28.9715
28.4536
27.8513
27.7380
30.6542
29.2046
31.4515
29.8141
30.3207
28.8031
30.1634
29.8440
29.1064
30.9241
30.9137
31.9501
31.8441
29.6355
31.3479
28.3635
28.2738
28.2458
27.4283
26.4830
27.1949
27.8623
27.9478
29.1398
28.6363
27.5948
26.8564
27.8021
28.2617
27.8945
28.6822
28.0233
30.0940
28.5256
28.5192
29.0188
31.3867
29.3278
31.0650
30.4429
30.0216
28.3764
28.3442
29.5412
30.5211
29.6443
30.8619
30.4846
30.1671
30.9991
28.2536
28.0259
28.9060
28.1698
27.5260
28.3224
29.1818
28.3438
28.0785
30.8048
29.9223
28.8732
28.7865
28.9035
29.5682
27.5473
30.0694
29.0440
29.3742
30.4261
28.5408
29.1980
28.5612
27.8447
25.6688
26.4505
26.5740
26.5935
27.4345
27.2764
26.5331
27.1912
26.6676
27.3401
30.0264
30.3047
28.7238
29.6510
28.5662
26.5965
27.5343
27.0652
27.4576
26.0765
25.9538
26.1358
27.6150
26.3487
28.6247
26.5751
29.5896
27.5989
28.4649
27.7107
28.2276
25.7610
26.2287
28.7719
28.9754
29.1915
27.3816
24.8503
26.1121
27.4028
28.3162
28.4748
26.3809
27.8992
27.0794
30.1335
29.1851
27.5089
28.3884
26.4817
29.9103
25.8939
27.0718
28.8640
28.7570
28.4274
28.6955
29.2343
29.9334
28.5386
27.1899
30.7725
28.6588
30.9197
27.0867
27.1484
29.0952
30.3721
29.1482
29.8313
29.5452
29.6621
27.6565
28.1142
29.1411
30.6822
29.5196
29.0424
29.1188
31.1747
31.7656
29.7583
31.5214
32.5582
32.0123
30.5131
29.1350
28.4345
27.4794
28.5878
29.5847
29.2395
28.5523
29.0143
25.7330
25.1858
26.4863
28.2445
28.5248
27.8433
29.1806
28.6404
29.3668
30.4685
29.5841
29.0214
26.5721
29.3001
27.9475
31.2097
28.7594
28.9689
28.4514
28.0995
28.5577
27.5564
30.3544
28.7815
29.9086
29.0174
30.7730
32.0034
28.8664
29.7149
29.6382
27.2040
27.0421
28.0505
27.8853
30.5919
27.1501
29.2071
32.1371
28.5178
27.9169
28.7727
30.3090
28.2724
29.2609
28.4998
29.3687
29.0713
29.3684
29.1869
29.6143
31.4977
29.8449
30.9564
31.0061
31.5734
30.2700
28.9548
29.2103
25.8583
26.5534
28.7568
26.4291
26.7096
27.5996
27.9880
27.6080
30.6107
28.5951
27.1886
28.9678
28.2824
27.3324
30.2985
27.1671
28.0787
27.6441
27.6701
27.8847
28.7126
26.7409
28.3961
27.4924
27.4525
28.8620
29.5071
29.1750
28.8759
29.2142
28.0305
27.6814
27.1790
26.2948
28.6621
28.3603
29.7488
29.8884
26.8595
28.3502
30.5900
28.9927
28.4190
29.1812
27.2122
28.3069
29.1116
29.0540
28.9598
28.8555
29.8414
30.6949
27.0637
30.6761
25.9636
28.8230
27.8321
28.3152
26.8038
28.9099
27.0019
28.4893
27.0438
27.8485
28.2160
30.4185
29.9639
26.7529
26.8986
28.4688
27.1549
27.9757
30.5677
28.1714
28.8059
27.9878
30.1107
29.7241
28.6973
30.3726
28.7899
25.8808
26.1577
26.6034
28.1367
27.3463
29.1155
33.1329
29.4359
28.6691
26.7449
27.8327
29.0294
29.7423
31.2177
28.8766
28.0948
27.6585
28.5014
29.6943
25.5935
28.0928
28.2954
27.5211
27.4747
27.6357
27.8530
27.1979
27.0789
27.7344
28.7380
29.5179
29.1807
27.5362
26.9147
28.0606
28.2789
27.5534
28.0365
28.9933
28.0688
30.8219
30.7539
30.1594
28.3315
28.3095
25.4933
27.8102
27.6601
28.5281
30.3357
28.4031
27.6788
27.9431
28.9138
26.6145
28.4587
28.3290
31.2499
30.6224
29.3287
26.5110
26.6951
30.6454
27.5169
25.9361
29.3469
27.7934
28.0701
29.3446
28.2567
28.0445
26.9836
28.2476
28.6099
28.2331
28.1310
27.5869
28.6566
25.8528
26.1262
26.8683
23.8997
26.7434
25.8108
28.3851
27.6192
25.8977
27.2123
28.4399
27.1688
26.1195
25.8581
27.7439
27.5496
28.6605
27.1722
27.6732
30.1237
29.1805
29.2931
28.5226
26.3448
26.7542
27.7815
26.3594
28.2332
29.1062
28.7217
28.2065
26.2693
28.2777
28.4847
28.0722
28.7676
26.8847
25.5378
25.2674
26.9335
26.8241
27.6309
27.1711
27.7388
29.5733
29.6438
27.1647
28.5166
28.0354
28.4183
28.7712
28.9529
27.3688
27.9374
27.8844
26.4163
27.9549
26.5591
29.6604
28.0545
29.0360
29.1357
28.2732
27.3881
27.3220
26.4514
26.9909
29.4515
27.9423
28.0645
28.7709
27.0680
29.6499
29.6391
29.5139
27.3304
26.9979
27.5858
28.0871
26.9873
27.6220
29.0137
25.7329
26.6415
28.5256
28.3150
29.2693
26.7051
27.5053
26.3185
27.8062
27.2794
26.4084
28.6068
28.0971
28.8945
28.5503
29.2839
27.4313
27.5371
25.9722
27.2262
28.5717
28.0027
27.5253
26.2684
27.2961
28.9394
26.3967
27.1976
25.7046
28.3851
27.0912
25.0143
26.9849
25.9181
26.4297
26.5945
26.4400
27.8621
27.1161
27.3585
28.5357
26.7468
24.5540
26.2886
27.7801
28.4478
30.3234
27.3655
26.5019
26.7866
27.3874
27.1164
29.1533
27.8095
26.7431
28.9610
28.3649
27.8936
28.7230
28.3394
25.9230
27.2643
29.3481
29.7258
28.3237
29.5379
30.4186
28.0169
26.8004
27.0153
26.4620
27.1851
27.0514
28.4207
26.4631
27.6257
26.2903
26.5899
27.1549
27.4431
28.1183
27.7149
26.0784
26.3357
27.0623
25.9553
28.1524
27.0855
25.5632
26.4570
27.0956
26.7023
25.8694
27.9593
28.7854
27.3040
29.4033
27.5662
27.4227
27.1769
28.5807
25.6517
26.0327
29.4621
27.3359
26.9948
26.8605
27.1735
28.9518
28.4089
28.6343
26.0705
26.7916
27.6131
30.3249
26.0177
27.0043
27.2819
27.4642
28.7096
26.0606
26.7123
28.7542
26.3082
25.7587
26.1345
26.4692
26.6403
27.2688
27.1711
25.6780
27.3142
24.8892
27.2375
29.4276
27.4513
28.1703
26.2655
24.3651
25.1715
26.5967
27.3810
26.6743
26.9239
28.5831
28.0415
25.4146
27.8144
26.9512
28.4224
28.8295
25.5962
27.5796
26.0702
25.6069
27.4880
27.0797
27.0003
28.9051
30.0855
28.1253
28.1301
29.1597
28.8837
28.5538
26.3721
26.0409
27.3691
25.3767
27.4982
27.6858
28.5624
27.9784
26.6915
28.3560
28.9224
29.5388
29.4075
29.0598
28.7997
28.4256
25.8997
27.1608
26.8535
26.3229
26.6368
27.8923
27.2124
27.7941
27.8413
28.9912
26.6512
28.6852
28.8990
29.8072
27.5283
28.3489
26.9976
27.2008
25.1380
26.2705
27.6599
25.4944
27.2040
24.0815
26.1881
26.7546
27.9032
27.6982
28.4781
29.5646
27.2805
23.1284
23.9994
24.7550
28.7795
27.2953
27.7923
28.6782
27.4519
28.5409
30.5623
27.6076
29.6907
29.8599
30.2001
29.1253
29.1474
29.9960
26.6322
29.8546
28.3984
29.2971
26.7315
22.6181
25.3735
25.1166
26.0454
24.8277
26.7256
27.0149
28.7045
28.1127
27.0102
30.5858
27.5914
27.9312
27.1908
27.7506
29.0195
27.6762
28.4916
29.9492
28.3885
28.5336
29.7544
27.1868
27.8054
27.6660
25.9221
26.2082
26.8969
27.5574
28.8310
28.8901
26.4358
29.4752
29.0440
30.1225
27.2410
27.3512
28.3226
28.8152
28.3206
27.7328
25.5994
27.7876
29.3100
28.7989
24.6083
29.2935
29.9174
28.2086
29.8250
29.1980
25.9705
29.7725
30.6970
28.9418
31.8561
29.5892
29.3743
26.2535
29.9854
29.6279
29.2141
31.0875
30.3090
30.0333
29.4507
27.9491
27.5624
28.1040
26.5560
31.9674
30.3384
29.0214
31.2819
29.4034
27.7115
27.6065
27.6506
29.9504
26.0650
28.1859
28.5540
25.4225
26.4858
30.5069
27.2826
28.1813
26.8077
30.5793
27.2364
30.3090
30.1969
28.6016
29.9036
27.7042
29.2322
28.0473
27.9379
28.8969
28.1738
31.2332
30.5607
28.7586
28.9616
30.5499
28.2199
31.6874
30.8662
30.8559
30.2789
27.2854
30.7409
29.5471
31.1485
30.8769
29.6311
29.0232
27.8960
29.9667
31.8226
29.2308
29.2285
30.1788
29.8071
30.5257
27.5772
28.4675
29.3908
28.5086
28.4161
29.3764
28.1679
27.7661
27.3835
29.5535
28.6088
28.4016
29.6956
27.7409
27.6719
28.6990
24.8563
24.7830
23.4630
25.5431
26.0857
29.1787
30.0722
25.5587
25.8934
26.0304
24.6593
25.9186
24.9262
25.6883
25.8098
25.7430
25.6874
26.2754
24.8501
30.0779
27.1351
27.6484
29.0659
26.8546
26.6942
27.2651
26.3346
26.3358
26.1463
25.7062
24.9891
28.3344
27.4616
26.6272
27.5728
27.5246
28.4118
26.0399
27.0620
25.9948
26.2592
26.9989
26.4962
28.0527
28.1532
29.3306
29.1470
26.4742
27.6265
29.6732
27.3669
26.2655
27.5020
25.6998
28.3567
30.1084
29.8349
28.9422
27.2112
26.1601
29.2650
29.6453
29.7137
29.4162
27.3165
30.6876
31.1509
32.9692
29.4157
27.8789
29.9156
29.4834
30.1372
30.0840
28.9812
29.5586
30.5214
27.9567
27.4794
28.4452
30.0336
27.1300
27.2748
28.5766
26.7749
28.0567
27.4663
28.6517
27.8154
32.6011
29.7817
29.4017
28.2528
29.0959
27.4075
28.5246
29.4275
28.7583
29.0660
30.4130
29.9072
27.1573
26.1967
30.8862
27.2850
28.7947
26.7838
27.2924
29.3124
28.7355
27.1237
27.2626
27.0024
27.2861
26.0913
25.3488
24.8821
26.5148
28.4352
25.7308
26.3160
27.2229
29.1953
29.3363
29.6015
30.7126
29.6606
30.0947
27.7357
30.1830
27.2682
29.6957
27.4964
30.4684
29.2951
25.7155
26.7104
26.2827
27.7206
29.0863
27.3471
31.3428
30.1575
29.3665
26.8505
26.6387
28.6728
26.2472
30.1731
28.8676
27.3591
26.1133
27.3044
28.7558
28.7992
28.3011
26.3908
27.4804
29.6536
28.5140
25.5191
27.0777
26.1121
26.6877
25.6860
26.9077
28.0893
29.0959
28.0939
28.5188
26.1895
27.3299
26.2594
27.1271
27.0199
28.8215
28.4653
30.8780
27.6564
26.1788
28.6198
25.0784
29.1992
28.4259
27.3325
24.4846
27.1768
26.0035
27.0535
28.0716
28.5767
27.6194
30.2518
26.6447
27.5773
26.1802
25.4532
25.9877
27.5692
28.2763
27.1058
26.0649
24.5307
26.0472
27.4328
28.6056
28.3400
28.8528
27.7787
29.9427
26.9696
28.8701
26.7692
29.8101
29.1485
27.8559
28.7629
29.5342
27.6888
28.6519
26.5737
28.2484
30.5579
28.3521
29.4124
27.2738
29.4943
29.2993
30.1765
29.8234
28.5443
27.6700
27.4148
28.6187
28.2697
27.8889
27.6615
28.0918
30.0988
28.5928
28.8064
27.8907
28.8703
28.4335
27.0946
30.5350
27.8703
27.2241
28.4058
29.3612
27.1491
28.0299
29.0659
29.4213
24.8716
25.1389
27.7409
27.8218
27.1136
28.4584
27.1427
28.1345
27.2828
27.1430
26.8934
26.1845
27.2905
25.6899
26.6787
29.0676
25.2819
26.5830
27.5463
27.8109
28.4828
28.0071
26.4181
27.9036
28.0408
26.8437
27.1510
26.8980
30.1963
28.1010
28.9836
29.3873
29.2271
30.5471
29.4707
30.1889
27.6889
28.5296
29.5741
30.7030
28.3842
25.7355
27.0957
30.1194
28.7017
29.1280
29.3899
26.6687
31.3587
26.4097
26.2087
27.6690
28.2822
27.3998
29.4700
27.5948
26.9020
26.8574
29.8789
29.8742
26.7833
28.7972
28.0422
27.7946
29.2039
29.0487
27.2237
30.3443
27.1350
26.9160
26.3782
24.3023
26.5636
26.7104
26.0399
26.6502
25.0687
25.5407
25.7323
27.0926
26.8428
28.8643
27.4666
27.1476
28.0599
27.5719
27.3374
28.4340
28.6016
28.8010
26.1668
27.9026
27.7255
26.7378
25.6247
26.4888
25.9102
26.9553
28.7084
28.2806
30.5725
28.7889
27.9728
28.0357
26.9382
28.9169
29.5938
26.9035
27.1578
30.2026
26.9965
25.9633
28.7405
24.8855
24.5982
25.8115
25.2075
26.2365
24.8660
26.2410
25.4037
27.3582
29.6734
29.1094
27.3625
26.8986
27.8188
26.9708
28.4000
25.6089
25.9021
27.4876
25.5787
26.4819
25.2146
28.0098
29.6412
29.1637
28.6859
26.9206
25.5563
26.4536
29.7084
30.3010
26.4907
28.9460
29.6460
28.3282
27.0148
26.0500
29.7699
25.4924
26.9006
27.3271
26.2641
26.3910
26.7117
27.5852
27.2011
29.9803
27.4941
28.3410
27.4045
28.1122
26.4015
29.2138
28.6630
27.1607
28.2239
29.7811
28.9153
29.5612
29.5339
30.4087
30.9133
30.0181
29.4506
30.8111
29.6388
28.0085
28.5920
29.6503
29.1683
29.6252
26.3324
30.0025
29.4916
29.4121
27.1134
29.6652
27.0022
29.2093
27.7942
25.5486
28.8423
30.3655
30.5676
27.5145
26.8140
29.1537
28.4877
29.0795
27.4804
29.2488
27.1452
29.1049
28.2493
27.3173
28.6106
28.0694
29.0933
29.2445
30.6090
31.1601
26.7656
30.4936
29.6410
30.3283
30.0513
26.6236
26.7255
24.9967
28.8017
27.9452
29.8133
29.0475
29.6989
27.7991
24.3092
27.9085
26.5780
27.8988
26.4354
28.0230
26.0195
26.8713
30.1699
26.2509
26.8737
26.6973
28.1437
26.5812
26.4492
27.3418
26.8135
25.2931
26.7243
27.6573
28.6302
27.9365
26.4204
25.7622
27.1343
28.2056
27.9970
26.8986
26.2692
28.4200
27.2698
27.6539
27.2971
29.9140
29.0651
27.7997
30.1067
28.3017
28.2883
28.3820
27.9270
28.1385
29.1973
29.2401
28.1460
28.3860
27.3660
27.3261
28.7530
28.4073
28.1013
29.1532
30.6110
29.3376
29.1158
27.8360
26.9424
27.5405
26.1360
28.0528
27.5685
27.7778
29.0987
32.8161
27.4623
30.3572
27.9633
28.1315
30.5300
29.7675
30.2916
30.7474
30.2534
28.5287
30.1631
30.6898
30.5552
27.8392
27.8789
27.1800
27.9296
26.2500
28.0822
27.2339
28.4217
27.4457
28.2455
27.1479
27.4758
27.9191
26.9230
28.5673
27.1338
28.2191
29.1216
29.5618
28.1218
29.5211
30.5971
27.8532
28.2204
27.8357
26.7674
28.6953
29.7250
30.2088
30.7055
28.1937
28.4168
27.1380
28.1136
26.8161
28.6007
27.2445
26.5432
27.1502
29.1395
29.7799
27.0883
28.6553
27.9087
28.0030
27.8921
28.7469
28.4884
27.3666
27.4377
28.6684
28.5697
26.9305
26.2475
27.1583
26.7924
25.8413
26.8300
27.5232
27.8157
27.5691
27.7990
24.9755
24.9279
26.1525
26.4528
23.7405
23.5584
23.1297
24.9324
24.7501
23.9948
25.3117
27.6965
25.7476
27.2541
27.6315
25.0265
26.3033
24.9751
23.9385
23.6728
23.1926
25.4372
26.6088
29.8645
29.8674
25.7575
25.9585
25.9354
25.6908
27.0012
27.1280
27.3658
27.1889
26.7342
27.1058
29.1666
26.9842
25.8442
22.8470
26.9953
27.1610
29.0260
30.6774
29.6888
27.5021
27.9740
28.1538
24.3584
27.6133
27.8658
29.8890
26.6149
30.0890
29.5451
29.2508
32.0953
29.9071
31.4220
28.9175
29.8919
26.9786
27.7146
26.1351
27.5768
26.1097
27.2645
26.8591
27.6856
27.8706
29.5934
26.6141
26.6707
27.1201
25.4126
27.5556
27.2889
29.8157
29.7441
27.9430
25.1645
25.5653
28.2833
26.6726
26.7326
28.2899
29.4127
29.4083
29.9181
30.6102
27.2982
28.5144
28.2720
27.7388
26.9348
27.1848
28.2185
27.9459
29.5639
28.8569
28.6062
33.3404
31.0374
31.4794
30.8611
31.3247
29.1202
29.7518
28.6882
30.6192
29.3441
28.5083
29.2114
30.3017
28.6991
27.6811
28.4189
28.5872
28.1219
29.5414
28.4129
26.5768
25.7272
27.5288
26.6590
26.7813
30.5828
27.5113
24.9007
26.0749
27.3837
27.0854
26.8015
28.3231
25.9536
27.3856
24.8225
25.6886
26.8292
28.7348
28.7102
26.6049
27.9234
25.9808
28.3377
26.3655
25.5828
25.2889
27.5828
27.2803
29.0685
25.3461
27.0639
26.8769
24.7510
26.1521
29.3128
27.3019
26.2223
26.8121
26.6052
26.8638
27.0924
26.4880
27.3260
24.5288
23.4502
25.2956
24.6255
26.5019
27.1509
26.5535
29.2065
27.8078
29.6922
27.1291
26.3154
28.4482
28.7931
29.6133
27.0569
29.8324
28.4030
28.3539
30.9629
30.3271
29.5092
31.4494
27.7959
29.7324
29.3697
28.6917
27.6177
28.6691
25.2679
27.0197
28.2021
26.7538
29.7442
29.0500
30.0547
28.5145
27.9690
26.7393
27.9386
28.3038
28.5743
29.7860
26.0368
28.3871
27.5297
26.3895
27.1375
28.1596
27.8969
29.5417
24.8705
26.7392
28.4339
27.6496
28.6454
29.3841
28.4056
28.7292
27.3873
29.5302
28.1409
30.5305
29.0408
28.2088
27.8608
27.1195
26.9421
25.6195
26.9245
28.3705
26.9592
29.5232
29.5194
29.1914
29.9871
26.1948
27.1151
29.2461
29.7962
27.3988
29.2968
27.5109
27.6313
28.1113
31.4970
30.6523
28.6585
29.3861
29.9527
30.6585
28.7078
25.9969
28.7700
29.1830
28.2639
28.9317
29.8725
27.5657
27.0279
27.9904
29.3577
29.0546
28.3317
25.8992
26.3172
27.5063
26.2894
25.8354
27.1816
28.3328
27.2835
24.9258
28.2743
29.9078
28.8189
28.8664
28.0230
29.2118
29.2641
27.7817
27.3446
27.8141
28.6766
27.5556
29.1261
27.0891
29.5800
28.6926
30.1535
31.0560
29.8629
29.0777
27.2865
27.5639
27.5111
28.8289
27.9244
29.7213
29.1952
29.1983
27.5601
28.5277
27.5049
26.2608
27.6891
27.9864
26.0615
28.3488
26.1999
28.8889
27.7303
28.3238
29.5699
27.3631
28.0224
28.6124
27.9387
27.8186
28.8194
27.3246
26.7709
26.4015
28.5429
28.4338
27.2120
29.3049
27.7134
27.6491
27.2762
27.2944
27.7878
26.5866
26.9488
27.4479
28.8022
28.1911
26.9417
26.1584
28.7061
27.8876
28.7705
26.5442
24.8505
27.2779
26.2290
26.8329
26.0897
26.4258
25.4957
26.3930
23.8932
27.0725
26.1314
26.2732
26.3392
27.2385
25.1780
25.1966
26.6546
26.2188
26.7026
27.8040
27.3498
28.4302
27.0720
27.5474
28.8342
29.4606
28.8645
29.7623
29.6471
28.0170
27.9605
28.7197
28.5548
26.9469
28.4516
28.2407
28.5121
29.2628
27.9695
29.5363
26.5548
25.6638
26.2683
26.4551
26.2424
24.0131
28.5989
27.7850
28.4418
26.2450
28.4871
27.2606
25.3177
26.1230
24.6917
24.8597
26.2634
26.3912
28.5703
26.4443
26.6018
24.1522
25.9328
25.8998
26.0103
26.2198
26.9576
26.2284
28.1949
26.6166
26.1905
29.0209
25.8084
27.3619
26.6283
25.6448
27.0984
29.4961
28.0955
26.1154
27.3632
28.3268
27.3570
27.2237
25.3909
27.3154
27.0002
27.1035
26.1859
25.4876
26.9681
26.7418
27.1502
27.9667
26.6085
28.1557
28.2796
26.8640
28.1838
26.9584
27.1436
29.9967
28.2868
27.3857
26.3316
28.9597
28.6199
26.9896
27.5090
28.7451
28.2127
27.5356
27.2940
26.9521
28.0046
29.6095
26.0740
26.0087
27.8929
27.7667
27.9403
27.4068
28.8552
29.7764
28.8854
28.5715
28.6629
28.4423
26.0940
26.7927
28.3895
27.1452
27.0548
27.5447
27.5367
24.4244
24.3386
26.5480
23.4688
25.9743
27.7362
27.0504
27.2029
27.6159
29.4179
26.8414
28.2223
27.7322
26.8361
25.4734
26.7553
25.1802
26.8676
28.9531
27.7662
27.6256
26.4816
25.4878
27.6321
26.6199
25.6841
26.1316
25.6761
25.9700
24.4257
25.4519
25.5394
25.7348
26.0679
27.2939
29.6448
27.6466
28.0286
28.2109
29.2473
29.1709
27.6883
29.4589
28.1558
28.4376
25.9660
27.6063
27.4330
27.2708
28.0937
27.7817
27.6812
26.2117
27.4084
27.2208
26.2752
27.8740
26.5535
25.9164
25.8487
26.2066
28.0352
27.3872
26.4175
25.5791
28.3977
31.1331
27.0117
26.3065
27.1224
27.3505
27.6758
28.8956
29.5026
27.8567
27.0257
28.5036
28.0123
30.6244
29.7049
30.2063
32.3307
28.4507
26.5839
26.8815
29.4876
29.3177
28.8356
28.5692
28.7704
25.2501
28.6972
30.9582
27.1192
26.6209
27.2605
28.3185
27.5617
25.8895
25.6953
27.3945
26.4105
25.8512
26.0273
26.1861
24.7488
26.1642
24.6801
28.7509
26.9091
26.8814
26.3764
28.5068
29.7071
25.7015
28.6796
26.3334
27.5086
26.5065
27.3357
26.6472
27.4282
26.5471
27.3530
26.9019
27.8518
28.4066
26.6897
28.1885
28.0090
26.1222
28.2729
28.7725
28.4660
27.1212
27.0895
26.9461
26.6839
27.0942
27.1387
29.3644
29.3561
28.7214
27.6718
29.8991
26.6801
28.4791
28.9279
29.6118
28.8472
27.9951
27.3955
26.8115
28.2716
27.5220
25.6780
25.3950
29.4064
29.0728
29.1345
26.3833
26.0740
26.4747
28.1791
26.6620
28.0456
28.3929
26.4170
28.8627
29.3150
29.8845
29.9600
28.7248
27.1473
27.3845
28.1689
26.0515
26.6752
29.7388
29.5748
28.8025
27.5662
28.5380
26.8975
27.9965
28.3166
26.4618
27.5650
27.1768
29.4504
26.2801
25.5813
26.5645
27.8634
27.9616
28.1728
28.6437
28.0737
28.3026
28.5602
27.0579
28.0981
26.6771
27.8858
26.8914
25.4531
27.8993
25.5388
25.8350
27.8571
27.0586
28.3384
27.8664
27.9723
26.4729
27.4736
28.5844
27.6754
23.3792
24.6264
24.8974
25.6996
25.1561
26.7393
26.0671
26.4984
27.6752
26.6482
23.5614
26.2888
27.0552
26.0247
25.3154
28.6210
26.5307
29.7672
27.6965
28.3928
27.8027
28.4292
28.0868
26.8346
27.3411
27.9091
27.2975
28.1584
26.9865
27.5812
26.3898
28.6095
27.6638
26.0503
30.1608
25.2708
28.2948
27.6102
26.5127
28.4896
25.6391
27.8019
29.2055
28.7650
27.4412
29.5598
27.6746
30.1898
27.7064
29.8275
28.8136
26.4872
26.5599
25.5525
27.4119
28.6742
28.4974
27.0370
28.3470
28.4750
26.3653
26.0047
27.0188
28.0742
28.6660
28.0490
24.2947
26.6381
27.1644
27.4327
26.3530
26.5273
25.6220
25.8212
24.8533
25.8611
24.1479
26.1754
27.4509
28.0335
28.5806
26.5240
28.6539
28.1202
28.2823
27.5528
26.8126
26.1710
26.6274
25.6370
27.8346
24.9597
26.3371
27.7657
26.8743
26.1189
27.7099
27.7388
25.5390
27.3599
26.0411
29.0162
29.0632
29.5753
27.0299
27.0496
27.1097
27.8751
26.9504
26.0276
27.0085
25.3442
25.1733
25.1927
25.0609
26.2547
26.9794
26.9333
27.1595
26.7380
27.9852
26.6982
27.5915
26.9733
26.7926
27.0819
26.5997
25.8749
28.6801
26.3924
26.2815
27.6724
27.2439
25.4949
26.2540
25.4007
25.5406
27.1396
28.4018
29.5681
27.6678
28.7573
28.0577
24.9535
27.4316
29.6546
29.1644
27.3081
28.3398
27.1190
30.0237
29.1896
28.6733
26.8797
25.3464
26.9478
25.4397
28.2485
25.5136
25.8521
25.0858
30.0175
26.7681
29.5943
26.8306
28.3521
27.8025
28.4826
29.9812
28.7905
26.2763
27.4650
27.3204
26.0996
26.1424
27.9233
29.1303
31.0067
28.3169
29.6805
28.5350
28.7314
28.6921
28.7140
29.3625
29.0871
30.9179
28.0420
28.2630
28.7730
28.5115
28.3688
27.0087
27.7725
27.8121
26.0823
28.5553
28.5883
27.4983
27.9841
28.1471
28.1653
29.4160
27.1464
27.1772
25.6718
27.4598
27.3279
25.5872
27.3203
27.7143
26.2894
26.0429
27.0384
25.9805
28.6421
28.4533
26.6977
26.0385
27.7616
26.6231
28.5226
28.3691
28.9069
27.9377
27.3143
25.6609
26.9401
29.2002
25.7604
28.9675
27.4948
26.2011
27.3700
27.4767
27.4341
25.8363
27.2159
28.5819
27.9360
28.0728
29.8245
27.2108
28.1244
28.9267
27.0629
26.4588
28.5897
30.1373
27.8105
27.8093
25.8496
25.4156
26.7593
27.3307
26.1219
26.3478
27.6764
26.7109
26.6878
29.0301
30.0055
29.5991
27.7279
28.8639
26.4292
28.3526
28.1397
31.3119
30.5989
29.8388
26.4877
27.8463
28.2387
26.5431
27.0885
29.7557
26.2301
27.1662
28.3616
24.4171
27.6099
26.6477
27.2135
28.2041
27.8685
27.6108
27.2383
28.2129
25.7341
26.6928
26.9035
27.8897
28.1835
27.5287
27.6311
26.5030
26.3358
27.6003
27.0213
26.9715
29.4611
28.7134
27.4066
25.7278
27.5201
28.3124
26.7668
27.2564
28.0171
28.7030
28.5576
27.5257
28.3286
27.5226
30.3664
29.1055
28.4787
26.2607
25.2039
30.5912
28.9095
28.0215
28.0547
28.1660
27.6171
29.7271
26.4232
28.6463
30.6556
28.4839
29.3558
29.1097
27.2675
26.2086
27.5770
26.7664
28.0469
27.4142
29.2965
29.6053
28.5473
26.8274
27.8798
28.8098
28.7095
29.8350
29.7299
29.1460
29.6505
29.3226
30.4219
29.5293
30.0817
29.8269
29.1808
28.7322
29.5138
29.8147
32.1341
31.2698
28.7040
28.4210
27.5007
25.9168
26.9832
23.9606
26.2138
25.3032
25.7057
25.5866
26.5688
28.2914
29.8012
29.9840
30.3794
30.7779
29.4483
32.4154
30.6398
29.7675
29.8298
28.8893
27.4917
29.2844
26.9453
27.9457
32.0403
30.7101
28.9802
28.6885
28.8304
28.4795
26.8052
26.2762
30.0753
28.4355
29.4695
28.3936
30.8259
29.0090
30.2921
29.3457
31.5985
28.2918
27.8553
27.6022
30.0784
28.5171
29.7031
29.3399
27.9846
30.5303
29.5531
29.9843
30.3092
29.2322
29.1679
25.9799
30.2899
30.1336
28.7132
29.9723
29.2663
30.1260
27.5033
27.2112
29.3917
28.7096
27.8866
28.6213
25.0022
26.3587
27.3807
28.0477
27.4648
26.1413
27.3445
27.3373
29.6497
27.9543
28.1062
26.2948
27.2915
28.5444
27.2412
27.5985
25.7361
26.1009
28.7856
26.3417
25.8486
27.4086
28.7396
28.3510
29.3783
27.6687
28.7443
27.3321
27.8988
27.1035
26.7674
28.5545
24.2005
25.4721
25.7377
25.2249
26.0829
27.6775
27.6875
27.0115
27.0801
28.9889
29.9198
26.3684
27.4593
28.6790
27.8394
27.9150
27.2503
28.0304
28.1550
25.2671
25.2803
27.0851
27.8541
28.1329
27.0543
28.4892
25.3569
28.0947
25.5887
25.5192
26.9385
27.7337
28.6220
27.4711
27.8207
29.2705
26.9898
25.6197
25.9729
26.9039
26.0533
27.8061
29.0700
28.7395
28.0458
24.7308
24.1891
25.0968
24.0473
27.8254
29.8011
26.9692
28.6178
28.6720
28.4571
29.0274
28.1526
26.9352
29.0111
30.1254
29.7293
29.6522
31.2384
28.8199
31.1337
29.1101
28.4952
30.8290
31.4731
28.4955
30.5369
29.8765
30.5107
29.6140
29.2796
29.7437
30.2193
29.4411
30.9010
30.9458
31.3777
30.2691
27.0336
32.3222
30.1620
27.6100
27.4278
31.2522
29.7628
29.2184
29.5172
29.5565
28.6915
28.8782
27.6260
28.1930
28.5991
25.8046
28.3651
28.7141
28.8732
29.5696
27.4552
28.0114
28.5471
27.8167
28.1761
26.9015
28.0806
29.0425
26.9175
25.9693
28.1109
28.3627
28.1928
28.3456
26.6305
27.3586
27.4781
27.5810
27.6086
26.2956
29.3054
28.0737
28.8322
28.2845
28.5207
27.7343
27.5100
27.0975
27.9736
30.6495
28.2803
26.3905
29.1878
28.4723
27.5277
30.6591
28.8567
29.2533
29.2675
28.8694
30.0562
30.5544
29.3551
29.5570
29.0406
29.3577
28.1586
29.2515
30.6187
30.7285
29.7068
27.9270
30.0066
27.5207
27.1601
28.7221
30.3871
28.9785
28.8370
29.3636
27.3314
28.2573
26.6857
27.1362
27.2716
26.8634
25.3317
26.4477
29.5010
27.2776
26.5463
27.3312
28.6410
29.5394
27.7148
27.9158
27.1750
27.4595
27.2817
28.1023
27.4440
26.8621
28.8835
29.1739
27.6082
26.8673
28.3234
28.6600
28.9853
28.1627
28.8587
28.1764
28.6759
28.4449
29.3297
30.1267
26.8760
26.3225
26.1828
27.2826
27.7647
25.7106
26.3238
26.5618
24.0618
25.7779
27.3788
26.5381
25.9690
26.2652
28.5795
27.0533
29.8704
26.5284
27.3986
25.8745
24.9692
26.5944
25.9756
27.0420
27.0443
27.5205
25.2349
27.6598
26.9192
27.0263
28.0020
30.1108
29.6559
27.9519
27.8719
28.5283
28.6939
29.8801
30.2268
29.9846
29.9181
27.5689
28.1669
29.1217
31.1801
28.6533
27.1179
29.8355
30.3029
29.0017
24.2718
24.5919
27.0177
27.5908
28.6230
27.6166
30.4763
30.3152
28.3363
29.0987
28.0501
29.5465
28.4186
25.2908
25.7184
26.9547
27.5804
26.8618
27.7851
29.3618
27.7185
28.6922
28.9512
28.7164
25.5950
27.4715
25.3538
26.0203
25.6677
28.5228
28.7183
27.3760
26.8897
26.5274
25.7776
25.0326
26.7614
28.5270
28.5249
27.5312
24.8917
23.6953
23.8530
23.4348
23.0092
22.7098
25.2668
24.5842
26.3222
28.7542
26.7167
28.1872
30.0259
26.2649
26.1316
26.1851
27.1676
27.8815
29.2574
25.4302
27.1335
28.0176
27.4069
28.9793
27.1510
29.4233
28.0884
27.2536
29.8461
26.8908
27.4721
27.4661
27.0975
28.0762
26.1153
26.6564
28.4652
27.5316
27.3507
26.9356
24.3861
27.8581
28.8337
26.4987
29.0274
28.4049
26.3031
26.1546
27.0770
30.0071
29.0243
27.6423
29.7020
29.6953
26.5120
26.4374
25.4012
28.5161
27.2444
25.6254
26.8556
28.7734
28.0454
28.0502
27.2856
27.1140
31.6815
28.4554
28.9520
30.0932
26.3404
27.1293
27.5013
27.6618
26.9755
27.6143
26.4687
30.0978
31.8162
29.3218
31.7349
30.6003
28.7103
30.5759
30.5773
29.0360
29.2614
28.8458
29.0001
31.3103
28.9239
29.8667
28.4210
29.9485
27.2932
29.7601
29.6696
28.6314
28.2089
28.8032
29.0874
29.4762
30.4686
32.4963
30.5791
28.9728
30.6589
31.9966
28.5719
30.4002
31.6062
29.5814
29.7570
28.5521
28.1673
29.5582
27.4196
28.6950
28.3465
27.8369
29.9647
27.9990
26.6238
27.9011
29.0579
30.1147
30.2612
29.2229
28.2200
26.7859
27.4782
27.8543
28.1863
27.8456
27.9380
28.0272
27.5849
27.5596
28.9825
29.8689
28.1146
29.9462
29.9378
29.5853
27.8424
29.4362
28.1831
28.0694
28.7678
32.0078
29.6825
29.9047
31.7337
30.9565
30.2674
29.8895
27.5962
28.5949
29.3500
29.9098
29.8529
32.3001
29.4915
28.6280
29.3867
30.9781
30.6751
29.9256
29.3767
32.7338
29.4425
31.4257
29.7782
30.1554
29.7458
27.9907
29.7711
28.9461
28.8657
29.3658
27.0622
30.0665
30.5201
31.6669
25.2895
28.2493
27.5421
27.8794
27.8689
29.6314
29.1195
28.4537
26.2814
27.1235
25.8500
25.3805
26.7699
24.8673
25.7262
26.8196
25.7485
27.3442
27.1971
29.1012
25.9037
27.1960
27.2815
29.4295
28.6834
31.0757
28.1421
27.4100
29.3024
30.3298
28.4887
28.9639
29.2811
28.8640
26.5435
26.7197
25.9469
26.9294
28.7670
27.2027
26.5750
29.5230
28.1275
30.9840
30.2112
29.2731
28.4246
29.6710
28.2225
28.0184
29.6239
29.8145
28.1331
29.5376
27.0344
27.2205
27.3228
27.7181
27.6267
27.2635
27.4971
30.2296
28.8657
29.2553
26.9777
28.0318
27.5612
27.3972
27.1326
28.1435
27.1848
28.9030
27.3365
28.5994
29.6238
28.1979
29.3616
28.0204
27.7973
28.7942
26.1925
28.5160
29.8653
30.2829
28.9025
27.4637
26.7884
29.3748
27.7075
27.9671
28.3194
28.4140
26.5210
28.9709
26.9170
26.1789
26.1403
29.0139
26.4716
29.1336
29.6445
29.1906
28.3396
27.7155
28.1876
28.5621
28.2646
28.9801
28.0332
28.1203
28.5429
30.2676
31.4616
30.4326
32.4663
31.2779
30.7693
31.6000
30.1441
30.8613
30.1389
28.2863
29.8133
28.3369
29.4978
29.4233
27.9470
29.6688
28.0545
28.4842
30.9693
31.0700
30.9491
28.4681
27.0446
28.9018
28.9423
30.2170
27.6853
26.9726
26.9412
27.4359
28.2126
27.7661
28.6387
28.1505
29.0245
30.1887
28.7498
29.3288
29.6180
29.0170
30.1362
25.3742
25.8228
27.5631
29.7551
28.4882
27.6727
29.9346
27.5022
29.7621
30.1436
28.5482
25.6165
27.5621
26.7574
28.5732
27.0252
25.5555
26.0540
27.9807
27.0361
28.2198
28.1269
27.4225
27.9579
25.9643
27.8536
27.0793
27.2870
27.3139
29.4043
31.3320
28.5812
27.0727
26.3263
28.1224
28.4515
28.6114
29.7473
27.6828
27.3914
26.4201
29.4262
27.6645
28.0129
30.6736
29.0076
29.1313
28.8499
29.9887
30.0478
28.9391
30.2566
25.6434
26.9680
27.3354
28.2804
25.7628
26.4332
27.7976
26.7335
29.2436
28.2936
26.1416
26.7820
30.6353
28.9456
26.0390
26.5847
26.1364
25.2903
26.1352
27.8803
28.6535
30.0254
28.9005
27.1686
27.2377
28.5133
28.2189
28.0027
27.0337
26.7259
26.8761
29.0956
28.5684
29.1616
28.1582
27.3631
28.9940
29.5862
29.8111
29.1304
26.9780
24.8920
27.5466
27.4153
27.2041
25.6273
26.4062
27.7270
27.8781
29.3654
29.6741
31.6000
27.4645
27.7391
29.6717
28.7046
27.1976
26.8022
27.2409
26.9831
25.9844
26.1949
24.4789
26.2110
26.9738
26.8755
26.2991
26.9833
28.6790
26.9119
27.8570
26.3664
28.0323
28.7351
29.2332
27.4897
28.4514
26.8570
27.8084
26.0087
26.7672
27.5726
27.6219
27.2444
28.1512
29.7353
29.5524
28.5968
28.4702
27.8712
29.8751
27.6069
26.8053
29.4888
28.6360
29.8781
30.1231
31.3347
28.8135
28.2436
28.7212
28.0849
29.8418
27.3715
29.1667
27.7091
29.4205
29.4371
29.4532
29.6891
30.1448
27.7978
28.1122
28.6770
30.2649
29.2599
29.6158
30.2175
30.1895
30.0313
30.8833
31.3609
31.1156
30.8781
30.4883
30.1128
31.4540
29.2690
30.4696
29.9674
29.6205
28.2441
28.2916
28.2144
28.3280
29.6379
27.8499
28.7456
28.7587
26.6697
30.4295
29.3987
30.7286
30.2830
27.6756
31.1714
30.0691
29.0370
28.0608
29.5832
29.5850
29.0466
29.3215
30.3850
30.1722
28.5954
29.6970
27.9844
27.6771
28.9927
30.2116
29.1050
31.0200
29.7088
32.7361
30.3288
28.8977
27.9898
28.6203
29.4241
27.2081
28.8090
27.7720
29.2751
29.4548
26.1836
28.0267
30.8789
28.4699
27.0246
25.7173
31.7591
28.0823
28.5519
30.9208
28.9426
28.7746
29.0318
27.9198
27.5644
28.4552
29.1218
28.1691
30.0711
30.6848
29.8799
28.6778
28.3113
29.6422
27.8736
27.4345
29.1071
28.7018
29.0500
28.0667
29.1302
28.6687
28.1327
28.5435
25.6806
29.5289
29.9152
28.9365
30.1630
29.9586
30.0130
29.9931
32.0968
29.3951
31.2171
31.2124
29.3154
30.5714
28.6752
29.7180
28.5595
28.2858
28.8918
29.7945
26.6697
28.0028
27.2277
28.7853
28.2760
25.7073
26.4394
27.6798
28.4251
24.8132
24.7394
28.2253
26.8039
29.5351
30.3227
27.8626
28.7510
30.4734
30.3466
31.5517
31.0075
30.0211
32.1455
28.3849
30.6375
32.7242
32.1155
29.2933
27.4023
28.3937
29.7304
30.3537
29.0768
30.3291
31.5070
30.3331
28.2105
26.7980
27.4653
28.7137
29.1834
28.2829
29.7199
28.1663
28.1188
27.8371
27.0500
27.1369
25.1679
26.2940
28.4720
28.4848
28.1320
28.9229
27.5161
29.0250
28.1719
29.1272
30.6424
31.3796
30.8305
31.1387
29.2273
30.6108
28.7243
30.5492
27.7037
25.8816
26.5000
26.8157
28.3220
27.8491
28.1217
25.2963
25.3949
26.7035
28.0298
25.8231
28.8765
27.5505
26.5802
27.3142
27.4322
26.0062
26.3275
28.7262
26.1090
27.5433
26.0079
26.3816
26.3755
27.7098
26.7125
28.0115
30.6608
27.2560
27.1239
28.2583
25.3678
25.5660
29.4963
27.7703
28.1860
26.9388
25.3063
26.3601
26.1030
28.4656
27.7421
24.7131
27.3672
28.0945
27.3302
26.8680
26.8030
27.0664
27.8132
27.7274
27.9772
28.4377
27.8604
27.6745
26.5601
27.9301
28.4780
26.1732
27.9610
28.0372
27.1771
27.5811
26.9732
28.6285
28.4545
29.3077
29.6429
30.6695
31.5024
30.4223
30.3427
31.3166
29.2430
29.1247
28.4448
29.5191
27.6695
27.6772
27.9335
27.0975
29.3127
28.3083
26.3219
26.4430
28.0444
28.3963
29.1103
27.7800
28.2465
28.3666
27.7489
26.0501
29.0359
25.6537
28.3877
26.4511
27.5408
26.0941
24.6472
27.5985
27.1768
26.6467
26.7012
26.3536
27.3716
28.5188
28.3098
27.7460
25.0200
28.2862
30.3080
29.6436
28.8207
26.5019
27.7644
29.8413
27.8477
28.7510
28.9551
27.0409
28.1070
31.4146
29.3581
30.0150
28.7214
28.9783
29.8773
26.9063
25.0243
26.7053
27.6701
28.9267
30.6510
26.8253
26.6246
26.6264
30.5148
28.8987
26.9212
28.1142
28.2227
30.4822
28.1308
28.2282
27.6723
26.8704
26.0333
26.0858
24.1428
28.4825
25.0178
24.2107
26.0150
27.4332
25.5697
27.3100
25.9491
27.0669
26.4473
30.2599
26.6006
27.3765
27.8384
28.0142
26.5941
28.1656
24.6487
29.7619
27.4579
29.9262
28.6321
27.7822
28.6742
28.4134
27.7628
27.8547
28.4151
28.9765
31.3706
29.9944
29.2769
29.7607
28.0250
25.6145
25.5266
27.2869
27.8095
26.5924
26.6360
25.2338
26.8397
27.5204
27.5739
27.4176
27.7081
28.4744
27.6373
28.6582
26.7210
27.4034
26.8685
29.4174
27.4586
25.4010
28.3383
28.6031
30.1882
27.6304
27.9707
26.4350
27.9073
27.0977
28.5378
26.5801
25.8290
28.3730
28.3953
28.6858
26.6678
26.8311
28.9197
29.2497
29.4118
27.9273
26.9332
23.5521
24.1198
24.7415
24.8673
25.8555
25.7892
26.8405
27.3409
27.4693
25.5451
25.6862
28.2084
27.0311
27.8418
26.8801
27.0535
28.9351
27.2269
25.2303
26.6037
27.0517
27.5302
26.6669
26.8514
26.3393
29.5689
28.8325
27.9431
27.0154
27.1999
26.1932
25.2921
27.1412
27.0789
26.2768
26.1203
26.1586
27.9667
30.1609
28.6167
26.7019
32.0734
29.8192
27.3635
28.1284
30.0408
27.0148
27.0534
28.5407
27.6825
28.2315
29.1102
28.2346
29.8491
28.0340
29.6830
31.0305
26.7835
27.7133
31.1281
29.9771
29.2422
29.1215
28.6369
28.6090
30.0595
27.9575
27.8297
25.8762
28.0710
27.7076
27.1157
29.9943
30.2619
30.5381
28.2526
27.5714
26.3836
28.1492
27.6825
28.5927
26.3065
26.3584
28.3802
28.7912
26.6449
27.2315
28.6522
25.1690
27.2651
27.9873
28.7476
29.6583
27.4146
28.9272
27.3171
26.3888
27.4311
27.1010
26.8269
27.0093
26.8287
26.6410
26.2836
25.1670
26.8931
25.2135
24.6616
26.3835
29.3351
26.7770
29.7941
26.5049
26.9553
27.5408
26.7559
25.2433
24.2330
24.9215
28.3019
26.2444
29.1794
26.6848
25.9525
29.4381
28.7421
29.5930
28.9651
30.7824
29.1479
26.3689
27.6725
26.3661
26.0645
25.2366
28.5051
28.1666
29.6233
28.9854
27.9077
28.2423
28.5925
30.1160
28.3961
29.2239
30.0585
31.2869
30.4130
28.3214
27.7010
28.7380
26.3823
27.2620
28.9955
27.7072
27.0356
28.7083
25.9451
27.3213
26.0699
27.0277
26.5397
28.2785
26.0510
28.9734
26.7648
28.5370
28.3518
31.1134
28.7750
29.8086
26.6480
27.2911
29.9124
27.4307
27.3390
27.5014
29.2968
29.2458
29.3906
27.5263
30.0634
27.4561
26.7452
26.8263
29.2617
28.8114
29.5383
28.2910
27.7371
27.3510
28.0918
27.9197
27.5037
26.5475
24.7697
27.0036
28.0572
26.9223
26.6575
29.6477
31.8944
29.9217
28.1890
28.9520
29.6366
29.9931
28.0945
28.9190
29.2683
28.8886
27.8925
28.9645
31.0834
29.8244
29.3450
29.7904
29.1174
28.6150
27.4769
29.0402
27.4725
26.6386
29.5142
27.9413
28.8102
29.0430
28.1875
26.3506
28.6329
27.6503
28.5372
28.6427
27.2178
26.0789
27.4557
26.7601
29.5759
26.3910
27.6893
26.5690
25.2870
27.2469
27.6318
27.6604
28.6769
29.8953
29.5075
25.6946
27.9785
27.3762
29.6945
27.1987
28.5684
28.9383
25.3221
28.8245
27.9545
28.6989
29.1653
28.9513
29.9004
29.3293
25.9853
26.0681
27.8346
30.1028
29.6521
28.2262
26.6073
28.0340
27.0538
28.0601
28.9376
28.3577
29.5562
26.7041
25.4402
26.1036
28.1797
29.1861
28.1824
27.9189
27.8465
28.1947
28.4697
27.8390
28.9267
28.1053
28.2333
29.6412
28.8669
28.7245
28.3934
27.7809
28.0131
27.8896
27.3549
27.8736
28.4427
28.7418
28.6524
31.0580
29.9969
27.6326
26.2983
27.1275
27.9277
26.2817
28.0811
26.9129
27.0792
26.9349
27.9777
27.7966
27.7988
27.8181
24.0906
25.6166
27.3313
29.7134
30.6068
28.7048
28.7764
26.5163
27.5937
29.0180
26.5011
27.7795
26.4358
27.4915
29.7189
27.4046
28.0120
28.1206
30.7142
28.3478
29.2919
28.3399
27.8442
28.5869
30.8485
28.6997
28.1720
28.0835
26.3282
26.1698
28.9252
27.4092
27.0059
27.9502
27.5818
26.0993
28.9601
29.9601
29.5202
29.5052
28.7781
28.3054
28.7832
30.6541
28.9439
28.2444
32.7118
28.3164
29.7589
27.9964
28.5386
30.0769
28.3759
27.4927
27.9016
30.2818
28.3779
28.9190
28.5783
28.5323
26.1004
30.1333
28.4487
29.8047
27.2124
27.6985
28.9550
28.9402
27.3567
26.7639
26.2949
26.0311
27.5860
28.9077
27.1085
30.6232
30.1912
29.3131
29.3306
27.0113
26.5752
25.5928
28.3030
29.6916
29.9224
28.3116
26.6940
29.2307
29.9771
28.0220
27.5356
27.8791
28.2833
29.3489
28.1703
27.2325
27.8773
25.8196
26.8114
26.6836
26.8458
25.9678
24.7983
24.2553
26.9864
24.7897
25.7740
27.9182
27.5247
28.1091
27.9214
26.1860
24.1249
28.3370
29.4990
27.4548
26.8040
25.2802
29.7845
29.1653
26.7266
28.7472
28.1337
27.1311
29.1857
27.1747
27.7266
28.4740
27.3750
29.0520
26.5637
26.8945
28.0081
29.3070
26.7540
26.6995
26.7619
28.9583
29.4879
31.2888
30.2141
31.2400
30.5014
28.1651
27.7673
29.9834
31.4440
29.0254
26.6027
29.4519
27.0774
27.6518
27.9283
29.5463
28.3435
28.0977
27.4274
27.2108
28.8282
28.9531
29.1181
29.6378
28.5991
27.4261
29.0460
28.0051
28.7067
30.0120
29.2308
29.8041
30.6065
30.9367
29.7476
29.8325
29.4014
27.1598
30.5305
29.0277
31.2433
30.4431
28.5933
29.3966
30.6348
30.3605
29.5228
29.6394
30.3315
27.9954
29.0574
28.5515
28.3890
30.6527
31.2412
28.7181
26.8164
29.3177
28.5927
28.0832
28.0585
29.1306
28.9276
27.2359
28.5377
27.3140
29.4604
29.0943
28.1777
28.1657
30.2699
28.0748
29.7870
30.4561
29.8802
30.1264
29.1282
27.2358
29.0874
29.1670
28.6020
28.4649
28.8076
28.2742
30.1852
31.7176
30.5235
30.6253
28.7584
29.2577
30.5532
27.9766
27.3203
29.9258
30.8129
29.5786
28.6952
29.0151
29.4794
30.4553
30.5441
30.2897
29.5498
28.9537
30.0805
30.3851
27.1564
29.8362
27.1724
30.8993
29.6755
30.3490
30.6738
28.5704
29.3888
30.7412
28.3702
30.3905
29.8753
30.3306
30.3221
31.2498
31.1020
29.1018
28.5718
28.0921
28.5610
28.7188
29.7643
29.5310
28.2832
31.5718
28.0176
29.9744
29.5407
28.1841
28.6193
26.6085
29.6488
28.0518
26.3835
28.3988
26.6374
26.2878
27.6726
27.2760
28.7340
29.3649
28.4115
28.9721
28.1670
30.4413
31.4366
27.8691
27.6902
28.2720
28.5376
27.8381
27.1681
27.1655
27.6357
29.2461
29.9458
29.7548
30.3665
28.9369
30.1057
28.3362
31.0980
30.4311
30.5664
29.1726
28.3136
26.8283
27.4909
29.4369
28.9105
28.7006
28.0146
25.5977
25.7632
28.7006
30.9191
30.8986
30.0055
28.7505
29.7581
31.0749
29.3243
27.5054
30.4550
30.4773
26.8268
29.6294
29.9011
26.3800
26.5649
28.5107
29.7204
30.1384
30.4969
29.3385
28.9254
31.0908
28.5156
30.3568
30.8231
30.4267
30.7445
31.5175
28.0193
26.6023
27.0728
28.1580
25.6924
25.7776
26.8026
28.6306
29.7818
28.1013
27.8745
29.0623
29.2023
28.8991
30.7270
30.0493
28.7595
27.6196
27.0921
25.9944
26.0994
26.9003
26.8088
27.1829
27.5886
27.8736
28.7712
28.2461
29.1647
30.6764
29.3690
27.4946
28.5245
28.4867
27.3082
29.6894
28.3713
29.9401
29.7527
30.4990
29.7912
29.3881
28.7285
30.2342
27.5324
27.5570
28.3884
26.2888
25.2987
28.0808
30.4477
32.2716
28.3396
30.8855
28.5185
29.0351
26.3137
28.1573
28.0322
29.0374
29.5468
29.2795
30.4459
30.9469
30.4002
31.0788
31.3850
30.2222
30.9744
29.0378
30.3281
28.5671
27.7014
29.4703
29.0356
29.3257
29.2248
29.0014
28.1347
27.3566
26.5972
28.0853
27.8470
27.9028
28.9257
27.4126
27.2720
25.4315
28.2549
29.7527
29.1519
27.9613
27.1361
28.3458
28.8824
30.0034
28.5241
27.1379
29.7991
28.4114
29.4658
28.9548
29.9356
30.9048
30.1008
32.1139
27.9936
29.5857
28.5586
25.5058
28.3717
30.9058
31.9830
29.9353
29.8251
28.9503
28.2723
27.0670
27.8529
29.0246
27.3155
28.1012
28.5579
28.8530
26.5276
27.4408
27.7900
27.1939
23.3750
27.8094
27.5080
26.5926
26.5043
26.9292
26.9013
27.4832
28.1581
26.9369
26.9673
27.1034
26.2296
28.4354
28.1762
27.4116
26.7172
27.3651
26.1544
25.4775
28.4449
27.7582
28.1361
28.6523
29.2960
28.4704
27.8079
26.3088
31.5097
28.3476
28.2554
25.7457
27.6399
30.6014
32.8216
26.7231
29.3571
31.9253
27.8934
30.2376
29.4272
26.9864
27.8642
28.8228
31.0010
30.1492
30.6213
29.9844
27.5967
24.4262
27.6889
30.6456
30.4326
27.5925
27.3798
29.6436
27.7599
26.5415
29.4980
28.2288
29.4631
28.4986
30.8916
30.5779
27.5724
26.8084
28.6367
28.3100
29.1722
28.8426
29.8231
29.7576
28.0332
30.5876
30.7090
32.7038
30.8587
29.2991
30.8016
32.4138
29.4522
31.2589
28.9019
30.8776
33.4145
28.5558
30.5998
28.9346
29.5329
30.1332
29.7333
27.3221
30.6174
29.7080
30.6088
28.9901
29.7663
27.7592
30.0938
30.0537
29.8974
29.4348
29.0985
29.5799
28.7956
27.3195
28.9651
28.3949
28.6111
30.3478
30.2032
29.5507
30.6642
31.8614
32.3944
30.6514
28.1712
28.0579
29.0840
30.1406
29.9082
27.6150
30.2351
30.7547
30.6490
30.8006
29.8728
28.2597
28.3006
27.5475
27.1281
28.7201
30.4765
28.1617
30.4203
31.1380
29.2286
29.9559
29.4867
30.4538
28.5765
27.3990
27.9253
27.3458
27.8650
28.0365
30.6628
28.4274
29.8517
28.1152
27.4474
26.0602
26.8966
26.9090
27.0150
26.2486
29.8155
29.6981
29.9990
29.7582
30.8806
29.9986
29.9528
30.4091
30.1389
33.9125
30.2983
29.5993
29.7430
27.9186
27.8602
27.9374
30.4837
28.1443
29.8836
30.4636
28.2485
29.6544
28.8032
27.4444
28.2818
27.4286
29.7781
28.9693
27.9488
26.9981
26.8586
24.7437
25.7367
26.4217
29.2327
30.7342
28.1561
29.9141
30.4624
28.2798
28.2991
28.5861
31.0213
29.8943
28.9219
32.2668
30.9081
32.1938
30.0600
30.8028
29.6268
28.3775
29.3061
27.5870
28.9238
29.2991
28.2322
29.8661
29.3033
28.7382
27.4075
25.1488
26.4144
27.3522
29.4543
29.9394
28.6075
29.3622
25.9478
30.5480
28.8589
30.5874
27.6650
28.8070
28.7440
31.9281
27.8074
26.0197
26.9183
27.9566
28.1041
28.3462
26.7959
27.7333
25.9723
27.7501
27.6235
26.3410
26.6745
27.4804
27.6798
29.4835
26.8015
24.9765
27.8777
31.2461
30.5304
30.4804
28.2869
28.6177
31.3038
29.8010
29.1756
27.9878
27.8200
28.3099
30.0927
30.6835
28.9213
30.1882
29.9276
29.4586
30.6353
28.7143
30.4690
28.0202
30.1652
28.2797
26.6496
25.6634
27.6465
27.9418
26.8012
28.0847
27.6477
27.3177
27.7464
27.9123
27.6822
31.4232
29.8034
26.7582
27.3533
27.8923
29.0109
30.3325
29.0521
26.4865
27.7335
28.7408
27.6310
26.9826
27.5858
27.1667
28.3754
27.3003
27.2807
26.7291
28.3970
26.1899
27.4962
26.8666
27.1392
27.2374
28.0002
25.3424
27.1815
27.9709
29.2441
28.4820
29.0832
29.0076
28.6281
27.4971
29.0182
28.4128
29.3878
28.9339
28.3940
27.3969
28.6077
28.9282
28.6149
29.0392
27.5106
27.4573
29.9018
30.2746
28.9731
28.6378
27.2082
27.3153
28.4178
29.8539
30.9104
29.2889
27.4001
28.1549
28.6487
27.9901
27.5488
26.5134
30.3436
25.6564
27.7260
27.9541
28.7671
28.6425
28.4923
29.2946
28.9830
29.1048
27.9486
26.9795
26.6714
26.2649
29.0642
26.0528
24.2709
26.6932
27.0582
26.7984
24.9519
26.5351
27.7247
27.5023
27.1206
29.3266
28.3157
27.7052
28.1597
28.8072
28.2448
27.0871
28.7922
28.5176
30.7010
29.3322
26.4835
27.2126
27.0186
27.1841
27.4224
29.1418
29.0822
28.0980
28.2259
26.8240
30.3107
29.5217
25.1870
26.7811
27.2078
28.3679
25.7887
26.8092
27.4439
27.4557
27.1398
28.1359
28.6953
28.4999
26.9162
29.2945
28.7277
27.6721
31.6258
28.1629
27.5683
28.9177
26.7976
26.7837
30.1688
27.6151
28.7553
29.0394
26.8294
29.3221
30.2489
29.1919
27.8968
27.5166
30.7245
28.7364
29.0261
28.5487
27.0382
28.9758
28.1585
28.7815
29.3006
29.2503
28.9461
28.7313
27.6790
30.2203
28.4214
30.1855
28.4684
29.4234
28.7249
30.8148
33.9733
28.8619
29.2682
30.3205
30.8820
27.7433
30.2656
29.0729
29.5810
29.7202
29.7551
27.5595
28.7529
29.0786
30.4317
29.6985
28.7415
29.3369
28.2077
29.8481
33.3838
28.4885
29.8539
28.8819
26.7893
29.9736
28.2478
28.3083
28.0807
28.9596
29.3739
27.7360
29.5934
28.1738
26.8919
25.9403
26.1845
27.7196
28.1314
29.7289
27.8994
28.2712
27.6808
27.0586
29.9270
30.0325
27.9983
28.4433
28.8615
28.9138
31.5047
28.8838
29.1656
27.9994
30.4899
29.7902
31.2126
27.9063
29.6913
27.5833
29.5305
29.9443
30.4734
29.8244
28.5404
30.1265
30.7525
30.0025
29.0773
28.8576
29.7075
30.3410
27.4200
28.9237
29.8370
26.7581
27.5542
28.6696
30.3117
28.7639
29.9182
31.4742
29.3346
30.6143
29.5811
33.1899
30.8830
31.2628
31.4072
29.8156
30.4633
31.3519
29.5879
29.2845
29.5053
31.7532
28.3658
28.8202
27.5579
26.8874
28.0686
28.6916
30.0931
28.2690
30.6131
30.4390
31.2218
29.7643
30.0693
29.4001
27.4721
28.8123
29.5599
29.0001
27.9226
30.2585
31.0556
29.9912
28.5836
28.2594
26.8009
26.3514
28.2251
29.1919
27.0269
27.2258
30.0284
30.6118
28.0547
31.3985
30.2179
29.5755
32.0310
30.1872
30.8559
28.7389
28.3510
27.0042
28.1871
29.8562
29.5468
27.1030
29.6793
30.3014
28.3771
27.5470
29.2266
29.0072
27.8343
27.9314
26.2557
28.1296
28.3062
29.1928
29.1013
30.5074
30.9450
29.3308
29.4208
30.6218
28.7325
30.0755
29.4631
28.2866
27.1951
28.8465
27.5900
27.6012
27.8182
25.5747
27.4056
24.5713
28.6691
28.6298
27.2328
27.0515
26.2666
26.6087
27.2875
27.5310
25.2837
25.2345
25.7722
26.1392
27.7145
28.2121
28.5239
25.3093
26.6266
27.1536
27.6704
30.1907
27.4756
28.0821
28.4184
26.7720
27.1936
26.4911
27.2272
27.4083
26.0184
27.4973
24.6879
26.1842
25.6284
28.0002
28.7312
28.0464
26.7124
27.2840
25.8142
28.1011
27.5928
28.4646
27.4320
25.6377
24.9624
25.9361
26.8551
26.9901
28.8528
27.7618
27.1668
25.6546
26.2706
27.5376
27.6193
24.7435
24.8412
26.6306
26.3859
26.2925
26.9808
28.3069
29.9230
27.0786
26.7205
27.6355
27.2644
