22.4189
22.4451
21.4818
21.9796
21.8528
19.9270
21.8122
22.0516
21.7983
20.7775
21.6724
22.6354
22.3739
23.7062
21.8062
22.7940
22.7050
23.6451
21.9908
22.2839
22.9426
22.1333
22.3216
23.4083
24.2582
24.4468
24.0305
24.4569
22.7993
22.2502
22.5012
24.1347
24.1131
22.7511
23.0680
22.3012
23.2117
23.6354
23.8192
24.6929
23.2898
22.0799
22.1721
21.6934
23.4311
23.0580
23.1695
22.2810
21.1484
21.7097
21.0365
21.6269
22.8906
22.6515
23.7208
22.7682
22.4769
21.4605
21.6990
22.2657
21.4397
20.9836
23.0287
23.5055
23.1888
22.5054
23.0214
22.4512
21.8115
22.0877
22.6351
22.1372
23.6955
23.3322
22.7813
23.1429
23.4131
22.2801
22.4695
23.6045
22.6879
24.0133
24.4188
24.4007
23.1818
23.9164
23.8215
22.5525
23.5822
22.5238
23.8731
23.6393
22.4879
23.4775
23.9052
23.3379
22.6425
23.1594
23.7194
22.2347
23.5359
22.9128
21.8627
21.9739
21.4880
21.4560
20.7428
23.1197
22.7041
21.3387
21.6160
21.2971
23.2613
22.2161
21.3880
23.5187
22.0702
21.7421
21.4249
22.2751
21.5700
20.6492
24.0089
22.5630
22.3126
25.3478
23.5101
22.8654
25.3836
22.5163
22.7163
23.0275
21.9881
22.6460
23.5870
23.1216
23.6924
22.2267
22.2815
23.5123
23.0696
22.0122
22.9640
21.5081
23.5715
23.3976
22.8676
23.3973
23.0012
22.6110
22.4915
23.4770
23.5749
21.2029
22.2499
22.9506
22.1022
24.0739
23.2037
21.3197
22.3658
23.2188
22.9450
23.3135
24.2720
23.3989
23.8367
23.7673
23.3949
23.1173
22.9922
23.8822
23.3067
24.0173
22.9455
22.9907
22.5434
23.1348
23.1800
22.8098
23.8085
23.0408
23.0323
22.5397
22.3173
23.3507
22.9864
23.2493
23.0728
24.0072
23.1349
23.8405
23.4028
24.8532
24.5732
24.3006
21.8687
25.4305
24.3695
25.1765
23.0535
23.2783
23.0861
23.4330
22.9565
22.8429
23.2055
23.5517
22.6288
22.5676
24.0351
23.5870
22.2893
24.0110
23.5198
24.0524
23.1859
23.5758
23.7029
24.3058
23.9143
23.8929
24.1616
23.8263
23.5169
23.9735
24.5022
24.5387
24.0332
24.7731
25.1590
26.0815
27.3326
24.6900
24.3633
23.8104
24.0213
23.8163
23.5797
25.1287
22.8230
22.8437
23.3762
23.7590
24.6226
23.5304
21.9912
22.8917
21.0454
22.8478
22.6659
22.7384
21.2591
21.5254
21.4811
21.4222
22.7307
23.1065
24.1335
22.9222
22.4275
22.4548
22.5189
24.1597
22.9703
23.4626
22.8951
24.3195
23.8182
23.5794
24.2951
24.3564
24.3519
25.6633
24.3377
23.4039
24.1265
23.2217
23.8687
24.6320
23.3112
22.5477
22.6159
23.8555
23.1876
22.3605
22.6731
25.5309
25.7503
24.9451
26.1961
26.0367
24.1607
22.8903
24.9857
24.5858
24.9973
24.7340
23.5121
23.5054
24.0431
24.5577
22.7638
24.6476
24.5802
25.2148
26.4921
26.0157
24.6414
23.2206
23.1876
23.2253
24.5451
24.9445
23.6160
23.7625
23.7484
23.7297
23.2562
23.6968
22.2570
22.9466
22.1641
25.2756
23.3861
22.9824
23.6622
22.9514
21.4455
23.4717
23.3296
23.1610
22.3046
22.1436
23.6885
22.6997
23.0165
23.2434
25.2156
24.0603
24.7600
24.6465
25.6995
22.8990
23.4270
22.5368
21.7868
21.9026
22.5522
22.6189
23.1573
23.3356
22.1804
21.7140
21.7281
21.0030
21.1657
20.6572
21.0932
23.1941
23.4356
23.1179
22.6332
23.0003
21.8685
23.0101
22.4596
24.0014
21.9054
23.3445
24.2207
22.3337
22.1632
22.4829
22.8655
22.2507
23.0404
23.1574
22.3707
22.2511
23.9313
22.6061
22.6639
23.3383
21.7793
22.2428
23.1086
22.5015
23.0405
21.7752
22.5857
24.1620
22.5806
23.8999
24.1846
22.1608
21.8193
22.1328
22.8047
21.2893
21.0710
22.0959
23.5568
22.6585
21.3104
21.4593
22.4598
22.6208
22.2656
23.0089
21.6076
22.3627
23.5993
23.5994
24.1885
23.3000
22.8389
23.2198
24.4530
23.3891
24.4650
22.8850
23.4063
24.1345
24.1763
24.1230
23.6081
23.8079
23.6391
22.7733
25.6470
25.3826
23.4988
23.9058
22.7511
22.6184
23.2558
23.9358
22.1015
24.1807
26.1553
23.7381
23.2760
22.5583
22.6520
22.4551
20.6388
20.2529
20.5612
20.3482
21.0184
21.5727
22.0241
21.9297
21.2481
22.4102
22.2977
23.2923
22.7848
22.2786
22.3689
22.3513
22.6919
23.2313
22.0973
22.7063
22.4740
21.3248
23.7530
23.1911
22.0116
23.3919
22.6569
22.7373
22.0798
22.5367
22.8383
22.7587
21.7805
22.1168
22.0754
21.4134
22.4172
22.6427
21.3903
24.0033
23.0779
22.1229
22.2896
22.0004
22.5769
21.7136
22.9251
23.4174
22.6308
23.5042
22.7692
23.6350
21.9077
22.2123
21.0623
22.3488
22.3648
21.9823
20.9320
21.8759
22.9746
22.7473
23.5585
23.7765
22.8265
23.0496
23.4441
22.4793
23.1280
23.4530
22.2267
23.2000
22.6889
21.6873
21.6993
22.6202
22.6721
23.2912
23.2692
23.4734
23.1367
22.3396
22.1233
23.7114
23.5825
23.1923
22.4121
21.8915
23.1823
22.8244
22.0914
22.4870
22.9446
22.9568
22.6438
22.2955
22.2867
22.2853
22.3544
22.0763
21.1761
22.1455
22.2351
22.6472
21.1950
21.5941
22.1111
22.5767
22.9287
23.8494
22.2720
23.7322
22.5141
23.5230
23.0641
22.6117
22.6256
23.9650
21.8488
24.0160
23.5716
22.6266
23.0798
23.2648
23.8670
23.7591
22.8711
20.6120
21.6913
21.5104
21.5335
22.6478
21.9433
21.3154
22.3887
22.0977
22.9188
23.5627
22.1594
21.4674
22.1383
22.4462
23.2009
22.7487
20.7938
23.3081
22.4929
22.2467
21.8331
22.4151
21.7137
23.0418
21.6099
22.0260
22.1944
21.4487
21.8412
22.6334
22.3177
22.1655
23.0442
22.3588
23.3363
22.3279
22.9727
22.0083
22.3513
22.2205
22.9419
22.5009
22.1902
22.1493
20.8503
21.5691
21.5956
23.6213
23.3292
22.6324
22.8349
22.0902
24.2275
22.2761
22.8089
23.0618
25.9780
23.7516
23.4381
22.3714
23.7858
22.2910
22.5313
22.8825
24.6819
23.3117
22.4509
22.1951
24.0220
22.9879
23.3623
22.7328
22.6901
22.4803
22.9507
23.8065
24.0826
23.2064
23.6892
23.2547
23.0175
22.4954
22.1409
22.8119
23.6682
23.9032
24.5093
22.6747
23.1147
22.1120
22.4676
22.8151
22.7104
22.5881
22.5406
21.5822
22.4662
22.1097
23.4085
22.1092
23.0082
22.8132
24.4541
22.2110
23.4090
22.6883
24.0881
22.2498
21.8518
22.2158
23.0231
22.9699
23.4070
23.5251
23.6855
24.1174
23.4964
23.2678
23.8978
23.1176
22.6037
22.8359
22.5765
23.1083
23.1730
23.1144
22.4292
22.1443
24.2475
22.3271
24.2685
22.8346
26.0865
25.2403
26.0374
23.7495
23.1723
24.0702
23.9408
24.5196
24.2902
24.9335
24.3005
25.6436
24.8521
24.0440
24.6522
23.4714
23.8167
23.7612
23.9958
24.5832
24.4825
24.1101
24.5430
23.7718
24.2128
26.0986
25.1797
24.2347
25.2119
24.4016
23.8631
23.8052
24.4418
25.4571
27.5375
24.9660
24.1769
24.8749
24.3942
25.7179
25.3207
26.1008
26.0057
24.5928
26.1494
25.5116
25.0809
26.1601
24.9578
26.2980
25.8067
25.7228
24.3520
24.9338
25.5124
24.7062
25.8736
24.9690
24.9326
24.8360
25.8311
25.1158
24.8857
25.8639
23.9703
23.7882
24.1121
24.2138
24.2717
23.2107
24.8919
23.5746
23.6676
23.9134
23.5970
22.6198
23.3818
24.4728
24.2722
24.9873
23.6329
23.5418
24.1630
24.6819
24.8705
24.2268
25.0373
23.7051
24.7202
24.1326
22.9222
25.0279
23.8093
24.1261
25.0276
24.5516
24.8238
24.0954
23.5837
23.8180
23.4806
23.6689
24.5481
24.8769
25.5612
23.5279
23.7008
23.3686
23.9158
23.7143
23.2581
23.1162
24.5292
24.5740
23.9392
23.9660
22.3042
24.8406
24.4007
22.9605
24.4224
24.0475
22.7870
23.5406
23.4241
24.3567
23.2634
24.0405
25.0528
24.9715
23.3143
24.3222
22.4479
23.5802
24.1004
24.1434
23.3729
23.5480
24.3674
22.8612
23.3004
23.3114
24.1320
23.0149
24.2080
23.6426
23.8724
23.6820
23.8798
24.7793
24.8804
24.2452
24.8813
23.0470
24.2075
24.1709
23.3132
23.1835
23.3609
23.3942
24.2884
23.3140
24.7947
23.7108
23.7610
24.3932
23.4462
24.8087
23.7638
23.3425
22.8316
23.5932
23.7206
23.6538
23.2998
24.3025
24.9130
26.0292
25.3762
23.7794
23.9766
24.0061
24.8006
24.7999
23.8495
25.2004
24.7021
24.2965
24.7094
24.9825
25.2092
24.0812
24.4515
25.7879
25.4030
23.7766
25.3165
25.0092
25.6598
25.1988
24.8359
24.4705
25.5644
25.1054
25.8280
23.8840
22.9818
23.4713
23.7749
23.7768
23.2966
24.1764
23.7779
26.4834
25.1594
24.4154
24.8195
23.0491
23.2564
23.4438
25.9980
23.7122
23.4267
25.3568
24.3685
24.7263
24.9120
24.4578
24.2825
23.7599
23.7617
23.6908
23.5069
24.9419
24.5506
23.5619
23.9478
23.0463
25.2860
24.8932
23.9799
24.3036
24.0418
23.8315
24.4010
24.8726
25.2032
25.5016
23.5085
24.4306
25.4437
25.3489
24.5691
23.2027
24.2354
23.1429
24.9960
25.3384
25.8529
25.1479
26.1616
24.5349
24.1386
23.5279
24.0837
24.1627
24.7619
23.3712
24.4571
22.7620
23.6349
24.1311
23.9234
23.9518
22.8606
24.4974
24.4839
25.1144
23.7250
24.6503
23.7341
24.5709
24.8962
26.7555
24.1586
24.3565
24.2851
24.2072
24.2509
23.9723
24.2402
23.8545
24.7590
24.9306
23.8363
23.3984
23.3995
22.0300
24.7055
22.9342
24.3842
24.5134
23.8498
23.2574
24.0745
23.7379
24.5548
23.2253
22.7021
23.1218
23.1391
21.7447
23.7606
23.9545
24.5109
22.6897
22.5317
23.6252
22.9808
23.7885
22.4103
24.1127
22.2343
22.7481
23.1394
23.1765
22.6486
22.4960
22.3211
24.0321
24.0246
24.3741
24.0892
22.1730
21.9095
22.8680
23.8441
23.7367
23.2604
23.2706
24.4655
24.6738
25.1933
24.3412
24.1375
23.7820
25.4052
24.0216
24.4117
25.8272
24.1932
23.3341
24.7801
23.8479
24.5066
25.7663
23.7484
23.4246
24.3298
24.4012
23.8532
24.0089
23.6012
24.4637
23.5353
24.4017
24.4620
25.0984
26.4457
25.6351
25.4153
24.6738
24.7733
25.1573
25.6402
24.1595
24.7943
25.2781
26.0219
25.0574
23.5895
25.3639
24.0308
24.1689
25.7524
23.9093
24.2720
23.9537
24.8043
23.9372
24.6276
25.4941
23.8979
23.6933
24.8691
24.0391
25.4157
24.7650
25.5791
25.8265
24.4384
23.6824
23.6265
23.6606
24.5585
24.0671
23.4274
23.7339
24.9518
23.9136
23.7224
24.6701
23.3590
23.4488
23.5353
23.1394
22.5071
21.7153
22.6969
23.2855
23.3159
22.9034
23.1401
22.5355
22.6089
23.0238
21.7333
22.8273
23.5459
23.5903
24.0589
23.7448
22.3219
24.8820
23.8165
23.9682
24.6635
23.5354
23.1163
25.1296
23.5260
25.8166
24.0704
25.3906
25.1521
25.4636
25.1793
25.9307
25.9922
26.0505
24.2310
25.1462
24.7017
25.1982
26.0354
24.6922
25.1287
24.5816
25.1460
25.3130
25.0279
24.4541
24.3842
23.5271
24.5068
23.8449
25.1072
24.4520
24.1237
24.2067
24.0029
24.4960
22.4406
23.7355
23.1953
23.2433
23.3133
23.6870
25.3995
28.0634
23.8863
25.0564
24.8978
24.3115
25.2508
26.1032
25.9785
22.8187
24.3900
24.9641
25.2968
24.3659
26.1170
24.0021
24.9793
23.9446
25.2095
25.4330
24.4713
25.8434
27.4906
25.8537
24.7140
26.2557
25.0405
26.0296
24.7891
23.7517
24.4299
23.6039
26.0534
24.7363
24.6127
24.4081
24.5203
24.9099
21.9098
24.6374
22.2896
22.1326
22.1866
21.5367
21.7990
23.4710
22.5621
23.4704
22.7357
22.9582
22.3717
23.1428
22.8324
22.7050
21.8108
21.2675
21.8780
22.9259
22.9856
22.1046
23.6959
23.2907
23.3024
23.4919
23.8460
24.1366
22.7120
24.5460
22.4017
23.6434
22.4025
22.2853
22.2788
23.0167
23.9725
23.1450
22.0278
21.8433
22.0736
22.7464
22.9256
23.1206
22.7923
23.6818
22.1697
23.6995
23.0023
23.1375
22.9863
23.3999
22.2825
23.8873
24.2897
23.6407
23.6792
23.1218
22.6229
23.4655
22.6347
21.7588
21.8044
23.2483
23.0193
22.1974
22.5529
24.0044
22.3971
22.5705
23.0847
22.1817
22.9502
22.7440
23.7115
23.2481
22.5034
22.3174
23.1429
22.0760
22.5515
23.3932
21.4725
21.5782
22.6348
22.1238
24.2078
22.2068
22.3508
22.0533
22.3484
22.4122
22.4576
22.9302
21.7651
23.0794
23.3351
22.3728
23.6585
21.5110
22.5307
23.3239
22.5073
23.5754
22.1084
21.6801
21.7387
22.1364
21.3284
21.8982
20.3644
22.8130
23.1043
23.0981
22.1543
22.1433
21.6517
21.3148
23.8655
23.1579
22.6620
22.8792
22.5684
22.6582
22.5025
23.6245
22.8556
21.9790
23.0427
22.6914
23.5519
22.5975
24.4645
23.5225
22.5766
22.6393
22.3944
22.0670
23.0360
21.5685
25.1235
22.0142
22.8087
22.8852
22.1161
22.9442
22.5096
22.5322
23.4617
23.3947
22.6720
24.0039
23.5656
23.3583
23.7048
23.7105
23.9125
22.8700
22.5837
21.9727
22.8054
22.7173
22.3525
22.0570
22.4692
22.7129
22.8644
21.5935
22.4382
22.4129
21.8972
22.5181
23.4136
22.2148
22.3104
22.1520
23.3746
21.6323
22.5922
23.2398
24.1251
23.9232
22.8816
21.7696
21.4278
20.4740
20.8901
21.2764
21.4949
22.6989
21.2651
22.1342
22.6560
21.2190
20.9974
21.5046
22.1945
21.5925
22.0587
23.3665
22.9603
23.3694
21.4268
21.3843
22.0179
22.5394
22.0369
23.0268
22.2639
22.0243
22.1429
22.6837
22.7866
22.1414
22.7605
22.4255
21.9590
21.8690
24.6687
23.5152
23.3327
22.9177
23.9159
23.8007
23.9409
23.9512
23.3165
22.6272
24.4081
23.7916
24.0500
23.6590
22.5094
22.7657
23.9053
23.9940
22.5693
22.3616
22.5897
25.0715
23.8909
21.9924
22.7143
22.9866
23.4799
22.5359
22.6082
24.3799
22.8538
21.6741
21.2175
23.4472
23.6719
23.6496
22.9005
23.6339
23.2357
23.0116
23.4628
24.7540
23.6232
23.8492
23.3398
22.6371
22.4186
22.1859
21.9927
21.4015
23.2014
22.9303
22.7691
24.0951
22.9707
22.7110
23.2722
23.7439
24.6101
22.2208
21.5959
22.3071
23.4733
23.0228
22.0573
22.0799
22.4553
23.8769
22.4539
22.8093
23.0687
22.0996
21.9200
22.3369
22.0940
22.0199
22.0428
23.1805
23.2212
21.1672
23.1251
22.1014
21.9971
23.1137
23.1257
23.2580
23.0586
21.6586
22.0420
23.2980
22.7748
23.6032
21.6468
23.2124
21.3609
21.1737
23.4841
23.5819
21.8509
23.5492
22.2872
23.0360
23.2806
22.8528
23.1632
22.3798
22.5044
22.3241
23.6681
22.5218
22.7978
22.5849
22.2949
22.6943
23.4362
23.3589
23.9844
22.4784
22.5809
23.1518
21.5190
22.3628
21.9336
23.3405
22.4586
21.3073
22.0886
22.9705
24.0417
22.0286
22.5863
22.9097
21.5171
24.3433
24.1271
22.1445
23.4880
22.8858
21.7955
22.6656
23.5632
23.3144
23.5123
25.4207
22.3100
22.6095
21.8989
22.6479
23.8562
23.1687
22.3222
21.7333
22.4445
23.2479
22.1557
21.0440
21.0544
21.5181
21.4982
22.4564
22.8716
23.5585
22.1731
22.1816
22.8689
22.1947
21.1835
22.5120
22.1410
23.0151
22.7610
23.2175
22.9454
22.3908
21.7468
22.4276
22.7739
23.7746
22.0361
22.7402
22.8723
23.4384
21.2527
21.2049
21.7133
22.9665
23.5389
22.3243
22.4788
22.0621
22.8783
23.6161
23.3928
22.8616
23.3677
24.0757
22.4463
23.4567
22.4033
24.0409
22.6369
22.6682
23.5547
23.2897
23.4247
21.4705
22.0667
22.2526
22.1883
22.0715
23.0443
23.1953
22.0345
21.7698
22.3109
22.9622
23.0362
23.6125
21.0831
21.0468
23.1520
21.4474
21.3102
21.5090
21.5731
21.3231
20.9308
22.0846
21.6836
22.1229
22.0099
21.4000
21.1373
21.6530
22.0916
22.0202
21.4098
21.7105
22.5171
21.5969
22.2971
21.8426
21.6595
22.3067
22.1331
22.3679
21.7479
22.4052
22.1699
23.0111
22.9243
24.1754
22.6997
21.5839
22.2880
21.8237
22.4172
22.8625
22.0648
22.5914
21.8482
23.3904
23.6393
23.3915
22.3824
22.0189
22.0499
22.1611
21.6262
22.5985
21.7627
21.4127
22.1842
21.5511
21.9269
21.7851
21.6264
21.6624
22.5831
23.1304
22.0080
21.8209
22.2052
22.3693
21.8136
22.6388
22.6342
21.4828
21.3339
22.0861
22.2656
22.4075
21.6729
22.0600
22.4890
22.4700
22.7181
23.0836
22.8298
22.2147
23.3591
23.6302
22.8356
24.3901
23.9258
24.0272
23.7171
22.9748
22.9280
22.9832
22.9548
23.6704
23.4051
22.1450
22.3376
22.7589
22.2934
24.0172
25.2653
23.4814
22.6228
22.3178
21.4626
22.4420
23.1282
23.2148
22.8238
23.9646
23.0864
21.6407
22.8134
22.5221
23.5823
23.0183
22.5937
23.6048
23.4483
23.8667
23.0363
24.0253
23.0497
24.0560
23.7463
23.3237
22.2131
22.5546
22.7969
22.8988
23.0487
23.8952
23.4347
21.9029
21.7655
20.4280
21.8319
21.3774
22.4207
21.8174
21.6882
21.7665
21.4282
22.6673
22.6173
22.4315
21.8435
22.0815
22.5699
22.3646
22.3699
22.7315
22.9861
22.8679
22.8707
22.9593
23.2151
22.6441
22.3531
22.5675
23.1137
24.6191
23.5352
22.5001
23.8150
23.5589
22.8473
23.2357
23.7056
22.6483
23.4116
23.6605
22.8027
23.0555
23.3268
22.4042
22.9774
23.6408
23.5121
22.1346
23.1848
21.5185
23.5060
22.9209
23.8886
22.7888
23.7831
23.4518
22.9575
22.8246
22.4328
22.2375
22.0342
22.9409
23.3289
22.5846
22.5719
23.4728
23.2217
22.5618
23.4754
23.6182
23.8675
22.3333
22.6043
23.3460
22.3756
22.5569
22.3847
23.0213
21.7999
22.4165
23.1273
21.8115
22.3000
21.9064
23.5070
22.5297
22.9507
23.0025
22.8041
22.5723
22.8033
24.0338
23.8334
23.3156
21.7427
23.4712
21.7788
23.1584
21.2096
21.8873
22.0738
21.8018
20.9581
22.0513
22.1381
21.2179
20.9160
21.5240
22.1085
22.9768
23.6688
22.8213
21.6997
23.4607
23.8426
23.0821
22.1433
23.5955
22.4261
23.0298
23.0395
22.6081
21.7899
23.4921
23.2167
22.6866
22.3694
22.9486
22.4312
21.9982
22.7723
20.5756
22.1565
22.4412
22.7712
22.9862
22.4846
23.1545
22.7440
21.9632
22.4715
22.6727
21.7806
20.9010
21.5059
21.1440
21.7040
21.1843
21.3868
21.4843
23.3312
23.1416
22.2323
23.3014
22.6702
22.7569
22.4006
22.5767
23.1989
22.5766
21.3257
22.0184
21.5864
21.8203
21.7326
23.4961
23.1783
22.5244
22.9437
23.2811
22.2366
22.6449
23.2618
23.5132
23.0224
23.8416
23.0928
22.8201
23.0595
22.3508
23.9612
22.7432
22.7608
22.2688
22.6373
23.3797
22.1373
21.9826
22.5874
21.9217
21.5696
21.4129
22.0076
21.5014
22.1869
23.0164
21.3365
21.7875
21.4478
23.3377
24.4423
21.9120
22.7910
22.8663
22.4427
22.8520
23.2663
23.2625
23.4366
22.4760
23.1314
22.3016
23.2158
22.7949
22.5548
21.8551
22.6328
22.8581
22.6066
23.0017
22.4681
22.9456
23.0621
22.4414
22.8517
23.2947
24.2636
23.4421
23.1026
22.4270
21.9820
22.4000
22.5825
22.2100
22.9863
22.9615
23.4637
23.7425
22.7711
22.6361
22.5250
23.2313
22.3946
22.7625
23.8128
22.7604
22.1291
22.4629
21.1386
22.2743
22.8200
21.4507
21.5215
22.3975
22.3282
22.4826
22.0388
22.3780
23.1620
22.2676
21.7969
22.6864
23.5683
22.8602
22.7472
22.3438
22.6962
23.0900
21.8826
22.7901
23.7971
22.4996
23.3026
23.6457
21.0525
22.8942
22.9363
24.5957
23.5085
23.1161
24.1342
22.6363
23.3203
22.2376
22.0847
22.0686
22.4325
23.0681
25.4416
22.5325
23.5583
24.5327
21.5265
22.3917
22.2716
23.1458
21.9028
22.8129
23.6963
23.2792
23.6698
21.9086
21.6788
22.2441
21.8201
21.5900
21.6173
22.1534
21.7872
22.0490
21.5476
21.6955
21.7716
21.6272
22.7703
20.7545
20.2632
21.0631
21.5944
21.1589
20.4750
20.9811
21.4891
21.6435
21.2569
21.8601
21.1875
20.5430
22.0813
21.7969
21.1818
22.2021
22.1859
22.1777
21.8966
22.0381
22.7046
22.7468
22.0291
21.7958
22.7042
22.0957
22.6223
21.7182
21.7430
22.8111
21.8392
22.0508
22.0700
23.0648
23.0593
22.4258
22.6358
22.1881
23.0706
22.0970
22.0632
22.0604
21.4790
22.6179
22.0808
21.5501
22.3043
22.5569
22.7726
22.0273
22.3769
22.3914
22.9065
23.1081
23.3529
23.1494
23.0426
22.2911
20.7160
22.4470
23.6550
22.8592
23.3642
22.8166
21.9585
22.0939
23.3623
21.4746
21.5510
21.8852
22.8966
23.4131
22.6385
22.0039
22.5715
21.5500
22.2183
22.2439
22.5849
21.9564
22.2816
20.8562
20.5878
22.3626
23.2162
22.2325
21.6160
22.6881
22.6496
22.2772
21.1826
21.4904
21.8337
22.4896
23.5112
21.8044
22.4325
21.4335
21.6944
22.6880
22.6933
21.8873
22.8145
21.6541
22.7106
22.8520
21.3034
22.2949
22.9927
22.9325
21.8071
22.0663
23.7126
22.1426
22.5262
22.8953
22.4996
22.4000
22.9880
23.0381
22.8064
22.4897
22.0491
22.0663
21.4775
21.4143
22.6809
23.0847
22.6600
22.4634
22.0416
22.3884
23.5320
22.8657
21.8827
21.6050
22.2548
21.8341
21.5350
22.2117
22.4199
21.2167
22.7432
22.3483
21.8860
22.8161
22.4616
22.3630
22.8126
22.3715
22.3139
22.8215
23.2247
21.8508
22.6372
22.8000
23.7646
23.1205
22.6448
23.8087
24.0954
23.2710
22.3031
22.2462
22.7278
21.6236
21.4213
21.5869
22.2520
22.1817
22.7385
22.6861
22.5337
22.8015
22.3857
22.5442
21.7234
22.1543
21.9916
22.7105
23.1922
23.2269
22.8960
22.1769
22.3612
23.3406
23.4515
21.5884
23.0473
23.2374
22.2067
22.8903
22.3946
23.2556
23.9170
22.7658
22.7130
23.1143
22.1254
22.7961
23.3369
22.8310
23.4503
22.9753
22.5221
22.1242
22.6566
22.4364
23.2066
23.8293
23.4268
22.7870
22.7350
22.9255
23.4282
22.4651
22.7944
22.1178
23.7540
22.2258
22.3141
21.7949
21.9566
22.8283
23.0381
22.8915
23.9074
22.8734
22.9531
23.0268
23.8572
23.2347
23.8698
24.7558
24.0807
24.1135
23.4167
23.8259
24.3250
23.5456
23.5365
23.4116
23.9079
23.2856
24.4692
24.0956
25.5005
24.6771
22.9510
23.6289
25.5732
24.2505
23.7669
23.4665
23.1005
24.4142
24.9254
25.5380
23.6188
24.7834
25.1368
24.5027
23.9116
25.3058
24.5485
23.4485
24.1171
24.3701
23.0067
24.3433
24.6401
24.3205
25.4211
24.7767
24.0002
25.2219
23.3261
22.8558
23.0736
24.1203
24.6344
23.4659
23.2202
24.5046
24.1701
26.2181
24.3115
22.8934
22.7770
27.0521
26.8797
25.5366
25.5817
23.6353
24.5951
25.8379
24.1475
23.0138
25.2983
24.4082
24.1443
23.4539
23.6400
23.9323
23.4082
24.1098
23.7621
23.3729
24.0580
22.6980
23.3895
23.1949
23.7126
24.1750
23.8491
23.0893
24.2852
23.4839
23.9950
24.6459
23.0810
24.1443
22.5472
23.7791
25.4610
24.6966
24.9878
24.5152
23.0959
23.5865
23.9116
22.8687
24.8558
23.7886
23.5606
24.1946
22.8077
22.6185
23.5018
23.4530
22.7906
24.3158
23.4840
24.5495
23.7232
23.4710
22.0198
21.6751
22.6503
21.5529
22.8414
22.5646
23.3779
24.3808
23.8066
23.5318
24.6078
22.8711
24.4233
24.4428
24.6850
24.0277
23.8783
24.2177
23.7948
23.9495
23.6910
24.2805
24.4609
23.5672
23.6594
23.1437
22.8817
23.2591
22.3712
22.0749
22.6218
23.9846
23.7833
24.5049
23.1371
23.0324
24.6778
21.4609
22.7437
23.2504
22.5450
23.3866
25.1139
23.9744
22.5039
21.6610
23.0668
23.4383
22.9992
23.5404
22.6359
23.1245
22.5918
22.7743
21.3826
22.4467
22.3804
21.3434
21.3577
21.5084
22.0225
22.0527
22.7344
21.4011
22.4344
22.7621
21.8356
24.3885
22.3800
22.9635
22.4332
22.2365
23.2308
22.8912
23.6549
23.8103
22.0739
22.4779
22.5472
22.7637
23.1208
22.4770
23.2899
23.8432
23.2142
24.2671
23.5308
23.9887
23.9184
23.4517
23.1368
23.4941
24.4578
24.9248
23.4507
23.3963
22.7478
24.0769
24.6199
23.5289
22.3651
22.7777
22.5651
22.2765
22.5456
22.4962
23.0581
22.1128
23.3329
22.6510
21.7592
22.8600
24.3640
23.2772
24.0644
22.2876
22.6399
22.8741
23.3110
23.5095
23.1356
23.4745
23.9569
23.4664
23.1084
22.7864
24.2075
23.6847
23.3343
22.7995
23.8946
24.7352
23.8406
24.4249
23.6266
24.0003
25.3895
21.9206
23.1329
22.7902
21.7495
22.6823
23.3129
23.4792
22.3168
23.1149
22.7821
22.4793
22.2188
22.8275
22.3922
22.5278
22.3900
23.2492
22.7309
22.0339
22.8232
23.6589
22.5175
22.4468
24.2419
24.0872
23.6200
24.2542
22.9192
22.1889
23.4670
23.4869
23.2486
23.9383
22.1439
23.1257
23.2098
22.2852
22.6322
21.5502
22.7286
22.9307
21.8322
22.6316
24.4628
22.5569
22.2368
22.5413
22.4938
22.8224
22.9142
22.6487
23.1690
22.8919
23.1679
22.5347
23.8267
22.7547
23.7100
22.9869
23.3068
22.0200
25.2213
24.8920
23.6558
22.0122
23.6645
24.0442
22.6827
21.1212
22.4922
22.8494
21.9925
22.7251
22.6293
23.2313
22.7279
22.2712
21.7232
23.1166
23.8028
22.1205
22.7707
23.4535
23.7306
22.5675
22.4911
23.2006
22.7216
22.0744
23.5154
24.1401
23.9532
23.3590
23.4205
23.7947
22.2921
23.6551
23.3301
23.4280
24.1083
23.1696
23.9861
24.2201
22.7504
22.8789
24.0081
22.4073
22.0505
22.2255
22.1267
23.5849
22.1816
22.5906
21.9806
21.8533
22.4438
23.5080
23.6643
24.1445
25.3586
24.3129
22.3240
25.2511
24.5805
24.2286
25.1886
24.6049
24.2927
23.7552
23.7722
24.4978
25.1877
24.1696
23.0048
22.2360
23.0664
24.2484
23.4492
24.2737
23.5923
25.3376
23.8013
24.3588
24.9864
22.7820
22.8263
23.0080
22.4891
21.8186
22.7388
23.1371
22.0147
21.7269
22.2144
22.9294
23.0172
20.6062
21.5587
21.8814
21.7820
22.7979
23.4639
22.9639
24.3845
26.5388
25.2622
27.9188
24.6252
23.0002
24.4323
25.1079
24.8005
22.9006
23.0759
22.0114
23.1501
23.4553
24.1425
23.2810
22.5562
22.0755
23.6253
23.1837
22.4330
21.7185
21.7080
22.5955
23.8434
23.6011
23.4244
24.5488
23.5585
25.7452
24.0000
23.5892
22.8415
22.7482
23.8893
23.6380
23.3594
21.8009
22.6424
22.7233
23.2786
22.7349
22.5068
23.2427
24.0984
23.1112
22.5066
23.6105
22.8069
23.1614
22.2133
21.5806
22.4891
22.6748
22.8167
21.9537
22.3464
21.9326
22.6038
22.3889
23.2569
21.4688
21.5811
23.2782
23.9330
23.8187
23.4317
23.3684
22.7762
24.9391
25.0478
23.5224
22.4070
25.4721
25.0931
24.2297
22.7955
22.0705
23.2234
23.0839
26.1635
25.6483
24.0681
23.7213
23.2170
24.5756
22.3708
23.0915
23.5778
23.2744
23.9690
23.7945
22.5847
23.0838
22.8651
23.6073
23.2515
21.7646
23.3955
22.4804
22.2671
22.9618
22.8999
24.4860
23.0614
22.1447
22.8544
23.6477
23.2473
23.6613
22.4739
22.7363
21.8768
23.3362
22.3629
23.3494
22.5851
23.7325
23.0059
23.8262
23.9751
23.3970
23.3075
21.9419
20.9253
22.2514
22.0870
21.5819
22.6435
23.6641
22.3198
22.9086
21.9156
22.9533
22.2595
23.1624
21.7779
21.4167
20.5828
22.3694
21.8870
21.7699
22.5703
21.8967
22.9910
22.2739
21.8476
23.0382
20.7538
19.9148
21.2500
23.3176
22.8665
22.0158
22.4901
22.4276
22.7055
22.4978
21.7677
22.6656
22.8753
21.8894
21.2356
22.4788
21.8623
22.3343
22.3529
21.9791
24.1551
23.9990
22.1631
22.4696
21.9219
21.6461
22.8089
22.1589
22.4555
20.3975
20.8354
21.5978
22.5460
22.3872
21.5739
22.2010
21.8072
20.7666
20.9717
21.6333
22.1527
21.1813
21.3802
21.5932
21.6372
21.1149
20.7317
20.6555
20.8407
22.4247
21.1897
20.1819
21.5111
21.3655
20.7129
20.7258
22.9688
22.5024
21.8715
21.4154
21.3132
21.4787
21.0373
21.9295
21.6948
21.9130
21.6940
21.4393
21.4235
21.7517
21.3340
22.1578
22.0735
22.1406
22.4127
22.5680
21.3903
21.2660
21.6306
22.8086
21.3915
22.1756
21.7876
21.8531
21.6984
22.0453
20.5768
21.0684
21.2686
21.6404
22.2730
22.3546
23.8518
22.5154
20.3419
21.1474
20.9094
22.1843
20.5593
20.9578
21.3361
21.6917
22.4780
21.1463
22.1413
22.2157
23.2041
23.1364
22.4142
24.0953
22.3064
21.3657
23.5568
22.0784
23.6607
24.4956
23.1402
22.9523
22.9249
22.7042
22.7207
22.8391
24.2530
22.6089
22.2222
21.7319
22.7863
20.9151
21.3838
23.6195
24.4709
22.3721
22.8368
23.7345
23.2700
23.6044
22.3941
22.5369
22.7839
22.4051
22.4057
21.7457
22.5517
22.8671
23.9559
23.8247
22.5104
22.9841
21.5690
21.9825
23.3960
21.9086
25.1981
23.8895
22.4766
23.3193
24.3934
23.0819
22.6020
22.0588
21.8462
22.3327
22.3413
23.6606
23.2311
22.9110
23.2377
23.0685
22.7728
23.5289
22.6752
23.5515
25.1371
24.2192
23.8911
22.7465
22.7446
22.6279
23.4375
23.5614
23.5724
23.0134
21.6513
20.4314
22.8489
22.6166
21.4043
21.5468
21.2303
22.4377
21.4685
23.7844
21.3082
23.3284
22.9405
22.0523
24.5578
24.5506
22.9589
22.7012
22.8641
24.0716
22.9016
24.8911
23.5311
23.5440
22.5851
22.0964
24.7878
23.5896
26.3665
24.7381
25.2155
25.4743
24.6920
23.4273
23.2880
23.4544
22.0421
21.4116
22.7168
23.9203
23.0852
23.4728
24.4443
25.6611
23.8659
25.6394
25.9237
23.4552
26.6443
21.5068
23.8476
24.9561
25.4327
22.9541
24.2537
23.0480
21.6787
23.6733
21.8603
22.9953
22.2850
22.4023
22.2776
23.0102
23.7733
21.8280
23.7793
22.8356
22.1408
22.8622
22.8810
22.3860
22.5753
22.2434
21.9477
22.3708
22.1804
21.7733
21.6755
22.7397
21.8955
21.3714
22.1537
20.6860
21.3208
21.8924
20.8727
21.6030
21.9177
20.5379
21.6759
21.8606
23.4495
22.9241
22.2033
21.6285
22.2262
21.9234
22.0213
21.7951
22.5072
21.2107
22.3751
21.6915
22.3435
22.6050
21.9155
21.7145
23.8562
23.1631
22.6301
21.5897
22.6225
23.0045
22.5425
22.4129
21.8472
20.5574
21.8025
22.0382
22.5302
21.7239
21.1396
24.3002
23.7491
20.9567
21.5956
21.2071
21.8587
22.3940
21.8959
22.2791
23.4249
24.5424
22.8540
23.8999
22.8258
22.6464
21.6437
22.1548
23.1943
23.0303
22.6805
21.8434
23.0787
23.1894
22.9109
23.5227
22.7260
22.7989
21.9306
23.1339
22.7081
22.0225
24.1742
22.2986
23.4694
22.0329
22.9343
22.1572
23.0641
22.8468
21.8207
22.2069
23.4120
22.7536
22.0805
22.6416
22.8259
23.3935
23.3070
24.4167
22.2322
22.9160
22.3106
23.3565
23.3620
21.0091
22.2967
24.7598
23.0522
23.0890
23.5903
22.1068
22.6316
21.6354
21.9505
22.7501
24.1132
23.8447
25.0809
22.4600
24.4179
23.2549
22.3973
24.2598
24.8506
22.5575
23.1773
22.9693
24.4184
25.5556
22.7339
23.1560
23.0006
22.2264
24.0011
23.4590
23.5675
23.1618
24.5589
23.6859
21.8307
22.5515
24.0230
23.3041
24.0788
23.4875
22.0013
23.4832
24.5514
23.7094
23.4888
23.2273
25.4957
23.8604
22.2225
21.8827
23.7021
22.9404
22.1273
21.8965
22.3497
21.9265
22.2021
21.2009
23.3503
25.7146
22.2994
24.3904
22.2945
24.2249
24.3446
24.2777
24.9508
21.7483
21.7189
22.2716
22.1160
22.4291
22.3671
24.6100
22.8684
23.3095
24.2943
22.3367
23.6875
21.8227
23.2299
21.5158
21.7079
22.7129
22.7174
23.2733
23.3461
21.4416
23.8280
23.8791
22.2574
23.2016
22.8424
23.4352
23.3253
22.3523
23.9055
24.4128
25.4049
23.3214
24.6680
24.3994
25.9500
24.4940
23.2157
23.5523
22.9957
21.8825
22.0071
21.9879
22.8599
23.8127
22.9304
21.1402
20.8846
21.5022
22.0263
22.2531
22.1298
21.8889
22.7261
23.0773
22.4796
22.1515
22.0145
23.0527
21.4660
21.2724
22.1317
21.1200
21.3423
20.9622
20.8723
21.7170
22.3668
22.9661
22.6065
22.4937
23.3761
24.4841
26.5201
23.0319
22.9387
22.9990
23.6370
22.9192
21.4091
23.3576
22.6940
22.2516
22.7567
22.8747
22.7854
22.4195
22.7391
22.2946
22.2198
21.5964
21.4641
21.2538
22.1666
23.7257
22.5822
21.5593
20.4184
22.3418
22.4397
22.5690
22.6294
22.2290
22.4442
21.9600
21.6636
21.7944
21.7574
22.7984
22.8321
23.6601
23.3699
22.7787
22.9610
23.0333
22.9708
22.9996
24.4214
22.9476
21.1843
23.0021
23.7820
23.8515
23.3501
22.9897
22.1115
21.8395
21.7449
23.1802
23.2339
21.9627
23.5883
22.1404
21.5398
21.9039
22.4792
21.4119
21.5262
21.8483
23.3324
21.9345
21.9870
21.5656
23.4917
21.6924
22.8096
22.0456
22.3963
22.6018
20.9146
22.5070
22.7153
22.1892
21.8363
21.8218
22.3023
22.5430
22.6367
22.9401
23.2366
21.7880
22.7297
22.3959
23.4468
23.2148
22.8749
23.3943
23.0419
23.4413
22.3091
22.1004
21.6379
22.8219
23.8852
23.1047
23.2705
23.1427
21.9800
22.5499
23.5463
22.4991
23.0551
22.4423
23.3074
22.1706
22.4360
21.9602
22.6686
22.8481
23.3160
22.0252
22.8547
22.0753
22.1671
24.0979
22.3692
23.0187
22.7397
22.9879
21.3628
22.4313
22.3321
22.4438
21.1237
23.4353
22.5001
22.2160
22.2649
22.3296
23.1146
23.4653
22.7735
22.3068
22.1172
23.2885
22.6232
22.8146
22.4928
23.2168
23.0693
22.6809
22.3422
23.3359
22.9134
23.0741
24.7579
23.2451
25.2309
21.9486
21.2611
21.8994
22.0721
21.3701
20.7693
20.9726
21.8875
22.2516
21.3210
22.6993
23.1657
23.4836
22.8260
22.4842
22.7368
21.4056
23.0908
23.3837
22.1828
22.3800
21.7882
21.7771
23.1797
23.0923
22.8053
23.7783
24.3349
23.6444
23.1822
22.7742
23.2064
22.8076
22.6750
21.0318
22.1668
22.7187
22.5878
23.0557
22.1991
22.1192
24.5724
25.2328
24.9517
25.8534
26.4135
23.5195
22.6688
23.5269
23.0834
23.1179
23.6551
21.8698
22.9625
22.8103
22.6861
24.5022
23.7606
24.1983
24.1173
24.2412
22.3193
24.0094
22.9267
23.6200
22.0286
22.3423
22.0354
22.8660
23.2823
23.9057
22.1848
21.6720
21.9643
24.0677
23.1085
22.7036
22.6304
22.9204
23.5618
22.3956
22.9320
22.7021
23.5782
22.7168
21.2803
21.9834
21.6620
22.2759
22.6775
23.8400
22.2129
22.9389
22.7699
23.6711
23.8002
23.7522
24.1809
22.9695
22.3047
23.1345
23.0512
23.1872
22.5928
22.7114
23.7356
25.6580
26.1271
25.1662
22.9045
22.6009
23.3611
21.2767
22.9748
23.1658
22.2264
22.0945
23.0768
24.3989
22.0622
22.6171
22.7802
22.2416
23.0638
23.2404
22.4405
22.1980
22.5296
22.8676
23.2078
22.3756
22.8674
22.3630
22.5068
23.4743
23.7437
22.4237
21.7219
22.6035
23.1124
24.9917
24.9375
22.9664
24.4982
25.3566
22.2798
22.9132
21.7129
22.6079
22.0520
23.6130
24.2047
21.6201
23.2724
23.0576
22.9283
23.0763
22.5267
23.7579
22.9842
24.0784
24.2324
22.6324
21.7805
24.4487
22.9646
23.4472
23.3322
22.0067
22.4307
22.2888
23.7124
23.6864
23.3891
22.2599
22.6163
22.3522
23.3820
22.9472
23.2888
23.4151
23.1256
22.8443
23.6282
22.2165
21.6919
23.6136
23.2796
22.7507
23.1416
23.3589
24.4426
23.6597
22.5760
23.1446
23.2413
23.5985
23.1493
22.2431
23.3559
23.3569
22.2574
21.8083
23.1554
23.3229
22.7410
23.0105
23.2949
22.8936
24.2624
22.3110
23.2184
23.1843
23.0899
22.5753
23.4633
22.7159
22.7855
22.1563
22.9443
24.5671
23.3461
22.6063
22.3527
22.5461
22.5898
22.3865
22.8735
24.8082
23.9905
21.8496
22.2969
23.0392
21.9294
22.0554
23.6359
23.0620
21.8280
23.0240
22.9748
22.2672
22.4141
22.8954
22.3719
21.9885
22.4080
22.8336
22.2950
22.0112
24.0222
23.8845
23.6588
22.6472
22.9939
22.7656
21.1341
22.5332
22.3144
21.8088
22.3543
21.9049
20.8136
22.1324
23.2067
23.9738
22.0900
21.8067
21.8823
23.1714
23.3434
24.3536
23.3542
22.4598
22.4827
23.5693
21.5359
23.3778
22.3267
23.1819
23.0327
23.0706
25.1878
24.2764
24.1675
23.6941
23.1347
23.6937
21.8586
22.6745
22.2215
23.6534
22.0875
23.9890
23.6506
23.4504
24.0234
23.0612
23.1131
25.2026
25.3986
24.2161
24.0960
23.3583
23.5451
24.0610
23.9104
22.1470
25.1524
24.5343
25.3190
24.2631
25.4755
26.7851
23.5454
22.4572
24.0375
24.1811
25.1067
22.2747
23.5828
22.7208
23.4476
22.3457
23.6663
24.8719
23.8019
22.9426
23.5039
24.3783
22.8785
24.4215
24.0412
24.1570
22.3429
24.1888
24.5852
24.8669
23.9779
22.9055
23.2014
22.4437
23.0735
24.6051
22.4253
25.3412
23.7620
22.7866
23.4938
24.9143
25.4532
25.5356
25.0582
25.1150
26.6220
26.1404
24.7357
25.1522
26.0515
25.0369
22.7947
21.2975
23.5579
24.2259
22.8684
23.2224
24.9071
23.6036
23.3626
24.6296
23.6886
23.6977
23.4139
23.0585
23.7108
24.3327
23.4087
23.6651
25.4071
24.7296
23.3417
23.0016
22.3029
23.6619
25.1527
24.4235
24.6479
25.2228
24.7112
25.0379
24.4354
24.4623
24.5807
24.5632
25.8701
25.8898
25.4149
26.6599
24.2711
23.6028
24.5428
23.6786
26.0320
23.8291
25.5563
23.4394
24.1146
24.2455
24.3959
24.0552
25.8020
25.1015
24.5501
24.3593
23.4043
23.6043
23.2807
23.3569
24.8478
24.5447
22.9515
22.8711
22.3663
22.1063
23.5925
24.3951
24.1013
25.5889
25.0906
23.9668
23.0649
23.2353
23.2373
22.5423
24.3216
23.9707
24.2788
22.4748
23.6916
22.4309
23.6686
23.6304
23.4676
22.4241
23.9290
23.0152
22.5543
25.4482
25.7568
23.6597
24.2719
24.7201
25.8167
27.3871
24.0043
24.5140
22.8324
25.9592
23.0509
23.2403
23.6232
23.2022
23.6194
24.6437
24.1701
23.7258
22.3287
23.1479
23.7208
22.0059
25.0993
25.1924
24.2043
23.7849
23.4137
23.1891
25.9154
23.2512
24.1095
24.6360
24.7347
23.7254
23.7662
22.9538
24.3358
23.9689
22.1708
24.2492
23.9019
24.2925
24.7011
23.2518
23.0789
22.8638
24.1465
24.6602
25.0298
24.7724
24.5045
22.4165
22.1445
22.6948
23.0984
23.0542
22.9742
23.7772
24.3648
23.3118
22.5544
22.9241
22.8518
24.2859
23.6235
23.7139
23.3345
21.8886
24.6499
26.0308
25.3089
25.7719
23.4890
26.2747
26.5734
26.7520
25.7280
25.5696
25.8356
24.2712
24.4253
24.2574
23.0400
23.0832
24.8374
22.5868
21.9927
21.9889
22.1693
22.3948
22.5997
21.5210
21.7107
23.1405
22.6308
24.6903
22.0905
22.1159
23.7222
22.4014
22.7564
22.0638
22.3968
22.7631
22.6018
21.6905
22.1021
21.5884
22.3028
22.5578
23.5551
22.6797
22.0356
21.0170
21.6476
23.8716
21.9544
22.4708
23.4392
21.3517
22.8124
23.7321
22.4175
22.4881
23.8903
22.2266
22.6697
21.5291
23.7478
23.2347
23.3176
23.2078
22.8296
24.5088
23.3299
23.5501
23.4055
23.0397
23.7360
23.3102
22.8945
22.0445
23.9747
23.8704
23.1941
24.1490
23.4666
24.9984
23.7009
24.6152
24.8375
23.8194
23.0904
22.9639
22.3684
22.2251
22.6769
24.1365
22.4133
20.9505
22.1390
23.2475
22.7818
23.6333
22.8101
22.0328
22.0280
22.8584
22.3188
22.1916
23.4897
25.3771
23.6798
22.2180
22.7414
22.9874
22.8040
23.1142
23.1862
23.4703
23.7105
23.1384
22.8548
21.9587
20.7536
23.8180
22.1286
24.1807
23.1825
24.3091
24.1953
24.3531
23.6608
23.7056
23.7983
22.8859
24.7691
23.5431
22.2621
23.3210
26.2558
23.2236
23.0549
23.9420
23.6976
22.1999
21.7043
22.9658
24.9928
24.2751
21.9304
22.2051
22.5633
22.9874
22.4323
23.6058
22.0763
22.7267
22.3571
23.7629
22.9537
23.3106
25.2864
25.3681
25.7341
24.4838
23.0035
23.1253
22.6242
22.3728
23.0698
21.6956
22.0513
21.8234
24.6113
21.7672
22.2365
22.1804
22.0732
22.8998
22.4890
22.9178
22.2881
23.1458
24.0448
23.0043
22.8688
23.4250
24.0565
24.4633
23.3267
23.2592
23.0991
24.0481
23.5487
23.2577
25.1416
23.6274
23.1639
24.2392
21.6149
21.6126
22.3599
22.3435
22.7979
25.1774
23.2825
22.6887
23.9990
23.9496
22.8017
22.8271
23.9186
23.0120
23.3292
22.6943
23.7538
22.6698
23.2775
22.2565
23.4888
23.7726
24.1896
25.2679
23.3191
22.9275
22.1584
23.0210
25.1002
25.8960
25.7652
22.6771
24.5038
24.5628
22.5152
22.2485
23.9811
24.9602
23.5581
24.0499
23.4327
23.4249
25.9506
23.9020
24.1115
25.5823
24.3679
24.8275
24.8894
24.8507
24.0628
25.4335
23.4302
22.8458
24.8429
22.2531
22.9342
22.8236
24.1318
24.3405
23.8950
23.7820
22.9218
23.8670
24.6561
24.8692
25.1779
26.7522
23.7576
25.1159
22.9664
25.7631
25.3833
23.0880
23.1167
24.0419
22.3403
23.0926
25.0555
22.1990
22.0071
22.2654
23.2449
23.3535
22.4888
24.1983
27.8704
24.3715
23.3673
23.7839
25.3319
23.5205
21.3789
25.2638
23.4344
23.2909
22.1423
23.4866
23.1519
23.5134
23.6818
22.7028
22.1806
23.8401
22.1704
24.0268
22.5931
22.2788
21.7316
21.8170
23.3444
23.1064
23.0341
23.2417
22.6231
23.4770
22.7023
22.7594
23.2596
24.5981
23.6299
22.6610
23.2123
21.8787
23.3867
22.8612
23.2188
22.2998
23.8680
23.1120
21.8056
22.6057
22.2054
22.1087
23.2210
23.2936
23.6426
23.7818
22.1573
23.6585
23.2969
23.3427
22.3334
23.1887
24.1859
23.6608
21.4620
22.2292
21.8301
22.4023
21.0418
20.8239
20.6795
21.5466
23.2468
21.2263
22.5534
23.2797
23.2168
23.0841
22.5001
22.0228
22.7691
20.4974
22.1827
21.5535
22.1358
22.5216
23.1432
20.6401
22.3329
21.8667
21.4473
21.4111
20.9461
21.5674
21.4044
21.5540
22.1489
22.0227
21.8910
21.1103
22.5422
22.4328
21.7363
22.9591
22.7688
22.2668
20.9500
22.5874
21.1397
21.6202
22.5066
21.6432
21.3053
21.5202
21.4658
22.7815
21.2224
21.8674
23.1769
22.4830
21.9518
23.2479
23.2660
22.5751
22.0818
23.7001
21.7194
21.8159
24.5223
23.0294
23.9675
23.6196
22.2401
21.4797
22.0779
22.5401
22.9580
22.6948
22.8694
22.6143
21.8483
21.6579
22.7728
22.6180
23.3648
25.0783
24.9107
25.3743
24.7247
24.3991
23.4479
23.7578
24.3069
23.0974
23.3850
23.1230
22.5035
23.7902
22.1999
21.6903
24.1263
22.9656
23.9639
24.3022
24.1902
24.2812
24.2494
22.9990
25.0635
24.6450
24.4442
22.6116
26.1037
25.1090
22.9658
23.2110
23.6517
23.7574
24.4551
23.4237
22.8281
23.7176
22.7200
23.3727
21.5671
23.3338
24.1157
23.7988
21.4901
22.3246
22.2550
23.0676
24.4729
23.1784
22.1605
22.2686
23.2868
22.9203
22.6517
23.1076
22.9574
22.7303
22.1970
22.7583
23.1567
23.4696
22.9028
25.2060
25.0881
24.1406
24.0166
24.5070
23.7930
24.1236
23.6045
24.4027
23.6140
24.2168
26.0256
27.3276
26.0011
24.2823
26.6009
26.0430
27.8877
27.1313
27.0189
26.5326
27.4029
25.6739
27.6647
26.7889
23.9028
23.4730
25.6115
25.4172
24.9703
23.4807
24.7112
23.7272
23.1314
23.6826
24.0966
23.4114
23.0456
22.9387
25.1102
24.7415
23.9858
23.7783
23.9675
23.7907
22.6339
25.8333
23.7455
22.7308
23.3560
24.2642
22.3138
23.6892
22.2049
24.5163
22.7755
23.8898
23.7178
24.9014
23.7419
23.3448
22.9396
24.7197
24.3904
23.5950
24.2970
25.1055
24.4883
24.1915
23.9456
24.4120
23.6455
25.0041
23.0923
24.7490
25.4503
24.2535
25.6475
24.6257
23.9016
24.0921
25.7418
23.1645
24.7412
25.3376
24.9442
25.6695
25.0818
25.5126
24.8258
25.6046
25.0677
23.3890
24.9527
24.7514
25.5164
25.7791
25.2641
23.8655
23.8163
23.6748
25.3725
23.6487
24.1637
23.0308
23.5376
23.8901
24.1020
23.7819
24.3565
22.8939
23.0538
26.7777
24.5481
23.8099
24.5400
24.9802
26.8445
23.3534
23.3775
25.7776
26.1028
25.2794
22.5855
23.2961
23.7126
25.0275
24.1227
23.8032
24.7552
25.2455
24.8132
23.8431
23.9042
22.8148
23.7631
21.9851
23.3886
23.7415
22.8733
24.0732
23.5927
23.0634
23.1915
24.2946
23.5876
23.3896
21.5560
24.1150
22.4828
23.4717
23.2369
23.9795
24.6634
25.3720
23.3582
24.7191
23.5977
23.8332
25.7624
25.0026
23.4034
24.1010
25.0837
24.6311
24.3538
24.2943
20.6843
23.6620
25.3466
24.3689
23.0683
25.3124
24.2721
23.8168
24.4020
24.4163
23.5807
22.6600
24.4589
23.3887
22.9324
22.5830
23.0211
22.2673
23.0488
22.8375
22.1541
21.6699
23.3384
24.0456
21.5303
21.7889
21.1646
21.9256
22.1115
22.3020
22.5118
22.1794
23.1182
22.3593
23.3583
21.8185
23.1982
24.1856
22.8592
22.5390
24.0062
26.0042
24.3520
24.3691
23.4419
23.7724
23.6048
25.2653
23.3002
24.9328
24.6097
23.9518
24.7083
24.1150
24.7776
23.2783
23.1968
26.1467
25.4666
26.7874
25.0806
24.7472
26.2801
24.8788
23.3186
24.2640
26.0863
24.5615
23.9130
21.3922
22.5596
23.0137
22.0338
24.0505
22.4901
22.3777
25.0283
22.8403
23.4698
25.3517
23.9990
23.4359
23.0345
23.9940
23.3952
23.2517
23.7255
22.2556
23.3872
23.1144
25.7448
22.6193
23.9729
24.0875
23.0987
21.7801
23.1526
22.3069
23.3928
22.1190
22.4811
23.2978
24.4275
24.6744
25.7487
24.6250
22.8490
24.4014
23.1520
24.0077
25.1484
25.4948
24.2826
23.6970
22.9349
24.8644
25.1193
25.8517
25.6315
25.4841
24.5363
23.7639
24.3803
24.6762
24.9007
26.4091
25.3978
24.4600
25.5706
23.7486
24.9137
21.7984
23.9522
23.6970
24.3476
24.2892
24.4715
24.3367
23.3058
23.5483
25.0683
24.3923
24.1450
23.4104
24.6144
24.2874
25.1901
25.5561
24.9988
24.2711
24.6405
22.3376
23.6872
22.8403
23.2489
22.2194
22.0173
22.8428
22.9261
25.4480
25.6563
26.4884
28.1896
25.6691
24.3541
25.6077
23.8507
27.4634
25.2029
26.1002
25.3016
24.9856
25.4170
26.8133
27.3760
25.6225
25.2617
25.7099
26.1213
26.7751
25.9479
26.3362
28.2436
28.0081
25.5890
25.9314
25.7346
28.0168
27.3645
27.7640
25.7784
26.3095
25.9449
25.1472
25.6391
26.6319
26.4402
27.3489
26.1154
26.2060
25.2945
24.7327
22.6739
23.1628
23.1902
27.5436
26.8009
25.2418
27.5308
28.0577
27.3446
26.9835
25.7186
27.4270
28.5863
27.0907
26.0287
26.6006
25.5854
25.6795
24.0010
24.6310
25.7679
23.3496
25.2560
24.2513
26.0391
24.9565
23.6546
26.8127
27.6766
26.6053
28.9995
25.2977
23.5003
24.6920
23.9888
25.7314
24.0645
25.6499
23.9453
24.9085
22.4664
24.7179
22.9157
24.2481
24.9542
25.3315
25.5001
24.9196
24.8347
24.3436
26.1828
24.8197
24.4571
26.8872
25.1201
27.0148
24.1086
22.3772
23.4203
26.9001
26.1069
26.6977
27.3809
26.2379
25.9582
25.9684
28.1913
24.4194
23.3667
24.7832
23.2029
24.5315
23.8205
24.2373
23.9160
24.7536
24.1746
25.1677
23.4220
22.7470
24.4587
24.8060
24.7212
24.0933
25.0202
26.3929
24.3154
24.2033
25.2882
25.0105
25.4227
25.1658
23.7812
24.6031
24.8844
23.1628
24.7119
22.8099
21.0480
22.7456
23.1533
23.0854
23.6839
23.3803
24.0236
23.2180
23.5013
23.2584
23.3411
23.7151
23.8008
23.7507
23.6178
24.1491
23.5999
25.2641
24.6993
25.8892
26.8265
24.6120
26.1548
24.9468
24.2765
24.9820
22.8724
26.3436
25.0734
24.0589
24.8696
24.7706
25.5489
24.5106
23.4906
24.8278
24.0537
24.4064
26.7635
24.2696
22.6987
24.6457
23.3022
23.3481
22.2545
22.6869
23.5130
23.1027
23.7228
24.6023
24.3719
23.4738
23.8373
22.2663
21.9211
22.7036
22.8722
23.6320
22.9992
22.7933
25.5732
24.1086
24.7592
24.2862
25.0526
24.0367
23.3478
24.7968
24.2177
23.7444
24.0369
23.4753
22.4022
21.5423
23.8633
21.8171
22.3769
23.2953
22.1137
24.2752
23.8647
23.5997
22.9423
21.8952
22.7139
21.7172
21.6462
23.3047
22.2593
21.7949
23.6565
24.2218
24.0687
24.4645
22.1749
23.6359
23.1354
23.8267
23.6637
24.6643
24.0972
23.8274
25.2987
26.1518
24.5697
24.2567
25.1746
23.0654
22.9576
23.7151
24.5986
23.7730
24.5822
25.2736
27.2427
24.8338
26.3067
28.4378
27.1504
26.9886
24.5780
27.3130
28.3288
25.8686
25.2324
26.6380
27.4282
27.5261
27.8883
27.8266
25.8183
25.7162
24.3103
25.3992
26.5911
26.2311
24.0947
23.8630
24.7518
26.1868
26.0748
24.0379
26.8956
27.0670
25.5833
23.9738
26.2267
23.8976
25.3861
25.3196
24.1833
24.3560
23.0614
22.4135
22.3223
24.9003
25.4618
23.5232
24.3618
23.8066
23.3277
23.6361
23.7756
22.4802
23.5057
22.1849
21.7048
22.2894
23.6677
22.5949
21.6525
21.4319
22.0310
21.8593
21.6991
22.5060
24.2159
23.6017
23.4408
24.6096
24.1839
26.2266
24.0474
24.1192
25.4795
22.7449
23.3267
22.7468
23.8739
25.2310
24.0322
24.3681
23.4416
25.7894
25.8566
25.0617
25.0653
25.9421
26.1702
26.0193
24.9486
25.3208
26.2745
24.7073
26.1309
25.0480
25.2167
27.1906
25.2440
25.0511
23.8532
24.6813
24.4572
24.6142
25.5645
28.3865
28.8313
25.9209
24.6063
25.9867
25.0559
25.5609
27.5193
25.3167
24.0616
25.5447
26.5106
24.9743
26.4191
24.3805
25.5231
24.0271
25.6818
25.3872
25.2318
26.0531
24.1080
24.3796
25.7462
24.1850
24.3219
24.1687
24.4009
24.5105
24.2747
26.4897
22.7962
22.6464
22.3093
21.9885
23.4821
23.3880
22.8276
24.6375
24.3265
23.0587
24.7462
25.7016
25.1858
24.8271
25.2842
24.5205
25.4063
24.0906
26.9699
26.4070
24.8955
24.0712
22.4017
21.6954
23.8647
25.5374
23.9920
23.7602
23.8260
26.5501
27.0226
24.3661
24.9517
23.8762
24.7061
23.4523
25.0546
24.6129
25.7221
24.0152
25.6542
24.7189
25.9527
24.7642
25.0468
24.8788
26.5237
26.3431
24.5521
26.5765
25.1911
23.6122
25.5389
25.0248
27.3180
25.8103
26.8176
25.2821
25.1259
23.6906
23.2351
24.3780
23.1109
22.8918
23.0214
25.5214
23.7512
22.6933
24.4848
25.0855
23.5311
23.1437
22.9434
22.4116
23.3326
23.0380
23.3143
22.4785
24.3062
23.1670
25.2276
23.1376
23.1265
25.3811
25.0103
25.0313
24.7333
23.0258
23.6607
24.2559
23.5571
23.9677
24.2857
25.1267
22.9659
22.3057
22.7621
23.7466
20.4414
22.6710
23.6020
23.0291
24.5017
22.4279
23.0915
23.6123
24.7940
23.4419
24.7575
23.9915
24.1188
23.1429
23.5184
23.7961
25.1450
22.9039
23.1713
23.0857
21.0796
21.9851
22.7097
22.0108
22.3121
23.3562
23.7330
23.8502
22.6700
22.5075
23.1144
22.2916
23.2906
23.5885
23.1228
24.6134
23.8336
23.2084
24.6076
24.7094
23.4576
25.7686
23.1976
22.7341
22.0947
23.1184
25.4364
24.0783
22.0333
24.6473
25.0146
24.9052
25.4212
23.7306
24.0666
24.9801
23.8942
23.3259
24.1613
25.9236
27.0627
23.6996
24.4626
24.7154
24.1147
22.0006
23.7016
24.3306
24.0011
23.7159
24.1005
23.8773
23.4606
23.7353
24.3899
23.4021
23.7974
24.3163
24.3188
23.0979
22.7424
23.2502
22.9422
22.0378
24.0800
24.2092
24.5086
23.1594
21.6858
22.2014
23.3866
23.1768
22.2373
22.8106
23.9898
22.8401
21.9262
22.3814
22.9463
24.3926
24.8055
23.9490
23.0979
22.8876
23.4263
23.8518
23.8946
22.2432
23.6952
25.0012
23.5466
22.5327
21.8131
21.0610
22.8956
23.6612
22.0900
21.4032
21.2552
22.5742
21.1569
23.2634
22.7435
22.2297
23.3411
21.6682
23.8515
22.4525
22.9597
21.8043
24.0690
22.8269
21.6871
22.4858
24.3551
22.4527
22.8240
23.0461
21.6543
24.1859
24.0893
22.1902
22.5368
23.8613
22.9711
22.6178
22.9578
23.4082
23.4887
22.1020
22.7068
22.2659
24.6817
25.0556
27.2615
24.0027
23.4241
24.1376
22.4641
22.3996
24.1712
23.3125
23.2874
23.8327
23.7650
24.2009
24.3134
23.5673
23.3476
22.8647
24.1456
24.2338
24.1535
23.9287
23.5341
24.0460
23.7424
24.2203
23.8414
26.7134
26.8226
23.6236
24.2251
23.3447
23.9963
23.7636
23.3358
25.0428
24.0094
24.7756
24.9894
25.5350
23.4778
24.2167
26.4250
25.0178
25.0441
23.4924
23.4227
24.4389
24.4018
24.1510
23.2797
24.2924
24.6175
25.4095
24.8531
24.2852
22.0149
24.8695
27.6012
24.5456
23.0227
25.6937
25.1734
25.2946
23.6852
23.4641
23.7039
23.5669
24.6516
24.1543
24.3007
24.5795
24.5057
25.0129
25.1790
24.7500
23.0784
26.3298
25.7112
23.1237
23.4378
24.2997
23.7556
24.9788
25.9087
26.8342
25.7083
26.2491
24.2419
24.3624
23.3392
21.9694
23.9922
25.8808
24.1232
23.9167
24.3757
22.6934
23.1614
24.7917
23.6947
23.1668
23.3366
24.7277
24.1913
21.4558
23.0880
21.5237
23.4142
23.2728
21.7494
20.5112
22.3731
22.9935
23.5340
22.9566
23.2705
22.9131
23.2316
22.6091
21.1839
23.5061
21.9868
23.4771
22.2410
21.9888
22.7741
22.1971
22.4627
22.9289
22.2225
21.7580
22.8984
22.9279
24.0329
24.2499
24.3104
25.2093
24.9597
23.2521
23.1612
23.6154
22.5108
22.5335
23.5521
23.7779
22.2163
23.1521
23.0547
22.6475
22.8036
22.9454
24.6575
23.9553
21.9429
23.4822
24.1368
23.0207
23.9028
23.7114
23.3266
23.1484
22.7605
23.9985
23.1862
21.9043
22.1643
22.8386
22.4342
22.1421
22.1768
22.3633
23.2650
23.4432
23.4480
22.9068
22.7862
22.5556
22.0073
22.1469
22.2421
23.7271
22.3587
22.6394
22.1848
22.4323
21.7092
22.2191
22.2118
22.2037
22.3877
22.2314
22.6559
21.5826
23.1479
22.9540
21.2037
20.6409
21.3517
23.1051
22.3933
22.8093
19.8150
19.9959
21.1050
20.1612
20.9887
21.7864
21.8188
21.7871
22.1895
20.8860
20.9655
21.0862
21.9679
21.0633
20.6590
21.5946
20.8793
23.2162
21.6911
21.0744
21.1084
23.1683
22.6236
22.0901
22.3082
21.6698
21.6898
22.8786
21.9191
22.5209
21.3728
21.7596
22.4476
23.2366
21.3368
22.4886
20.4329
20.8485
21.1210
21.9388
22.7502
23.6836
21.7050
21.0479
22.9686
22.6818
21.2835
22.5911
22.2664
21.2948
22.7327
20.6811
22.1865
22.8321
21.7981
20.9858
22.8931
21.9932
21.8333
21.4872
22.4321
24.2543
21.5336
23.9955
22.3613
21.7981
23.8661
22.4718
21.9218
21.9090
22.8050
23.1302
22.7814
22.3782
23.2275
23.4205
23.8182
22.1727
21.8141
22.9301
21.5627
21.9580
23.0178
21.5865
21.0692
22.0040
20.9009
22.4066
22.1495
21.4480
21.7462
20.9095
21.8286
21.2755
20.9370
22.1778
22.6365
24.1880
21.7406
21.1844
22.3857
21.1886
24.2424
23.5010
23.0022
22.5848
23.1694
23.6357
24.5687
23.9169
23.5045
22.8584
22.7302
23.4073
22.0991
21.9057
22.1277
22.1519
21.8092
23.6403
21.0108
23.2975
23.1631
23.6261
23.7101
23.2136
23.0631
21.3386
22.4871
21.9151
22.7987
23.0614
23.5526
22.0106
23.6179
24.1964
22.7932
23.1675
23.2748
22.8030
21.9195
21.6418
21.1778
20.1948
22.4146
21.2032
22.2787
21.6181
21.9365
24.8665
22.3400
23.0384
23.8223
21.5612
21.2305
22.1733
24.2019
22.2205
23.4073
22.7627
24.1794
22.9773
23.2279
20.8696
21.6678
23.2544
23.5067
24.0142
22.2515
21.9768
23.3255
27.6160
24.4700
24.2324
23.3298
22.0513
20.8127
23.7490
22.3067
22.1073
22.2681
23.0983
21.8776
21.8522
20.7389
21.0508
22.2698
23.3180
24.3290
23.7953
22.9492
21.2354
21.6170
21.4120
21.4625
23.4838
22.7422
23.7620
24.0006
23.5142
22.9673
21.3629
22.6832
21.1496
22.8634
20.7140
22.2451
20.8226
22.6298
23.2212
22.7009
24.4115
22.4313
21.6833
22.9955
20.9402
21.2124
23.2711
22.9752
23.4639
23.1852
22.5465
21.3010
23.7367
24.4590
24.9396
23.2252
22.5980
23.4121
23.7227
23.9465
21.7601
22.2878
23.9094
21.0199
22.0534
22.0918
23.3323
21.9745
21.3886
23.2631
27.9146
24.8450
22.5542
21.2542
21.5452
22.1601
22.5167
24.4117
25.8853
25.0423
25.6654
27.0861
23.5056
21.8065
21.7921
23.4039
23.0127
22.6392
23.5348
22.3377
22.7913
21.2002
20.6853
22.1662
22.4367
20.5362
21.5695
21.7593
20.6333
20.4321
19.7669
20.3992
20.4609
21.0313
20.7478
20.6421
21.6425
19.3277
20.5737
21.1275
20.3666
20.3954
20.6885
20.9826
20.4994
19.7870
20.5536
22.1375
20.1747
20.0108
20.5743
19.9886
20.2208
20.0339
21.9208
19.8227
21.3473
20.0599
20.4824
19.5526
20.3578
19.8197
20.4272
19.9760
20.0532
20.0586
20.0613
20.6628
20.3631
21.1807
20.5949
20.5189
22.9945
20.7847
20.8597
22.2088
21.3054
20.9750
20.4282
20.6124
20.7510
20.3538
20.6487
20.0785
20.6995
22.2458
20.4972
22.6713
21.9212
20.4443
20.6053
21.0279
20.1832
20.7436
20.0503
19.8290
21.1435
20.6435
20.0084
20.1965
20.3078
20.2846
20.4920
18.9278
19.6254
18.4911
19.8404
21.6876
21.0460
21.5259
20.7650
21.0509
20.3818
20.5553
20.7180
20.4621
20.6324
20.4468
20.0131
19.7394
19.0240
20.0077
20.1076
19.4659
21.7111
21.8010
19.4424
19.9485
20.7321
20.0107
21.4124
20.1297
21.2675
20.6831
20.1305
19.2554
19.3903
20.2043
20.7328
20.7721
20.0183
18.6582
20.2604
21.5164
23.1788
20.3688
20.8087
21.6651
20.4000
20.2073
21.0977
23.1787
24.1745
21.8666
22.3503
21.1741
20.6727
21.2406
21.5897
21.8350
21.9802
21.3355
22.6863
23.9784
24.3741
23.4224
23.2166
22.8471
23.2389
23.3512
23.5717
23.7462
21.5347
20.3834
22.1045
22.8394
23.6609
20.4623
20.7761
23.5913
23.1724
23.6143
24.3616
23.1118
21.8207
23.4024
22.8381
23.3118
22.1036
22.2467
26.0386
25.1590
23.5287
25.0276
23.5046
22.8895
23.1054
22.4946
23.0495
23.4086
25.2603
24.3093
23.5505
25.0087
23.1004
22.1436
22.1359
23.1913
22.7363
22.5210
22.8930
23.9758
22.2083
24.6590
25.7829
25.7035
23.7608
24.2688
24.4397
23.6169
25.6510
27.1611
26.6848
22.8942
20.9822
20.7599
22.7711
22.3196
23.4251
21.4933
21.5134
24.2465
23.6644
23.4694
23.8805
22.9038
23.1465
21.3263
22.8004
21.0739
20.7831
22.4558
21.2178
23.5360
23.7779
24.8203
22.8532
22.1224
22.2929
22.7143
21.3136
20.4478
20.5263
20.1779
22.2038
23.0950
24.0740
24.5846
23.8091
23.2283
22.6627
22.0050
22.4105
21.8692
22.3132
22.1246
22.1411
20.9104
21.9564
22.6421
22.5222
22.2423
21.8625
23.1809
22.4770
22.1957
23.5980
22.6025
23.6640
23.6878
22.0989
22.6700
23.2649
23.1654
21.9449
23.4046
21.7326
22.7604
21.7867
21.6300
22.1504
22.0201
21.2119
21.2331
22.3266
21.3171
23.0449
23.3733
24.0075
23.5291
22.6706
21.9881
23.1038
22.0310
22.3610
22.9712
22.1445
22.9557
21.9979
23.2609
22.0852
21.8149
22.7086
21.4117
21.6647
21.1219
21.2693
21.3793
20.6971
20.2323
20.9504
20.5897
20.8234
20.9000
21.0928
20.3165
20.7733
22.7259
22.5020
21.6155
21.2863
21.6971
21.0302
20.6842
22.5382
22.7710
21.0280
21.8772
23.0667
22.3844
22.4565
21.1254
20.7755
22.3171
22.7982
22.2591
20.9093
21.7564
23.5700
25.2395
22.4247
22.1083
21.3310
22.0391
22.2610
23.2917
22.7603
24.5273
23.9107
25.5367
23.0089
23.1516
22.4930
22.3093
22.4680
22.1342
23.0267
21.3155
22.0865
23.5334
23.4535
23.7326
22.0938
21.4546
22.5631
20.6555
22.6485
23.9753
21.5670
22.4547
20.5296
22.7669
22.3632
22.5827
22.7758
22.9633
23.8107
23.7857
24.9247
22.4800
24.8289
23.4672
22.1154
23.3591
21.6253
21.0886
22.3423
25.0095
22.5715
22.9199
22.7191
21.3526
23.6201
23.5779
25.8011
23.7569
22.4193
21.2681
21.8128
21.2627
23.2800
22.3591
21.9113
22.9679
21.7664
22.3632
22.7520
22.8522
20.3342
21.1012
21.2882
22.4947
20.0171
20.3058
21.6473
21.0515
20.7538
20.3448
21.2704
21.8615
22.4787
22.6850
21.2413
21.7642
21.4453
20.7346
22.8201
20.7090
21.9548
22.0227
22.0580
21.3628
22.5266
21.1484
22.4281
21.9868
21.7036
23.1498
21.7997
22.5091
20.9275
21.5050
21.8046
21.5823
23.3685
23.7179
22.6842
22.2745
22.4911
22.3923
21.7642
23.5877
22.9424
23.2624
23.3978
22.9065
22.8682
23.0937
21.4502
21.1484
21.3528
21.5362
21.0141
21.7652
20.7112
20.3146
20.9023
21.6682
22.1031
20.5740
21.1067
22.1319
20.9247
21.9371
19.2895
20.1417
19.9644
20.8606
21.3127
24.6355
24.6036
22.7846
24.6679
24.3126
22.7143
23.2412
23.2055
24.6539
24.3062
24.4328
24.0866
22.6391
21.0782
20.3634
21.5877
23.6343
22.1421
22.1484
21.2358
20.8449
22.2467
22.1822
23.8969
23.5123
24.3899
22.4185
22.5469
22.4214
23.6086
22.6608
23.4861
23.3363
23.4916
23.3489
21.8714
21.7294
21.5805
22.9891
21.5847
21.2686
21.4589
21.8035
22.2036
22.5614
23.4301
21.8028
21.7731
21.1094
21.1758
21.4811
20.2885
20.9288
20.2535
21.0804
21.1593
20.7191
23.9103
22.7713
22.4277
20.7152
21.1356
20.7459
20.2624
21.6233
21.4761
21.4781
23.4844
21.7294
22.2205
22.1885
22.2596
22.6880
22.7438
20.9888
22.2877
22.3837
22.6911
22.2365
22.3587
22.8227
21.4120
20.7849
20.9727
21.6171
20.5006
20.5769
20.9530
20.2249
21.4170
21.7941
20.6096
20.2467
20.2589
21.1655
21.8253
21.9344
22.3358
21.7557
23.5225
22.4282
22.4910
21.9901
22.0052
22.8717
23.5667
22.3336
23.3134
20.9578
21.1077
21.6078
21.7450
21.6560
22.5816
20.7869
21.3578
20.1974
21.6505
21.0438
21.2545
23.1506
21.9862
22.0746
22.4998
22.0107
22.7165
21.1052
22.0551
21.6911
21.5671
21.8680
21.9449
22.8399
22.6544
21.7735
21.6509
23.2251
21.0295
21.4928
21.2208
21.0866
20.7395
21.4781
22.0689
23.1979
23.2832
21.4046
23.0026
22.4861
23.8263
22.9639
22.3432
22.6785
22.7528
21.2185
21.1556
21.6052
21.5901
20.8633
22.1920
22.8310
24.6156
22.9143
23.3790
22.9975
21.7770
20.6142
21.6287
20.6925
23.8694
22.2332
22.7418
23.2699
23.2614
23.3295
23.5530
21.8461
23.6128
25.0716
24.1275
23.6305
21.8864
21.2580
22.2485
22.1557
22.2470
22.6281
21.8820
23.5331
23.5851
22.3603
21.5539
22.8480
21.4654
22.1068
21.6240
22.3952
21.8841
23.1308
22.5538
22.1932
23.0877
21.5399
21.1272
21.8484
22.2161
22.2550
22.7407
23.1517
23.1626
22.2981
22.0550
21.8059
22.8046
23.5260
23.0662
21.0116
20.8073
21.8540
21.2740
23.4058
22.6503
21.1794
21.8543
22.7705
22.1872
22.3529
22.5034
23.5217
22.2645
22.2174
21.3493
20.8445
21.2060
22.6697
21.4594
22.2671
22.1798
20.8036
22.0490
21.8274
22.2318
24.1444
22.7553
22.2945
23.1901
22.8581
24.0353
22.9476
22.4236
22.2287
24.7410
23.4872
22.0912
22.6781
21.6054
22.4609
22.8564
23.5248
24.0471
23.8996
22.1511
23.4241
22.9498
23.0438
24.3028
23.6071
23.4017
22.3535
22.6611
21.8942
21.7473
21.4942
21.3476
21.7992
21.2955
21.0618
21.8899
22.0702
22.5228
22.7555
22.2926
21.7948
23.2685
22.9195
21.3795
22.0906
21.0350
22.6178
22.7316
23.3212
22.8581
23.8588
23.3660
21.3997
21.9965
23.0657
23.2585
23.2889
24.1259
25.7607
25.1920
24.3472
25.8388
23.8922
24.1756
24.0218
24.8783
23.2377
23.0155
22.3481
23.2330
23.3378
22.6783
21.7767
22.8392
22.7238
22.3153
21.8157
23.3783
23.8252
23.9046
24.6703
24.3023
24.7999
21.8865
24.7655
25.7097
24.7997
23.7629
23.0291
24.6694
25.6308
24.5669
22.9595
24.1482
23.1795
22.2032
22.9019
23.0325
22.2101
21.9359
22.0139
24.1697
22.7944
22.3361
22.3146
22.3470
21.9053
23.6993
22.8651
23.3640
22.5396
22.8682
22.7756
23.2125
23.8232
22.7831
23.5467
25.0893
23.9524
25.5175
22.8401
26.0905
24.3679
25.4814
24.0136
23.4902
24.3047
24.7401
26.0048
22.8391
24.1316
22.3812
20.5023
21.0797
21.0701
20.9339
20.8640
21.6081
21.1040
22.4165
21.8027
22.7395
21.2438
23.1889
24.1400
22.8537
23.0793
23.4718
23.9284
23.8754
22.6355
22.5955
23.8339
23.6364
22.8863
23.9578
23.5159
23.9116
23.8984
22.7827
23.7299
24.4101
23.7998
23.7872
25.4534
24.3308
25.2979
23.6320
26.1473
24.7767
23.4907
23.5523
23.7167
22.6871
24.5869
22.8166
23.5130
23.2546
22.5949
23.4829
25.3687
24.4558
23.5812
22.6963
22.3802
23.0201
23.2878
22.1391
23.1103
23.0804
23.1551
21.4059
23.9212
23.5542
22.3724
23.8617
23.6455
24.1496
23.6449
23.0231
25.8176
25.3373
26.6859
26.0894
25.3127
25.8310
26.5831
26.1355
26.1460
24.4910
25.3941
23.9677
23.6257
24.7014
24.0653
24.9819
24.7779
25.4413
22.5989
23.5238
23.0740
23.9307
23.4964
25.0572
22.5932
23.1692
23.4259
23.8421
24.0711
26.0755
23.1855
23.9361
24.4529
23.0855
22.5519
23.6927
22.6930
23.9340
23.6493
22.0859
21.9780
22.4781
21.6071
22.4335
23.2351
22.8373
23.5242
22.5351
22.5548
22.6373
24.2188
23.3523
24.1765
25.5286
23.7133
22.8147
23.6171
24.1043
23.5370
23.5404
23.5547
25.1836
26.1111
25.1223
25.4524
26.1870
24.3505
24.0754
23.6917
25.6398
26.0785
24.0729
23.7614
23.4613
25.7063
26.1936
25.6519
26.3138
24.8430
24.7856
26.1608
24.7095
24.8496
23.5644
23.6277
24.2861
23.0293
23.6002
24.5654
25.6173
23.4588
24.5462
22.2774
24.1177
24.0587
24.9001
23.3523
23.7903
24.6288
23.8158
23.7936
23.2730
24.2131
22.9909
23.0236
23.0508
24.2502
23.3163
22.5885
23.6096
24.1598
24.2812
25.0958
23.8916
23.7315
23.3884
21.0262
22.9579
21.1554
23.8504
21.2946
22.3186
22.9939
22.7315
24.2285
23.2131
23.1303
23.2361
24.9961
23.2415
23.0841
21.5420
23.4103
23.4567
22.8783
23.2391
24.6406
23.8902
24.1192
23.8947
23.3552
23.7853
24.0758
23.4250
22.3942
22.5105
22.7923
22.3346
24.1502
23.5825
23.1969
23.5855
24.0906
23.0701
23.6408
22.4235
21.9424
23.1924
23.3083
24.0618
24.3360
22.5538
23.6369
22.9408
22.4746
23.5760
23.6359
24.2722
25.8151
23.5198
22.1575
24.7539
23.7335
23.0103
23.3546
23.8251
22.9349
23.4137
22.8770
23.0328
24.4831
23.1666
23.3463
22.1162
23.1081
23.9506
23.6626
23.6620
23.1750
22.6962
23.4780
22.3112
22.5155
23.4894
22.8079
21.9474
22.8184
24.0962
22.9868
23.1191
22.3354
23.2609
21.2709
23.8355
23.5188
22.1094
23.2915
23.4880
22.5453
22.8863
22.5855
22.7043
22.6826
23.0511
24.1278
22.6874
22.8475
23.7927
22.6948
23.6132
24.2435
23.3079
23.5070
22.3516
23.7242
22.6258
23.4009
22.1895
21.6995
23.1592
22.6234
21.7664
21.6077
22.5861
23.6229
23.3043
22.9801
22.4492
22.6127
21.9901
23.9153
23.6021
22.2160
20.5654
21.9416
21.9330
21.4900
20.9471
22.6954
20.8478
21.2084
22.2956
22.3752
21.4383
21.8960
21.9429
22.6110
22.4852
24.3570
22.7819
22.7898
23.0644
21.4227
21.8706
21.8953
21.3738
22.9937
23.0535
21.6397
22.5866
21.3332
21.7231
22.6431
22.9688
22.6136
22.2806
23.7462
22.5607
21.9764
23.2305
22.8032
22.2923
20.9898
20.7611
21.5769
24.0364
24.3165
24.1733
23.9369
23.8566
23.1680
22.7302
22.4302
21.8251
22.7341
20.8465
22.4875
22.0235
21.7047
21.5205
22.2533
21.8349
22.8525
21.8759
22.1121
22.0332
21.1077
23.2273
22.9199
21.2525
21.2238
20.9082
21.9314
22.3023
21.9967
21.7903
21.7138
21.7912
21.8861
22.0168
22.8083
22.7793
23.9996
24.0009
23.5189
23.6587
22.0148
21.2284
21.7555
23.1828
22.3417
22.6868
22.0987
22.0738
22.6532
22.4233
24.1909
23.5427
23.2574
23.3695
22.9722
22.5690
22.9645
23.4271
22.4799
24.1118
22.0343
23.2862
22.8293
22.9814
22.8970
21.9828
24.4270
22.4646
23.5345
22.1267
22.2344
22.3861
22.1624
20.9409
23.3562
22.3070
22.8200
23.4445
23.5385
23.1426
23.4440
23.7287
22.9126
22.2639
22.6008
22.9956
21.6172
23.0430
23.3031
22.1536
23.7693
23.1102
21.8986
21.5857
22.2163
22.7326
23.0245
22.0347
22.4192
22.8574
23.3544
23.6554
22.6380
23.1488
21.7230
22.0751
23.6398
22.7823
22.2125
23.9810
22.4018
23.7639
23.6275
22.7289
24.7301
24.8866
23.7192
22.5599
24.3919
23.6631
23.8925
22.5921
21.6663
21.8300
23.0658
23.5019
23.5101
22.8721
25.7287
24.3130
23.3433
25.0727
23.9761
23.6178
23.5301
24.4376
23.1330
23.8830
24.4368
22.7190
22.8918
23.1916
22.2633
21.8039
23.6603
25.1154
24.0550
22.7481
23.3895
23.7149
22.4817
24.0120
23.6762
23.5517
22.6493
23.6188
22.7193
22.5299
24.0704
23.4455
24.9678
24.1482
23.5270
23.6945
24.4226
23.4604
23.3675
23.3704
23.3641
24.8121
24.7351
23.6380
24.1418
25.2308
23.6570
23.1572
22.1636
24.2794
24.2059
24.7263
25.4513
22.2043
21.9325
24.6272
23.2165
23.9193
23.8216
22.9868
24.1368
23.8262
23.6841
23.3355
22.5100
23.1245
24.0642
23.9649
24.0136
22.9457
20.6322
23.1121
22.9071
24.3155
23.3674
21.9027
21.4638
23.1504
24.2357
24.1318
23.9135
22.1994
24.4073
24.1369
25.0443
23.4209
21.9428
22.6239
22.1424
22.5728
24.6273
23.5813
23.2797
23.8523
23.7562
23.2643
23.4547
23.2063
22.4070
22.2231
22.7375
22.1209
22.5191
22.5595
23.7113
22.3126
21.7399
22.7983
23.6815
22.9084
22.8211
23.7539
21.5123
23.6370
24.0352
22.4236
23.4230
22.9644
24.7573
24.0440
23.6970
22.1385
23.8090
24.3613
22.6656
23.9337
22.9195
24.8217
24.0350
24.2961
24.8481
24.3747
24.9284
24.1749
23.6225
23.2365
24.7084
24.2385
22.3338
24.1580
23.9708
22.6665
22.0876
24.8818
24.6840
23.9886
23.8965
21.6623
22.4545
22.3284
22.4805
23.4769
22.3885
21.3627
20.8615
21.4763
20.5773
23.8182
23.2291
23.6560
24.5288
22.4735
23.8421
23.7917
25.8638
23.9047
25.6233
24.5085
23.6110
23.4485
24.5240
23.2569
24.1581
26.2930
25.1019
22.9478
22.9915
23.3144
23.9882
23.8526
24.0380
24.7847
24.3208
24.5004
23.1557
24.7353
24.7343
24.4911
24.4092
24.9134
25.4008
25.5028
24.2634
23.1841
22.6963
24.1355
22.7719
23.2395
22.1278
21.9166
23.4999
23.8109
24.2411
25.0416
23.1481
26.0562
25.5043
24.0200
23.6721
22.4648
24.6185
22.9030
23.7405
23.8400
24.3722
23.8667
23.5393
24.2041
24.2571
23.4476
23.9598
23.0108
23.7286
25.3377
23.7989
25.1840
25.6354
23.6897
24.2770
24.5908
23.3036
24.7958
24.3935
24.4660
22.2264
22.5628
24.3236
23.0279
22.5061
23.2470
23.2810
23.3562
23.3123
23.7383
23.8764
23.0594
23.2423
23.5213
22.7163
24.0457
24.5179
24.6598
23.5271
22.8201
25.5596
24.4874
23.2102
22.9025
23.9538
24.3419
24.5885
23.5131
23.7432
24.4070
22.6435
22.8149
21.9868
22.4232
21.5883
22.9096
22.1650
21.3631
23.2058
24.9512
24.7812
25.5933
24.6254
23.7512
23.3643
23.5306
23.2668
22.4187
22.4773
21.8165
22.0194
22.1759
22.3757
22.3497
22.2883
23.3010
21.2034
21.6917
21.7639
23.2451
23.4060
22.3362
21.9591
24.1582
22.7597
22.4995
22.9288
22.8976
22.4864
22.8973
23.0412
22.2646
23.2815
22.3574
24.4416
23.4943
21.9801
21.8701
22.3338
22.9738
22.7584
23.0174
22.9075
23.2149
24.0258
22.9022
22.9941
23.1262
23.5339
23.6837
22.7803
22.7634
24.0621
23.3118
23.2564
23.6742
23.4452
23.7200
25.1006
22.9637
23.6386
23.7938
22.9252
23.9393
23.3639
23.2545
22.7267
23.0494
23.1061
22.8322
25.5449
25.4864
22.6512
22.8140
23.3310
21.6794
22.3392
22.4395
21.9906
23.3018
21.7329
21.3702
22.3117
21.7754
21.9300
22.1230
21.8425
21.1109
23.9752
23.2687
22.1465
22.6862
22.1182
23.8395
21.2967
22.3031
22.9713
22.3453
22.6493
22.4726
22.9608
22.3185
22.1740
22.3408
23.5533
22.2516
21.7635
23.0900
22.6823
22.5866
21.5268
24.0990
23.8125
25.0302
23.4068
23.9658
23.4493
24.1737
23.2441
21.7102
23.1213
22.2645
22.0750
22.3892
23.6433
23.3752
23.4941
23.3715
22.7007
22.4786
22.5221
22.4324
22.1311
23.1005
21.2686
22.0046
20.8875
21.6320
22.5407
22.0071
22.3163
23.1894
23.6785
24.1931
24.1162
25.1712
24.2677
23.6124
22.7582
24.4085
22.4056
22.1107
23.1611
22.8937
22.0393
23.2324
22.3504
22.1904
23.1617
22.9641
21.8799
22.3507
22.5637
21.3204
22.5507
21.1861
21.2568
22.3429
22.4807
22.6807
22.9111
22.7863
23.7146
22.1149
21.4695
23.3293
20.9697
20.9656
22.0196
23.0631
21.7253
21.5118
22.6451
24.1418
22.7528
23.9752
23.2334
22.7702
23.1769
22.5470
22.4483
22.5171
21.4738
22.6106
22.5130
24.9131
24.1127
24.2361
22.3858
22.8593
21.9200
22.0092
22.2010
23.3629
22.3365
21.8796
21.3017
22.5837
22.4303
23.0537
22.3072
23.3219
21.5635
22.1733
21.5502
22.3362
22.1661
22.6972
22.6482
22.2542
22.9054
22.9532
21.8755
23.0771
24.3232
23.9918
23.2495
22.1090
22.8598
22.8618
24.0102
22.5136
22.5984
21.8301
23.6972
22.2854
22.8460
22.2288
22.8834
22.4423
24.3440
22.9654
22.1875
21.9320
22.4137
22.3142
23.4609
22.2363
23.7395
22.5101
23.8610
23.5642
24.8532
25.1377
23.8132
22.9222
23.4158
23.0169
22.1095
23.4432
22.7956
22.7079
23.3344
23.0423
22.5601
23.5737
23.0820
24.2849
23.4907
21.8891
22.0026
21.2877
21.5362
21.3687
21.7087
21.6548
22.7889
22.6018
23.5398
22.3143
23.8600
23.9571
23.3899
22.2639
23.2252
22.5518
22.6414
22.5679
23.4653
23.5794
23.3667
22.7301
22.4477
23.0807
21.6278
22.9882
23.0767
22.9041
23.3290
22.4385
23.0703
23.1122
23.9256
22.9141
22.8451
23.2731
24.3754
24.1466
22.7006
21.5259
21.8905
21.5538
21.9643
21.5115
22.2215
21.8440
21.0741
22.8371
22.7685
22.3134
22.1184
23.6516
23.4079
24.1917
22.9746
21.2907
22.1833
22.5734
23.3072
24.3981
24.5565
23.1274
24.0338
24.3356
24.1888
24.2085
23.0177
22.1790
23.2765
22.7637
24.5371
23.3527
22.6127
25.3083
25.2918
24.2544
23.4075
23.7035
23.0853
23.3038
23.0569
23.6271
23.9004
22.2416
22.6193
22.6084
22.9637
23.0696
23.1094
21.9997
20.9998
22.6193
22.7765
22.2200
23.3012
22.8488
22.2848
22.2946
22.5772
21.7845
22.0423
23.1920
23.6445
22.0950
20.7456
22.1671
22.6603
21.5788
22.2590
21.1727
20.3998
22.0028
20.3199
21.6647
22.9435
22.2880
25.6474
23.1809
23.3276
21.9501
23.3547
23.2313
23.5773
22.0556
22.6301
23.4767
24.3997
23.0106
24.4046
22.6613
23.6345
22.7299
23.0594
22.8286
23.4745
22.6468
22.5913
24.5083
25.1044
23.8652
23.2317
25.2980
21.7572
21.5567
22.8068
22.1486
23.2927
22.6569
22.9134
22.1529
22.6720
22.1550
23.2663
22.1359
22.5380
23.3894
21.3741
21.3921
21.8468
23.4697
23.4731
21.3786
22.9303
23.7233
23.4182
22.4730
21.6218
20.7009
20.5787
19.7386
20.4195
20.0623
21.1175
22.7406
21.0448
22.6218
23.6740
22.2213
22.6433
22.7500
20.6368
20.9390
20.4524
20.9720
21.2073
21.5500
19.9582
21.4363
21.8381
20.8804
22.5193
21.2267
21.4841
20.6300
21.6467
21.2141
21.8581
22.6239
22.2879
24.0158
21.9757
22.2250
22.1044
22.5794
23.1575
22.0073
21.8527
22.1064
23.6924
24.0715
22.4344
22.6058
22.5043
24.7127
22.4931
21.6932
22.9573
22.2630
24.1422
22.2002
22.4993
23.1118
23.5690
23.5200
22.5526
23.0930
24.4444
24.5448
24.7087
23.7482
23.5502
23.0378
21.7427
20.2589
22.4945
23.0181
24.7597
24.7391
22.7425
23.0642
22.5280
21.5422
24.8632
24.0617
23.7651
25.6110
25.9627
24.6097
23.4707
23.3528
23.0643
23.0761
23.7708
24.4048
24.2217
25.1136
25.6951
23.9830
26.7181
23.2080
24.5022
24.4625
23.4886
24.2662
24.2010
23.2543
22.3605
23.4795
24.9173
22.5550
21.5577
22.1844
24.0167
23.9799
23.8442
25.3674
25.5690
22.5451
22.7342
22.4247
22.2034
22.8446
24.2075
23.4232
22.6170
23.6150
23.1314
24.9567
25.2794
25.6420
24.3214
24.9470
23.2884
23.7506
21.5527
23.3068
22.0856
24.1591
23.0767
24.2383
23.4118
23.6114
23.0168
23.4228
23.5883
24.2242
21.8931
23.8421
22.9157
24.3546
23.2182
24.8483
24.0731
21.3259
21.6996
21.3702
21.1059
23.0303
22.9406
21.8338
22.1941
22.7617
23.0260
22.4842
22.8091
24.1029
23.0500
22.7297
23.3090
23.2597
23.9431
23.1227
23.2838
23.3463
22.1746
21.7868
22.9808
24.3483
23.9084
24.2537
22.9554
23.7577
22.0882
24.5493
22.8395
22.0167
22.4361
23.6504
23.7284
23.1294
23.3743
23.1672
23.9371
22.7708
23.6625
22.8296
22.3237
23.5230
23.4440
23.1314
21.6063
22.2074
23.3015
22.5612
23.5893
23.5925
23.7170
22.9271
22.7011
21.9993
22.1888
24.4826
21.9596
21.9957
23.9575
23.2894
22.4343
23.7153
22.2097
21.3063
22.3512
22.6294
23.3990
22.7538
24.1292
23.4113
23.5193
22.0366
21.3548
24.2447
23.7086
23.4243
23.8676
22.9703
23.7523
23.7898
23.4489
22.7882
23.3231
22.7425
23.2639
22.0963
23.6662
22.5271
23.0494
23.6599
23.0566
23.6788
22.9589
24.3315
23.3733
24.6369
24.6197
25.0893
24.2566
24.2533
23.5428
24.4420
24.5421
24.2324
23.3567
22.9579
24.0420
22.9176
23.1184
23.6057
22.8870
23.8282
23.9165
23.8102
23.6762
24.1254
24.2156
22.7438
23.4559
22.9111
22.7631
24.9556
22.7657
22.7016
22.9109
22.7309
21.9064
22.4841
22.3570
23.6792
25.6636
24.3156
22.2071
24.1180
24.5603
23.9154
23.0827
24.7594
24.3017
23.6728
25.6970
22.8666
23.7565
22.8230
23.4877
24.2719
24.4184
23.1737
22.4662
23.9675
24.5391
23.5518
23.6544
23.4876
23.4597
22.8691
23.1099
23.0358
24.1165
23.9395
23.1395
23.0452
22.8557
22.6013
22.4167
22.0395
22.2880
21.9131
22.2927
22.1024
22.8978
21.3743
22.0631
22.3131
22.7073
22.2728
22.6419
21.5728
22.7828
22.1718
21.7266
21.9641
23.2418
22.7487
22.8103
22.5299
23.8569
23.4642
23.0215
22.1368
24.4327
24.5642
22.0899
23.2238
22.3203
23.4145
22.7905
21.6731
22.2890
21.0965
22.9031
21.6432
22.7174
22.9107
23.0476
21.7754
20.8410
21.9495
22.0146
22.9238
21.4822
21.8785
22.2011
21.5091
22.8881
22.0883
23.0602
23.2400
21.7242
21.5829
22.8995
21.9394
24.1974
23.0556
24.0412
24.3900
24.6827
25.2945
25.7900
24.3121
24.7726
24.4006
23.4286
23.1138
23.2679
23.7579
22.8492
24.0054
23.2408
23.5056
24.4679
24.7378
24.0210
23.3737
24.4564
24.2911
22.8688
21.9052
25.3902
25.1755
23.3283
23.3478
22.1488
24.3635
23.5981
23.2609
24.1706
23.7051
24.6543
23.3968
23.8752
24.5499
23.3645
25.5778
24.2440
24.1973
24.8045
24.1712
24.9733
24.9614
23.5778
22.6322
23.5665
23.3982
23.1981
23.1932
23.4489
22.1460
23.0629
22.0487
22.3778
24.3309
22.9229
23.7506
23.5006
24.0072
25.2374
24.3390
24.6273
23.2698
21.7479
23.9690
24.8657
22.6501
25.1730
24.5263
25.1056
22.6709
22.7242
22.7659
23.6649
22.7814
21.8300
22.6809
23.0173
23.0413
24.2808
23.6256
24.1993
22.7826
23.2752
25.1372
25.7745
23.7882
24.2044
25.6027
26.1980
25.1333
26.6905
26.4930
27.2721
24.8080
25.6282
24.7915
24.2516
24.7881
24.2110
23.1587
22.2741
22.9644
23.3993
25.5270
25.6959
23.8941
25.3389
24.4794
24.0185
23.0928
23.4547
25.1742
24.7209
24.2077
23.4286
23.2843
26.6218
27.0307
25.0048
24.2209
23.6349
25.1714
25.4720
24.7623
23.7611
23.7951
22.8804
23.3437
25.1377
25.6090
24.6331
23.9038
24.9099
24.7541
26.5777
24.4359
24.4016
24.3434
22.5724
25.3883
22.6686
23.7167
23.9901
25.0281
26.2579
24.5477
24.8359
24.5485
23.9421
25.3025
24.5816
23.9406
23.3954
23.5098
23.7233
23.9088
23.2628
23.3986
22.3934
22.8702
23.7064
23.6158
25.3006
25.4526
25.1797
25.1877
25.6769
24.9347
25.2627
24.8414
24.8706
25.4385
24.3817
24.9627
24.7280
26.3689
26.7048
22.8754
23.7092
23.2445
21.9871
22.9385
22.6457
23.0116
23.9701
24.2342
25.7313
25.1598
22.5538
21.7585
23.2633
22.9154
22.9533
23.5873
23.1072
25.7867
26.8125
25.5035
26.2593
26.3482
25.5566
25.8559
23.8264
22.9689
23.0227
23.6058
23.0659
24.9003
24.1210
25.4536
25.7485
24.8118
26.4164
24.8512
23.9970
25.2091
24.7674
24.4749
24.5051
23.7749
26.8006
27.3674
24.3155
24.3921
25.4879
25.2259
26.4225
25.3289
22.7239
23.8335
23.3671
22.7224
24.0906
23.7147
23.9090
22.3754
23.3076
24.2030
24.0998
23.2013
24.2681
23.2281
23.9388
23.1946
24.6225
24.1075
23.1621
23.9110
23.3097
27.2256
26.8103
23.0311
25.4155
25.1792
26.6550
25.1171
26.9310
26.4000
26.7957
27.0719
26.6122
28.1943
24.9423
28.6691
26.8485
26.1316
24.9099
25.1374
24.7185
24.8369
27.5570
24.0457
23.4672
23.5900
23.6315
24.7500
25.4215
24.3771
23.8556
26.3162
25.7011
25.7729
24.2372
25.1195
24.5608
24.3955
24.5179
23.9839
26.5513
25.8536
23.7436
25.8935
27.1407
25.4998
25.8674
23.3802
26.1249
23.7533
23.8568
25.4882
25.6792
24.4366
24.7667
25.2962
22.6203
24.7157
23.7021
24.8075
25.6086
23.7938
24.9815
22.0422
23.1312
22.3997
24.0325
23.0677
24.7570
22.6498
23.8243
24.7496
25.0039
25.9141
24.3411
23.1345
24.0722
22.4145
24.0133
24.8769
25.1147
23.7628
25.1098
23.3662
23.4079
24.5559
22.3778
23.2269
23.5405
23.3793
23.4188
22.6701
23.3978
24.2980
22.6682
23.7696
24.2163
23.2901
23.4526
23.3572
23.5272
26.1219
24.9249
24.5703
23.8881
25.1315
24.3832
24.9026
24.3031
23.1863
22.9691
23.5305
22.2645
22.6327
22.6164
24.4408
23.2683
23.2268
23.0984
23.4995
22.8964
22.3521
23.2433
22.7696
22.1359
23.5950
22.0962
25.5988
24.8243
24.2328
23.6991
24.3049
24.0573
23.6955
24.0502
22.9912
22.4588
22.9848
22.7152
23.6484
23.7561
23.6233
22.5443
23.1763
21.9403
21.7751
22.9177
24.0559
23.9081
23.5697
23.5652
23.1005
22.2026
21.3908
21.6721
22.3985
22.1149
24.7640
24.5102
22.9567
23.1561
23.6606
24.6251
25.3358
24.7478
22.4887
26.0483
23.8330
24.3669
24.6557
23.2271
23.4539
24.3961
24.0970
23.6432
24.1246
23.8450
22.1905
21.7573
22.4685
22.5465
21.5526
22.6621
24.0534
23.8007
22.1774
24.4172
24.9792
23.9592
23.3115
23.2638
24.5639
23.6161
22.7287
21.7909
21.7445
23.6310
24.4160
22.1863
22.7146
21.2791
21.6323
22.4862
22.3578
22.2396
24.0136
22.5204
22.4006
22.9414
21.1475
22.5118
23.1770
22.2219
22.7533
22.8904
21.8718
23.1550
23.5254
23.8703
23.2060
22.9138
23.0572
22.7052
22.7228
21.4981
22.4833
21.8916
21.5819
21.4628
20.3986
22.0744
21.0355
23.1805
23.4744
23.3200
22.7089
21.7458
24.7605
23.1234
23.4311
22.5841
21.0342
22.8168
23.1524
24.4371
23.6592
23.2065
24.8444
25.6211
22.9540
26.7539
25.6619
24.1532
25.3712
25.0299
25.4415
24.0953
25.1789
24.4158
24.7074
25.3826
26.1063
26.3318
24.8318
26.3907
23.9840
24.4112
23.4187
22.6809
22.9436
23.6733
25.4003
24.0637
24.8392
24.7243
23.8295
25.1426
25.7160
25.1906
23.5950
23.8549
24.5533
23.9890
26.2368
27.1088
26.6410
26.1603
26.7604
26.6028
24.6047
23.6251
25.1524
25.2538
25.2820
24.6476
24.5047
25.2156
23.6495
22.9350
23.8748
24.2114
24.1064
22.9353
23.3806
23.5704
23.0785
23.8601
23.3681
22.7581
22.8185
24.7146
23.3906
25.5564
25.2499
23.3991
24.6234
24.2204
24.0592
24.0996
24.3948
24.6260
24.6530
23.9000
24.9097
24.2310
26.7021
25.2906
26.6878
25.8321
22.9099
24.2560
24.2634
24.6387
25.0325
23.3537
23.7612
24.5671
24.7468
24.5089
24.7917
24.4678
23.5481
24.1299
24.6300
24.5647
23.4505
23.2415
24.3880
23.6102
24.3081
24.9266
24.0023
23.6620
23.4278
24.5370
23.7790
24.6651
26.2471
26.3241
25.1079
25.5270
23.7682
25.1868
24.1045
25.0663
24.3649
24.8174
23.9461
23.4167
25.3613
24.2293
24.6970
24.4167
25.6179
25.3035
24.5355
23.3629
23.5635
24.3807
24.2849
22.9927
27.0432
23.6889
25.2222
23.4819
23.5701
26.3724
27.2585
24.8944
23.8889
25.0247
27.1408
25.6276
24.7465
28.4242
26.3989
23.3447
23.6330
23.9324
23.6125
26.6633
23.6768
26.5332
27.6559
25.4809
25.7776
26.4602
24.3663
23.5817
23.5556
21.8095
21.7406
21.8872
22.4605
23.0927
22.7871
21.7882
22.7580
21.7047
21.4591
23.2350
25.6354
24.2152
24.1061
24.2757
22.9157
22.7621
22.9448
22.2984
22.2824
21.7214
22.3099
22.4926
22.1961
23.2075
23.3686
22.3088
23.4995
22.0235
21.6655
22.6685
22.5607
23.7694
21.8356
22.8023
23.5890
23.6512
23.8667
25.4119
25.3298
25.2934
24.4307
23.0588
23.4046
23.2771
25.1495
24.2409
24.1817
23.6806
25.6175
23.7404
25.0382
24.9282
25.2436
25.1000
25.1898
22.9967
24.2272
24.7344
24.9686
24.8267
23.5556
23.5896
23.3750
23.7970
23.2908
23.9097
23.5046
24.1991
24.6940
25.4507
25.0103
25.8781
26.9858
26.0262
23.1737
23.1934
23.0771
25.2174
22.7953
25.3313
25.2897
24.2490
23.7121
23.1249
23.6680
24.6302
24.0528
24.0385
24.4074
23.2384
22.6885
23.5181
24.1900
23.4580
23.7973
24.5351
24.8574
23.2861
22.0120
23.1294
23.3157
22.8905
23.1417
22.6449
23.1682
21.9975
23.0753
23.4966
22.4254
23.2647
22.0961
22.7421
22.0853
21.9525
23.8204
22.3481
20.9081
23.1586
22.5350
21.4946
23.1550
23.1106
22.3344
22.3938
23.2342
22.4277
22.2287
22.1843
23.5505
22.9158
24.7308
23.5644
24.3144
22.4437
22.8513
22.2418
23.4184
22.7378
24.2123
23.2005
23.2593
22.9172
23.7084
23.5401
23.4070
23.2583
23.8997
23.5373
22.1209
21.4442
24.0043
25.1444
23.0289
23.1832
23.6646
22.7522
22.5904
23.5490
25.1696
22.1078
22.5784
23.9738
22.2494
23.2949
23.4225
22.4336
22.7448
23.4466
22.3392
21.7244
22.1148
24.0186
23.4064
23.3464
23.2829
21.9319
20.9861
21.8538
22.3754
24.1577
22.2048
23.5350
21.7325
22.4329
23.8789
24.4798
24.3452
25.2052
24.7437
23.6757
25.3605
23.4956
24.7804
23.9921
24.7110
22.8885
23.5405
23.2620
23.6475
24.2761
23.3104
22.6194
23.7443
25.8357
23.5330
23.9625
24.4663
23.1766
23.6108
23.4022
23.4030
24.0786
23.7326
23.7764
24.1948
23.7747
21.9134
22.1907
22.8385
22.0846
22.3119
21.2406
21.9746
22.5427
23.3199
22.7735
23.4494
24.4874
21.5330
24.8322
24.0847
22.8330
25.2139
23.4322
23.1345
22.7846
23.4700
23.9862
23.0969
22.6316
23.2853
22.3483
23.7786
23.4169
23.6176
22.9126
23.8378
24.1782
24.5085
24.5593
22.8278
23.6731
22.9771
21.8724
22.0640
23.5685
24.2603
22.7262
22.8845
22.9885
22.4696
23.4821
23.5371
22.5126
22.5548
22.7547
22.5744
22.7790
23.1172
23.0731
24.0005
22.8447
23.0907
21.8141
23.3525
22.9431
23.4661
22.5697
23.4330
22.0446
23.6372
23.6451
23.4868
23.7000
24.0171
23.8114
23.4568
23.1323
22.4452
24.9300
24.7116
22.8588
23.6092
23.8040
22.3184
22.2064
23.3498
23.2857
23.4513
22.8099
23.2973
22.5492
21.8365
21.8640
23.1501
22.9850
23.1784
22.2665
23.0691
22.8160
25.6334
24.9613
23.9169
23.1899
21.6607
22.5631
22.5106
23.3571
22.8774
22.1132
22.4436
21.3933
23.9376
22.3936
22.5698
22.6659
23.4113
23.6171
23.1090
22.2014
20.7779
22.2033
22.2845
23.1628
23.9266
23.1574
24.0436
24.5364
24.2025
23.0514
23.7484
22.8645
23.2266
22.6212
23.7451
23.2751
22.7866
23.9368
23.7557
22.0278
23.2683
23.8731
21.3397
23.0557
24.0915
22.4634
24.0309
24.1124
24.7299
23.4809
23.6171
23.7769
22.9348
23.4614
22.4516
24.0415
23.3071
22.8199
24.0606
22.4807
23.2545
22.9197
23.2378
22.4607
22.3994
24.6391
23.1596
22.0678
23.0297
26.0223
23.8351
24.5968
23.6397
22.8009
24.1416
22.9694
23.6598
23.9089
24.9282
26.5063
27.0751
26.2564
25.3908
24.6517
24.9646
26.3723
27.0750
26.1320
24.1008
24.4653
23.9900
25.7103
25.3495
25.6081
26.0407
26.7705
25.1873
25.1428
25.0676
24.3731
23.5773
23.7998
23.2931
24.9895
25.0280
24.8233
24.2076
24.5642
24.8865
25.2992
24.5858
23.1402
24.5158
24.1262
24.2932
26.2304
25.6389
26.1197
23.9390
23.9328
25.6376
22.0999
24.8128
26.5770
24.9422
26.4263
25.7195
24.9628
23.1861
24.5691
26.0334
24.4057
23.9099
24.1535
24.5900
24.9684
24.1077
24.4693
24.0439
23.3618
23.7160
24.6339
25.2369
25.0475
23.9819
25.5933
25.0708
22.6590
25.3748
24.9680
25.1249
24.3530
24.2746
25.6859
24.6237
23.1615
23.3776
23.5644
23.4055
25.0037
24.3954
24.1794
23.4291
23.3426
22.2314
23.4503
25.5925
23.1982
23.1467
23.6287
23.7012
23.1423
23.4354
23.1927
22.9039
23.8612
24.6960
24.3599
23.9116
23.1655
23.4247
23.6716
23.6338
24.1481
23.1400
23.9418
23.7812
22.6702
22.4006
23.4245
22.9282
22.6016
23.2706
22.9625
22.8155
23.7330
22.1729
22.5913
23.4632
23.4380
22.1021
22.8584
24.1591
23.8841
24.5802
23.2273
21.6490
22.4340
22.8514
21.2760
23.4449
23.0434
23.7849
21.8787
22.7139
22.5599
23.6430
21.2486
23.3992
22.4448
23.7205
24.5654
23.3434
22.4145
24.6324
23.1831
24.3312
24.4488
24.9617
23.7425
23.7297
23.9312
24.1746
23.6405
25.2434
23.0128
23.3541
22.9325
22.2857
22.1957
22.2850
23.8028
23.7964
24.2809
22.9471
22.0318
23.1862
22.8179
23.1424
23.7959
23.0303
23.1212
23.3801
23.2443
23.5045
22.5933
23.4347
23.3337
24.3655
24.1035
24.8765
23.3911
23.9448
23.7429
23.7076
22.9124
23.1517
22.8871
23.9079
23.8101
23.5088
23.3252
22.9875
23.5379
22.4706
24.0201
22.9193
22.8815
22.8509
23.3197
24.2107
23.8559
23.6529
24.1357
23.8426
24.6304
23.6612
23.0718
25.2338
24.6457
23.5211
23.1604
26.6643
24.2249
23.9602
24.5662
23.3361
23.3775
23.6736
24.7103
24.4982
23.7645
23.3003
23.3076
22.8710
23.6952
23.3541
24.5500
22.7801
23.9581
22.6403
23.8505
23.4058
23.2117
22.9646
23.0817
22.9577
22.4178
21.8899
21.6365
21.8148
22.0560
23.0193
23.5759
20.3571
23.1185
23.0746
22.5338
21.9746
24.1368
21.0129
21.1404
23.3925
23.4098
22.2084
23.0127
22.8815
23.2394
24.0877
24.2617
24.1223
22.9060
22.1978
22.1920
23.4907
22.5237
21.9252
22.2839
20.5408
21.0053
22.3953
22.4726
24.2125
21.3299
22.1167
21.6573
22.7036
21.7286
22.7930
22.0336
21.3448
21.9720
21.2188
21.2833
22.6494
20.9111
21.6376
22.2014
21.9548
22.8870
21.4489
21.8201
21.6867
21.5491
22.2081
21.9212
24.3903
21.9945
23.7088
23.5919
21.6341
21.8602
21.2628
22.1469
21.8908
21.8005
21.8674
20.5178
20.6665
21.0336
20.7546
21.6961
21.4170
22.8527
22.4998
23.7811
23.2633
22.2519
24.2637
23.2339
22.2380
23.2468
22.0294
23.2458
22.4212
22.1456
22.3164
22.4741
22.1039
21.9016
23.1794
22.4842
21.2531
21.7917
22.3334
22.2650
21.8563
21.8480
24.2117
22.5062
21.8443
22.4699
22.4720
22.4390
21.9745
22.2308
22.6357
23.0624
22.9151
22.9064
22.5978
22.2153
23.4437
22.9772
22.2297
22.8557
22.7650
22.4762
21.7791
22.0228
22.1828
