26.6698
25.8318
27.3809
27.2885
25.9991
27.1297
26.4155
26.3947
26.2155
26.4802
29.3753
24.8969
27.2255
28.6446
26.5410
28.8710
30.0187
28.5188
27.8267
26.4457
23.9510
24.4624
26.8194
28.6430
27.2493
26.8055
26.1913
30.4622
25.0765
26.8325
25.1256
26.6060
25.0967
25.3937
27.2485
26.9245
28.0908
26.4094
26.7231
27.4986
27.8140
28.2266
27.3696
26.2586
25.8556
28.1031
26.3363
27.4759
28.8226
26.9511
26.6698
27.6282
27.1052
30.5902
29.9528
31.7663
31.5500
28.8258
29.7225
26.8074
27.9708
29.5037
27.9429
29.2039
27.8748
30.4499
28.0755
28.0280
28.9742
30.0316
29.2286
29.3521
27.3658
26.4070
26.5567
27.1712
24.9869
23.9156
26.0897
24.7460
23.9001
24.4925
25.9692
25.3560
27.1067
27.3732
25.1354
25.4774
27.2546
27.4400
26.2088
25.6671
26.1648
25.8728
26.4914
27.6937
27.8397
27.6284
25.2346
24.1781
25.2255
26.9783
23.4802
23.3925
26.2670
25.4942
24.1447
24.5914
27.0932
26.1159
26.0087
27.4731
28.1280
27.2779
29.3602
28.1919
26.7355
25.7437
25.5148
27.4140
24.8213
27.8686
27.0420
25.9684
25.1669
25.7237
27.7180
27.0820
25.2942
25.6333
25.8577
25.5238
23.6136
24.3296
25.0845
27.0619
27.7509
25.9503
26.5572
25.9984
26.1526
28.2944
27.5950
27.1256
26.0800
25.7612
27.0268
27.1476
25.8790
26.6208
26.2640
25.9866
25.0833
26.7957
26.2456
26.3150
25.9668
25.4449
25.2901
28.0943
25.5545
26.5443
26.8318
22.2663
25.5800
26.0588
25.6637
24.5496
24.7111
23.6826
27.4615
25.1645
27.8834
25.4444
24.3721
25.5901
24.3239
22.3120
23.2892
22.7229
24.4613
23.3633
23.2566
22.9481
23.1457
25.7034
24.6640
23.5832
24.7469
23.4431
22.9566
24.1753
26.0622
29.5908
27.1346
25.9553
26.6834
25.8781
24.7675
24.7266
24.6392
27.7235
27.2638
25.4007
25.4617
28.1422
25.5764
22.4086
24.2649
24.3001
24.0939
23.2568
23.2103
22.8580
23.6875
23.2436
23.9054
23.6598
24.3623
23.5751
23.2284
22.8100
24.4313
23.5444
22.3667
23.7111
21.8324
22.7240
23.5687
24.7238
23.4355
22.2075
23.8142
24.1058
22.9753
24.9072
24.2005
24.6241
21.9638
24.0181
23.9607
25.8634
24.1215
25.4943
23.9542
22.7757
23.0248
23.4304
22.7211
22.3689
23.3052
24.0067
22.6266
23.2068
23.4146
23.6922
24.5320
23.9463
23.7598
24.4214
22.9068
23.2410
24.0429
24.0217
23.6121
23.6041
23.9631
24.1735
24.2470
24.1118
22.9655
25.4771
22.4987
22.4648
23.6617
23.2572
24.2173
24.3918
24.4975
24.5665
23.8478
23.5601
26.0637
25.4463
24.6180
24.7379
23.9807
25.6474
25.2623
23.8999
25.7238
23.9690
25.1830
23.7868
24.6642
26.4318
24.6440
22.4467
24.6176
25.0899
24.0957
23.8288
23.4591
24.1581
24.1567
24.3557
24.2810
22.7995
21.8019
22.7127
22.6895
23.2115
22.7282
24.7353
24.2504
25.3323
23.0571
24.1090
24.7246
24.5280
24.5726
23.5168
22.0014
24.1828
24.3195
22.6951
23.4705
24.9469
22.9450
25.2702
25.2822
25.3613
23.8617
22.2701
24.8236
25.1167
23.7652
24.2600
25.3161
25.0208
24.0303
24.4939
23.6109
24.9166
25.0380
25.8192
25.4458
25.9397
24.2862
27.4326
25.9503
27.7102
25.4482
27.7397
27.1648
28.2301
26.4737
27.0487
26.3405
25.3531
25.1728
24.6298
26.1690
26.4944
26.1295
25.9051
26.5032
25.4891
25.8021
25.6630
26.6006
25.0229
26.9040
27.1003
26.7729
26.5052
24.3527
23.5653
25.9411
25.2953
24.6043
25.4566
24.2785
28.1166
25.5668
25.8614
25.5663
25.4833
26.6053
25.3752
27.3530
27.0647
28.9483
27.2115
27.1205
27.5303
27.2567
26.7972
25.7585
27.1581
26.4903
27.4495
27.4738
26.4614
26.0904
28.1082
26.7469
27.7627
28.2406
28.4718
26.7777
28.1557
26.6999
25.0918
28.2216
27.8207
25.0433
26.0417
26.6327
24.5352
26.1171
24.7859
25.0960
24.7010
24.7461
24.8012
26.2407
24.7871
25.1878
28.0613
24.2345
26.0423
27.1706
26.0870
26.6994
26.4902
25.6453
24.9509
23.5265
22.9590
25.3605
25.3157
26.5172
25.7196
27.0016
26.2218
24.5396
24.3636
24.7736
25.2745
25.9226
24.0692
26.5957
25.0068
26.0741
25.6622
23.6791
24.5274
24.4628
23.6516
24.3065
24.3132
24.0475
24.5611
24.9854
23.8832
23.2756
24.6794
23.0062
24.3263
25.3326
25.9837
25.5342
26.2009
26.8264
25.8382
25.7637
25.8840
25.6572
25.1003
24.5738
26.7258
26.1630
28.3685
28.8874
28.1211
25.7789
29.6719
26.8224
25.6495
26.7030
26.2549
27.5717
26.4309
27.8447
27.4155
27.2650
26.3466
26.4177
24.4032
25.9369
24.0909
23.2309
25.8858
26.6470
27.8814
25.7159
26.4232
29.4691
26.4920
25.7032
23.1265
25.1818
24.8239
26.4288
26.2008
29.4553
27.8707
25.9439
24.8061
26.3367
25.1435
25.8821
25.6943
28.1278
28.6950
29.0783
28.3386
28.6483
27.0621
28.1051
27.0265
25.0080
26.0286
29.3784
27.1073
26.2642
27.4268
27.9432
28.1091
28.3347
27.9616
30.2838
28.9496
26.9750
27.3869
29.3172
27.4657
28.1940
27.4713
25.5605
24.3224
25.8511
26.7022
28.2048
25.2365
26.0466
27.0727
25.1250
25.0838
24.6369
26.3752
26.4372
26.2441
28.4286
29.6933
27.3146
30.3115
28.5867
28.7340
28.8038
28.9841
26.6850
25.9102
23.5519
25.4113
25.4411
28.5740
29.2684
31.2308
30.4673
28.8901
28.6897
27.1956
28.4747
26.7267
27.3693
28.4596
28.6044
27.7581
29.0473
27.5709
26.6719
25.2527
26.5566
26.1650
25.0213
27.3948
26.2765
26.9947
27.6663
28.3279
27.4346
25.3798
26.5158
27.3277
25.0614
29.0507
31.1194
28.2432
29.6910
28.9371
27.2281
26.5069
24.9982
25.1650
26.5876
28.8385
29.3675
29.9212
25.7929
28.5900
28.3881
29.4543
27.6391
27.4026
28.1908
26.8483
26.7625
26.6551
25.9823
26.7869
28.0211
26.7446
27.5271
29.0352
30.8385
29.5758
27.5271
29.8265
26.2966
25.9896
24.4813
27.7422
26.8866
28.0328
27.7847
28.4603
27.9683
28.0939
29.1079
30.1515
27.9875
26.7030
29.1453
26.7116
25.6955
28.4817
26.5133
28.4305
27.8678
28.8558
26.9280
27.7105
28.8070
29.4208
29.1070
27.0949
26.1266
26.1451
28.5667
28.1118
24.4035
26.6460
27.9453
26.9944
25.3681
26.0132
26.5623
28.3084
26.9998
26.8869
24.4175
25.4542
24.2721
26.4475
26.5385
27.9109
29.0886
26.9062
28.4388
25.7766
28.0870
27.4272
26.7081
25.7681
28.5261
25.3708
27.9456
27.6024
29.7227
29.6498
32.7076
29.2175
30.3024
27.7022
27.8688
28.5379
29.0927
27.3512
26.2869
28.4948
28.5823
26.2115
24.8938
24.9985
27.2703
28.6630
28.9677
29.9822
28.7752
25.3285
27.2569
23.7685
27.3746
28.1423
27.6270
25.3480
26.0565
27.6543
29.1167
30.8836
28.5224
28.9290
26.9216
30.2262
29.1943
28.3180
28.8150
29.2590
28.0228
28.2800
30.3673
28.3882
25.6226
24.0590
26.7004
27.2930
27.0912
24.5956
24.7495
25.0237
24.8714
26.7592
26.5049
26.2797
25.4659
24.5632
25.0809
25.1727
28.7399
28.8863
28.7483
29.0352
26.4102
26.4262
24.6888
26.0548
25.7052
25.4685
23.7461
27.5075
23.8237
26.5520
27.5766
28.1286
26.0225
24.9138
25.2678
26.2871
27.0313
26.8325
26.3397
28.0685
29.6556
27.0134
28.8525
29.1229
28.6255
28.1007
27.9810
27.8782
25.0902
27.3513
27.9757
27.4499
26.7092
25.8882
25.1611
24.6259
23.3027
24.1129
26.1432
25.7882
24.1314
24.8044
27.2587
25.1565
29.0877
26.9635
26.9997
27.3056
27.7635
26.5968
26.0609
25.7592
26.6996
25.3013
24.6474
26.0910
25.2264
24.7613
22.3927
23.0632
24.6443
22.4331
24.0288
24.9745
24.0555
24.3564
24.1180
24.7343
26.1877
23.7596
24.4423
26.4450
27.3109
26.4064
23.7416
25.6298
25.0026
24.4921
26.8084
27.4147
27.5167
27.4302
25.4927
26.0698
26.1050
28.8650
24.6873
26.3084
25.3113
28.9072
27.5447
27.3496
28.2510
29.5240
27.6412
25.7071
27.8694
28.0924
27.4823
28.0506
24.8626
27.8233
27.9814
27.0109
27.3259
27.4596
28.7632
28.5205
27.5613
27.6864
27.2726
28.5272
26.3108
26.9611
27.2678
29.4589
27.2258
27.3758
27.3625
27.4810
28.3545
27.7905
26.1092
27.9663
29.4988
29.9777
30.6216
28.7723
28.0646
27.6616
30.4784
28.2530
30.0017
28.1304
28.0316
30.8524
29.6354
27.6919
30.1390
29.0623
28.1606
29.3805
31.0241
27.2067
25.5263
26.0657
27.4685
29.6126
24.9349
27.3968
26.8178
26.2826
28.5390
27.3072
25.5904
26.6167
27.5467
27.7492
24.4781
25.0302
27.5351
27.8510
28.7464
25.4385
25.5766
27.2069
26.5293
27.0937
25.2596
24.9815
24.1051
25.1163
24.1977
23.9941
25.5279
25.0944
24.3658
24.9089
22.7492
22.9633
22.3540
22.0831
22.7444
23.7370
25.7632
24.2505
27.3990
25.2114
25.0232
26.1036
27.5253
27.4603
23.5805
26.4259
26.6745
28.1582
25.5790
27.0584
25.5049
26.7088
26.1490
22.3113
24.1505
24.7900
25.1260
24.6224
23.3144
23.4646
23.2758
23.8512
24.7301
23.3097
23.1233
23.6227
24.3729
25.5355
25.2246
24.8688
24.1556
24.9174
25.4778
24.5401
24.0680
24.0742
25.2429
24.8112
23.2439
25.4570
24.3260
25.7241
26.9667
25.0309
25.4561
25.6881
24.8088
24.4406
23.6455
26.4780
27.1042
26.4581
29.3720
26.4600
26.2917
26.8325
25.5825
26.5428
24.0632
27.2962
28.4503
28.9170
26.9179
28.1760
26.1540
24.3908
26.4834
26.5887
26.0449
27.6693
27.8218
26.2697
27.2532
26.5826
25.7882
25.0111
25.9756
24.6367
27.6913
26.5572
27.5367
28.2567
25.9110
25.5440
26.7973
24.9821
24.6077
25.0965
25.3172
26.2604
27.3392
27.0799
26.6641
25.6018
27.4130
24.8525
26.4364
24.6051
25.2864
25.1181
25.1745
26.0374
26.0741
24.8661
27.5685
26.2693
30.0735
26.1939
27.4372
26.2062
26.0895
26.7712
26.2437
27.1471
27.2866
29.1347
26.7023
28.4756
28.4929
29.5844
26.9597
27.1299
26.6304
27.0216
26.6765
26.2726
26.0842
27.0479
28.3491
28.1631
28.2559
28.0204
27.3989
29.5040
28.1006
25.2113
26.1423
26.1207
26.7400
23.5466
24.0273
24.7974
25.9132
26.4384
26.7896
27.0681
25.3195
28.7795
26.2967
25.5197
25.5456
26.6245
25.2416
23.7805
23.8078
24.7113
27.8827
27.5192
27.3868
25.6266
27.9529
29.0707
28.7251
27.7062
31.0650
26.8992
28.4486
28.6671
27.7720
30.4327
30.3780
28.5230
27.1276
29.0239
29.3485
29.8779
29.9718
30.0593
30.3981
32.5745
30.6486
30.5237
30.5665
28.1061
26.3769
27.7868
27.7962
27.2602
28.8333
26.6121
27.7090
26.4641
27.1387
27.9240
27.6559
24.5677
26.1703
26.2775
27.3902
29.4619
28.3992
28.6251
27.2190
27.8340
29.0516
29.2552
29.6114
27.9953
27.6166
29.7690
29.1404
28.9709
27.9379
27.1155
27.3848
24.9965
27.0666
28.3895
26.3642
28.9124
29.7984
26.5629
28.1219
27.2640
28.1406
28.2020
27.4523
28.0679
30.3442
28.2859
28.2019
27.4245
29.7678
25.8425
29.5318
28.7645
26.6439
27.2567
27.5858
26.6132
25.4873
24.1363
26.9957
26.7286
29.0541
28.8292
28.7572
28.9568
30.1164
27.5659
27.7059
29.6419
29.8035
31.5346
29.9808
28.8376
30.6740
29.5330
29.7206
30.9345
30.0504
28.2388
28.8567
30.5668
28.8106
29.7779
30.4755
29.3120
28.9771
29.4308
28.1591
28.8901
28.8177
27.8106
30.2877
28.4349
30.1050
29.5514
27.6174
28.9975
31.3404
28.7336
30.8467
29.1567
29.1128
28.8872
30.0753
30.2035
30.6658
31.8913
32.8466
30.3190
28.9174
30.4498
30.6404
31.6353
29.1716
31.2483
31.0074
29.4128
29.8846
29.8528
30.4924
32.2264
32.2996
30.1843
31.5819
31.7647
30.7948
31.2521
28.9607
30.1489
30.1697
30.3414
31.1857
31.2338
33.5821
31.1286
28.8270
29.6285
27.6692
26.2832
25.7757
26.8438
29.6558
27.1907
30.1311
28.8358
31.5719
29.3664
28.1968
28.3996
26.8031
26.5541
27.5871
28.2188
29.3665
26.8874
28.2043
27.9433
28.2656
28.3997
25.1991
24.1860
25.8082
24.8551
25.4583
25.4001
25.5901
26.8183
26.0958
28.0979
25.9232
24.3071
23.9200
22.5347
24.1263
24.6186
24.4972
23.0392
24.3687
24.2854
25.6460
25.2932
24.8390
22.8402
25.1664
23.3474
26.6914
23.3477
24.8457
24.3842
24.1182
25.2264
24.0737
23.7734
24.1448
24.4672
23.5298
24.4189
27.3800
25.1806
23.5133
25.7640
25.4916
25.0597
29.5271
27.1825
27.0103
26.2333
24.1629
26.9575
28.2971
29.4836
27.0189
27.3999
25.6659
26.6318
27.0723
25.7794
26.9200
26.4054
25.4259
26.5500
23.6759
25.4471
25.3669
27.1888
27.2033
28.6326
25.9156
24.5113
25.5326
24.2664
24.8623
25.0933
24.9354
25.0552
26.4212
25.4685
25.0711
25.4081
25.9579
26.0423
25.4992
26.4738
25.3905
25.3976
24.6748
27.6742
27.9052
24.9845
23.8567
23.2697
25.4137
23.5218
24.9412
24.9160
26.0710
27.1987
27.1910
25.0708
25.2105
23.3703
23.5610
24.4529
24.7114
23.5700
25.9905
26.1324
25.7728
23.8758
24.6772
24.6506
24.5146
25.2980
23.9458
24.5327
27.9100
23.8715
23.6830
24.0633
25.2705
24.5183
23.9119
24.4157
25.0947
23.1927
25.2974
27.6929
28.8347
25.1508
25.7598
26.7953
28.8035
24.8862
26.0248
25.5879
25.5158
28.4090
26.1396
27.3493
28.1629
27.5173
27.5434
27.8653
26.2400
26.8573
28.8433
25.8972
25.9453
25.4289
26.4844
26.4143
24.4011
26.7859
25.2618
27.3023
26.6742
25.6705
26.0457
27.2500
27.1215
27.2851
28.7810
27.5127
26.1552
27.3107
27.6909
28.1582
27.9506
27.7555
28.1972
26.1448
25.3869
24.8787
25.1094
26.2221
25.6901
28.4802
28.1896
25.8102
27.7441
26.3638
25.5808
27.3211
24.8566
24.9102
25.9523
26.5655
25.9669
24.9584
24.7865
27.0216
26.6440
26.9142
26.4274
29.2089
28.7384
27.6815
28.6846
28.0862
30.1929
30.9750
27.0288
27.2984
30.5559
28.7671
28.1811
26.5086
27.4013
24.9724
27.5869
26.6517
28.2129
26.2225
26.7190
27.4337
26.2602
28.1745
26.2032
26.9654
24.9732
26.2234
25.1289
26.1693
26.5515
26.2181
26.9440
25.7651
26.3466
23.4399
25.3052
24.9645
24.0452
24.6366
28.6371
28.4719
25.4735
25.7804
24.3695
26.2898
25.9078
27.7688
25.3185
26.3989
24.4040
26.3121
27.7466
27.3256
28.1543
24.6868
25.1193
27.0819
23.4632
22.4973
24.3949
24.5902
23.0802
24.2157
24.3757
28.1682
28.3094
25.0576
25.4189
28.4453
26.0084
26.3809
26.8113
26.8177
28.4759
26.2822
25.3201
25.0330
27.0726
25.1590
26.7398
26.7226
26.3925
24.9054
28.2344
27.0770
24.9959
27.5471
26.6816
26.0337
25.2922
24.6690
23.7273
24.5600
26.9288
27.3830
27.2195
26.1667
25.9353
26.6456
23.4842
25.5276
26.5641
27.2098
28.5569
27.5610
27.0256
25.2795
26.0676
26.5120
26.3932
26.4896
27.3378
27.3302
25.3675
26.3471
25.1863
26.9959
25.7170
27.5610
28.0264
27.2887
28.1519
29.0956
28.0021
26.0721
25.9518
26.9112
27.3781
27.1909
28.8397
28.3208
25.7557
23.6450
25.6911
27.3362
26.1405
26.7481
26.1210
25.9973
26.1360
28.4814
28.2138
28.9828
27.8879
28.7838
25.6413
27.4145
27.9139
27.6426
28.5459
28.5341
29.1950
30.0055
30.4927
29.5806
27.8782
27.1104
27.2501
28.5161
27.5306
26.5756
26.6260
26.7638
27.7550
30.5880
29.0672
30.1201
27.3021
28.9365
27.2221
27.6466
26.6464
25.8217
23.0588
25.2976
26.3886
24.2037
26.0949
27.1343
26.4325
25.9157
26.6075
28.4553
28.0956
27.5636
27.1407
29.3919
26.8567
28.9966
30.4377
27.5025
27.8335
28.2254
26.7123
28.6310
27.5487
26.1700
25.2492
27.7308
27.0479
26.6600
26.7413
26.3503
27.3438
24.9982
25.1723
24.9260
26.3374
26.5892
28.1917
27.7583
28.4221
30.4809
27.3086
26.0298
25.7505
27.7386
28.6962
27.7473
27.2091
27.1803
27.1315
28.1971
28.0257
27.9244
29.0053
29.2175
28.4516
28.0367
28.0699
29.3820
30.1102
28.9730
28.5674
27.6604
29.7687
27.1783
28.1611
27.8460
26.4096
28.4930
27.7698
29.2446
28.8189
28.9416
27.7788
28.9246
31.4897
29.3570
30.6930
27.6882
29.2907
29.0318
28.6063
29.5136
28.0409
28.9284
26.8279
27.6003
25.8469
27.1488
26.4146
25.9143
27.9091
26.6433
26.0174
24.2792
25.6433
26.6277
26.8799
28.6553
26.9596
27.1554
29.2637
28.2799
30.3255
28.6043
28.5560
27.9253
28.2051
26.0568
26.6083
27.5881
26.6842
27.7435
26.8509
27.2721
26.9547
26.5514
25.7136
26.2641
26.4376
24.8813
25.8008
25.5175
27.0646
28.1572
27.7864
26.8778
28.4049
27.0715
27.9975
24.6417
26.4700
27.8950
25.5158
27.4020
29.2707
29.6702
29.0729
29.3752
28.9980
25.8680
28.2162
27.8259
27.0679
27.8995
27.8745
29.5079
27.7872
30.0585
29.3912
30.4725
29.9822
29.8643
29.1019
28.9973
26.9611
28.0991
28.0021
28.5007
29.7408
29.4349
29.7324
29.2800
31.3573
30.4320
27.9976
28.0135
28.1994
28.0780
29.7949
26.9023
28.9521
25.5761
26.9972
26.9429
27.7908
29.6071
30.1982
30.3557
29.7128
26.0111
24.5786
25.4925
25.3893
25.7186
26.1231
24.6666
25.6821
25.4344
27.9932
27.0504
24.9230
27.5003
24.9274
28.6553
26.8255
26.9771
26.5040
27.7562
26.5375
26.2359
26.2155
27.5134
28.2416
26.9201
27.0000
28.5020
26.3741
27.6055
25.7065
25.3128
25.6486
25.4047
27.8387
27.7662
26.7097
25.8420
29.1865
25.7245
26.4394
26.2287
26.1473
25.6092
25.0520
25.3235
27.3549
29.7452
27.2217
29.0778
26.9528
26.9776
26.7113
25.5845
28.9880
26.7693
27.4926
25.2811
27.4179
28.8106
27.2159
27.7628
29.6526
28.7381
27.8302
25.4313
27.1561
26.4816
28.3755
25.8269
26.8071
26.6555
27.7179
27.4037
26.5650
27.2894
26.4140
26.9099
27.8625
29.8475
27.3521
27.4837
28.6540
27.5702
27.5048
26.4186
28.1954
25.8860
24.7840
26.3672
25.7016
24.3605
28.3658
29.6515
27.5123
26.5877
26.6257
27.3917
24.5431
26.8702
27.0717
28.3826
29.3710
26.1312
29.2414
29.3438
28.2256
27.1987
24.2932
25.8230
25.2629
26.4541
25.6785
26.2759
27.2796
28.3905
28.1688
27.5134
28.1271
26.8998
25.4372
28.1288
27.8682
28.0298
27.0514
28.0173
29.1378
29.0652
27.5232
28.4370
27.7080
28.2431
26.3969
25.3584
24.8508
23.5859
25.3629
25.8560
25.7473
25.0019
23.8792
24.0268
24.5420
24.5520
24.9018
25.6986
22.8672
24.5875
24.9127
25.8653
24.8006
28.3240
23.5052
24.2190
24.8007
25.3145
24.9094
25.3570
23.6098
25.3318
25.6500
25.9962
23.5558
24.1451
24.9293
25.3663
26.4825
27.0367
25.6330
26.2890
26.0579
26.9924
27.2377
28.6689
26.9063
28.7623
26.3979
27.6966
26.8211
26.5023
27.6435
28.0470
27.0231
27.7209
27.6080
27.5824
28.8023
28.6668
28.9697
28.2722
28.5012
30.9348
31.0348
29.7869
29.4578
30.0560
28.2143
26.8817
27.2541
28.9909
24.8328
26.9807
25.3821
26.5796
26.8617
27.9873
27.9766
27.1570
27.6769
29.4292
28.6750
28.4164
29.0309
26.8483
25.6476
24.1655
24.9096
27.7999
26.6987
25.6434
27.2961
27.5528
28.6997
28.0656
28.6469
27.8728
27.3404
26.9374
26.4327
29.1287
28.8470
29.3850
29.4765
27.3509
25.5148
27.1801
27.9532
26.3333
25.7169
27.2476
26.4261
27.2328
29.0078
28.2384
28.6880
27.4068
27.5763
27.9883
27.0142
26.5682
27.1794
24.3850
26.8179
27.9172
26.4575
26.2705
26.1180
27.5920
28.7245
26.0072
27.4241
28.3273
27.3763
27.9429
29.0048
27.1863
28.0121
28.4108
30.4819
29.5807
27.6054
27.8761
28.6796
31.2270
28.9484
28.4567
28.2485
28.8635
27.3798
27.4791
28.3977
24.9927
26.6144
23.7682
26.7714
27.7042
28.5061
27.4575
28.1792
26.7751
29.2621
28.1656
26.4013
26.5923
28.7939
28.6442
27.4277
28.3377
29.9374
28.3855
27.3026
29.9111
28.2102
26.9325
27.6786
27.6829
25.7723
27.2872
28.0211
30.7959
28.6855
28.2211
27.4406
27.5485
26.3542
26.4113
26.9334
24.3549
23.8522
23.6277
23.5078
24.8889
24.6452
25.3149
27.0973
26.7440
27.5165
25.4764
25.4917
25.9976
29.0343
28.4684
28.7975
28.9137
25.8884
26.6672
25.2333
25.3263
25.7247
25.8057
28.8947
27.7935
26.8524
27.5471
28.3000
27.1535
27.7766
26.5948
25.5224
28.4921
27.9159
27.0583
26.0731
28.2174
24.5177
27.0651
29.2523
28.8118
30.8345
32.1460
29.8674
30.7884
26.5505
27.2516
27.6167
26.2463
29.4900
27.9058
29.4442
29.5527
29.2432
29.4050
27.8319
26.8029
29.4951
27.4360
28.7498
28.7796
29.1170
29.6946
29.2969
28.8338
26.6700
26.3609
27.2272
27.2421
27.3491
27.2136
28.6840
26.2918
25.1855
26.9348
26.0216
25.2665
25.7873
24.7936
27.5002
27.4256
27.9457
29.0736
25.7847
26.5751
26.1483
23.7480
25.6040
23.4676
22.6507
23.2491
22.1699
22.8875
23.3160
25.2806
26.8761
27.1087
29.0397
28.4608
26.4128
24.7366
27.0834
28.1648
26.8001
24.0984
25.8891
24.8971
26.3015
24.8793
25.4859
23.7394
24.3608
26.5236
26.4225
25.5077
26.6566
25.7194
23.7338
23.9085
26.1806
23.9806
25.8554
27.2897
27.7890
27.7088
28.7050
28.1967
26.5215
24.7840
26.1827
25.8838
26.7598
26.7198
28.1412
27.8868
26.7223
28.3788
25.7254
25.2179
25.6779
25.8281
27.1138
26.6294
26.9562
26.1728
26.0000
27.4092
27.2674
30.7600
28.8081
29.0355
26.8452
26.9635
27.6493
31.3521
31.0261
28.4978
26.2172
26.8125
27.9711
28.3941
28.4838
27.7285
25.0660
28.7415
28.8616
27.1149
28.2250
29.1395
30.5327
29.5003
27.4084
28.0355
29.7059
28.1251
29.5044
28.1265
27.4406
27.2307
26.4888
28.6855
26.4791
27.6804
27.5033
27.2745
27.4745
28.7918
26.4499
27.2444
25.7977
24.8215
25.7775
26.1451
25.8489
26.4830
29.1303
29.4174
25.5575
26.0085
26.6534
26.8058
25.9106
26.5706
24.9385
24.1992
25.1194
25.1089
25.7629
24.0100
25.4949
25.0247
27.0512
26.5043
25.4542
26.0431
25.9253
25.6093
26.7379
25.5683
26.2388
24.9845
25.8963
25.1082
24.4675
24.5860
28.0021
25.5552
26.2817
22.6361
22.4824
22.6446
21.6812
22.1797
23.9425
26.0977
24.6277
25.5804
26.2981
27.2866
26.4505
24.5827
25.6682
25.2632
23.4947
26.4757
25.2108
26.0320
26.7236
25.3053
27.4497
30.5466
28.5557
26.9572
26.1784
29.9248
28.8686
29.2407
30.9970
29.9788
31.1757
26.6629
28.2083
27.4105
27.1967
28.7807
29.6806
27.4188
28.1675
28.0652
28.9091
26.4387
28.7661
28.2698
26.6225
27.1554
28.4305
26.4452
27.9532
26.7459
24.4892
25.0603
26.4707
24.4225
25.9683
27.1796
26.3519
26.9256
27.0791
25.0951
24.7649
26.1388
24.6863
24.4857
25.1624
25.1818
24.7381
27.8361
28.8578
29.2263
27.5385
29.0696
29.9345
29.8646
30.4575
29.5008
31.9264
28.3900
30.5783
26.5581
27.0462
25.2449
23.0125
25.1406
27.2994
25.6576
24.8952
25.5346
26.0401
28.1586
25.4493
23.9783
25.8969
23.2062
24.7432
25.7292
24.2635
22.4408
23.4064
22.1299
22.7837
23.3765
27.1674
27.8166
27.6551
25.6209
23.6883
23.7594
25.2205
24.2019
23.9451
23.3790
24.1169
23.5531
24.9429
24.6558
23.4364
23.0629
23.1595
22.9107
21.3554
22.3207
24.0859
27.2366
25.6331
23.9916
22.9436
22.0954
24.2495
22.5440
23.7733
23.8947
21.4608
21.8905
21.1102
21.8978
21.6557
20.7008
21.7954
21.9357
22.4147
21.6460
22.7867
23.1572
22.1538
23.2748
23.7173
22.4695
23.4597
23.9867
23.1392
24.3145
24.2797
25.0904
24.7228
25.7600
26.9699
24.5603
22.9929
22.9909
23.8077
22.9287
26.9275
23.5155
25.6261
25.0990
23.7530
24.5782
23.3009
24.4930
26.1454
26.1634
24.8801
26.4796
26.3832
25.4478
28.8975
28.5670
27.3932
27.0931
27.9804
30.2296
28.6915
28.5877
26.6237
26.9573
27.0502
26.7932
29.7235
26.6146
25.5618
26.0462
24.1999
24.8187
26.6437
29.5429
27.8159
28.6962
26.7988
26.4195
27.4784
29.1716
26.8367
27.0053
26.2850
27.2995
27.4825
28.4403
28.1429
25.1943
27.0511
27.1586
27.1970
27.6553
28.5615
26.8771
28.6259
28.7892
27.8975
28.0766
26.6011
30.9187
27.0939
24.7305
24.7543
25.4870
25.9553
29.3662
26.7178
26.9366
26.0497
28.2034
30.8599
30.7168
27.0624
28.6850
28.9191
26.7493
28.4287
28.3332
26.8203
25.8461
30.0556
28.4977
26.3658
26.1137
25.7011
27.6374
29.3433
27.9641
26.5709
27.4219
27.0194
27.4089
26.5925
27.8116
28.0134
27.9600
27.8962
29.1927
27.9578
29.2612
30.6079
27.3907
27.5106
27.0780
28.0435
27.0863
28.7963
28.4859
27.4584
24.5608
25.5750
26.2371
27.1947
27.3059
27.3661
29.9502
26.6493
26.0362
26.5155
27.6979
25.6302
27.1732
26.2236
27.9515
26.9895
28.8170
26.5946
25.5914
29.6077
27.2290
27.3698
26.1315
26.0736
25.4919
26.8323
26.9062
25.7535
27.3777
27.2416
28.8130
25.5993
26.6177
29.0335
26.7758
29.3279
27.6422
27.2443
26.6726
27.8542
25.7145
25.3022
25.9194
24.1199
24.6439
25.9042
23.9959
25.9909
29.5706
26.4190
25.6582
25.6302
26.2244
28.3460
26.0719
28.7328
27.1261
25.7047
27.7103
26.4886
25.9680
24.9934
25.8223
24.9576
23.7253
24.4362
26.8162
25.6834
24.8789
26.1848
25.5088
27.2369
25.3595
26.5325
27.5597
26.5114
28.6648
28.0716
28.8440
26.1695
28.0452
26.1919
28.7756
29.1617
26.9993
26.0540
25.6725
29.5199
28.0862
27.7406
26.4583
25.8611
26.6193
26.4483
26.5599
26.9562
24.9875
27.1613
24.5537
22.8476
24.7900
24.9592
22.9031
22.9321
23.1802
20.3981
22.7712
24.5197
23.4833
23.5725
22.4985
22.1095
22.2457
24.5788
23.4565
21.8456
23.6028
26.2069
24.2351
23.3396
24.5981
23.4475
25.2765
27.6804
26.6555
28.3269
26.1197
26.2105
23.8915
24.4198
25.2646
22.5824
25.4709
22.9362
23.0325
24.4124
23.8544
25.2591
27.0869
24.8785
23.6585
23.6227
26.9588
26.1921
26.9928
25.5155
23.1506
21.5888
21.9761
24.1973
24.9054
26.2982
24.8122
26.6802
26.1363
27.1072
26.3419
24.7676
25.3905
27.2637
25.6300
21.6953
21.2894
21.8074
22.4436
22.6861
23.6548
22.8204
21.4699
21.9354
21.9566
21.2682
22.7816
22.5970
21.2682
20.9092
21.3959
21.5150
21.5123
20.9193
21.4247
21.1742
21.0292
21.4913
21.8734
21.4461
23.8889
21.7000
22.3069
22.5119
23.9139
21.4806
20.8253
22.1041
21.1825
23.3016
23.1096
24.1257
22.8556
23.6935
23.3357
25.4111
25.9018
23.4569
25.2976
25.2747
26.8292
25.7481
25.3437
25.2981
24.1759
23.3956
22.4960
23.8494
23.7015
25.9111
25.3262
25.3840
23.3156
24.1561
25.1719
26.0257
24.9021
26.1949
23.6159
24.2524
23.8424
25.2380
25.8735
24.0533
23.8932
23.7442
23.3161
23.1415
23.1560
22.7352
23.4537
23.4816
24.7470
23.6951
23.3054
23.6399
25.9017
26.8847
27.9897
27.4575
27.9907
29.0604
30.3762
28.0793
25.6472
28.2648
25.5580
23.3601
25.1626
23.5246
25.3562
24.3827
24.2641
23.1742
23.5900
24.9084
23.7246
27.3906
28.3257
28.1879
24.6591
25.5443
24.6144
23.5973
24.6451
23.9602
22.8789
23.3578
25.7546
24.8529
28.2410
25.3299
25.7537
24.1143
25.7372
25.2778
22.4848
23.9790
26.6073
27.2776
26.5046
26.8084
28.8740
29.6645
26.4379
26.6710
27.7009
26.3740
26.5004
24.1899
27.0535
27.4296
25.0440
27.3295
27.7129
27.3002
29.5582
27.9523
25.3740
28.1221
26.1753
24.4462
27.0309
26.2801
26.9311
26.2808
27.0113
28.2843
27.1163
24.1917
25.2666
27.3880
27.3329
27.3856
28.4933
25.5664
27.7449
25.9681
26.1855
28.3695
28.0714
28.7470
29.6005
31.5147
32.3273
30.6980
28.5575
29.0672
29.2078
28.9609
28.0130
27.5363
27.9668
28.2357
28.1099
30.5943
28.1879
28.0405
28.7709
28.5841
28.3899
28.0541
29.2584
29.2161
25.3322
24.0961
26.0784
26.0527
26.3970
26.2950
25.5502
24.6101
26.4093
26.4309
26.8327
24.9938
28.7803
24.6324
23.5808
26.1374
24.9251
27.6034
26.3333
29.4561
28.7310
29.8996
26.7672
28.0163
27.5928
27.0984
27.7865
27.8724
28.3297
29.8130
29.9707
30.4645
28.0760
27.4530
27.3319
25.8423
27.6351
27.5038
28.8847
28.8689
29.0181
28.5764
27.1564
27.8810
26.1049
27.6310
27.6467
26.5379
29.3889
29.8778
27.2445
27.7431
26.5449
26.5973
26.1905
26.4212
27.9248
26.9630
26.9534
25.9935
28.2601
26.7917
26.7640
23.6018
24.8464
23.3565
25.5169
29.6356
27.7629
27.9819
28.4634
26.6772
26.6945
27.5546
28.5726
28.9927
28.8507
29.0500
27.8436
27.1729
27.6844
28.5733
26.1269
26.6365
27.4998
27.5696
26.6086
27.3606
28.3129
25.1665
25.8473
25.5408
28.9934
29.7459
31.3139
28.7399
25.7555
24.5153
24.6420
25.0315
26.3799
23.7478
24.0056
22.7969
23.6253
23.1473
23.9968
23.1097
23.9186
24.1336
24.6539
25.5884
25.5700
27.6271
26.3250
30.9776
28.2330
27.6233
28.4637
28.9044
27.6942
27.8418
27.0206
26.8066
26.9049
26.4242
29.6100
27.2958
28.1274
26.2640
29.0006
27.1730
28.1588
29.0371
28.5351
27.1916
25.7854
26.2098
27.1648
25.7123
27.6172
27.3160
28.2576
29.4508
29.7986
28.6446
29.0150
30.9281
28.9316
28.0084
27.7091
28.0746
26.5609
27.8769
27.3755
27.5262
30.9368
29.4641
29.7066
28.1665
30.0953
31.4457
29.9136
28.3820
30.8350
30.9229
29.2348
28.0207
28.0717
30.0812
29.2775
30.4264
30.5024
30.2604
27.5169
27.4600
29.0016
26.1741
27.4075
27.6871
28.1054
27.9008
30.0091
25.7704
26.3536
28.2946
28.2323
28.1201
27.7215
28.8674
30.0227
30.8116
29.5073
29.0612
28.6326
29.5812
30.2921
30.0089
30.7747
29.3125
30.0192
29.7055
28.0155
30.2634
28.3422
28.9502
28.6729
27.8878
28.1903
27.4952
30.1676
28.5685
29.6969
27.1334
28.2364
30.0943
29.3591
29.4607
30.6828
28.5373
27.7180
31.5772
26.1574
28.7780
28.0212
25.7670
24.7049
24.5857
26.3155
29.1586
27.5746
27.1793
27.4960
27.0081
27.8222
26.8501
25.5298
28.2633
25.4172
26.7309
25.0548
24.3100
25.7211
24.9667
26.3778
26.5674
26.2398
25.3895
26.3513
24.9230
28.0813
27.8852
26.0213
26.4715
26.7964
28.7162
27.7149
28.1339
28.3010
29.2724
29.0509
28.2454
30.6555
29.5296
32.2383
29.7623
29.6614
27.4318
28.4573
28.2974
29.0804
26.8271
28.7737
30.6266
26.7933
22.5067
28.6687
29.4355
31.2374
31.9920
30.5251
31.9506
31.5713
34.6583
31.9852
33.4471
32.7430
32.0917
30.3341
28.2790
30.8850
29.7077
27.5230
29.0663
28.8152
27.9612
30.1606
31.2472
33.5910
33.7647
29.0587
36.8724
38.0964
35.6743
33.4669
31.5920
31.8620
33.0936
26.5187
27.7836
30.1648
29.7314
26.8441
28.5577
27.5815
27.3790
32.1632
29.7821
28.7718
32.6319
32.1445
28.7673
25.1065
28.8124
24.7770
25.6551
28.0362
24.8459
28.7665
28.0840
24.3201
28.4491
25.7879
24.8671
24.7049
24.6607
22.2123
22.9222
23.2607
24.4306
25.6000
26.6500
24.9657
26.5650
26.6999
26.9016
24.9746
27.9374
26.0231
28.2448
28.0101
26.7844
25.4622
25.9254
24.8777
24.3460
25.4415
25.8330
27.5140
26.1970
26.3265
28.2285
25.1926
28.0085
26.6413
24.6161
21.9012
25.4134
23.1650
23.7815
21.8412
25.8883
25.6902
24.9277
23.6732
25.9009
23.8127
25.8595
25.0664
24.9049
25.3685
26.7432
26.5749
24.0862
23.0657
22.5295
24.8894
27.0153
27.3395
29.2908
25.0462
27.0861
26.3514
25.6688
26.9346
28.0587
26.5998
29.6912
28.4898
26.6647
26.3558
27.8591
26.9414
26.4980
23.2385
22.1547
24.5038
23.4933
25.6170
24.6357
23.5263
23.1985
23.9955
24.7393
23.5479
21.6658
20.7660
19.4297
20.8414
21.1274
22.4709
21.0259
22.0557
21.4385
22.1929
21.3386
23.3454
22.7667
26.7001
26.2360
28.1162
26.8268
26.4336
23.2671
25.2408
25.3011
23.0770
24.6806
24.1274
25.4939
27.0166
25.0796
24.8470
23.3184
22.9476
27.1632
26.8882
27.4493
26.3310
27.4037
25.7460
26.1387
25.0421
25.7561
27.2476
28.5276
31.3529
30.0509
32.4032
32.8405
32.4130
32.9498
31.3845
24.7194
31.6692
31.3383
28.9475
29.1102
30.1158
32.4188
26.8536
29.6433
30.5472
31.7985
26.6777
26.8964
27.6949
30.0599
26.1451
24.4445
24.5298
27.0625
24.3228
24.8559
28.8876
29.0992
28.0845
26.5684
27.4659
28.3225
29.6803
26.9634
27.3476
26.9040
24.7650
25.2842
26.4591
26.5288
23.2956
25.2370
21.2968
22.4246
20.7801
24.3414
24.7434
29.4463
27.2721
25.6635
24.9422
26.1445
23.4630
24.0590
28.5500
28.0551
26.6326
22.3490
23.4444
24.1562
23.2089
24.2356
25.8429
27.2799
25.5535
23.7285
24.1888
26.1076
27.0463
28.2370
30.2426
30.6843
32.0966
30.9979
31.3805
32.6182
31.9105
33.4525
28.8312
27.7533
31.4873
30.6465
31.7363
32.5415
33.3571
34.6179
33.4527
33.8576
33.3670
32.3808
33.7228
35.1856
38.6513
38.6844
38.4588
40.5303
38.8978
38.9233
34.5142
33.7183
31.9651
35.4904
34.8071
36.7338
34.9152
37.2702
36.2631
36.3054
34.6309
30.4909
29.4427
28.0646
27.6419
27.4697
29.6753
31.4702
31.9758
29.3638
29.5153
31.5635
27.6842
29.3249
27.3631
26.2736
30.4957
33.3364
33.0860
31.8363
30.4735
27.8944
29.9768
33.3791
32.8666
31.5409
29.4601
28.2552
30.9962
32.9144
34.6086
35.0761
36.6175
34.6111
37.5711
34.5831
33.3166
34.2790
32.6584
35.8264
33.6340
31.9708
32.7945
36.1733
34.6410
35.5972
34.8429
29.6925
28.7033
28.9030
30.6742
29.1693
37.2435
37.4792
35.1930
34.1245
33.2293
34.1927
31.7626
29.8018
34.1799
37.8258
33.5735
37.7674
35.0970
33.1616
34.3152
31.2469
29.1360
30.0709
31.2691
30.3361
27.3987
30.7361
29.7266
29.4732
30.3143
31.2918
27.1479
27.0216
31.0913
31.3715
27.8283
27.3116
29.7666
28.1869
28.5366
26.7439
26.1304
25.3644
27.7812
23.1233
25.6050
25.4667
23.4679
28.6012
25.3201
26.9329
28.8572
30.3352
27.8301
22.7203
25.0196
23.1325
25.0382
24.0483
26.2902
31.0286
33.5232
34.3849
32.3146
29.5493
29.7127
29.8254
27.6541
28.4457
32.9775
30.1928
31.9350
31.3392
27.4554
30.4099
28.8188
26.3180
28.6833
30.2187
30.4523
29.5411
30.8711
38.0089
34.7267
34.6609
36.6627
35.7918
29.7850
30.2104
29.8738
30.2725
30.3493
31.0313
31.9670
32.8148
30.3232
33.4470
28.1939
32.8410
32.8901
28.8931
30.2195
31.3082
28.1050
27.2882
26.2099
30.3396
30.5466
31.1457
34.6934
34.3900
34.5581
33.6730
34.9709
35.3557
37.2613
37.0905
36.8390
36.1563
30.6599
31.9941
31.7151
31.2021
27.8464
27.6818
29.6249
27.7956
28.8375
28.4457
30.9184
33.6046
35.7047
34.2004
32.7007
28.3553
30.9299
31.4514
32.6694
32.9221
31.3963
31.6023
32.1089
32.3923
28.4806
25.9086
28.1646
26.8516
25.7017
26.1788
29.4516
31.3831
31.7482
30.9925
31.1180
32.0881
34.6447
31.9997
33.2179
31.5447
32.8153
29.3084
29.5052
29.0011
33.1952
31.4570
30.7875
30.1540
30.5474
33.5796
31.0417
30.6794
29.5602
25.0618
31.3090
29.1731
28.6399
30.4227
28.4862
27.5664
32.4660
33.7274
30.8399
35.1343
35.6070
35.8524
34.0482
31.6756
32.5681
35.9894
39.1923
33.2082
31.7943
34.1365
33.6612
35.7547
35.6603
33.1069
33.2333
30.6579
32.2694
32.6147
33.9627
33.8943
32.1661
33.4925
34.8115
38.9102
35.2543
35.9043
35.6209
35.1762
30.5594
32.1548
33.2705
33.7566
33.3205
34.5824
32.5791
32.5900
34.7678
40.3450
37.0664
35.7186
37.4740
37.9462
34.9429
35.0035
32.6509
35.0256
32.6645
34.7909
34.4587
35.6996
36.9590
34.3378
35.8758
38.3707
37.3315
36.3575
37.3712
38.1478
36.0044
34.0754
34.3110
36.0179
34.6025
35.5342
36.1713
38.2545
38.2958
37.5410
37.0397
33.8389
33.8434
31.8704
36.5723
31.0624
34.6031
34.2457
30.8511
28.0461
27.2253
26.1093
25.8632
26.1947
25.9747
23.1998
28.3339
25.7728
28.6665
30.1543
29.5877
26.9423
28.2561
28.8535
28.9904
26.2654
22.8162
25.5346
25.1329
28.7554
26.3562
25.4050
27.1575
26.8587
27.0870
26.4689
29.1134
26.7695
27.2496
26.9948
30.7266
30.6300
31.6550
35.9618
34.9919
36.3133
35.6284
38.5966
34.4506
36.8186
38.2174
35.7099
36.7917
32.6178
33.0626
34.5739
36.1894
35.7623
33.5001
37.2381
35.2981
36.6920
36.2497
38.3267
33.4664
38.5012
38.8188
38.4188
36.0824
34.5491
35.1018
37.5441
36.6708
38.1076
35.0251
31.2536
31.9389
34.3500
30.5376
31.7401
34.1814
34.2969
31.1735
32.6791
30.5363
31.8180
31.1797
31.8971
31.9575
28.5453
31.1665
25.4097
28.1981
28.7471
32.5348
30.0834
29.5305
25.7639
25.6074
24.3544
26.5658
30.2532
32.5468
26.9573
29.8703
31.4692
30.8846
31.3160
30.9845
30.1154
30.8074
26.6326
29.3368
29.4372
28.6252
30.3278
27.4002
28.7078
28.0345
29.2055
25.2302
23.7705
27.3302
30.2851
26.0193
23.3754
30.3511
30.1959
27.9160
30.5587
28.9868
31.0141
27.5818
26.8861
27.6876
27.0512
25.8629
25.4850
25.3974
28.3022
29.5592
28.9156
27.9298
23.3437
26.5712
27.9697
29.2597
27.0250
23.3439
29.0338
26.9370
32.4491
30.7782
28.9826
31.6652
30.9746
30.7150
30.4699
32.2769
35.3367
36.1572
32.1010
32.0314
32.4487
31.8590
30.1133
27.4631
28.1493
33.6537
29.6656
29.6965
32.3835
29.1193
31.8058
33.1551
31.4550
31.7650
33.2943
28.7048
32.6644
34.0331
34.6814
32.3207
31.6966
32.9957
29.6923
32.4465
33.9340
34.3529
33.2439
33.8127
32.2626
33.2890
31.2577
26.4066
27.3332
27.7667
28.7856
27.6874
25.1041
27.6135
26.0394
28.2511
28.8563
33.5623
30.9111
28.0355
32.8823
33.9255
32.8487
31.3309
31.9608
29.0698
28.6642
32.8226
27.8738
28.9055
29.6300
25.3041
25.2725
28.2822
29.0084
26.7940
28.2646
27.5534
28.1493
28.3680
30.1243
33.4419
29.3683
28.7237
27.0275
28.2700
31.3677
29.5258
26.8277
29.2898
28.0841
29.5732
29.0220
27.9439
28.0506
28.4113
31.4873
27.8946
26.3216
23.3884
23.3043
24.9459
23.3405
25.7173
22.2481
20.2531
20.8545
19.2000
22.6773
21.1452
22.1160
20.2548
19.8009
21.1071
20.8937
23.3864
22.3912
22.3899
21.6159
21.8839
20.3097
23.2376
22.9335
22.3076
21.3466
20.3563
23.7072
22.6345
27.3505
27.7600
25.5007
23.2804
23.1339
20.7027
24.3134
24.8695
24.8030
27.9923
30.2782
25.2069
22.2498
25.1039
22.1970
24.8543
22.5890
24.0762
22.7562
21.9274
24.8608
25.4777
25.1071
25.4433
25.4889
28.4158
27.5476
26.4167
26.3522
29.0225
28.1361
27.7430
29.4721
28.2000
27.2570
29.1509
31.7252
29.3610
29.8110
28.9542
29.4892
29.2594
29.0051
27.2373
27.5250
29.8599
29.3035
30.5201
32.1488
30.5950
27.9178
26.4013
24.0958
27.0098
27.9154
29.7283
25.7379
23.6830
24.8741
27.8684
27.3702
28.4343
25.5203
25.1591
25.4114
26.5884
23.2611
26.1029
25.9437
24.4805
23.9306
24.4286
24.3501
23.3017
23.9452
22.6710
24.0241
23.3409
23.2965
24.4100
22.5539
23.1319
22.5636
24.5528
25.1033
22.1826
22.7632
23.8562
23.1039
23.9142
21.8516
22.8113
22.5882
22.1279
22.9076
22.3575
23.1472
21.1227
22.7968
23.6093
23.0375
24.0815
23.6511
22.8358
22.6856
21.9902
26.5864
25.2789
22.2865
24.3217
25.5806
25.3766
24.4827
25.2164
24.4224
24.6833
24.0424
25.7124
25.8825
25.1142
24.2834
23.1964
21.9803
22.7407
27.4840
28.1666
27.6691
28.3101
27.9580
30.5259
28.1128
27.8919
30.8257
28.3053
28.5111
28.0511
27.1741
26.0868
26.2503
24.1572
24.6236
26.7033
26.7708
26.3044
25.2913
27.8975
27.7135
26.5008
25.7833
23.1643
22.9250
22.4949
23.6102
26.0575
23.7512
24.4912
24.1281
24.9212
24.6196
24.2077
24.2331
23.7996
23.7445
23.8304
23.6023
25.3390
24.4275
25.1944
25.9647
26.0002
24.3357
25.7547
26.0855
26.9817
27.6417
26.1561
27.8905
28.2566
27.4313
27.0041
27.0168
26.4496
26.4465
27.7842
27.4910
28.8055
28.4710
26.8094
29.6403
28.4650
30.0266
24.0840
27.9796
24.6516
24.9459
27.3680
25.8816
26.9764
27.6850
26.4010
25.4435
24.9594
27.3108
29.0460
28.3828
27.5000
28.4618
29.6046
28.2390
30.6299
28.9520
27.6044
27.5942
27.9181
29.3927
29.6479
27.6208
26.2497
30.5340
28.6434
28.2448
27.0416
26.7923
26.4339
26.9176
27.8349
26.8111
26.4234
26.8684
27.4829
26.0292
27.5114
29.5058
28.7779
29.0282
28.5245
28.6208
27.6312
25.8098
26.3324
26.0762
24.4102
23.5247
25.0467
24.0676
23.9635
24.8783
25.7827
26.3336
26.4655
23.9152
26.5301
25.5448
24.6448
27.1034
29.1545
28.2712
28.6028
27.1006
27.2304
26.8796
25.5708
26.4530
25.6910
27.1474
27.5481
27.6209
29.4127
29.6105
29.5416
26.7778
28.7505
25.9588
25.4040
29.6147
29.2294
28.3233
29.6124
26.9509
25.6590
24.5551
24.3982
24.1782
23.4184
22.7057
26.8553
29.0899
30.1863
29.1823
30.2854
29.8444
28.6784
29.6314
30.1911
28.5845
27.6875
28.8343
29.2958
29.7636
28.1072
28.5022
28.4877
28.3068
26.2663
27.9628
27.9589
25.1688
28.0252
29.4148
27.4373
27.0009
26.4246
28.5148
25.1059
26.5884
26.4947
25.8043
26.8150
27.2603
26.8265
28.0469
27.1964
27.1311
26.7404
27.6611
26.7877
27.4148
28.7517
24.1710
25.2892
25.3506
24.5349
25.6984
24.8098
25.0011
26.5017
26.5287
25.5635
23.2145
23.3916
27.0283
26.2744
27.5634
26.7345
25.9629
28.2683
27.4216
28.8657
28.3958
30.1875
27.4920
26.9557
29.9126
27.8872
28.7265
27.8455
27.3719
31.5701
28.9393
28.9682
27.2563
28.1625
26.1546
25.0770
29.1772
28.3401
28.0086
26.5684
27.3451
27.7366
26.4466
25.8734
27.2724
26.5285
26.3323
26.4912
27.2027
26.1972
26.2808
28.0124
26.0616
25.6970
25.2759
25.3927
24.9961
24.9640
27.5285
26.5188
27.0077
26.6973
27.0706
26.5466
27.4320
26.1968
28.5357
29.6648
29.9063
28.8741
28.1256
29.5508
26.8196
25.9285
28.4816
28.0882
25.8167
27.9432
25.4551
28.7584
28.9171
27.9846
28.0694
26.0405
25.3961
28.1550
27.6011
28.2632
28.1515
24.5208
23.7310
27.6678
24.1643
25.0754
26.9148
26.9745
26.6302
27.9491
26.6220
27.6005
24.5237
25.0924
25.2946
26.5534
27.3710
24.5592
26.7674
27.7647
26.3377
29.2355
28.4955
28.7480
29.1747
28.2083
28.6748
27.2414
28.2108
27.6484
25.2441
29.5821
26.5396
28.1049
28.4158
29.2520
27.0902
26.8493
30.4075
28.0874
30.0014
29.2515
26.8318
29.4812
31.4168
29.6649
29.6089
30.8212
28.2577
29.2129
31.1406
29.1008
27.4227
25.7419
24.1346
27.2212
26.7861
27.7151
28.2435
26.9545
26.0001
24.1911
26.5289
27.7585
26.5655
25.5439
25.3871
26.0927
24.4810
26.9623
26.1652
28.6806
25.6804
25.2113
24.4382
24.8747
24.4649
24.0849
25.0602
25.7333
24.2331
23.8701
26.0918
26.4454
28.1612
25.7084
29.0977
26.7558
26.1281
24.4129
28.1924
25.6139
27.5319
26.8810
27.3604
28.8010
26.5967
26.7101
28.7405
27.8976
26.5899
27.6343
24.9009
27.4302
26.9904
27.5737
28.2217
29.4972
28.8280
27.8321
29.8006
28.7672
27.2692
27.4754
30.1672
27.4146
28.7373
28.7010
26.6349
27.7591
27.8586
28.2636
27.0403
28.5234
28.1979
28.4082
28.0857
27.4216
27.1413
27.3918
29.3969
28.6781
27.0696
26.3834
27.2992
28.7859
28.1229
26.6098
27.3719
26.0277
27.3358
26.8784
27.2006
28.4490
27.4429
30.4965
26.0690
27.3215
27.4256
26.3353
26.5989
26.5209
28.9567
27.2363
27.7157
26.1595
28.2044
29.0381
26.8636
26.1482
28.5336
25.8304
27.5839
28.4283
28.9667
28.0016
28.6415
27.8358
27.2341
28.9093
26.0907
29.0928
29.7875
27.9678
27.2447
28.7395
28.8020
28.9388
26.8673
30.3291
30.0018
31.0950
30.1181
27.0703
31.8390
30.9907
29.5556
30.9675
29.0303
30.1578
29.8746
27.5342
29.7662
26.5962
29.2067
30.6361
28.7301
28.8279
28.8099
29.3237
30.6834
29.4291
29.9833
31.5042
28.0234
26.7452
28.4562
26.9585
26.8202
27.4510
27.0934
28.2182
28.5512
25.6645
26.2510
28.1894
27.4183
27.0966
27.7604
27.1688
26.9724
28.3997
26.7338
27.5607
28.0637
29.3754
28.4485
30.2216
28.2997
26.0920
25.4832
25.7070
27.2831
25.4666
24.5593
25.6611
26.5738
26.3137
25.8259
27.2925
27.1620
24.2049
29.5854
29.0630
29.7894
29.8248
29.1844
28.3467
28.7107
25.6514
26.4794
28.9023
27.3112
27.1504
28.4793
28.7535
30.6810
29.1608
28.4109
27.3859
27.0212
27.5925
24.7428
25.2010
25.9058
27.6611
27.1830
25.7936
28.3964
29.5096
28.9547
28.4414
27.9025
26.5075
25.5366
25.9713
24.8889
26.0871
27.5692
26.6398
28.2097
25.3803
25.2390
25.6924
28.0406
27.9509
26.9719
27.3722
29.0715
29.1878
26.5590
25.7449
25.9159
29.3752
28.6730
29.6555
28.8270
27.8641
28.7938
26.7034
26.5654
27.7194
26.3846
27.9351
25.1377
27.1977
27.0106
27.6369
25.6325
28.9413
27.3131
27.1464
27.7256
27.8495
28.6029
25.4776
28.3465
28.4901
29.1908
30.0601
30.0273
32.4015
28.1603
29.8622
29.4723
28.4595
28.7459
28.3983
26.6816
28.3616
28.5302
25.8653
27.7729
26.9677
26.2699
26.7703
27.2876
26.4913
27.5732
28.3063
27.0294
28.5175
27.0905
28.9726
27.1547
26.9557
30.4204
31.7397
32.6814
31.2295
29.6411
29.1609
26.6947
26.0749
27.2729
25.9344
27.1857
27.9866
28.7393
30.7798
28.2384
28.9560
27.1996
27.4055
27.7084
26.8957
27.3894
27.4053
29.5165
31.8042
31.4718
28.9695
27.1372
27.3157
27.7925
27.4157
27.5166
27.1655
28.6369
29.1490
26.7011
28.1177
27.3664
27.3566
27.1266
27.4130
26.6899
27.2726
26.4630
26.5647
27.3906
28.5571
27.6851
25.0561
27.0328
27.4935
28.3063
28.2985
26.0753
27.1766
26.1806
28.6265
28.5691
29.3047
27.6886
28.0221
26.7490
26.3936
30.9588
30.5549
31.1869
29.8391
27.2826
30.8925
31.4317
30.1898
31.6101
30.1664
29.0027
26.1752
30.6753
24.8128
28.7698
30.1111
30.0168
28.6664
29.5326
27.6862
28.4489
29.9000
29.0925
26.5405
24.6162
25.8515
25.0943
29.4978
29.7649
27.9964
31.9785
30.0646
30.6638
26.7653
27.7459
28.1206
29.7200
31.6049
29.0586
33.1248
31.7031
30.7802
29.2637
28.1748
27.8828
26.0449
28.6116
27.5626
28.5967
26.3416
24.2681
22.8003
26.0872
23.7059
25.1724
26.6325
27.8383
27.0878
25.6391
27.0118
24.2617
25.5159
24.7971
28.5918
26.9442
27.0415
26.4634
26.7054
27.8604
26.5992
28.2079
27.2889
26.4275
27.8195
26.7242
25.8577
27.2712
27.8926
28.0799
26.1063
25.6709
27.2381
26.5634
27.1227
27.1800
24.9878
27.8427
27.9449
27.4151
26.7033
26.1030
26.4481
27.4147
24.9834
27.7653
26.7222
28.0725
26.0717
26.0449
25.4824
25.5406
26.8748
27.3108
25.7069
25.1413
26.2285
29.7717
26.7665
29.0479
30.7515
28.1158
27.9436
29.4573
28.9432
28.9559
29.1657
29.2881
29.0976
29.2758
30.0701
31.6501
29.8104
29.5932
28.2360
29.6619
25.3805
28.3551
28.8865
27.0449
27.1039
27.6586
26.0293
26.1388
25.7439
24.9032
25.2982
25.1811
26.6425
27.5633
27.1301
26.0525
25.8396
25.6083
24.6637
26.7720
25.4029
24.9013
22.5494
24.6055
26.1796
25.9983
26.8820
26.8968
25.6224
26.2992
26.3341
26.3900
25.9711
23.7098
26.2217
24.6311
25.3458
25.7117
27.2543
25.6091
25.2090
24.8732
25.8601
25.0297
24.0141
26.8944
29.7811
27.1953
24.1372
23.6940
24.1252
26.9788
24.4862
21.9969
23.9118
24.7628
24.3738
23.7425
23.8452
25.6814
25.9060
27.2507
26.8344
25.5666
27.2223
26.9582
27.6882
26.6885
24.9147
23.7052
28.5988
28.3390
27.7010
26.9533
28.1429
26.9637
28.1521
28.5079
26.6660
26.4086
25.1839
29.1092
30.0845
27.1354
27.4947
28.5345
29.9667
28.9532
29.9530
29.9388
29.5080
31.5644
30.3441
28.4232
26.0087
24.2377
23.6596
25.2608
23.9789
24.1694
25.4628
26.8204
28.0256
30.0334
27.6256
26.5543
28.3741
25.4083
24.3484
26.0169
25.5869
25.3618
25.4103
24.3787
25.6664
26.0230
24.2229
25.3739
25.3532
23.4152
24.2163
23.6565
24.7119
24.1370
22.1502
23.8684
25.4698
25.2409
23.9205
24.3363
24.7814
23.0624
23.7615
23.8232
24.2640
24.5137
24.7822
23.4270
26.0429
23.5854
23.7737
23.6971
24.5834
26.6117
24.7454
25.5233
23.1732
24.5582
24.1409
25.6552
25.0845
25.7821
25.6399
25.5221
24.3003
23.7559
23.1140
24.1747
25.5329
23.9728
24.1945
23.4638
22.8913
24.3063
24.0210
25.2076
24.0445
24.5811
23.3477
24.5995
22.9691
23.1061
24.9437
24.0460
25.9791
24.8134
22.3426
23.7505
21.8076
21.5711
22.3591
22.4960
24.5669
24.4336
24.4267
24.9791
22.4542
23.3475
22.5544
22.5273
23.0549
23.8740
22.6599
24.7101
23.4165
22.7846
25.5805
24.5381
24.8738
25.5962
23.5150
22.6432
23.4060
22.6148
24.4606
25.6671
23.7375
23.7108
24.9413
23.9016
24.2560
24.2484
23.2185
23.4077
23.4799
23.9711
24.7356
26.1034
24.7098
24.6044
23.7042
23.4800
23.4002
25.0086
24.6615
22.3531
23.3488
23.6540
23.5903
23.6056
24.2622
23.0477
23.0856
24.4323
25.3496
25.2044
22.4796
24.2303
23.3824
24.0268
23.5550
25.0459
23.7184
27.6430
26.5672
22.2917
24.2743
22.5495
22.3227
25.1032
24.7601
23.7148
23.5843
22.5776
21.8627
23.7694
22.7812
21.5877
23.4645
22.4665
23.2885
23.7723
22.5635
24.1452
22.7703
23.1810
24.5014
23.4098
23.4156
22.7947
23.1550
24.1682
24.9244
22.7650
24.6052
23.6949
22.0926
22.5498
24.5627
24.6528
22.4827
20.6731
21.1420
22.2112
21.8749
22.2206
22.4461
21.5347
20.6531
21.3252
21.3135
22.2895
23.3005
22.7627
23.5491
23.1124
22.6538
25.1433
22.5547
22.3176
24.0841
22.9808
23.0390
23.2989
22.1083
24.6653
24.3602
21.8003
23.8582
23.7313
25.0547
23.3373
23.5853
23.7849
25.9649
24.2453
23.2412
24.2418
23.9999
22.2646
23.5233
23.4543
21.8361
24.0612
22.6126
23.9322
22.8741
23.5633
23.1916
23.8967
24.6680
23.7194
23.7130
22.1081
24.2687
24.4575
22.4179
24.9525
23.2164
23.8503
23.8789
23.9734
22.7022
23.3507
24.3601
23.9607
22.1962
22.2421
23.7991
23.0170
22.9381
25.8220
23.8030
24.5762
23.1133
23.3794
23.0412
24.0728
22.8339
24.2911
23.9888
23.3571
23.0966
24.1544
25.0957
23.4086
25.1092
25.1102
24.4265
23.0958
21.8074
22.8792
23.1030
24.3360
23.2162
23.8494
22.6490
20.8593
22.0197
25.0137
24.1462
23.5486
24.0089
23.1618
21.7998
23.9899
22.2524
23.5115
22.0657
22.9001
23.0399
23.2072
22.4882
23.0598
21.1665
23.8494
22.1337
24.1223
24.2169
24.1695
22.7813
21.3971
21.8308
23.0561
24.3686
23.6910
23.5167
22.6279
22.9628
23.7431
25.6166
24.0348
21.4881
24.3906
21.5768
22.8659
22.5917
22.7502
21.7211
22.4271
21.5872
22.8004
22.9288
24.1718
25.5415
22.6788
24.8341
22.2411
23.9625
23.5593
25.3582
24.2315
24.0254
24.8706
24.9246
24.1262
23.7418
24.4190
25.2578
23.9653
23.9095
24.8659
23.2294
23.5368
24.1830
22.4521
22.8952
23.9528
24.2705
25.2317
24.7666
24.8173
25.7470
25.6024
24.4028
23.4692
24.8369
24.0316
23.1376
24.8872
25.0019
25.4916
24.0513
22.8415
23.5813
23.3066
23.5314
23.7775
23.8061
22.9983
23.6993
25.8334
24.3810
24.0436
24.2204
25.1983
26.2016
23.9814
22.7916
22.6653
24.1578
22.3534
22.9459
22.3381
25.6997
27.2805
25.4553
25.0313
25.6413
23.3637
25.4159
23.3432
25.1030
24.7131
25.1992
25.0460
26.0215
26.3304
24.9575
24.8872
25.1537
25.7073
25.5129
25.4941
26.4224
25.5317
23.1864
24.8838
24.8978
24.4418
24.2032
25.6207
26.6883
26.1473
26.6864
26.1993
24.8046
24.7925
26.7626
26.1465
25.0828
25.4986
23.6838
24.4822
25.7482
26.4410
23.0783
23.9726
23.7445
23.3570
22.6882
24.5526
24.3341
24.2270
26.2033
25.7074
24.5749
24.1702
22.9257
24.6353
23.4561
23.5069
26.0592
27.0500
24.7278
23.2775
24.1429
24.4094
23.2205
24.1733
23.7381
25.0027
26.9845
25.3390
24.2809
23.9824
23.4217
21.9444
23.3271
22.2513
21.9069
23.0363
24.1953
24.4508
21.3696
22.3095
25.3147
22.6971
23.5509
24.7644
25.3407
24.7903
24.6461
27.4456
26.1243
25.0068
27.2886
27.8951
26.9529
23.4913
24.1004
25.3138
24.7136
25.0485
25.8402
25.2850
24.3283
22.9922
23.2377
23.5421
23.0050
23.2431
24.3680
26.4169
26.1172
24.0825
23.8437
23.8980
24.0232
23.3984
24.4990
25.2342
26.3540
24.7201
23.9589
23.5200
24.6618
25.6669
25.9145
26.0937
26.6734
26.1073
24.2557
24.5379
25.3884
25.0909
23.5600
25.2155
23.5209
24.8223
25.7015
25.8553
26.6222
24.5034
24.0680
26.7017
24.7112
25.3284
24.5989
25.0484
26.0514
23.1207
25.3014
26.7385
24.9065
24.3681
24.3410
23.4388
23.7523
23.4895
20.9750
23.2351
22.4568
23.1595
24.8771
26.5120
25.9419
25.2657
26.4503
24.5470
25.1664
24.1478
23.3683
24.4141
25.4957
23.9418
23.6648
22.6367
24.7351
23.7107
25.2200
24.7683
24.4373
23.5638
22.9100
23.3595
25.8248
25.4581
24.5715
25.7863
23.2191
25.4327
27.9071
26.8037
23.1549
25.7416
26.4348
25.8446
27.3039
24.3359
25.1328
24.1628
25.3267
24.4426
24.6481
25.5942
27.2157
25.3942
25.0405
25.4449
28.0034
24.8183
23.0886
25.1721
27.2926
28.4341
26.8620
25.3856
23.8089
23.8949
26.6668
25.9536
25.0958
25.7883
25.0709
26.6231
26.8581
25.6547
27.1303
24.8023
28.1087
26.5472
26.6292
26.4266
25.4689
25.1563
24.2363
24.7567
25.8604
24.4251
25.0605
25.7271
24.2445
25.4488
25.4064
23.6123
25.0388
23.0542
25.3484
25.7544
23.5751
22.9820
23.4191
23.9460
24.8189
25.4115
26.7534
26.1250
24.4304
25.7853
25.9450
24.6478
25.4492
24.5549
24.1851
25.7380
23.6154
25.2991
23.6620
26.5862
26.7990
26.4059
24.8867
25.4678
24.7180
26.9763
27.3627
27.1779
24.5879
26.5565
25.2639
26.4457
23.5440
24.5475
26.0269
25.6582
26.6875
26.3202
24.9302
25.2365
25.3587
23.5761
25.4734
25.4657
25.9649
26.3339
24.8496
24.6659
24.8894
25.7208
26.3449
26.6191
26.0273
24.9260
23.5616
24.4189
25.4322
23.9872
23.7239
22.3410
23.1073
22.8329
22.3093
22.2689
22.1028
23.1652
23.1354
23.9606
23.6520
22.0945
23.8530
24.7852
24.3370
24.0677
21.9901
22.8847
22.8503
23.3337
23.5287
24.0967
24.7835
22.2804
22.6199
22.9446
23.8649
24.7181
24.3050
24.8462
24.8900
22.8222
24.7334
21.8886
22.8409
23.7568
25.3306
24.0947
24.5049
23.3310
23.0300
25.4394
26.3905
24.2543
25.4679
25.6121
26.6330
25.6963
26.8516
27.7638
24.3869
25.5932
26.6047
25.8020
24.9996
24.7249
24.7381
23.9425
24.0972
24.9224
25.1304
26.1791
25.8812
24.9038
23.2803
25.5363
23.8023
24.4985
22.9392
23.3940
24.0211
25.3663
24.1044
26.5295
24.0702
25.7783
27.0200
24.6799
26.0468
25.0688
25.2342
27.0316
25.4802
24.6789
26.7456
26.8468
25.8411
25.2004
25.1949
27.7895
23.3073
25.0847
25.5231
24.2504
23.3942
25.6908
24.2627
26.1321
26.6826
25.9937
26.0793
24.6725
27.3991
26.1470
25.7892
26.2186
25.6781
25.0373
25.8029
24.1507
22.6853
23.5981
24.6674
23.9872
25.4315
25.4796
25.5188
26.7088
25.5125
24.5025
26.5705
24.9005
24.2249
23.5348
22.7619
24.9909
24.2400
26.6630
24.8386
23.8404
24.8849
25.1526
24.0338
26.2447
26.4370
25.8800
25.8628
24.9204
25.1892
24.4260
25.9756
25.9869
23.4828
24.9954
22.2678
24.0287
24.5262
21.5080
23.8712
23.3906
23.5044
24.2032
25.2187
22.7220
24.4990
23.9823
24.3811
26.4047
26.0086
24.7934
23.4054
25.1687
24.2816
25.7702
23.6379
24.0302
23.6401
24.2952
23.7735
23.0802
21.5611
22.9788
23.5548
22.5140
23.9635
24.1427
25.2471
24.0829
26.7573
23.7588
25.7524
26.1476
26.6779
26.3431
26.5033
24.4613
25.6670
25.2926
24.4051
25.5681
26.2917
26.2584
23.2022
23.0564
25.9679
24.4343
24.1114
26.1810
25.1061
25.1877
25.2509
23.8844
28.0895
26.5253
26.7015
27.0787
27.6352
28.4906
27.4551
24.1321
24.1992
24.2156
24.1607
26.0794
25.4120
25.1372
23.9167
24.0089
24.0831
27.6153
28.3579
23.6322
25.3935
26.7947
22.7993
22.8071
21.2906
23.2002
24.0315
24.4920
24.9862
24.2763
23.8431
25.0969
27.3360
24.7636
24.0365
24.8826
23.9909
25.6504
26.4770
24.9919
24.9541
22.9319
23.8357
25.0718
23.4417
21.7414
24.7582
24.3947
23.7117
24.2403
24.7654
23.3699
25.1071
22.3941
22.6942
26.2187
24.3949
23.6361
23.7722
24.7592
24.0283
24.0267
22.8786
23.9637
24.9236
25.1042
25.7475
24.6817
24.7037
23.6946
24.4697
27.6938
23.9081
25.7239
28.6962
23.5899
25.7990
23.3496
25.1593
24.3423
25.3884
24.9276
23.5888
24.1510
24.7829
25.8475
25.1841
24.6794
25.2853
24.8763
24.6397
24.2957
24.4658
22.7582
21.7000
23.7288
21.1420
22.1821
22.8750
22.5534
22.9783
23.9095
24.8456
24.4364
23.5747
26.2381
24.2026
24.4082
25.3798
25.2995
27.1152
26.0508
25.4226
23.2471
24.8901
23.9826
23.3567
25.2845
26.0896
24.8050
26.9622
25.7743
26.5477
23.2578
24.6707
25.6782
24.5812
26.6740
21.8433
22.2408
25.8196
23.4349
24.9788
27.1220
26.5256
22.7413
24.7463
24.4358
24.3210
24.4328
23.3659
22.5736
21.8382
22.5860
22.8536
25.4875
24.7213
25.8559
27.6957
26.0993
25.6958
26.8366
24.5400
26.2001
24.7669
24.4178
22.9825
23.5528
23.1324
22.8362
24.1350
22.3826
24.0169
25.0269
24.3259
26.0956
22.7639
23.1290
23.0371
24.4583
22.8469
23.9579
24.5975
23.7087
22.8556
24.9651
23.5560
24.2915
27.4165
26.4442
24.1775
24.8512
24.8332
22.7110
22.6174
22.9687
22.8845
23.9171
23.2036
23.6807
23.6078
21.7843
23.3112
22.5449
21.9935
22.8933
23.7638
22.7355
23.1217
22.3139
24.3393
26.2306
26.0101
25.0975
27.0615
26.5527
25.3697
24.6898
24.4389
24.0457
26.5840
23.9739
24.1335
24.4663
23.7717
23.2815
23.2045
22.8235
24.1271
24.8385
25.1017
25.3761
24.8619
24.2387
22.8389
25.6774
23.9027
24.9508
24.0444
24.4089
25.5515
23.8548
24.4438
24.7351
24.3445
23.4446
22.2935
25.5658
25.2628
23.5530
23.5336
25.7144
24.3118
25.1123
24.5885
23.8351
22.0346
23.1351
24.9081
22.9359
22.5040
25.3927
25.9866
26.9702
27.0373
26.3796
25.9494
24.5451
23.9382
24.0393
26.5491
27.4044
23.8793
26.3255
27.0289
26.8954
27.5014
24.4901
24.7394
26.8721
24.4036
25.7305
26.7189
23.4214
24.8598
23.9862
24.4175
26.7613
26.7249
26.3962
25.6730
25.5944
25.5654
25.6544
25.9137
24.0841
25.4078
26.0933
25.6348
24.6355
24.7228
23.8416
23.6696
21.9833
21.7735
24.6357
24.1958
23.4292
26.5355
23.4085
24.4665
26.1033
26.6730
26.1826
26.6617
27.3358
24.4787
24.9708
26.4385
25.0997
25.1310
25.0825
24.9389
24.4549
25.0783
25.4849
27.4644
25.8076
25.5915
22.6181
24.0171
25.0818
25.5049
24.9525
24.0577
22.6951
23.3740
22.0335
23.2327
23.7796
26.3099
24.6184
25.4507
24.3209
23.5448
24.0316
27.2651
25.4752
24.4914
25.8922
27.6269
27.4260
25.2482
27.0617
25.4593
26.6127
26.0576
26.2194
28.2789
26.1396
23.5086
25.9201
25.4437
26.1605
28.8077
25.2225
26.4891
28.0675
28.0823
28.2348
26.5370
25.5220
24.6945
24.9382
27.0852
27.0003
27.8542
26.8002
24.5084
24.4731
25.6752
26.5204
27.4379
26.2023
25.9030
27.2087
25.5727
26.0983
26.0674
24.8749
26.5210
27.4573
27.1310
26.7957
26.9619
24.6724
23.8744
24.1860
25.5245
26.3146
24.8739
25.6454
27.3273
26.9913
28.5697
26.8416
27.0294
24.7404
24.2804
24.5366
25.4037
25.3247
26.2556
27.1460
28.6695
27.2803
26.1100
25.1898
24.3420
24.2082
27.3813
24.4280
24.2510
25.4157
23.5890
25.0288
26.0068
26.2797
27.9903
28.7238
28.3537
26.3625
27.3686
25.8354
27.1524
29.8022
28.3309
23.6269
26.5935
27.7756
27.4489
27.6263
26.3737
24.8505
24.3132
25.7563
26.7139
24.5792
23.9505
28.0443
26.6603
28.9617
27.7611
27.1867
28.2159
27.7705
24.4733
27.2450
24.3181
24.7259
27.2505
27.0718
23.5513
26.3702
25.2720
24.3003
25.6790
24.6016
24.9697
26.0612
23.8198
24.3145
24.2923
23.0922
25.2448
24.9657
25.7564
27.4075
26.7535
27.0993
28.2059
29.0585
26.9944
29.0847
28.4607
27.1419
26.2836
26.6046
26.5779
30.5149
26.2613
29.6338
24.8020
28.4831
25.9921
25.4272
27.4463
28.9741
29.9901
27.1600
27.1929
27.0713
28.6054
27.3974
29.4452
26.7167
29.1264
26.7082
27.4888
25.9250
25.8465
25.4485
25.9958
23.6062
23.5665
23.1465
23.1653
23.5017
24.2251
25.6172
27.1996
24.4242
24.6194
24.4098
24.6668
26.7953
25.6658
27.5646
27.4783
27.3318
26.9031
26.6568
27.5857
25.1755
26.2408
27.4052
26.5129
25.7204
27.1765
26.7842
26.2145
25.5549
27.7826
27.2566
28.2352
27.7036
25.9690
26.2961
24.4364
28.1023
28.5863
28.2246
26.4324
26.2871
26.5665
26.9783
27.7266
25.7810
25.5379
26.9289
25.3728
27.3021
25.6629
25.6746
26.5413
26.3941
27.5311
25.2247
26.1098
24.8972
26.6179
26.3328
27.1026
27.6117
27.4665
24.9348
28.7641
27.2811
26.6118
26.0291
27.3903
30.4476
27.4936
26.5576
27.8365
29.4464
28.1021
25.1772
25.5296
25.4589
23.7907
23.8957
25.3220
25.4975
25.3494
26.2664
25.1000
24.9299
25.9933
25.3242
26.1067
26.6586
25.6451
29.3025
27.3033
29.5142
28.3327
27.6981
27.6441
26.3715
27.0142
25.6274
28.7892
25.6979
27.0689
25.5197
27.0067
26.1300
26.5804
25.4994
28.0986
25.9182
26.5560
24.3593
26.6812
27.4925
27.1952
30.4213
27.8865
27.6761
28.3730
27.2094
27.0720
24.8611
25.1510
25.9163
26.0551
26.3152
28.0478
25.5789
29.3687
25.9614
25.1718
28.2160
26.3002
27.1971
27.2084
28.1289
29.4052
27.3936
24.9244
27.0959
25.0189
25.1125
26.3752
24.5578
24.9222
26.2641
24.8308
28.3765
26.6759
25.8350
23.2723
25.4497
26.5191
27.4141
27.2806
28.6996
28.2170
26.7853
27.0826
25.8643
27.9365
26.8481
26.2294
26.9532
26.5867
26.1178
24.3258
26.3741
27.7829
25.4955
24.8542
23.9599
24.6749
24.2643
25.0958
25.1439
25.1434
26.1256
26.5134
27.5675
28.7290
26.9644
28.3361
26.2729
26.1220
24.6987
27.6533
25.6853
28.4467
28.6208
27.6093
28.1307
27.0815
26.1971
27.2624
25.3701
25.3912
26.5212
26.1175
27.2296
28.1395
28.1507
26.9442
29.2049
30.5679
27.9279
28.0750
26.4978
25.9527
27.6707
26.2577
27.4583
27.1578
26.4245
26.7874
27.8655
29.6630
26.7197
26.1656
26.7909
24.8504
25.0481
26.5286
29.3771
28.4650
28.8570
28.5954
29.2668
29.3242
29.0485
28.5053
27.6422
27.2015
24.9484
28.1775
28.6354
27.1512
27.0032
28.5657
28.3479
30.0435
29.1749
27.6506
26.7356
25.3735
25.8856
25.4251
25.8364
27.0706
24.7639
27.0359
28.7477
27.2088
27.7379
26.8314
26.2338
26.2737
27.7140
27.7477
27.5349
28.4462
26.9768
27.1409
26.0179
28.8944
27.5127
28.2097
25.6755
26.6381
30.3538
29.4818
28.6201
26.3804
29.6295
30.3336
27.2122
27.1135
28.9718
28.4949
29.1694
28.1920
25.1466
26.5928
27.9828
26.3442
26.7158
29.9150
27.7337
29.1813
31.8780
31.7483
31.0674
29.3366
29.8380
30.5228
29.6218
30.5824
30.2172
28.9149
30.4320
31.3947
26.9134
29.7688
27.4431
30.4855
30.5315
28.9338
30.5857
30.0048
28.3149
28.3178
28.6690
30.0614
30.5665
25.7956
26.1778
28.5437
27.8234
28.4271
28.0033
28.0781
27.9408
29.7246
28.1497
28.3469
30.6718
29.9189
30.7849
27.1518
29.1570
28.9250
27.4282
27.7276
30.6188
30.1717
26.6463
27.7495
29.4354
27.9389
26.0171
27.5015
28.0507
28.1070
26.3245
28.2008
25.8724
25.6617
24.8243
25.0646
25.8560
27.7271
26.7135
25.0939
28.0913
26.7925
24.8253
28.6676
24.9471
24.7719
26.6140
24.4017
24.2702
27.2594
27.5826
26.2001
26.8815
22.8554
22.4716
26.4814
26.6675
27.0641
27.8229
25.8311
26.3827
28.2331
25.4108
25.3952
26.7028
27.0556
26.5974
27.6237
25.7577
25.7511
26.9391
28.0164
26.5575
30.6376
27.4727
26.9623
27.9008
27.0454
27.4483
27.8677
29.0947
26.9272
27.8722
28.4845
25.5715
24.4798
25.9458
24.0719
26.0842
28.1669
27.9214
26.8014
26.5705
26.5606
27.4090
28.0580
28.1555
25.9641
26.9805
26.4721
27.0095
25.8734
25.6516
28.4556
28.6414
27.9406
29.4793
31.9849
29.3241
26.8134
27.1135
24.8881
26.0590
24.6281
24.0400
23.6431
24.0273
27.2433
24.5720
25.5201
23.3043
28.2093
26.3364
24.4569
24.8882
23.7658
21.6199
24.7425
24.7539
26.9842
24.5772
24.4558
24.9219
26.0006
25.8419
25.5971
25.7781
25.9551
25.8573
28.1022
25.3510
25.6091
27.0276
25.5454
26.6499
25.1283
25.5115
26.9741
25.4450
27.1871
26.7171
26.8572
25.2824
24.5407
23.8163
26.3065
27.8674
26.8966
26.7618
26.6673
24.1658
23.5792
22.3421
21.9532
25.1106
21.3293
24.7420
24.9612
25.6599
26.4934
27.0410
27.4354
25.7499
25.2352
25.4922
23.9229
26.5119
27.0299
25.9930
25.7203
28.1528
26.6785
25.5017
27.5552
25.5524
25.0923
25.0241
22.9617
25.1517
25.3926
26.9687
24.8738
25.9340
26.5308
28.6924
27.2718
27.4958
26.4107
27.9476
26.5687
27.4554
26.1727
26.7536
27.7054
26.3336
26.0330
25.5044
27.6370
29.0484
26.8372
26.5060
26.2059
26.9825
25.1389
25.7046
25.8289
24.5831
25.4768
27.1884
27.4232
27.4755
27.1857
26.2771
27.5751
27.1752
27.7838
26.8957
26.2131
26.6158
27.8976
27.3523
26.5719
28.2323
27.6719
27.3333
27.8820
28.6881
27.4701
24.4558
27.0535
27.2081
26.7195
27.7013
24.8788
26.0517
25.9860
26.9971
29.1986
26.5235
27.5254
28.7847
31.3037
28.6826
28.6955
28.6231
29.3290
30.0062
30.2149
27.8860
28.7398
27.3154
28.3075
29.2921
27.6389
27.5815
28.8251
29.0596
29.1926
28.7058
26.3222
28.3751
27.7995
25.5990
27.5355
30.7029
29.6173
28.2592
27.9206
27.4808
29.3105
30.8405
27.8476
29.7382
32.2724
28.3475
27.0325
27.4684
27.6197
26.6754
28.0342
29.3596
27.6301
27.6847
29.5968
30.5003
29.3072
27.9005
30.1455
30.3761
28.5486
26.5746
27.8027
28.3990
29.1775
29.0950
27.4345
29.3641
29.6522
28.1743
27.3819
26.9786
27.3308
28.0751
30.0259
28.0263
28.6765
28.8605
27.0588
26.9504
26.4492
28.8401
27.0702
28.1501
29.9558
27.2523
30.5687
28.5321
28.0597
24.8273
27.4937
31.3693
30.5460
27.3904
27.8211
26.9778
26.5144
26.5192
28.4734
26.0452
26.8722
27.5715
25.4436
24.9485
25.3969
25.3954
25.6992
26.0884
27.3454
24.8874
24.6848
26.6474
28.0864
29.9354
27.8900
28.6389
27.1621
29.0682
28.1085
26.4680
26.7933
27.1203
28.0044
25.3748
26.3982
26.7248
27.8628
29.1351
26.2725
29.0733
25.6064
26.8307
28.8373
27.5565
28.8042
27.4926
25.8372
25.3493
25.4870
25.6783
25.4404
25.1932
25.6765
25.9512
24.8773
25.0496
24.6111
23.4204
24.9804
23.9603
26.1242
26.5831
26.0166
25.2078
25.1603
24.6076
25.9836
25.8373
23.9986
24.6491
21.9865
21.0921
24.1033
26.1214
25.9268
24.7875
23.3146
26.3822
28.7441
27.8941
26.0270
26.7347
26.2289
27.9591
26.0661
26.2780
26.0958
25.7126
25.4757
25.4929
25.8010
25.6872
25.9686
24.7193
27.3288
25.8458
25.8156
27.6306
28.5848
29.1048
27.4679
28.2696
26.8111
26.8729
28.2188
25.1341
24.6801
25.0793
26.1221
26.6682
25.6331
27.2697
26.5038
28.9494
27.0310
27.4823
25.9708
24.3669
28.2176
28.0499
26.8366
29.0773
29.9842
27.9442
26.0485
26.7792
29.7715
26.9019
29.4933
26.2605
26.8397
27.8550
28.2246
27.0916
28.3558
28.4509
26.9202
26.6970
25.3813
26.2510
24.5579
24.5599
24.5294
25.9441
27.7712
25.5875
25.7635
27.7656
25.7313
27.3694
26.9356
27.0391
26.7980
27.0813
27.2413
27.3768
26.8562
27.9394
28.6043
27.0089
26.1673
26.7075
27.8920
26.9256
26.7662
27.3824
26.3381
25.3400
28.6136
29.2494
31.9703
29.9073
28.2220
30.0911
30.7392
30.0928
29.4579
31.2724
29.6557
28.4953
25.8167
26.5793
28.2155
29.4568
29.0180
27.0705
27.6181
26.7621
27.8350
25.9217
27.2317
26.9657
27.4606
27.9203
30.2024
26.0537
27.5281
26.2846
27.9752
26.4345
26.5181
26.0021
28.0975
26.8910
26.7102
27.0090
25.3899
25.8099
26.4287
25.1727
26.7446
25.8721
27.2518
28.3797
27.7057
26.9494
27.0948
27.2311
27.0822
25.7979
23.3895
26.7159
26.9178
26.1067
26.1164
27.9312
25.4342
27.6114
28.9751
27.2600
29.5460
28.9169
27.7576
28.8697
29.1211
26.8254
29.1756
27.6904
28.3974
29.8414
25.3601
25.0468
24.7544
25.0618
26.8429
25.3043
25.9531
24.5426
24.4818
27.2443
26.7744
26.9469
27.5984
27.0040
24.5197
25.3826
24.1504
26.4433
25.1648
25.6005
25.6043
25.8582
29.2875
27.8013
26.7052
27.6435
27.9501
24.1115
25.0662
25.8035
23.9629
26.5633
26.1287
27.5429
26.4215
26.2865
26.7005
26.4624
26.7810
27.4555
25.7797
29.5584
26.9048
28.7445
30.2110
28.1885
27.6605
27.1077
24.7725
29.0763
26.1590
28.2145
28.7121
27.1694
30.1472
25.8065
26.3156
27.4706
28.7522
27.3899
28.1802
27.0608
26.1762
24.2370
25.0320
26.0800
26.3710
24.4888
25.7172
25.5242
26.3784
25.4954
26.7747
25.6405
25.1944
26.2091
26.3915
27.4566
25.1584
24.5880
25.9087
25.1507
24.7505
24.8986
25.6541
27.2609
23.2980
24.8495
25.0244
24.1430
25.3641
24.1903
24.3573
25.1242
26.1064
26.6801
24.8042
26.6868
27.8564
27.1118
29.0796
27.3845
28.4621
26.5071
27.1589
27.7384
27.4871
28.9719
25.3727
25.5842
22.5433
24.9852
25.5198
24.8042
25.6485
24.8457
26.3457
26.5658
25.0534
25.5844
25.8666
27.5273
25.1709
26.1319
26.3980
27.4435
26.6630
24.4149
24.9393
24.8814
25.1953
23.9947
24.9355
26.1322
24.8133
23.4379
23.8299
25.1678
25.3019
24.8046
26.4513
25.7600
25.3588
24.1156
27.0496
25.3468
25.8016
25.7371
24.6357
25.5463
27.5256
26.9841
26.1729
24.3756
24.6113
26.7898
26.4854
24.4119
25.5163
26.8319
27.7504
28.0164
28.5441
28.7988
28.1956
27.4636
28.4559
27.0211
27.6257
26.1697
26.7451
23.8892
27.0467
27.0675
27.9956
26.2800
27.8947
27.1033
26.9286
26.3880
24.3390
26.5360
27.8986
27.8462
28.8711
28.7286
27.2673
27.9579
28.5034
28.4194
28.0177
28.9110
28.0917
25.9238
27.8560
28.3635
31.0881
28.2265
28.0710
27.0901
28.9697
27.7732
26.2395
27.5982
26.7282
29.9555
26.3443
25.8074
24.0873
25.0562
25.3158
26.9050
27.6413
25.4924
26.2782
25.3761
27.1367
25.8188
24.9295
27.5177
26.3308
27.4821
26.4212
27.1997
28.1647
26.9589
28.4821
26.2589
26.0091
25.3595
24.7052
25.2829
26.8636
27.6218
26.9740
25.5989
25.4453
25.6725
28.0992
27.3060
26.7079
27.1847
25.3212
25.3648
25.8782
26.7298
27.1528
26.9276
27.8178
26.6328
27.2425
25.4016
25.4397
25.9064
25.5604
26.3455
27.0900
26.9152
26.9133
25.4077
26.9688
25.2739
26.7330
26.1939
25.8900
26.4548
26.0602
25.1185
25.1900
27.4052
25.0845
24.9758
25.8072
24.5108
23.9971
25.4950
25.2807
24.3530
23.9720
25.4976
25.3178
24.2512
24.7312
24.6835
23.9213
25.0453
25.0532
25.7053
25.2541
22.8449
24.5014
24.2138
24.0255
25.6218
25.4473
23.8897
22.0772
24.3610
23.7111
23.8871
25.6970
24.6181
25.9378
26.1229
27.1559
26.2389
26.0992
26.3706
27.7848
28.1633
27.8919
26.9500
25.1830
23.5914
22.9272
23.7303
25.0517
22.8443
26.0861
25.6619
26.4002
25.0204
23.4604
23.6509
23.9124
29.3407
26.1870
25.8524
27.7307
26.0557
23.4078
27.8128
25.5428
28.1153
28.5475
28.6665
26.8480
29.1714
31.4498
28.5082
29.6329
30.0642
29.8868
29.2209
27.2156
26.9986
27.4447
28.5780
27.2606
25.7309
26.4870
27.8346
28.4960
26.4162
26.0335
26.2393
27.3701
28.5768
27.2494
25.8301
26.1671
25.2671
25.1204
25.6495
25.3928
24.3211
25.0119
24.6362
26.7454
26.8246
25.9582
25.6849
26.3948
26.0915
26.8987
26.7766
27.3551
28.4001
25.9258
26.8808
27.2482
27.6510
26.5893
27.4798
25.9955
27.1937
27.0941
28.0259
27.5169
25.9547
26.8909
26.6784
26.4416
28.7719
28.5599
28.2150
27.6268
27.2835
25.0253
24.1283
24.2569
25.7835
24.2863
26.2564
26.0781
27.0886
27.0740
27.1125
27.1073
25.2955
25.9316
28.2716
27.5935
28.2155
28.5772
30.5406
30.5854
30.7252
31.4503
29.2408
26.4197
25.8254
27.3134
24.8939
29.5606
27.8050
24.7572
22.7367
25.1326
27.8008
27.8067
24.0776
27.6657
28.2627
30.6825
28.6046
29.0500
30.1079
28.6806
29.3546
28.0782
30.8389
34.1397
33.2935
35.4912
28.8170
31.0355
33.4515
35.2128
34.3704
38.0258
32.4229
27.7206
26.6952
28.2708
29.8870
28.0517
29.2822
26.0497
27.1608
27.5593
30.8646
30.4302
31.7991
33.0519
35.7919
35.2884
34.2979
32.3103
32.0840
32.5698
28.6746
29.9783
28.5461
30.9281
28.2808
26.8559
28.5592
26.2203
27.7444
28.2060
26.2661
28.8053
27.9803
29.2357
26.6588
28.3185
24.6139
25.1933
27.5221
25.3478
25.0623
25.7314
27.3184
28.9736
29.8118
26.3018
27.2378
27.8634
26.5441
28.5865
27.8715
25.0874
29.7517
26.4677
26.7450
26.2964
25.9545
26.5229
29.0611
28.4663
28.9146
27.9064
25.4551
26.7024
25.6514
27.3871
27.7521
29.1707
29.3013
26.2979
31.2522
29.7592
30.7775
31.3111
26.6555
27.2250
27.9039
26.5043
26.5096
26.2511
27.4406
26.7397
25.0544
25.0976
25.5650
22.5050
23.2865
23.3757
26.0101
23.7603
23.6699
24.2309
26.1159
24.5964
24.3785
24.7329
24.7316
22.6948
24.8421
24.6974
21.8112
22.1724
21.7963
25.1924
25.0968
23.4856
22.9111
25.0962
25.2717
24.9137
26.4180
23.9767
24.6162
24.5260
25.9943
25.3372
24.5644
23.7045
23.5074
24.6826
24.7765
24.4206
25.2402
24.9838
24.5293
24.9661
25.2401
26.3212
26.5606
25.3854
25.6369
26.7596
25.9158
27.7857
27.2418
26.4928
26.3555
29.2358
28.3600
26.4311
25.4206
24.2543
24.8699
24.6658
26.7905
25.1674
25.6845
24.5796
23.7587
25.9517
25.1181
24.4042
27.1137
24.0709
25.1660
24.8062
23.5957
25.2915
26.7366
25.4969
24.4565
22.7170
25.8223
23.5706
23.4987
23.5937
23.9324
24.7651
26.8611
26.3078
26.0586
25.1872
26.7817
24.8398
23.5769
23.3348
24.9518
24.7574
23.0474
23.6269
23.0222
25.9724
25.6436
24.7163
26.1631
26.4489
26.0059
25.7550
27.9785
26.2142
27.7538
26.4691
25.5492
26.8650
27.0296
27.1447
23.4989
24.3936
25.1501
24.1983
25.8092
25.6722
25.7232
24.1895
24.4025
25.4551
24.4732
25.0479
25.5501
25.5650
24.4382
28.9199
27.7885
28.1183
26.7535
26.1282
28.3570
25.2842
24.9216
24.9120
26.6622
26.7458
26.4338
25.3536
25.2767
26.8456
25.8465
27.7454
25.0254
24.5743
28.0731
27.5295
24.9869
23.2795
25.3106
26.5667
25.4558
24.3583
27.2695
23.4402
25.1957
23.7601
22.1367
24.6380
24.3254
25.1741
26.7766
25.0849
25.0337
24.9375
24.4922
25.3439
27.8147
26.8938
26.3841
24.7887
24.0237
23.9183
26.6323
27.9065
28.4463
27.8079
27.8932
27.6411
25.7084
24.6949
25.9788
25.8398
25.5055
25.4967
26.3548
27.2412
27.1514
25.4306
27.9184
29.1154
26.1936
24.5618
28.5945
27.3033
27.2991
29.0212
28.2171
24.5202
24.9589
24.5527
26.4679
25.3552
24.5967
25.3649
25.2825
26.6015
24.7866
26.5572
26.4981
27.0375
27.5781
26.7350
26.4954
25.6252
25.7212
26.0508
25.8142
25.7719
25.6833
26.2544
26.3817
26.7735
26.7563
25.4584
26.5263
27.7613
25.7165
28.0123
25.9719
26.3629
27.3304
26.4622
27.7164
25.8502
27.2928
27.5578
26.1609
23.8700
25.7748
24.9478
24.6605
24.8039
26.6251
25.1875
24.9737
24.6624
27.4277
26.8379
23.5075
26.3071
24.6152
24.9480
24.8796
26.7984
26.0402
25.0744
25.9869
24.9209
25.6068
24.7963
26.0069
26.2822
26.1993
25.2996
24.2539
25.1304
25.0484
26.7536
26.3220
26.5379
25.7907
27.8842
27.2213
27.2040
27.0914
26.9357
26.0443
27.7422
26.9923
24.3277
23.4268
25.2410
24.5180
25.4137
26.1824
26.8604
25.3358
26.5421
24.2305
24.4104
27.3940
28.7403
27.2171
27.8308
28.3475
27.8787
29.5269
25.5655
27.4216
27.6559
27.0714
27.9817
25.1601
24.7298
29.1682
26.1350
25.9788
25.5809
25.7111
27.0151
28.1034
29.5341
26.5753
26.1609
22.7770
27.5104
28.4836
26.4419
29.9865
28.8837
28.9697
29.8242
28.9060
28.3473
27.5490
24.6826
26.0125
26.1849
26.4792
30.5272
26.9436
28.5839
27.3799
29.8232
27.4005
29.7597
28.7372
27.6446
25.0399
26.1162
27.7781
27.5393
28.3878
28.2088
26.9728
29.6018
27.4085
26.6199
30.3416
27.7469
27.7240
26.9131
27.6780
26.5787
27.2814
26.6712
26.8183
26.6610
26.5888
27.1904
26.0097
27.2015
24.6402
24.4915
25.8787
25.8219
25.3902
26.9571
27.6632
25.3840
27.5474
26.3748
25.8932
25.4777
24.5358
28.2685
27.3612
27.8464
26.4358
26.7384
26.0713
26.3591
27.6015
25.6780
26.0363
28.2705
26.7850
26.4883
25.4194
25.8780
26.8048
26.2609
26.4385
26.7520
27.4255
26.8647
28.6770
29.0795
27.1268
27.5506
28.5233
29.1480
30.0228
30.1889
28.4111
27.7691
27.0870
26.5869
25.7831
28.7082
27.8714
28.4692
27.5700
27.3391
27.8541
28.0217
26.7609
28.9700
27.3988
29.7109
29.3504
28.8111
29.5506
27.7375
29.1833
29.3812
30.4518
28.5990
29.4910
32.2753
32.4381
31.8818
30.6362
29.7140
28.4820
29.4470
29.4661
31.3239
29.3048
29.1431
31.8924
30.6373
31.7047
31.1153
29.4579
27.4820
30.5999
30.8744
29.7003
30.0760
29.4335
31.1939
29.6324
27.6903
29.0361
28.6381
28.5877
29.7538
29.0699
27.9921
26.1851
27.1966
27.4891
26.5644
26.6415
26.2547
24.9939
27.3134
27.0131
24.4544
27.2190
26.6433
27.6050
25.8494
28.6561
26.9458
27.8072
27.1669
27.3856
26.6640
26.2937
27.2680
27.4438
27.1143
27.6815
28.0794
25.7414
24.5613
26.4798
27.0086
29.4746
29.3658
30.1302
27.4304
26.6442
28.8943
26.8734
25.6223
29.9498
27.2796
28.3758
28.1569
27.3111
27.3487
30.1406
27.7936
27.6352
27.9687
25.7970
25.9485
26.5201
29.4260
29.9906
30.0293
26.9271
25.0681
26.1382
26.3606
27.0429
26.7173
26.9412
26.5987
27.9056
27.9399
28.7939
30.3523
30.0768
31.3494
29.2219
29.3375
29.5202
26.3923
27.6515
26.3247
27.6747
25.5103
26.5809
27.2444
25.3329
26.2493
27.6193
28.4469
26.4009
28.3768
27.7134
27.2195
27.3330
28.7683
29.0981
27.7573
27.5874
26.1967
26.7336
27.9606
25.9696
28.4170
25.9528
24.3741
27.9720
26.4675
24.0262
28.6240
28.9500
31.3709
27.9107
30.1845
27.6686
26.2520
27.6680
26.7148
29.7385
29.3823
24.3564
27.2673
26.2629
26.7779
29.6881
26.1087
26.4009
27.5228
27.4789
26.1787
25.3025
26.2812
26.9692
26.9099
26.3398
26.1298
25.0835
24.5222
24.7223
24.2550
24.2212
25.1283
23.2123
24.4221
26.1707
25.0561
24.8639
25.8373
27.6729
26.7237
26.2193
25.9377
23.3679
25.3172
26.2818
25.5458
26.7084
26.9837
26.6067
25.3749
27.3478
25.8517
26.6569
25.7543
23.6526
24.7967
24.8013
24.0275
23.5446
22.9258
24.6443
25.5990
26.4797
24.8727
24.3430
26.5430
26.4312
27.7370
25.7102
26.2026
24.7226
25.8501
26.7494
25.5734
24.3745
26.3645
28.5623
26.4576
27.0122
26.3443
24.5060
25.5242
25.2683
23.6674
24.3380
23.8628
24.7959
24.7875
26.2497
25.6522
25.1212
25.0010
25.4960
24.3414
23.7507
24.7817
25.8571
26.5519
24.6630
25.2793
25.8243
24.6991
24.4841
24.5110
25.6164
25.1389
24.8083
24.4059
23.5887
23.5787
23.7696
24.8203
24.5327
24.8258
24.8920
25.5518
25.6467
25.0297
25.6645
24.4922
25.0354
25.6707
24.5979
25.6610
27.7521
27.4977
27.0168
27.6448
26.0963
27.5956
26.2150
24.9428
24.9994
27.9469
26.3908
26.5893
25.9841
28.5797
26.3821
25.1139
27.7875
25.9324
25.4468
25.4607
26.6413
24.7507
25.2283
26.1337
28.4321
25.0061
24.8220
25.5263
26.0305
26.8864
25.3305
24.9244
24.9729
26.7014
25.2609
25.7114
26.6214
27.0261
25.3157
24.6102
25.5838
24.6912
25.6959
25.9802
25.2172
26.7907
25.7403
25.6178
25.1098
24.5050
27.2455
26.8585
24.8146
26.5306
24.3703
25.2915
23.6539
24.7954
24.1041
24.4445
22.6514
24.2675
24.2468
24.7459
24.3693
24.1510
25.2470
23.7419
25.6306
27.4113
24.4936
26.3368
23.2673
23.1047
24.5595
25.1252
25.7454
24.9065
25.5024
26.6517
26.9482
26.8280
25.4130
25.1684
26.4778
26.3727
28.2366
27.7046
25.6909
25.3677
26.1821
26.9069
25.8583
27.5104
27.0954
27.4016
25.5961
27.7956
27.0510
26.5032
26.0244
24.3694
26.8207
27.8967
26.6942
28.6781
28.3647
26.8792
25.4874
26.2652
28.0046
25.8248
28.4042
26.6097
28.4204
27.5525
26.7222
27.5505
31.0176
27.1394
25.9653
26.0061
25.6889
23.9078
27.4085
24.9504
25.7306
25.1135
24.9428
24.4477
24.1836
27.1018
26.6247
25.9129
26.4438
26.0926
29.2323
28.5023
26.9279
26.4501
28.4413
29.0857
26.5903
27.5147
25.1960
24.0688
25.3810
27.4574
26.6874
26.5441
25.2883
27.0657
25.2351
26.0107
26.9948
27.9981
25.6692
28.9054
25.3906
24.4034
24.9294
26.2810
26.0663
28.2805
26.3703
28.6162
27.5330
27.4110
27.9924
26.7542
27.7007
24.6151
24.3860
25.1285
26.9309
25.7896
25.1032
24.6841
24.7771
25.7287
25.9844
24.7538
23.8091
25.1609
26.7199
26.8605
23.8309
23.4850
24.5820
23.2594
26.8578
27.6119
25.5517
26.5868
25.7662
25.6526
27.0920
24.1260
22.4739
24.9105
26.2766
24.9705
24.7388
27.1491
27.8983
29.4491
27.3002
27.7977
27.0916
27.6454
27.8633
27.6693
26.1209
26.5315
27.6992
25.7628
27.5312
27.2581
27.0186
25.7756
24.4818
24.9687
26.1977
25.9492
26.2968
25.8447
25.1612
26.4545
25.7177
25.6676
24.6452
25.4242
25.7534
25.0924
24.9403
26.2338
23.9972
27.1974
28.3759
27.4188
25.3887
26.6497
26.8537
25.9965
26.5351
26.9215
26.5278
27.4072
28.8170
27.6167
26.3852
28.1799
26.3557
24.6492
23.9855
26.2679
26.3505
24.7450
23.7122
25.5423
26.0932
26.9049
28.0620
25.7827
25.1190
27.0420
23.5864
27.2839
27.7141
26.7772
25.7944
26.2505
26.0506
26.0724
27.5635
27.3531
26.6423
27.9086
24.4742
26.9372
28.0707
28.8103
26.4355
27.5824
25.4807
27.3823
27.7677
26.5512
27.3900
27.1284
28.0242
25.9034
25.2016
26.5538
25.6076
25.8182
24.8950
25.1277
27.9451
25.6731
25.6290
27.1086
26.0428
28.0702
26.6284
24.3400
25.7751
24.2732
26.3372
26.7336
24.7709
25.1272
23.7814
25.3305
24.5968
24.9981
25.6763
25.3077
24.4734
26.7707
25.6390
25.5044
24.6662
23.1003
25.0386
24.9195
25.0484
23.8719
25.6521
24.9662
24.6423
27.5148
25.5630
25.2469
27.5585
25.7108
25.8688
25.4817
27.8326
25.2587
24.2337
25.0068
24.2242
24.5620
23.7675
23.6158
22.7303
23.5340
25.2572
23.2120
23.5312
24.1025
24.6940
25.7070
24.4260
25.1260
26.3970
23.6503
24.0501
26.0534
26.0202
25.1903
23.5340
25.4698
24.6545
24.1841
25.6750
24.5119
26.2162
24.9479
24.1001
23.3827
24.4317
25.0229
23.7330
23.1397
23.8352
24.7938
23.7996
23.8059
24.6570
24.3686
23.9416
22.8862
23.1435
22.7695
23.3450
23.8311
24.6996
27.2559
26.6963
27.0108
27.5491
25.4871
24.3906
26.1849
25.5558
26.4917
26.5098
25.9395
25.7838
25.7788
25.8546
26.3544
25.4408
24.8656
24.7390
25.1377
26.2079
25.1714
25.2250
24.2375
25.9490
25.1913
23.5147
23.5557
23.8914
26.6513
24.8286
26.0572
25.2561
26.5307
26.6853
28.8531
26.6048
27.0069
26.9307
26.5640
27.6264
27.0115
25.5802
26.0785
25.3235
26.6633
25.8167
25.3165
26.6348
26.5671
25.7577
26.6020
27.2141
25.4525
27.4584
25.8688
27.0467
27.0169
28.2930
27.2750
27.0458
24.4727
27.1055
27.2126
26.1990
26.4893
27.9637
27.1492
25.9450
27.3176
27.3849
26.9494
26.1390
27.8564
26.1506
25.5554
26.2840
28.3714
25.6160
27.0771
27.3842
25.7840
26.3405
28.8959
26.4333
27.6820
30.1927
27.3148
27.7943
25.7071
24.6653
26.2382
25.4922
27.8865
25.1019
23.8898
23.7557
23.6384
24.8168
26.8112
24.8815
26.0733
26.1532
26.2937
27.1599
29.7613
29.3972
28.2865
26.7458
27.3760
29.9766
27.1560
29.4366
28.2276
27.9041
27.0461
27.7639
26.7228
25.8133
26.4284
28.6756
25.0569
28.3540
26.4685
27.1210
26.7118
26.1086
26.7988
26.5903
27.6905
25.3217
26.6972
26.6441
25.3161
26.7710
26.0445
25.9341
26.2317
24.9017
25.9093
25.0979
25.2451
26.4080
25.5014
25.9387
23.4620
23.8068
22.6353
23.5784
23.6250
24.1444
26.2376
26.4865
26.5562
26.4032
24.6275
24.7533
25.6391
26.5952
24.2099
26.4186
27.4023
24.3022
25.4503
23.1812
26.8490
26.4313
24.0392
24.9898
26.1186
25.3580
26.1614
27.7085
26.9300
26.9189
25.0052
27.0026
25.3376
24.1700
25.3024
25.5021
25.7121
24.2664
25.8794
25.2519
24.9382
25.3092
25.6199
24.9908
24.3654
23.7065
23.5747
24.5815
24.6313
25.0483
24.6806
25.0377
24.5260
24.1341
24.7865
26.6930
25.1992
26.5342
27.3976
27.4745
24.5088
25.5511
28.2160
27.5851
28.1147
26.9566
27.9037
27.2534
27.3133
27.4818
26.4358
26.1401
27.1198
26.2658
24.9545
26.9402
26.2104
27.7190
25.8210
26.3969
24.9488
26.1690
24.5238
25.1245
24.7368
26.4210
25.0298
25.4811
25.3605
26.0734
26.7666
27.1842
27.8026
26.3588
27.2688
25.7831
25.2981
25.2223
27.0197
27.1989
26.7863
26.9210
26.1769
26.6377
26.5463
27.6785
27.1395
24.2177
27.9991
25.5822
24.6104
25.4980
26.3052
27.5898
25.8620
27.8210
26.8410
27.4929
24.6074
26.6721
25.4227
25.9401
25.6528
27.5231
27.9487
26.1139
25.5025
25.3317
26.6665
26.7067
25.4673
27.4633
25.9022
26.1571
26.3812
27.0911
27.0777
27.2248
24.2483
25.5151
24.8554
26.3733
27.4587
27.7306
25.4965
26.2987
25.5951
24.6014
27.3420
26.0426
26.3600
28.2935
27.5694
28.4987
26.8308
26.3094
25.0616
25.1841
26.3841
24.8392
25.5948
26.1484
25.6740
25.4016
27.0179
27.2921
26.6112
25.5443
27.6899
26.0881
24.5081
23.5261
24.9000
25.6690
26.1114
25.7419
26.4191
26.8236
25.8499
26.0241
27.2851
24.6537
27.7300
27.4817
27.4116
26.6760
27.0807
24.9217
28.6444
25.2141
25.6391
24.5324
26.3293
26.3460
29.0368
26.5430
26.0403
26.2241
26.5206
26.8441
28.1058
26.8442
27.7098
28.7540
28.0222
27.7282
27.1849
28.6808
28.8254
27.7885
26.6736
26.9102
27.6685
28.1433
26.9757
27.4704
25.9090
27.4056
26.9767
27.8103
29.3585
27.1438
28.6375
28.1793
27.3881
26.5959
26.8540
28.6986
28.1435
28.0128
26.6534
29.7226
27.4182
28.4818
29.6755
30.6217
28.0437
30.2296
27.2963
25.1995
27.1710
27.7618
28.5493
26.6906
24.2659
25.7701
28.5188
30.6282
30.9522
31.2571
30.6656
32.5553
32.7745
33.1581
29.5892
31.8080
31.8036
32.0407
31.6379
32.2542
31.3099
28.5066
29.6750
28.1147
30.8438
30.5199
29.4303
31.6410
29.6082
31.1763
29.6792
27.5823
28.6290
29.9816
30.1109
31.6999
29.1260
31.0674
31.0936
28.8029
30.4066
30.0262
30.0902
30.6733
30.4238
28.3490
29.1318
28.8906
28.6599
28.5411
25.9990
29.0606
29.7807
28.9528
28.9348
28.6780
27.6093
27.5385
28.4952
28.1859
30.9555
27.6435
26.1391
24.6073
27.1696
26.8010
28.8524
26.8862
27.4629
27.2261
28.5006
29.1849
31.7027
29.8592
31.7788
28.6790
28.8156
28.1169
28.8329
29.3132
31.3002
27.4899
28.2917
29.1078
29.7747
28.3525
27.6862
28.4588
29.5776
28.3566
28.3806
28.0685
28.5878
29.5021
30.3400
33.6772
33.9470
31.5693
28.2903
30.9911
30.7575
29.8036
29.0021
29.3138
27.7164
29.7418
30.5560
30.0187
32.5948
29.7961
26.3548
25.8230
25.9381
28.7360
25.2866
26.5347
27.4333
29.1266
26.2411
25.5476
26.1689
26.1351
25.3648
26.5998
24.5406
24.6831
25.6922
25.3088
27.4534
27.8354
29.9232
26.3584
25.6468
28.1250
25.5135
27.2891
28.0553
26.9404
25.9738
27.9230
27.4704
29.5751
29.1262
30.3086
28.1350
27.6756
30.3714
28.6002
29.5947
31.6236
29.5943
28.4862
25.6854
28.1987
28.3418
27.1249
26.9318
29.2540
28.5789
26.0495
26.2566
26.6005
26.5243
27.8129
28.2667
27.4068
26.5126
26.4724
27.7875
27.3643
27.8952
27.6619
27.3915
27.0511
25.6664
27.3277
25.7569
27.5048
25.8832
26.7804
26.1947
25.0929
24.4168
23.6166
23.9438
25.1039
25.7055
28.2506
28.6665
27.7159
27.9274
29.0255
27.8649
26.9822
26.5376
27.4140
28.0787
28.2924
28.0829
26.8791
25.7326
27.0696
27.2131
26.9808
26.7564
26.9026
27.9223
27.8146
25.6376
27.8699
26.4679
29.0030
27.9362
28.9515
27.2670
28.4830
27.7311
27.9466
27.2902
26.1929
27.8971
26.0896
27.8961
24.8415
24.8974
25.6875
25.7696
26.8525
28.3455
26.0284
27.7099
28.0790
27.5244
27.0714
28.4989
29.0260
28.7802
27.7292
27.5761
26.8129
26.0198
28.3035
28.5339
27.8401
26.2325
25.2053
26.7631
24.9087
25.8448
27.1122
24.7321
26.4080
26.3845
25.1610
25.2262
25.2487
24.8070
26.6106
26.8729
27.5245
27.9316
28.2017
25.1254
26.3276
29.3007
27.6591
27.6463
27.2931
25.5256
27.7661
25.7406
26.5354
26.6040
24.7930
25.6117
24.3205
27.1362
27.8726
27.2464
27.0392
25.4853
23.7294
25.6553
26.3760
24.8208
25.0784
24.9151
25.4694
25.9878
25.8317
25.3045
25.0152
25.6465
27.6944
28.5812
28.6882
27.4676
25.6442
26.5890
25.4504
24.5151
23.5279
23.9243
23.8575
25.1495
26.9497
26.1875
26.3752
26.5618
27.0175
27.4182
27.1989
25.2184
25.0501
27.4234
27.8187
26.7116
24.7536
28.1931
27.9623
28.7432
27.2019
26.3684
26.7708
28.2881
27.5781
29.6757
27.6030
26.8354
28.6320
27.3875
28.6871
28.2293
27.5150
28.0187
