21.4258
21.8553
22.4251
22.7796
22.3961
21.2577
21.6622
23.3693
22.5030
23.1866
22.1787
21.0681
22.4211
21.1197
22.8369
21.2327
22.0759
22.5075
22.4946
22.5062
22.0215
23.4438
22.0411
22.4782
22.4821
22.5349
21.9116
22.1940
21.4201
21.3913
22.4169
22.0377
22.1120
23.7950
21.8413
21.9784
21.5849
20.4119
20.6182
20.9962
21.1344
21.6079
22.6252
21.5841
20.5506
21.0773
21.1086
20.8242
20.9978
22.2958
22.4345
22.0437
22.0075
21.0388
22.4457
23.3910
21.7692
23.0179
21.7536
21.5451
21.4785
21.8432
21.6418
22.2545
22.5146
21.6000
22.6675
21.6384
21.4125
22.1846
21.5312
21.4502
22.1929
21.3351
21.9573
21.9668
21.9490
22.1707
22.5581
22.1895
23.0481
21.3873
23.0858
22.1924
20.2775
21.2730
21.5630
22.3719
21.4060
22.0147
22.9267
21.7434
23.1895
23.1940
22.7885
23.5101
24.1363
22.2407
20.9688
21.2821
20.3918
20.5484
22.7405
22.4048
21.5935
21.5338
21.0260
21.1850
21.3195
21.4424
20.7198
21.5689
21.4016
20.5001
21.1424
21.6823
21.2193
22.5104
22.7149
21.2326
20.5416
21.8743
21.9921
21.9971
20.6887
22.0333
21.5882
23.0842
23.0502
22.2729
22.5415
20.8099
21.5699
22.4893
22.3892
21.2947
21.0277
20.9108
21.4319
20.9291
21.9122
21.3257
21.6361
21.3116
20.5817
21.3590
22.1934
22.2350
22.0623
22.6851
22.4199
23.1563
22.3405
22.2971
21.1854
22.1355
21.5114
22.2694
21.7563
21.7699
21.4952
22.5042
22.0552
21.9918
21.0947
21.1802
21.0780
20.8147
21.4539
21.0510
21.4135
20.8733
21.9535
20.7444
22.2159
21.8619
22.0235
20.9459
20.9479
21.0191
21.1749
20.3956
21.6068
22.2599
21.9402
22.4021
21.0601
20.7892
21.8294
21.8288
22.7367
22.8024
21.8732
21.8428
21.0608
21.6120
22.8981
22.0921
22.2398
22.0464
22.2564
24.0055
23.3012
22.7587
23.0889
23.4706
22.0225
21.9248
21.8575
22.6900
22.0306
22.2425
22.0559
22.8865
22.7661
22.1323
22.2084
22.3080
21.3613
22.2948
23.3001
20.9043
21.8850
22.4968
22.5196
21.9817
23.5705
22.7599
23.9854
23.0161
23.4003
21.3022
21.0996
21.4700
20.9425
22.7440
22.6241
23.1225
21.6781
22.6451
22.0639
22.2812
22.3489
22.6619
22.7722
22.7726
21.8135
21.4084
22.0327
22.5687
22.6866
21.4661
22.4932
22.0988
21.4382
22.0491
21.6058
22.0476
22.7893
22.1009
22.6218
23.0143
23.3122
23.7545
23.3953
22.8292
22.5354
22.1486
21.9605
21.3099
21.2528
21.4076
21.8367
23.2038
22.7871
22.5215
21.1441
22.5427
22.8236
21.7261
22.6047
22.5191
23.0654
22.3915
21.9420
22.3850
23.2969
22.1169
22.7729
22.6433
22.5460
21.8741
21.7280
21.0793
22.2829
22.0539
21.5948
23.1160
23.4299
24.0404
23.6764
21.9080
22.1347
21.7654
21.9598
22.1507
22.9063
20.9380
23.1903
21.2403
21.3559
22.4419
23.0664
22.8117
22.2381
21.4959
22.3417
22.4976
21.7247
23.1111
22.7997
21.6462
22.8716
23.3199
21.9598
21.6873
21.5108
22.0761
22.1333
21.2784
22.0072
22.5632
22.7647
21.7671
22.3417
22.7243
22.9346
21.9945
22.7802
21.7429
21.7064
22.2627
22.4103
22.2607
22.1543
23.0661
21.2884
22.8220
22.6150
23.0589
21.2701
21.3751
22.8242
23.7475
22.6389
23.4342
22.9686
23.3600
23.4268
22.8054
22.3066
22.4087
22.7716
22.1515
21.9785
22.2615
21.7885
21.4796
22.2203
22.0079
21.5492
21.0863
21.6292
21.0634
21.2921
21.6360
24.1395
22.6524
23.4024
21.5773
22.1242
22.5337
19.9174
19.5285
19.2517
20.9908
19.9314
20.1332
21.1538
21.7149
22.7830
21.7508
23.9100
22.5481
24.1733
22.4592
24.2878
22.5314
22.7144
22.6617
22.2055
21.4586
20.6024
21.2119
21.9307
21.6829
21.3312
21.0467
20.5525
21.6210
22.0955
21.7091
20.8908
20.9894
20.9518
21.8074
22.9623
21.2598
23.5293
22.5489
22.3183
22.6042
23.7275
24.6963
23.0433
22.3727
23.1775
23.9119
22.8308
22.7419
22.6548
22.3991
22.3409
22.5781
24.3258
23.4505
24.5710
24.4204
22.6322
21.9719
22.8489
22.5662
24.2064
22.8467
21.7879
22.2833
22.7729
21.5980
23.3618
22.7434
23.0790
21.9768
22.3676
22.7608
23.3995
24.6157
24.2890
24.2901
23.0504
23.5962
24.3003
22.8293
23.6861
23.7559
23.7618
21.7337
23.0200
23.2719
23.1581
22.8881
22.8271
23.6611
22.4391
21.7200
23.5946
22.7006
22.3467
22.2210
23.4153
23.0153
24.3541
22.4450
22.0636
23.8485
23.2210
23.5317
23.2978
24.5722
23.4460
24.6284
23.6024
22.6031
22.5207
21.2686
23.0534
24.1305
23.9029
23.3007
21.5680
22.7246
22.4800
22.4042
22.4662
23.7861
23.6342
22.7687
23.3550
22.7884
21.9336
24.2234
22.8956
22.3552
21.9558
22.6635
24.0124
23.6515
23.5096
23.1575
22.7022
23.4025
21.8348
22.3641
22.0658
22.3876
21.8380
21.5990
21.5705
22.4223
22.6608
22.6737
22.5989
23.5486
23.6798
22.5703
23.4870
23.3187
22.7485
22.1365
22.9464
23.0445
22.5486
21.8277
22.5944
22.5216
21.7363
22.5947
21.5023
21.8475
23.1051
22.7107
21.8109
22.0482
21.9112
21.3600
23.7991
22.2449
22.0076
21.9643
21.5799
22.2761
20.9281
21.7456
21.9222
21.3324
22.1848
21.5956
22.5989
22.3085
22.0864
21.8065
22.2889
22.4551
22.9997
22.3647
21.6856
21.6556
22.2324
22.4387
22.9101
21.8840
21.5365
21.7414
21.3297
21.3555
21.2929
22.6930
21.1437
21.1475
22.4386
21.7440
21.5290
21.5514
21.5145
21.7994
21.8147
22.2413
21.2248
22.2080
22.3202
22.5808
23.1780
23.5657
22.8839
23.6316
22.1826
22.0112
22.2234
22.3424
23.9516
22.8004
23.1914
22.0810
20.9902
21.1613
21.8278
21.1020
21.7254
21.0833
22.1249
21.5135
21.0681
24.1267
22.0411
22.0073
23.3072
22.9620
22.2283
21.5874
22.5648
22.1917
22.1799
22.0235
22.0356
21.7135
22.2430
22.0612
21.6500
22.4151
21.9802
21.8450
22.1111
22.1023
21.3275
22.7187
22.7356
22.0185
22.6721
21.9603
22.3376
23.2012
22.5902
22.3360
22.3256
23.4891
23.2621
22.9344
21.7882
21.3065
21.5458
22.9210
23.7623
24.7965
22.2139
21.6129
22.7572
22.7639
22.4338
23.2372
22.0020
22.5183
22.4660
22.8552
22.5685
22.3309
21.5734
21.6172
21.0480
21.2758
22.6812
22.5880
22.4417
22.6749
23.0618
22.2559
22.6232
22.5320
23.2251
22.3357
20.9075
22.5629
21.5176
22.2433
22.3628
22.6392
22.5069
22.3484
21.9741
22.3476
22.2505
23.2288
22.2085
22.3727
22.3891
23.0587
23.1970
22.3625
23.3246
23.0697
24.4137
23.0069
23.2109
23.5409
22.2813
23.8971
24.4298
23.6429
22.6501
21.2846
22.1933
22.2059
21.4263
22.5466
22.4364
22.2947
20.7643
20.9055
20.5869
22.5731
22.8438
21.7011
21.6827
22.6051
22.3731
23.5522
22.7459
22.3665
23.4015
23.4479
24.2645
21.9995
21.9883
20.6396
23.5640
22.5982
24.0293
22.8031
22.9019
22.9767
23.4801
23.4949
22.5767
23.2932
22.2147
23.2821
23.3638
22.1782
22.2278
22.8573
23.1279
23.0921
22.6582
23.6875
22.5395
22.2546
23.7177
24.0128
22.7091
22.1862
21.8256
21.5397
20.3309
22.0452
22.3628
22.0622
22.0797
22.0475
21.1268
21.8175
21.7778
20.8304
21.2554
21.5393
20.6019
20.6685
21.5596
21.6457
21.7393
22.2251
22.1482
21.3427
21.9689
21.3826
22.5292
23.2539
23.3622
23.2294
23.5540
22.2371
22.7201
24.0355
23.2677
22.2602
21.3972
21.2249
22.5264
20.7614
21.9420
21.6698
22.8158
21.9343
21.2131
20.7587
21.2542
21.1184
22.5474
22.2910
21.9055
21.6609
22.8288
22.4158
21.6395
21.0816
22.9714
22.5821
22.7953
22.2583
22.0293
21.9388
23.0426
22.1929
22.9843
22.8622
21.9736
21.8537
21.8339
22.6703
22.5911
22.5285
23.4363
22.5230
21.6434
24.1403
22.6447
21.6263
21.5925
23.7713
23.3814
22.9928
22.9614
23.1565
23.8823
23.5798
23.4456
23.0872
23.0366
23.3803
22.8881
23.4086
21.4089
21.1078
22.1787
22.5128
22.9111
21.5380
22.3677
20.6336
22.7172
21.9740
22.1632
23.1322
22.9038
21.8741
21.4301
21.5192
22.0000
21.9012
21.8278
22.2388
22.2821
22.0639
22.3361
21.6826
21.5240
22.1943
22.2798
23.3107
22.0101
21.6149
22.1119
23.2170
22.5703
22.3390
23.1027
22.3868
22.9585
22.9976
22.0645
22.4020
22.4552
22.5963
22.6195
22.0979
23.1888
22.7859
22.1883
23.9409
23.1294
22.0253
22.6733
22.7216
22.1637
22.6151
22.7985
22.3614
22.5919
23.3330
24.1984
23.7041
23.8668
22.4824
21.6657
22.3842
21.9102
21.4402
21.8656
22.2885
22.1117
21.6440
21.4942
22.2206
22.0595
21.8406
21.1837
21.2660
21.7971
21.8430
21.8160
21.6331
21.7201
22.7156
22.0953
22.2244
22.6247
22.6457
22.1936
21.4282
20.7588
22.8676
21.5004
21.2711
21.2530
22.3073
22.2441
22.2509
23.1705
22.5527
22.5113
21.9051
21.2345
21.5916
21.2755
22.1185
22.1301
21.5662
21.8788
21.9784
21.9981
21.0972
22.8019
22.7979
21.7364
22.9625
23.4107
22.4042
22.3550
22.3722
22.3312
21.4629
22.9413
21.9667
22.5426
22.9036
23.4485
24.1880
25.1680
23.2564
23.4166
23.0617
23.2931
24.2383
22.3341
22.4884
23.5142
22.0908
22.0521
23.1654
21.7424
22.2372
21.9850
21.8956
20.9419
22.1265
22.0310
22.6054
22.0987
22.2791
22.1773
21.2240
22.8319
22.8457
23.1351
22.3970
22.2885
23.4953
23.8079
22.9988
23.3219
23.3020
22.0285
22.7070
21.7705
21.1331
21.4652
21.7380
21.7531
21.8062
21.3047
21.1018
20.7361
21.1152
22.5047
20.6739
21.1859
21.6485
20.7325
21.6767
21.4223
20.7569
20.5818
21.8675
21.7464
21.7386
21.2283
22.8033
22.7665
22.3385
22.7838
23.1350
23.0346
22.8620
22.0628
21.6065
22.1444
23.2769
23.1288
22.8448
23.1290
22.6794
22.3480
23.0022
21.6247
22.8972
21.8260
21.5867
22.6307
21.9852
23.4189
23.4695
22.9655
21.9643
22.4618
23.5684
23.3062
24.0223
22.9413
23.3996
23.5876
23.6439
23.3269
22.6124
21.9484
23.2845
22.8371
22.8548
22.6426
21.8718
22.3167
22.2341
21.2824
22.0162
22.6645
22.9628
23.2270
22.8499
22.7525
21.6038
22.2640
21.9690
21.6985
21.8023
23.7411
22.7681
22.7816
21.3887
22.1308
24.8133
23.7355
24.2975
23.8233
24.3572
24.4564
23.0602
23.4733
22.8519
22.2412
23.0394
23.5739
22.8483
22.4021
22.5170
21.6771
23.0482
22.4701
22.8747
21.7353
21.7584
21.8214
22.1469
22.8501
21.9462
21.8558
21.8706
21.1019
22.4489
22.6746
21.6112
21.6119
22.0536
21.8885
21.0807
21.2894
22.3763
22.7208
24.1071
22.8699
23.1960
23.6739
21.5216
21.7231
21.6433
22.8933
23.2998
24.7339
22.8683
23.9741
24.1122
23.5123
23.6516
22.9694
21.3767
22.6297
23.0897
22.7038
21.5055
22.5764
22.5763
22.4812
23.1287
22.0898
21.9111
22.5792
22.9191
22.1003
23.9052
21.4922
22.0712
21.8720
21.8402
21.7618
22.8705
22.4025
22.3929
22.0622
22.1396
21.9121
21.6270
21.5742
22.6755
22.1340
22.4256
21.8649
22.9623
23.0351
21.6243
21.5712
21.0771
20.9268
22.0634
21.5641
21.9162
22.9506
23.0227
22.1508
22.2798
21.0048
21.6981
21.7796
22.0991
22.4459
22.8809
21.7347
23.1036
22.2062
21.8115
23.5159
21.7771
22.1500
22.6364
21.6762
21.7691
21.4967
22.6993
22.1616
22.2431
21.9279
22.9586
23.0521
21.3600
21.2236
22.1775
22.1142
21.9448
22.7198
22.4035
21.8021
22.1187
21.4601
21.3458
22.4965
21.8126
20.7705
21.3270
20.1541
20.7923
21.2753
21.8201
22.3838
20.7398
20.9991
20.7538
20.6793
22.9569
21.7088
21.8186
21.2042
21.6018
20.9929
22.2657
22.7142
22.6992
22.2697
22.2075
22.2878
22.4247
21.8138
21.7297
22.9860
23.2372
22.1670
23.5314
23.9585
23.5618
22.2521
21.9262
22.3904
21.8389
21.4434
22.2104
22.0159
21.0318
21.7130
21.7451
21.8995
22.3234
22.9595
24.2292
24.6438
23.6248
24.9936
22.8981
22.3280
23.6187
22.1129
22.5706
21.8570
21.8054
22.8073
22.8237
22.9600
23.5516
23.3959
22.6761
23.5139
20.8688
22.1626
21.4834
22.9654
23.2866
23.2002
23.0095
22.5645
23.4581
23.0147
21.5810
21.1201
21.7256
22.2958
23.1914
22.3312
23.5246
22.5754
21.5930
22.3063
22.6283
22.2868
21.9960
22.3764
22.3700
21.3340
22.6080
22.8354
21.4015
21.9518
22.0900
21.0965
21.8590
22.2212
21.8922
21.8460
21.6620
20.3026
22.0171
22.4164
22.2140
21.7801
21.7869
20.7929
21.3317
23.6214
22.3821
22.7538
23.3207
21.9084
23.7580
22.8811
23.0546
23.9244
22.7641
22.0533
22.1312
21.4704
21.0934
20.6542
20.8736
22.3631
22.2846
21.6250
21.1107
22.2679
22.3860
21.6649
21.7569
21.9023
23.0546
22.2517
22.5700
22.7117
22.2880
23.1852
22.8950
21.7113
21.5263
21.9668
21.6956
21.4195
21.1128
21.3390
22.1319
22.7436
21.8677
21.6479
21.0292
22.0697
22.5648
21.4895
20.9363
20.8273
20.9629
22.2240
21.9226
22.1741
22.0580
22.4668
22.4548
23.1375
22.2515
22.8658
22.6282
23.0328
22.9990
23.8380
22.3891
22.9396
22.2217
21.5885
22.2824
21.8968
22.6681
22.8125
22.0215
23.5170
22.0366
21.7433
23.2828
23.6400
23.6130
23.1254
22.1759
23.5970
21.9868
22.1142
23.1343
22.1797
21.9514
22.5051
22.4191
22.6601
23.5088
24.0876
22.6489
23.0786
23.1809
22.1313
23.3942
22.8525
22.8758
22.4999
22.9165
23.3473
22.7362
22.4975
23.4645
22.3471
22.9499
21.9435
22.7440
23.1696
23.3392
22.3922
23.1043
22.9847
23.3206
21.9938
22.3903
23.1018
23.4534
21.8121
21.8353
22.1892
22.7888
23.2861
22.6036
23.1404
21.5873
21.9848
21.9624
23.5244
22.9874
23.6036
22.5764
23.5025
22.8984
21.5258
21.4126
22.3527
23.2265
22.8925
23.4902
23.0022
22.5992
22.7464
21.6634
23.4047
22.7473
23.2324
22.6064
24.2873
22.6245
21.8952
21.7393
22.9880
22.6466
21.8472
22.2680
23.4494
22.4796
22.6157
22.2407
22.6321
22.1116
22.0680
21.5077
21.8228
22.9900
22.4528
23.3674
23.9344
22.5883
22.9685
25.4134
25.7212
24.8388
22.4012
21.8025
25.1790
24.0459
23.7523
22.8505
24.6212
23.9135
23.9492
23.5495
23.0528
25.1518
23.9612
23.3767
24.1057
22.9417
24.1348
22.9679
23.4602
23.0789
22.6623
22.3656
21.0011
22.7404
23.2483
22.3794
22.2393
22.7022
22.6038
21.9343
21.3630
23.2825
23.2256
22.6036
22.4416
22.9496
24.4167
23.4919
24.7217
23.6782
23.7745
24.5377
23.0846
23.3521
23.4210
24.0984
23.8586
23.0432
23.0737
24.4073
23.1692
22.8336
22.4333
23.3499
25.1099
24.2138
23.4408
24.5700
22.9177
23.6572
22.7778
22.3567
21.5273
22.8668
23.6477
22.3031
22.2726
23.3449
23.0660
23.4382
23.1509
23.2921
22.4210
22.5660
22.3977
23.0153
23.5697
23.3526
22.1980
22.4135
23.3493
24.0895
23.9240
22.0376
22.0130
20.8500
21.6196
21.0880
22.2447
22.6042
22.5301
23.2996
22.4047
22.2561
22.6622
22.0997
21.9875
22.3776
23.4445
23.6978
21.3843
23.1000
23.6494
21.6746
23.4641
23.2910
22.4973
22.6634
22.7463
22.4138
21.1726
23.4187
22.4706
22.4589
22.8841
23.1471
22.2395
23.4840
24.0870
22.9436
22.9389
22.6069
21.6481
22.6408
21.3027
22.6949
23.8313
23.0042
23.0875
23.0828
21.4289
22.2630
22.0159
22.6004
23.9053
22.8602
23.0746
22.6190
21.2295
22.5784
23.4716
22.1758
22.2339
22.3787
21.9399
21.4310
21.9594
21.9663
22.7106
23.5095
22.8031
22.6399
22.6317
22.1967
21.4675
23.1832
22.7790
22.6035
23.8855
22.4383
23.3087
23.1519
23.9323
23.0326
23.7663
21.8023
23.5766
21.8946
23.5882
22.6710
24.1739
24.7382
23.2096
23.4768
23.1190
24.2372
21.3602
24.3895
23.6114
23.7602
23.2296
24.2336
22.8998
23.8779
23.3639
23.5479
22.0276
23.7462
23.6927
22.0174
21.4420
21.8978
20.3959
22.8166
23.0308
21.9721
21.6735
21.6676
21.2424
22.2480
23.2389
23.3547
22.9584
23.5069
22.5158
22.6408
24.4304
22.2866
23.7463
24.1761
24.3094
23.6609
23.0300
23.0730
23.2763
23.4535
25.0969
23.1004
23.0764
22.6524
22.9587
21.8497
21.8674
22.7198
22.6846
22.7277
22.7158
21.7345
20.5494
21.3873
19.9446
20.1576
20.8104
21.1150
19.6445
20.9783
20.6827
21.9055
20.3715
19.3108
22.1835
21.9716
22.8613
21.1700
20.5087
20.1461
21.0341
20.7869
21.9416
21.9126
21.7812
20.9448
21.5627
20.6498
21.6182
21.3550
21.1557
23.2065
22.4015
23.3093
22.0211
22.0131
23.3782
22.8182
24.3874
23.2215
22.8834
23.5945
21.2390
21.8477
19.6605
21.1954
22.6054
21.0733
21.4295
21.5270
22.1337
22.1151
22.7613
21.2952
21.7161
23.5596
22.9024
22.0079
22.8860
22.3175
23.0777
22.4715
20.9785
21.4142
21.1164
21.9474
21.6675
23.9059
23.1743
22.4973
22.1126
22.8531
23.0404
23.1724
22.1251
23.5514
22.6763
21.3026
24.2469
22.6409
23.8856
21.0714
21.8754
24.3914
23.4381
21.3952
22.1167
22.8007
21.8398
22.4596
22.2933
21.8235
23.1425
22.0519
21.7310
21.2658
22.0753
22.0138
21.5806
21.2954
22.0927
23.0343
22.3835
22.1787
21.1732
21.3352
21.4924
21.0039
21.8651
23.0897
21.8435
21.5969
22.8476
21.4744
21.1620
20.9802
20.0244
20.3525
21.4428
21.8123
21.8750
21.8363
21.8951
20.2088
20.5895
20.6241
21.0724
21.7495
21.1671
21.1969
22.2377
21.8392
21.9005
21.4411
23.1273
24.6276
24.4497
23.1772
24.8745
22.9238
23.2116
22.3394
23.7298
22.8476
23.3064
22.1585
23.6174
23.5847
23.0550
22.6273
22.8553
23.3853
23.6833
22.8174
22.8826
22.4032
22.0149
21.3103
22.0104
22.3277
23.0140
24.0356
23.0477
23.8310
23.8374
23.5787
22.8236
21.7654
22.6276
23.0358
22.4850
22.0275
23.3629
22.6456
22.2099
22.8447
23.8244
21.9632
21.8443
22.9860
22.8085
22.9868
23.0939
22.3685
21.0074
21.7011
21.8549
22.1781
21.9196
21.5995
21.5667
22.5273
22.0192
22.5166
22.4354
21.0370
22.6612
23.4185
22.1098
23.3535
23.0848
22.5141
22.1759
24.0929
23.4838
23.5485
22.8189
21.1543
22.2411
21.8355
21.6093
21.4509
23.5942
21.8487
23.0382
22.6383
22.2941
22.0644
22.3345
23.9055
23.1386
22.7418
21.4060
22.2475
22.2740
23.7705
24.4737
22.5271
22.9048
22.7093
22.8991
22.3752
23.1326
23.9349
23.3860
23.0703
23.5455
22.8581
21.5153
21.4301
21.8201
21.0417
21.6757
22.0388
21.6801
21.1908
23.3096
24.0631
25.2112
24.0405
23.6872
22.4437
21.8604
22.5569
22.9367
23.4717
24.1824
22.6621
23.2160
23.2365
23.8534
24.5897
22.7282
25.7708
24.5370
22.4321
22.7158
22.9151
22.5642
24.0439
23.0887
23.2329
22.1228
22.6589
22.9175
23.9391
22.4353
22.8060
23.0734
22.0960
22.0436
21.7982
21.8494
21.4122
21.5388
20.9242
21.6987
22.4322
21.8995
22.0456
22.8380
22.0627
22.4179
21.9565
21.0658
22.5192
21.0344
21.8165
22.8977
22.1416
21.6489
22.2862
22.5383
24.2980
23.2105
23.0788
23.2184
23.0674
22.4830
22.1770
20.4488
21.2050
20.4104
20.8267
22.3890
23.2547
22.8404
23.4535
23.9108
23.2608
23.4314
23.0734
23.7687
21.9606
22.2928
22.0733
23.2471
23.2279
21.9845
22.8762
23.1011
22.3663
22.7109
22.4071
23.0241
22.0478
20.8480
21.2144
21.6734
21.2113
20.9396
21.2048
20.5551
21.7350
21.7523
21.2715
21.4612
21.1261
21.9527
20.4773
21.3671
21.5604
21.0556
21.5614
20.9632
21.5844
20.7340
22.5662
20.9968
22.0098
21.6974
23.2670
23.6918
24.4236
21.7940
21.4575
23.0952
23.1066
22.0166
21.8232
20.8552
20.8152
22.0160
22.5650
22.5235
22.1514
21.4601
22.4816
22.2905
22.9627
23.0707
22.8826
22.9591
20.9729
21.9558
22.1496
22.6502
22.5625
22.1320
23.3024
20.9780
22.3171
21.2843
21.8333
22.5799
22.4395
21.8549
22.9685
23.3369
22.8768
21.9314
21.9112
22.6437
21.1063
20.7298
22.6293
23.1959
20.7137
21.7422
20.9740
21.1993
21.5343
22.6788
22.0821
21.0803
22.1086
21.3275
20.4521
20.9760
20.9755
22.0373
21.7450
22.3075
22.4892
22.1833
21.7739
21.7732
22.3253
22.9900
22.9065
22.3599
21.6302
22.4767
22.3705
22.1907
22.8508
21.9983
21.6806
21.5477
22.8764
22.5113
22.2105
22.2779
21.4537
23.0516
22.1156
23.4734
23.4378
22.5870
22.3581
22.9101
22.0000
24.1948
23.4403
22.8934
23.4038
23.3799
23.0641
23.4320
25.1104
23.5346
22.8980
23.5476
22.9333
21.7996
22.3979
21.9954
22.4124
22.5785
21.4559
21.2825
21.7728
21.8575
22.1423
21.8695
21.8222
20.6831
20.8738
23.0168
23.2952
23.5509
23.3575
24.3359
24.0963
24.1788
24.2442
22.9568
23.6085
22.9867
22.6066
22.4939
21.2257
22.6599
22.0499
22.0324
22.6411
20.9446
22.2999
23.5469
22.8301
21.2183
21.5142
21.8014
21.9495
20.9133
21.5933
21.6238
22.4085
22.1087
20.9734
20.0159
21.5467
22.2867
21.5159
23.0693
22.0269
21.5375
22.6488
22.8015
22.2354
22.6459
21.9953
22.0712
22.8876
23.4966
22.7969
22.4509
22.2378
21.3911
21.1459
22.0831
21.6089
22.5678
23.1314
21.7873
20.6802
23.0067
22.4698
22.2363
21.9591
22.6770
21.5258
22.5850
21.4512
23.6018
22.6441
22.1756
21.4193
22.2607
21.8940
21.6870
24.8480
22.2418
21.9325
21.9143
21.8418
22.3764
22.5884
21.7671
22.2012
22.5228
23.8260
23.9677
22.0767
22.7641
22.9593
22.3935
22.1445
22.8931
23.2792
21.6949
22.6024
23.0287
25.2112
24.8164
23.5386
22.2525
22.9302
23.2817
23.4258
23.4941
21.1253
22.4920
22.2764
21.8248
21.4763
22.2993
21.8894
21.2995
21.1033
22.4066
22.9735
23.7674
23.8507
22.8319
23.2740
23.7237
23.8006
22.4365
23.8744
22.8627
23.0772
22.8804
23.7274
23.0468
23.8546
24.4572
22.5467
22.8853
21.5748
22.2987
21.7239
22.2095
22.2269
22.7808
22.5629
22.1585
22.1172
21.6070
23.0760
22.7041
23.0363
21.6447
23.0023
23.1716
22.7562
22.5274
21.5836
22.3353
22.0477
22.8387
22.9620
23.2598
23.7815
23.0230
21.6499
21.6010
23.2447
22.1584
24.1873
23.6363
22.0669
23.0144
23.7433
22.4564
23.3089
23.9482
23.5559
23.5855
22.7996
22.2199
22.9618
21.3842
21.3093
22.5579
21.7152
21.7612
23.9571
23.6658
24.2226
23.9933
23.8397
24.0255
23.2612
22.6201
22.6489
25.3903
23.2360
22.4072
22.0296
23.3992
23.8477
23.0562
24.8359
25.6017
23.5497
22.5039
26.2145
24.9036
23.7438
23.9659
24.5264
23.1678
23.1161
22.4648
22.3906
23.6217
22.8388
24.4738
22.6504
24.5252
23.7693
23.5655
24.8773
23.9123
25.6863
23.9952
24.3686
24.9658
24.4014
24.1903
25.0696
25.1614
24.6974
23.7054
23.9737
23.5658
23.6753
24.1709
24.1872
25.0153
24.5498
24.8519
24.1930
24.8482
23.9068
23.8668
23.9538
24.5637
25.2476
24.5843
22.6836
23.4384
23.4667
23.5972
23.1231
22.3891
23.8026
23.5773
23.4098
23.8460
22.8890
23.2338
22.0944
23.9759
23.2389
23.1427
24.1135
25.0804
23.2283
22.8086
23.4526
24.2411
23.9878
22.5980
23.9314
22.8771
23.5365
23.7320
23.1942
22.2510
24.1863
23.4738
21.7614
23.6086
23.7807
25.1615
24.1420
23.6108
23.8514
24.4880
23.8375
24.7344
25.4666
23.6415
23.5872
23.7772
24.4414
23.4930
24.7315
24.6636
24.7545
24.5649
23.2044
24.5044
23.8611
23.9912
24.0629
24.5118
22.9676
24.8916
26.2230
25.4359
22.8226
23.4375
24.2178
23.8742
24.1313
22.8043
21.9965
23.2291
22.3205
22.7110
23.7582
23.1079
23.1801
22.7465
23.0163
22.3369
22.3155
22.5299
22.2633
22.1915
22.3331
23.6636
21.8744
23.3821
24.3816
25.0987
23.6353
25.0825
24.0124
23.1265
22.7917
22.7442
22.9629
22.3875
23.1396
23.8348
24.4009
23.6118
24.7378
24.9448
23.7410
24.5529
24.2941
24.2461
23.8891
22.7166
22.4995
23.3007
24.0378
24.8447
23.9692
24.7383
25.0544
26.3077
24.8322
24.5658
22.6534
23.2757
22.6647
22.4567
22.3790
22.2590
22.5562
23.1573
23.0813
23.8452
21.9594
22.5055
22.5074
22.2312
22.6788
23.3215
22.6407
23.6620
22.6697
23.3557
22.7712
23.5056
22.9499
24.3486
23.8775
23.2108
23.6223
23.7129
23.9611
24.2776
23.1857
23.6298
23.7484
23.6479
23.6114
23.4818
23.7511
24.1493
23.9779
24.3581
24.4702
24.1442
21.5903
22.4313
20.1551
23.6685
23.3678
23.7383
23.0799
22.9822
23.7180
23.5083
23.1083
23.6831
25.8327
24.9218
22.1717
24.4504
23.6636
24.1190
22.9715
23.2793
25.2147
23.8768
24.6090
23.3968
24.3970
23.0333
24.3985
22.8120
21.7443
23.6100
24.4550
23.6600
22.0392
22.4718
22.6397
23.9140
23.4501
23.0039
22.5713
22.8037
22.3549
23.1343
22.7228
23.2223
21.7979
23.0175
25.0117
24.6559
22.4047
24.1316
23.7895
22.5568
23.0528
23.0483
23.9378
24.7313
23.2538
23.5394
23.9675
24.6007
24.7814
22.9809
21.4782
23.6954
23.3409
25.0375
23.6910
25.1344
25.4947
23.0577
23.5464
23.4444
21.5618
22.4037
22.5437
23.6966
24.1019
23.7840
23.4520
22.4528
23.2950
23.6808
23.9997
24.2481
24.0564
24.2950
24.3074
22.9230
22.1425
25.3852
23.8819
23.2646
23.5372
21.6857
22.1959
23.3115
23.4574
22.6231
23.3920
24.8436
25.2339
24.7479
23.0625
22.6401
22.7397
23.2916
22.5223
21.4636
22.4037
21.7267
22.9316
21.4760
22.4596
22.3262
24.3564
22.2722
21.7943
22.0037
23.2503
22.9578
23.3447
23.1557
24.5501
23.7511
24.3985
23.7614
23.2691
23.6400
24.7635
23.9148
24.1677
24.4372
24.9081
25.1831
23.3214
23.5782
25.2870
23.8067
22.5257
23.2352
24.0828
22.4353
22.7151
23.0939
22.4344
23.5713
22.6563
24.2984
22.3102
22.2336
24.7931
23.2294
23.8077
23.3853
23.7331
23.2251
22.8980
24.5783
23.2607
23.6485
23.7854
23.1812
22.9117
22.4543
22.7759
22.9980
22.7109
22.9233
22.8895
24.4518
22.2858
23.5887
23.1637
23.5497
23.6354
22.8212
23.3292
22.8926
21.2529
21.2967
22.3465
22.4163
22.7589
22.6325
22.3140
22.3027
22.4998
22.7743
22.9213
22.2017
22.2633
23.1437
23.0379
22.9679
22.7556
23.0692
21.9998
21.0956
23.2125
22.2356
22.5460
22.4536
23.5285
22.6983
21.6132
22.8787
23.0944
21.7654
22.4010
23.1603
23.9059
22.6390
22.9984
21.7778
22.1138
21.7610
22.1844
21.5725
21.0922
21.9976
22.0275
21.9930
23.4490
22.8028
23.7972
23.4252
22.6053
24.1205
24.5255
22.3075
24.1136
23.5515
23.7565
22.8730
23.5074
23.4996
23.3679
23.4775
22.7634
24.7493
23.3113
23.2884
23.7467
22.8179
23.6359
23.3680
24.2156
23.3192
22.8146
22.4664
24.0256
22.5891
21.9316
24.2747
24.1351
23.9957
23.0026
22.2419
24.3452
24.3061
23.3149
23.2537
23.6030
25.1426
24.8180
25.7612
23.6643
23.2731
24.7076
23.2013
22.2914
21.7278
22.3995
25.8289
23.4766
24.0923
23.8241
23.8495
22.8413
23.8785
24.6085
24.4441
23.0810
23.7142
24.1919
23.8784
25.1962
24.3710
22.8758
24.3976
23.2592
23.3364
24.1668
22.4017
22.7172
23.7283
23.6278
24.2174
23.5091
24.2426
24.2518
24.0453
23.3754
22.1864
23.0117
24.3636
23.3043
24.2130
22.9893
23.8399
23.6028
23.3928
24.1422
23.1973
24.4385
24.2443
24.4432
24.8994
24.8871
25.3066
24.0785
23.9274
24.5969
24.5759
23.9445
23.2423
23.7220
23.9126
24.7098
23.5769
22.9981
23.4364
23.1733
21.8239
22.4944
22.7609
23.8628
20.9126
21.2621
22.7211
22.1614
22.7752
23.3629
22.4413
23.2190
24.0393
24.6963
23.6236
23.1937
22.7943
21.8049
22.1707
22.3372
22.5228
21.6823
22.3143
22.3046
22.3018
20.2851
21.4483
21.7466
21.7513
22.5835
22.1567
21.4763
21.4298
22.1260
22.2002
22.9422
22.1056
22.1645
22.5106
22.4717
23.4990
22.4910
21.7875
22.8000
22.6052
22.9004
22.8509
23.8498
22.8713
22.4150
21.5537
21.9424
22.9822
22.3475
22.6144
22.6790
23.5084
23.5697
24.1310
23.2399
23.7960
24.1128
22.4463
23.2970
22.8204
23.7715
24.3801
23.9032
23.1477
23.0290
24.8753
22.5943
22.5130
22.6438
23.3116
23.7819
22.9962
24.5580
24.9085
24.9375
24.1309
24.3523
24.9637
23.8395
24.1303
23.4892
24.1604
23.8957
22.5906
23.7388
24.6900
22.8797
23.1117
22.8530
24.2711
25.1201
23.1584
24.2950
23.5441
25.0794
24.0132
24.2723
23.5151
23.9128
22.3019
22.0992
21.7224
22.8688
23.3387
23.0448
23.6951
22.5483
22.6674
22.5966
23.5170
22.2647
22.7694
22.7646
22.5229
22.3777
23.9664
22.5965
23.1392
23.3553
24.4016
24.4960
25.6220
23.2272
23.5179
23.3289
22.2206
22.4392
23.4322
25.2753
22.6859
23.3614
23.2972
22.3216
21.9791
23.3168
22.4414
24.2758
23.5502
22.1829
21.9227
22.1242
21.8090
23.0713
21.9979
22.9690
23.0436
23.9893
22.6438
24.3356
23.8722
23.6115
21.9367
22.0740
22.9097
22.1629
23.2273
22.7031
22.7562
23.3651
22.4674
22.7631
22.1591
21.5162
23.0039
23.1567
24.1986
25.4337
25.7934
21.7472
23.4228
24.3714
24.3463
23.8381
23.7624
23.2033
24.2756
21.6807
22.1381
22.4534
23.1295
22.3255
22.1408
22.6474
22.0050
23.6497
22.4020
22.5966
23.0377
22.2826
23.0028
22.6392
22.9991
23.8394
22.5809
21.7937
22.9548
22.8178
23.3585
23.4519
22.4066
22.0253
24.1366
24.0398
23.6604
24.0602
23.9767
21.6839
24.3040
22.7985
23.5444
24.5743
23.0043
24.2436
24.1323
24.0366
23.5377
24.4207
23.7643
22.2249
23.4065
23.3470
23.1120
22.8140
22.3030
21.9221
22.5549
22.1026
24.1045
22.4155
22.7300
22.9530
22.0729
22.7517
23.0423
22.6992
22.4723
23.1204
21.7246
20.9039
22.6450
22.9098
22.1823
22.6449
23.4518
22.5321
23.2708
23.7726
23.6780
24.3299
24.0738
24.1118
23.3233
21.9177
23.4624
22.7227
22.6028
22.2202
22.4362
23.7400
24.1005
22.4669
22.9960
22.5376
24.2249
23.3096
22.0521
21.5941
21.6642
21.8136
22.5272
21.9371
21.3836
23.0738
23.6073
23.4269
22.3200
22.5833
23.3496
22.9619
21.8145
23.6129
22.6698
23.7318
23.4383
23.6964
23.4674
23.0868
21.4893
22.3367
21.7060
22.2635
22.2708
21.8773
20.9240
22.2025
23.1331
23.2830
23.2088
23.5340
22.3934
22.3015
23.4508
21.8819
22.0267
23.1141
23.1772
22.5459
23.6632
23.7425
23.7794
21.6411
22.1414
22.6217
22.6237
21.9543
22.3940
23.5453
22.7392
22.3750
23.2611
23.4574
24.1775
24.5503
24.3243
22.8329
23.2870
24.9101
24.1379
22.4490
22.5135
22.9489
21.8686
23.1319
23.3250
23.2165
21.8109
23.6078
23.4823
22.8333
21.9162
22.1628
23.5019
24.3526
22.8583
23.9343
23.6313
22.5933
22.5645
22.9245
21.4740
23.1770
22.3118
22.3961
22.3892
22.3893
22.4446
21.9712
22.1329
22.8333
23.1752
21.6246
23.0452
22.6494
23.1015
22.7855
22.3499
22.0022
22.6246
22.0377
22.5360
22.6203
22.5462
22.9153
23.0216
22.1496
22.9340
22.1488
23.2098
23.6192
23.7301
24.8760
23.9432
22.3582
23.1631
23.4928
21.3721
25.0101
23.4178
23.7057
22.6316
24.6293
23.0139
22.6828
23.0989
24.4425
24.1226
23.4507
24.1945
22.9730
22.8467
22.1955
22.8570
21.9973
24.9367
22.8767
22.5314
22.6857
23.9352
22.5845
23.2620
23.6619
23.2232
22.6405
23.7312
23.1470
23.2696
22.9795
23.6171
23.1013
23.9714
23.2219
23.6277
23.4935
23.4294
23.4140
22.5094
23.3114
23.0614
22.6079
22.3911
23.1657
22.4157
23.9011
24.1699
23.4967
22.6221
22.6336
24.1033
22.5909
22.6995
23.2396
23.5783
22.1479
22.6989
22.8183
22.1185
22.3225
23.1824
22.2592
23.4076
24.1843
22.4437
22.8554
23.7721
23.3725
23.6940
24.2722
23.1836
23.4666
23.9938
22.7060
24.7890
23.0927
22.7715
22.5797
23.0013
20.6475
22.4789
22.1794
21.0833
23.3260
23.4180
23.1267
23.4476
24.0927
22.4425
22.6088
23.6828
23.5017
22.7869
22.9962
23.4646
23.0611
22.9101
23.2661
23.3667
23.2334
22.8911
23.9780
23.8977
22.7164
22.1417
22.1533
23.2728
23.8441
23.5225
22.1535
23.7335
23.2918
24.7032
23.7429
24.0595
24.8730
22.3162
22.7979
23.3524
22.8970
23.6911
23.1448
23.1947
23.9317
22.7338
22.4814
22.4627
22.6279
21.8014
22.8529
23.4647
22.5863
22.8062
21.9238
22.1917
24.0407
23.7871
24.4078
24.5400
22.7269
22.9702
22.6196
22.9762
23.5849
23.3263
23.6852
24.1694
22.6888
25.2134
24.0818
24.3093
24.3331
23.8934
23.1249
23.4562
22.9029
23.3506
22.7540
24.1063
22.1141
23.7181
23.4731
23.4411
23.3225
23.1735
23.0094
23.8224
23.4791
22.3798
22.3624
21.8686
22.4404
23.6800
22.7807
23.2215
21.9587
21.5042
22.1095
21.4693
21.2745
22.2149
22.9969
23.3638
22.6441
22.6667
23.4375
21.4795
23.3263
23.2344
22.9864
21.7380
22.2097
21.6816
22.8305
22.8486
23.5030
22.7753
21.5491
21.8612
23.6686
22.7637
23.1791
23.6699
23.7520
24.0949
23.5445
22.8909
23.1321
23.2484
22.7504
23.2111
22.7339
23.7885
24.6348
24.3572
24.6280
24.7213
23.6392
23.5235
23.4093
22.0977
21.8580
22.3894
22.4897
23.2460
23.9861
24.1239
23.0395
22.9868
23.9328
23.2579
22.9022
22.7066
22.2848
22.1424
21.8563
21.8923
21.5865
23.9768
22.5155
21.4468
20.9843
21.8617
22.0306
23.2239
22.0512
22.8607
22.0771
22.1394
21.5018
22.2432
21.8093
23.2718
22.6754
23.2506
21.9588
22.9816
23.0015
22.0869
21.4036
22.2122
22.0933
21.1954
21.2005
23.2060
23.3414
22.6336
21.2965
22.3973
22.3537
21.4140
21.8610
22.4402
22.1981
22.8816
22.5133
23.4157
23.4626
22.3229
22.6733
21.8667
22.7690
22.0014
22.5416
22.9114
24.7684
23.3414
23.6168
23.1692
21.9862
22.6918
20.9294
21.6086
22.0508
21.3791
21.1973
22.3087
21.3132
22.7086
22.8326
23.0112
23.3463
21.5710
22.7081
22.5541
22.5170
21.6056
23.9776
22.0384
22.2393
22.3624
22.8898
22.6970
22.9939
22.3258
23.3175
23.8947
23.3129
23.6349
22.4311
23.6496
23.0345
21.7733
20.9363
22.7546
21.9454
22.1606
21.8778
23.8772
22.5540
20.9641
22.9464
22.0463
22.2176
21.9115
22.6975
23.4407
22.9166
23.2271
24.0111
23.6409
22.1828
22.7303
23.2403
23.5782
22.6923
23.9600
23.4732
24.5921
23.7806
23.4243
24.0767
22.4630
22.0969
22.6025
23.4416
23.0637
23.2450
23.7126
24.0354
23.3844
22.8660
22.7527
24.6774
22.9549
24.5725
23.1867
23.1034
23.5694
23.5676
23.5416
22.6951
23.2330
23.3392
24.3922
23.5808
23.3713
22.2963
21.6478
22.9801
23.2781
24.2042
23.5561
23.1102
23.0579
23.3462
23.6115
23.4787
22.7299
22.6311
22.9616
24.2412
24.9030
23.3165
23.3229
23.0966
23.3802
23.5625
23.5874
23.9761
23.7122
22.6099
21.9180
21.6931
22.3772
22.0514
22.6164
23.1993
22.9817
23.1601
22.6554
22.5510
23.2496
22.2148
22.9673
23.7470
23.5759
22.8873
22.3714
23.2714
23.1383
22.4086
22.8496
23.1588
23.9899
22.7476
22.4981
21.7611
22.3201
23.6006
23.2577
24.3706
22.6726
24.1766
23.6535
22.1130
23.6966
23.1642
23.8856
22.5889
23.3518
23.3548
23.5244
22.8545
22.3333
23.0025
23.1552
23.6064
24.3032
23.4421
22.4867
24.1620
22.3176
23.5335
22.5263
23.2517
23.4024
23.3977
23.5778
22.1808
21.6078
22.0188
23.5234
22.4824
23.4671
23.2282
23.4373
24.2536
23.5692
23.4483
23.0806
22.4353
21.8408
22.2573
24.6763
21.7593
23.9021
23.0953
22.7533
23.6739
23.4853
23.1044
22.1907
22.2512
21.9164
23.7612
24.6603
23.4829
23.1498
23.0864
24.0389
23.9362
23.3429
22.4635
22.4303
23.5411
22.8144
22.6609
24.1150
23.5065
23.2003
23.7733
23.0057
20.8661
21.3002
23.0465
22.4252
23.0753
23.8355
22.9029
23.6208
22.4178
22.8414
23.8241
23.4324
24.3871
22.7134
23.6366
23.0957
22.6131
22.6875
22.1965
22.2318
22.3358
22.2907
23.5838
23.5246
22.2972
23.0475
23.1328
22.0968
21.6268
22.4026
22.7901
22.9845
22.9413
21.8527
22.0959
21.5344
21.5237
21.6889
23.6490
23.1839
22.8757
22.5931
22.4793
22.0125
22.6590
21.9047
22.6212
22.5012
21.7047
22.7977
22.3561
22.5960
22.5087
21.4335
22.7082
22.4222
23.3509
22.5296
22.4382
23.2140
23.3915
22.2524
23.3019
24.2881
23.4701
23.6741
22.6148
23.0939
22.8881
22.1097
22.2936
22.8690
22.9049
23.2846
22.4447
22.0899
22.3478
21.8549
21.5062
22.2337
22.6970
22.7593
22.3817
22.2043
22.7542
22.1758
23.0875
22.9050
23.1340
23.1648
23.6056
22.4571
23.0026
24.4157
23.5671
24.5246
23.5508
24.5406
23.1369
23.2572
23.5506
21.8995
22.8660
22.7872
21.8766
23.2912
22.0393
22.4845
22.6251
23.7889
22.2731
22.9099
22.9879
22.3569
23.4413
21.3932
22.0017
22.0574
22.0619
22.8201
23.2630
22.4026
23.3140
22.8446
22.3907
22.7466
22.9982
22.2767
23.7047
22.5378
22.0560
22.3746
22.4727
21.6621
22.0415
22.6424
22.6128
22.2894
23.0304
23.1367
23.0882
23.6765
23.3416
23.8147
23.7867
23.3302
22.0666
22.8001
22.7014
22.2008
23.0903
21.5628
22.7158
23.1410
22.1438
23.1483
22.7927
22.7328
22.0196
22.5458
22.3376
22.7871
22.0276
22.5681
22.1282
21.1124
22.4696
21.6769
22.4771
22.4824
22.3513
22.9104
22.0646
22.8744
21.3994
21.3005
22.8070
22.5040
22.0682
22.8912
22.7727
23.0629
24.2235
23.0018
22.3353
21.8819
22.7737
22.3179
22.9447
23.1095
22.6654
22.1478
22.3168
23.6765
22.8850
22.0213
23.8615
22.5742
23.3862
23.2830
23.9616
22.4837
22.9283
23.2978
23.1483
23.7187
23.1640
23.4546
23.6942
23.5665
21.8305
23.0247
22.8309
22.6300
23.3520
23.5576
22.1411
22.8944
24.3991
22.2171
21.8458
22.0542
23.5830
22.0575
22.8965
24.5237
23.1135
22.4481
22.5897
22.5135
22.8157
23.4084
22.6055
22.4056
22.6027
22.2003
21.8338
22.0461
20.5602
21.1531
21.3518
22.9181
21.7794
22.4088
21.6696
21.6997
23.0879
22.5413
21.9473
23.1368
23.2294
21.9317
21.8079
22.4576
23.6194
23.7897
22.0805
23.7939
22.0934
23.1485
22.7612
23.6177
21.4865
23.2686
23.7612
22.9885
23.2094
21.8083
23.1655
22.5612
23.3246
22.1667
22.3465
22.3290
21.6822
23.4749
22.7339
22.7953
23.3668
22.9222
23.2997
22.8668
22.1424
22.3603
22.5080
23.0072
24.4143
23.2832
23.2973
23.5557
23.8682
22.4260
21.7276
24.2570
23.0495
23.0965
23.0538
23.1798
23.1810
23.7232
23.2734
22.9309
23.2292
22.6665
23.6749
21.5947
22.6205
22.4503
23.1803
23.7346
23.4125
22.0996
22.7432
23.2720
22.1600
20.5588
20.8179
21.5837
22.2579
23.8888
23.2062
23.1752
22.9277
22.6502
22.8168
22.5390
22.3952
22.9055
22.7362
22.0974
23.0333
22.0457
22.2503
22.4083
21.9443
22.8012
22.3960
23.5075
23.2885
23.4638
23.0528
23.6663
23.8810
24.2634
23.6878
22.0845
22.7184
23.3283
23.3058
23.5718
22.8013
23.6371
22.6105
22.8480
22.0738
21.9775
20.6680
23.0996
23.6275
21.5139
23.0769
23.9051
23.2185
23.7770
23.2448
21.9413
22.8190
23.1658
22.0648
23.3949
23.7442
23.2448
23.1057
22.8567
23.2512
23.2667
23.1011
23.0790
22.4196
24.3986
23.5204
23.2800
24.2729
23.5955
23.0277
24.4380
23.9778
23.2103
23.4169
24.2804
23.9988
23.3924
23.7804
23.2404
24.2753
24.1245
24.7766
23.1801
25.0190
23.9444
23.4062
23.4106
24.2866
23.5121
22.9443
24.3210
23.5884
23.4745
23.4045
23.6948
23.4296
22.6848
22.6517
21.7223
21.8872
23.0295
22.6706
22.6788
22.8957
23.4008
23.8111
22.1619
22.6605
22.5389
23.0397
24.1693
23.1835
23.0770
23.0582
23.8425
23.1466
24.1042
23.5355
24.7083
22.6215
22.1351
21.9073
22.9537
22.6027
22.9301
24.3438
23.0346
24.7114
24.3806
24.3520
23.5124
22.6253
23.3014
22.9151
23.6961
24.1138
23.6457
24.0084
22.3943
23.1766
22.8530
23.7028
22.9286
23.5029
24.0371
22.6870
23.8450
23.8705
24.0700
25.5594
23.6456
23.1898
22.1601
22.3377
22.7076
24.3866
23.4823
22.3765
25.3093
23.4579
23.0618
23.1115
23.9943
24.3105
24.8742
23.4266
22.2175
23.3073
22.8475
22.5440
21.8620
22.9414
22.6642
23.9599
23.3448
23.3683
23.5183
23.7353
22.8157
22.9417
22.3538
22.4880
22.6982
23.7247
22.9549
24.7812
22.5988
23.1351
21.5678
21.9110
22.7061
22.3542
20.8366
21.7991
21.2491
22.5893
20.9105
21.7684
22.8582
21.3038
23.7001
23.8398
22.6683
22.7121
24.4102
23.8960
23.3459
24.2983
24.4066
23.1994
22.6092
23.9081
22.8716
22.6400
23.4274
23.9231
23.7617
23.8478
23.0055
22.9887
23.5080
22.4420
24.8483
23.3047
23.7032
23.5628
22.9506
24.0109
22.7889
23.4127
23.7124
23.4303
24.2462
22.7469
24.4260
23.9011
24.5298
25.3391
24.3521
23.7176
23.7760
24.8778
25.2307
23.7868
23.9406
23.6266
23.4026
22.7120
22.2935
23.3251
23.2497
23.0316
22.5915
21.6644
21.7085
22.1536
23.5774
23.5072
22.8759
22.8891
24.7604
24.1977
24.2881
23.4200
25.3864
23.9907
23.6963
23.5666
24.4079
22.3509
25.2788
26.2379
24.2702
24.1300
22.6199
22.7446
21.9732
23.3070
23.9130
24.6681
22.8149
23.4238
23.8492
23.7436
22.6468
20.7185
21.8313
23.3617
22.0494
22.7098
22.8526
22.8018
22.7719
21.7440
22.9855
22.7873
22.5927
22.8680
21.5290
23.6586
23.6895
21.7727
21.7637
22.3692
23.2854
24.9860
23.5950
22.1255
23.7354
21.7587
23.1219
23.0903
24.8580
23.0683
22.6721
22.4535
22.9635
23.3603
23.7544
22.4688
23.3038
24.3664
25.9335
24.9441
24.0798
22.8724
24.0943
23.4739
22.2179
23.5330
24.1684
22.8929
23.7985
23.1765
21.8856
21.8645
21.9709
22.9249
23.0761
23.5527
25.4904
22.7323
23.3810
23.5581
24.0875
23.3983
22.7577
23.6852
22.4699
24.2290
23.5334
24.5585
24.0405
22.9130
23.6053
24.7509
24.0834
23.8424
25.0750
22.8306
23.4377
23.1630
22.7886
23.1696
23.6992
23.9335
22.9457
22.1003
23.5912
24.7848
24.2627
21.4104
22.4834
21.9666
22.7696
21.4280
21.6768
23.4614
23.2572
22.3389
21.8507
21.7106
22.3113
23.3151
22.1276
21.6864
23.3086
22.9426
22.9889
21.5586
22.4718
23.4510
22.0464
20.8977
21.9865
22.2343
20.3469
21.7144
22.0726
21.8045
22.5882
22.0309
22.7004
21.5805
21.8339
22.3609
22.3202
22.1679
22.1437
21.4195
21.7391
21.4866
22.5895
23.6576
22.5925
22.6599
23.4996
22.6457
21.5212
21.8241
22.8075
24.0910
22.2626
22.8974
23.3488
24.5018
23.3294
23.9270
23.5317
25.0317
23.0499
23.3215
22.8398
23.0899
24.5697
23.2506
24.0223
24.1107
24.4737
23.8580
22.4964
22.0023
23.8629
24.2364
23.2400
24.3606
23.5101
23.3140
23.0127
25.0199
23.4358
22.4929
22.3745
22.0804
22.7429
21.7694
21.6795
22.8955
23.3503
22.9675
23.5566
24.2103
22.9982
21.9787
22.1151
23.7975
24.8581
24.0522
24.3828
24.4763
23.1722
22.2884
25.0412
23.9958
23.4641
23.9535
24.2646
25.2387
25.2448
23.9936
24.3534
23.6598
25.7233
23.3129
24.4162
23.9178
23.7364
24.9778
23.1047
22.0457
23.3929
22.3586
22.3356
22.8308
23.7814
23.5543
23.8090
24.0429
22.7585
25.1121
22.9711
23.1395
22.8010
21.6277
23.7394
21.6580
22.2260
24.0396
22.0990
22.4815
22.7537
22.4408
22.2588
22.2588
24.8697
22.4436
22.8145
21.1245
22.7184
23.1680
23.2323
23.6283
23.3772
22.1476
22.0022
23.4240
23.8687
23.1964
21.8571
22.0625
21.7770
22.3590
21.6010
21.5373
20.5669
22.7868
22.9430
21.8684
21.9392
22.9740
22.5200
21.3767
21.5530
22.0427
21.3554
21.9704
23.1865
21.5489
22.5168
23.0359
23.2080
22.9803
22.8844
22.1350
23.0531
24.1638
23.2372
23.0602
22.7146
22.8902
22.2526
22.3706
22.7058
21.6133
23.1033
23.3055
23.1933
22.2728
21.5496
21.2518
23.0725
23.4166
22.8915
22.7605
22.4969
24.6345
25.0260
23.9315
21.7545
23.7696
24.3146
22.2474
22.7047
22.0481
22.5581
23.3449
24.7691
23.9599
25.0308
23.9927
22.7146
22.9692
22.1936
22.9946
21.9365
23.6243
22.3176
23.1947
22.9481
23.0163
22.3974
22.2558
21.7366
22.5058
21.4726
22.3833
23.7659
21.6933
23.2809
23.8043
22.8580
23.3878
23.6139
23.8942
22.3364
22.1776
21.5679
21.2506
21.6520
23.6785
23.1187
23.3699
21.7342
21.9788
23.3299
21.8148
23.5110
22.7036
22.0915
23.1771
22.6639
22.8389
23.5047
22.2807
22.1295
21.8833
22.4627
22.2663
21.8051
21.3763
23.1763
22.1823
21.9195
21.5286
22.6966
22.2890
23.0212
21.9203
22.6959
23.2632
23.0008
24.4950
23.1105
23.4387
24.1380
23.2199
24.4949
22.6688
24.4360
23.4598
23.3833
22.8427
24.0565
22.3269
22.4505
23.6636
22.0427
22.4053
22.5731
22.1268
21.9968
23.2627
22.5719
23.8269
22.8344
22.1831
22.3569
23.1072
22.1036
21.9790
23.0922
22.8381
23.6247
23.2713
22.7524
22.2406
22.2857
20.8719
21.9069
22.5957
21.5563
21.7425
23.1180
23.0804
22.2625
22.4182
23.1007
21.8625
22.7367
22.6966
23.8711
22.8735
22.2022
23.5186
23.0073
22.9137
22.1527
23.6560
21.9795
23.3120
22.7375
23.2237
22.3078
23.8741
23.1821
23.0107
22.1916
24.1757
23.2814
22.2300
21.5619
23.3318
22.4864
22.9256
22.3009
22.5749
21.2173
22.8933
22.4969
22.3626
23.4648
22.6069
23.4223
21.3060
22.5916
22.6448
22.8299
21.8806
23.0686
25.3333
27.0076
27.2321
26.2551
25.1437
23.6881
23.1358
23.1641
23.5951
22.8094
23.8040
23.8196
23.2629
23.1950
22.6091
23.4316
24.3465
24.4502
23.2801
22.4152
24.4964
23.5958
22.8908
23.3570
22.9270
23.0106
22.8218
22.5734
22.5772
22.2946
22.2454
22.5641
22.2748
21.9421
23.4458
23.0446
22.0363
23.3508
23.4912
22.5203
21.3733
23.2629
24.4719
22.8201
22.7884
23.7445
23.3714
21.8768
22.2376
23.3008
23.1655
23.6282
23.5379
22.9843
22.8338
22.9381
23.3044
22.8574
25.0393
24.0304
25.3715
24.2479
24.4026
22.9382
23.2168
23.6554
23.5947
22.0778
23.3175
22.5768
22.1609
23.0917
24.6057
24.6472
24.5495
24.5386
26.1316
24.8359
25.3099
24.9476
24.7538
24.6415
23.7769
23.8415
22.6094
22.9078
22.4747
22.9230
22.5102
23.9578
23.4451
23.0257
23.9694
23.7417
23.8330
22.9134
23.2549
23.4381
23.5516
23.3879
23.2991
23.7702
24.7604
23.4361
24.3151
24.7086
25.5853
24.8735
25.4591
25.6218
25.7876
24.9556
27.6556
25.2755
24.4998
25.8511
25.8659
25.5459
24.3803
22.6910
24.0310
24.4316
23.7110
27.3787
23.9632
24.4576
24.9682
24.8010
24.0088
25.6847
23.9538
26.4625
23.9556
23.6012
22.4490
23.7885
24.0102
24.2671
23.8087
24.9579
23.4489
22.8296
22.9522
21.8555
23.2669
22.8206
24.9109
24.3333
24.3876
23.8788
24.7241
24.2251
23.3433
23.7862
24.0341
23.1384
23.4728
24.3984
23.9738
23.1880
23.5115
24.2349
24.5990
24.9511
23.9895
24.8817
24.2846
22.7496
24.4525
24.2135
23.5680
23.6087
24.4238
24.1826
24.2052
23.1435
24.4561
23.1099
22.7394
23.3748
23.4766
24.5540
23.9429
23.2740
24.1943
24.1697
24.3439
23.8881
24.0008
24.0083
24.6477
24.0064
24.6573
23.2883
23.9997
24.7840
24.5876
22.7029
24.7656
24.5832
26.6202
26.1062
25.0671
25.1197
23.4079
24.8311
25.0329
25.6489
25.3144
25.2689
25.6474
26.6670
26.5442
25.4220
25.1550
25.4488
26.2732
25.9511
24.8716
24.5575
26.9526
26.1669
26.7626
24.4276
24.0835
24.9801
24.3986
25.8595
23.8900
24.0516
23.3534
24.6773
26.2174
25.3377
26.1537
26.1653
24.3047
24.1908
23.1087
23.6898
22.4339
23.4371
25.1411
26.3322
26.2278
25.7550
26.8842
25.2937
25.6820
25.4944
24.3602
24.7082
23.3189
25.0204
25.0654
23.4579
27.0497
27.3256
24.5683
27.6921
24.4363
23.5056
26.6815
23.4358
23.5697
25.5332
23.3028
24.4473
23.8232
23.9483
24.4192
22.9324
26.0978
26.0385
24.1250
24.0760
24.5226
24.1356
23.6873
23.7650
25.0092
24.6731
25.1374
24.3637
22.9506
25.2316
26.1142
23.5753
22.7112
24.7366
24.5479
23.2352
24.1687
24.6089
25.8619
26.2024
24.3519
22.1723
23.5897
23.8279
24.4555
24.9578
24.2875
24.7929
25.8853
25.2717
24.6804
24.6553
23.7415
24.5365
27.1457
26.1632
25.8759
27.1984
26.3815
26.5346
24.1404
25.9596
27.1660
27.1197
25.5100
24.5384
25.2105
25.6162
26.8952
24.3038
23.4228
23.8411
24.5481
24.2633
23.6997
24.1935
24.7842
25.4681
22.6726
22.3814
23.4469
23.0895
23.8319
23.9796
23.4050
23.5620
23.9769
24.9367
24.2367
23.4491
22.5969
23.6986
24.2661
26.5091
22.8057
23.7132
22.8912
23.4327
22.4950
23.2507
22.8401
23.6090
23.5190
22.3447
22.8632
23.3699
23.7072
22.3278
25.3317
23.1653
23.2887
22.8676
22.4706
22.1244
23.8669
22.0493
22.6199
22.9554
23.2587
24.3980
22.8468
22.9236
22.9515
23.5187
23.8856
24.1173
25.5930
25.3046
25.7652
26.6828
27.6546
26.2670
26.3955
26.0573
26.5491
25.7094
24.0823
23.9328
22.5855
23.1859
23.2432
24.5304
23.6179
24.0015
22.9889
22.1820
23.0230
22.0211
23.3214
22.1600
23.6138
23.2610
22.4072
22.6171
23.1123
22.0826
22.3763
22.2887
22.1115
23.9937
22.9450
23.2315
22.2045
23.4196
23.3378
23.2096
21.5796
23.6871
22.9921
23.9130
24.0414
24.8937
23.5885
23.0930
24.5194
23.0583
23.4281
24.2115
24.3387
23.5588
23.8670
22.7039
24.0570
22.8724
23.6079
21.5892
23.0040
23.0088
23.7048
22.3877
24.0662
23.2563
22.6224
23.1003
23.7760
24.0807
24.0303
22.8539
23.6843
22.7063
23.0350
22.9342
22.2923
23.4386
23.1720
24.1877
22.0762
23.6100
23.8301
23.4261
23.9789
23.6246
23.3436
23.9901
24.2294
24.0098
23.5290
22.2385
23.1192
22.8078
23.6718
23.7157
23.9378
24.5672
24.9462
24.4236
24.5098
22.9185
24.4665
24.5594
23.2246
23.4979
23.8825
22.8231
23.7551
24.6974
23.6465
24.3594
23.8957
25.9280
24.0871
23.6390
23.7565
23.4856
23.6019
23.7898
22.9037
23.2844
22.0926
21.2267
23.4265
23.5806
23.0448
22.3526
23.3372
24.3461
25.4250
23.2609
24.3352
22.4837
23.0341
22.3526
24.4066
25.2561
24.6599
23.3659
22.5342
24.3867
23.9042
22.5294
22.5546
22.1818
20.6390
22.2092
23.5814
22.9588
21.8515
22.6461
24.2129
22.3753
23.5793
21.6007
22.5492
23.8186
23.1533
23.3157
22.7848
21.4551
22.6118
23.2522
23.1631
23.9911
23.3651
23.2730
23.0577
23.8070
22.9339
23.2051
24.4259
24.6975
24.8919
23.7700
24.0361
24.7776
22.6513
25.1475
23.8263
24.8642
24.4581
25.3697
25.0686
23.6686
23.3289
23.0479
23.9735
23.3783
22.8649
22.7027
25.8692
25.5060
23.9078
22.8512
23.3287
22.8386
23.0593
24.0542
23.9191
25.2607
24.9387
25.3156
24.6467
23.9689
23.2826
22.9921
25.0149
23.7873
24.7571
24.9199
24.8416
24.2445
23.4918
24.1750
23.5484
24.5300
25.7634
23.8743
25.4842
24.2078
24.4502
23.5978
23.5334
24.3711
24.1750
24.7244
24.4357
24.9159
24.5749
24.5307
26.3200
24.5165
25.7188
23.7224
24.4089
22.1999
22.8725
23.9674
23.8533
22.5136
23.5259
23.6733
23.4988
22.1086
22.4754
23.9321
23.1332
23.9320
23.5467
23.3779
23.4206
23.4042
23.2310
23.8444
22.2442
23.1123
22.0835
23.1934
22.2376
22.5806
22.0684
23.1668
22.0965
23.2811
23.2583
23.1640
24.0446
22.7760
22.7475
22.6866
23.0564
22.7952
23.5344
23.6764
23.0700
23.4876
23.0405
23.6042
23.0444
22.2212
22.8407
22.7121
23.4843
22.8475
22.4469
23.0450
23.4339
24.1550
22.2051
24.0489
22.8566
23.1433
24.5548
23.8593
22.8399
22.7917
23.5538
22.9158
23.3628
25.2472
24.3554
24.7471
24.8570
23.1091
24.8751
23.3733
23.2859
25.7268
23.4261
23.1459
23.8347
22.8489
23.1310
22.2229
23.3669
23.9975
22.8888
23.5878
22.6151
23.8858
22.8458
23.6431
22.5691
23.0742
22.7415
22.2100
22.6443
22.6313
23.0915
22.5896
24.4317
23.9687
22.3412
23.3005
23.7146
22.4697
22.2082
21.9256
22.1857
22.6476
23.2974
22.9640
22.3437
23.5348
22.8603
23.0568
22.6809
22.5089
22.9317
21.8197
21.8444
22.6435
22.3572
22.1018
22.4910
21.2517
21.0537
23.8132
23.2003
21.8436
21.4241
22.5330
22.4588
21.9445
21.2506
23.1359
23.4619
22.3033
22.2951
21.7968
23.0825
22.7634
23.5674
25.7034
25.3812
23.0381
23.6948
22.2886
23.7179
23.2956
23.0497
24.1573
22.7179
22.8115
23.7889
23.2593
23.7585
23.1102
25.2665
23.0387
23.5198
24.9258
24.2783
22.8097
24.8570
23.5043
23.7094
23.8339
23.2031
22.0884
22.4707
22.7475
23.5581
23.4251
24.2970
22.3464
23.2202
22.0651
23.1005
22.1473
23.5092
23.6308
22.6456
21.9758
24.3308
22.9904
22.3703
21.4786
22.2556
21.1835
22.2161
22.7000
24.4112
22.9608
22.6765
22.8365
23.1391
23.2412
22.4215
21.9555
22.3395
22.5475
22.6377
21.8479
22.0990
23.3821
24.0295
22.2027
23.2567
22.7593
22.0638
23.5996
23.3827
23.4267
22.3995
22.8189
22.8985
22.5893
23.4833
21.9290
22.0410
22.1035
22.5162
22.6093
22.5579
22.4358
22.4836
21.8167
22.3002
22.9686
22.5577
22.4802
23.0666
22.8129
22.6112
21.9307
22.9631
22.0297
22.9057
21.6936
22.4549
22.2749
22.1265
22.0858
22.1932
22.4081
22.1477
21.6327
22.6998
21.2289
22.0776
22.0749
22.0930
23.6956
23.5512
22.7032
22.3281
25.5696
23.1828
23.5675
23.8537
23.2878
24.1698
22.6725
22.1964
22.6983
23.1676
21.4587
22.5819
21.0701
21.2865
22.3558
22.1369
22.3501
23.3181
21.6396
22.5373
22.8522
21.7786
22.9169
23.4089
23.3924
22.6556
23.6250
24.8430
24.1984
22.9863
24.5634
23.4372
23.1648
23.9253
23.5229
22.7941
22.9840
23.1960
23.3338
22.8873
24.5650
24.2847
22.1395
23.5832
24.0992
23.1508
23.4116
24.1618
23.3114
22.6924
23.4639
23.2429
23.1380
22.0567
22.8762
23.1659
23.6002
23.0849
24.0801
23.4573
22.7767
22.9194
23.5703
21.4022
22.9902
23.5512
23.0936
23.5663
23.1981
23.2070
23.1897
24.0098
22.6611
22.1839
22.8498
22.3088
21.8711
23.0206
23.1807
22.7212
23.1252
23.7748
23.6796
24.3151
22.4947
22.2397
23.6689
24.1547
22.9247
21.8658
22.2492
22.0084
22.2157
22.1913
21.9988
23.0857
22.3859
22.7561
23.0749
22.4722
22.9842
22.7366
25.6722
23.4654
22.6770
23.9129
21.4752
22.6636
21.7726
21.3162
23.7446
24.0107
23.0381
23.2345
25.2943
22.3714
23.4760
22.7939
21.1865
21.4235
22.8075
22.2154
21.3155
22.9113
21.9355
21.5550
23.0103
22.7731
23.0083
22.6210
22.5586
23.1546
22.2144
22.4974
23.0346
23.2219
22.6805
22.8145
20.8734
21.4456
22.5246
23.9205
22.6695
22.9030
21.9518
22.2513
22.6681
22.4727
21.7066
22.5754
22.2054
21.7633
22.2819
21.7559
22.2262
22.2062
23.1795
24.2704
22.2093
22.5201
22.1627
22.0678
22.1652
21.5187
22.0482
22.9552
22.8262
22.1064
22.7699
22.2474
22.1463
23.6728
23.6133
21.7598
20.3516
20.3069
23.5296
22.3094
21.8456
21.4535
22.4411
22.2240
22.4369
22.0537
22.7412
21.8731
22.8522
22.6252
23.6054
22.8410
25.5419
24.5945
21.4313
22.2602
21.7963
22.4160
22.4485
21.9186
21.7607
22.8802
23.9893
22.8281
21.5141
21.4513
21.5613
20.9610
22.0831
22.0133
21.5388
22.4060
23.0998
20.6899
22.3205
20.8019
21.7738
22.0482
24.0327
23.2630
24.0832
21.4428
21.5065
24.3519
22.9785
23.4286
22.1024
22.4554
22.4417
23.8407
23.2361
22.1945
22.0177
22.2120
23.0855
21.6879
22.1790
22.2156
22.1140
22.6627
23.0129
23.1935
23.3619
23.6029
22.1017
22.2574
22.3010
24.1791
22.7075
23.0789
22.3561
21.4308
22.2815
22.5922
21.1382
23.1736
21.7201
22.6004
21.4703
22.5911
22.6831
22.9878
21.7139
23.5083
24.2652
21.6261
22.5990
22.8292
22.4316
22.1554
24.0625
22.5111
21.9088
22.4523
22.9730
22.9338
21.7850
22.1763
21.3199
22.0789
22.9876
21.6917
22.3159
21.8119
22.6178
23.1181
20.8102
23.4608
22.7537
21.9740
23.7922
24.1605
22.9754
23.4268
24.6692
23.8231
23.4213
23.8245
23.6899
23.7011
23.7783
23.3504
25.4142
24.4591
25.8777
24.5912
23.7957
25.4804
23.9886
23.5112
22.4830
23.2891
23.1970
23.1807
23.3691
24.0267
24.8064
23.9135
23.2022
22.8775
23.8502
23.4504
23.6227
24.7772
22.9206
22.5671
24.3129
24.4262
24.4934
23.9194
22.8099
23.2491
22.3550
22.5333
22.1630
21.1846
24.0269
23.1402
23.1999
21.8010
22.0891
23.0936
21.8456
22.1085
21.8475
22.7619
23.2441
23.3055
23.0571
22.8562
23.5396
23.3016
23.7181
22.9923
23.2957
22.4994
24.1013
24.2843
24.5139
24.0788
22.2421
25.0865
22.5138
23.2761
21.9396
22.5412
22.8371
22.4001
21.4345
22.3241
22.3957
22.4743
23.4561
22.7554
22.8832
22.5366
22.1913
22.3554
22.5107
22.1909
21.9494
23.3750
23.1590
24.3196
24.0353
23.0000
23.0565
24.3752
23.1404
22.8300
23.1007
24.5727
24.1428
24.5934
24.6450
22.8296
22.3433
22.5346
22.6805
22.9580
23.0182
22.7878
23.1705
24.5445
23.2282
24.4843
24.5932
23.8001
24.7243
22.5528
23.4250
22.5353
21.3880
21.5449
21.6453
22.9828
21.9705
21.7557
22.0817
22.4637
22.4332
21.8318
23.0496
21.5654
23.3073
23.4753
24.6155
22.9449
22.9649
22.1959
23.6462
23.4974
23.8913
24.0514
23.9130
24.0861
24.5814
22.3164
23.7925
24.1480
22.0479
22.0880
23.3216
22.7136
22.9436
22.4425
21.4457
23.5244
24.5046
23.5801
24.9439
23.4764
23.6363
23.0708
23.1035
23.1847
22.9840
22.6434
23.1683
22.7871
23.2402
24.5216
23.2951
23.8944
22.9679
24.6430
24.1843
24.0672
21.5883
25.3419
22.7780
24.5298
23.2354
24.3951
23.0289
24.0737
24.3802
23.9965
24.4476
23.9777
23.8480
25.2979
24.0911
22.4493
22.0516
22.2527
21.9944
23.1039
22.3214
22.4540
23.8010
22.8947
22.5165
21.9260
23.4826
23.5264
24.6366
22.6880
23.0948
22.1823
22.6854
24.7361
22.7868
22.8620
24.4717
23.2890
24.8656
23.2709
23.1057
23.8836
23.7943
24.4693
23.7428
23.7521
22.0526
22.3123
22.1887
22.3725
22.5593
22.4523
21.9349
22.7736
22.8894
23.0735
21.6062
22.9389
23.3276
23.5457
23.1660
22.3633
22.5516
23.9359
24.0344
24.0200
23.6636
22.4497
22.7819
21.6596
22.0176
21.6769
21.8773
22.6205
22.3204
22.3403
23.3600
24.2979
25.0156
23.0772
23.3622
21.6554
23.2350
23.2679
22.5656
21.8984
22.3091
21.4974
22.5374
23.1268
22.5004
22.5886
22.8052
24.1359
22.6864
23.1143
23.8697
24.5034
23.4749
22.1847
23.1384
25.0502
21.9222
22.9395
23.4854
23.6919
22.5330
22.4065
22.3210
22.6163
22.4728
23.7506
23.2991
24.7243
23.7223
23.7191
23.7475
23.4981
23.4754
23.7768
22.7241
23.4676
22.9106
23.8042
24.7965
25.2604
23.8406
23.8068
24.0861
23.8072
22.2726
22.4177
22.5699
22.6224
22.4808
23.4603
23.5200
23.2500
22.5013
22.9750
23.1580
22.8442
23.3694
22.5058
22.8850
22.4656
22.1928
24.2542
23.9286
22.6650
23.4572
23.1314
24.1553
22.8322
22.9585
21.9632
22.1479
22.2796
22.6127
22.7445
22.5016
22.0752
20.6038
22.5056
22.7037
22.7045
22.6597
22.6612
23.3998
22.0346
22.7363
23.2844
22.3462
22.0829
22.7575
23.3039
22.0250
22.2161
22.9952
21.6539
22.8243
21.9699
22.8711
22.9735
22.8653
20.9814
22.4573
23.3427
23.4296
22.9009
22.0350
23.0512
22.0516
24.8857
23.8431
22.3384
23.3710
20.7413
22.3650
21.7200
23.5839
23.3267
23.6148
23.7186
21.7230
22.4324
23.0002
23.1991
23.4343
25.6449
25.7009
24.3482
23.1628
22.9918
23.9698
23.3512
23.3083
23.4529
22.7181
22.8937
23.4213
22.4633
22.3639
23.5078
22.8564
23.7501
24.9897
23.7952
22.7333
22.1667
23.3230
22.5422
23.3879
23.0245
21.3526
22.1474
22.4047
21.9462
22.3725
22.8679
23.1208
22.5795
22.6590
23.7099
23.1997
23.6379
22.4573
25.0778
23.3997
22.8228
23.0309
24.3504
23.1626
22.4033
23.0295
24.8123
23.1035
23.0505
22.7972
22.2150
23.1820
22.1700
21.7040
23.9888
23.4429
21.5184
22.7514
22.9844
22.7343
23.1022
22.9801
22.9614
22.6175
22.9063
22.9143
22.2682
22.4130
22.5135
23.2399
21.6215
21.8932
22.4137
22.4144
23.0491
23.1991
21.7390
22.8895
22.4391
21.6264
21.7487
21.2280
22.6576
22.3179
21.7594
22.1855
22.3780
21.5516
23.2067
21.9446
23.1514
22.2149
23.3142
22.1754
23.3490
23.0833
23.5904
22.3446
23.5687
22.6622
22.4326
22.2573
22.5419
22.8821
22.1623
23.0272
23.0423
21.7641
22.5422
22.1399
21.9716
22.6681
22.5330
22.1006
22.6061
22.3364
21.7394
22.2126
23.2354
21.3307
21.6641
22.4392
22.0616
22.7129
22.8498
21.6779
22.9768
22.2570
22.8303
23.5914
21.9549
22.8015
22.2338
21.9413
22.1012
22.5223
22.5085
21.4768
22.2011
23.0750
23.3523
23.8564
23.2165
21.9058
22.0305
22.8424
21.7983
21.9835
23.4132
22.0213
21.7574
22.0414
22.3252
22.6592
22.9037
23.2872
22.2559
24.2762
22.9851
22.5476
22.7192
21.3756
22.4712
22.2816
22.5204
22.6462
23.6713
23.4563
21.8143
22.1819
22.5307
22.5655
21.9083
23.2943
22.8867
22.7767
21.9118
22.1657
21.9288
21.4527
22.7440
24.8122
21.8733
23.2684
23.0940
23.0699
23.2373
22.9162
23.3677
22.6789
22.6749
22.9497
25.4695
22.9031
24.0063
23.2152
23.8929
23.0097
23.1206
22.0494
22.1717
23.1885
23.0481
23.1085
24.2094
21.9915
22.3144
23.1949
22.7561
22.3441
21.7586
23.1032
22.6283
23.6513
23.1069
22.9886
22.0396
23.4391
21.8522
22.5442
23.3644
22.7397
21.7284
23.4290
23.3317
23.7996
23.3056
22.7578
23.0976
22.6172
22.0414
21.7561
23.4408
22.5572
21.9890
22.3772
23.1371
22.8669
22.9225
23.3027
22.8244
22.2039
22.3243
22.6591
22.0078
22.3039
21.7548
23.3099
22.2390
22.2852
22.7363
21.4468
22.2340
21.8944
21.8343
21.6422
22.1971
22.9793
22.4655
22.9353
23.3775
22.4243
22.4309
22.3820
22.9900
23.6158
22.4171
21.7695
22.2599
23.4403
23.5806
22.0221
23.5850
21.5085
22.6435
22.5789
24.7431
23.7344
22.4398
23.8611
22.0824
23.4897
22.9191
22.6710
23.8446
22.8944
22.1653
23.6196
22.3678
23.3953
22.9737
23.8418
23.9909
22.7217
22.7101
22.6390
22.5234
21.4784
24.7057
25.5307
25.0072
22.9870
25.2265
22.9318
21.6460
22.7515
22.3498
21.7652
22.0973
22.0189
22.6210
23.3938
23.4787
23.0434
22.2597
23.9112
23.2524
22.8244
22.7846
23.0636
23.6668
23.8993
22.9500
23.1021
22.4575
22.8126
23.0506
23.5904
23.9232
25.4788
23.2689
24.7304
24.0989
25.8888
25.0552
23.6379
23.6235
22.4154
21.4550
21.6226
22.2552
22.5268
24.7203
22.4042
24.2197
23.0664
24.1721
23.5548
23.0882
22.8876
22.6933
23.0814
22.8889
24.4153
23.0805
23.9411
23.5034
21.6418
22.8044
23.1637
22.7891
23.2300
24.3602
24.3124
23.6099
24.2315
24.6549
23.9412
24.2905
23.7128
24.4759
24.6838
24.5911
23.7060
23.5551
23.7140
22.4107
22.0935
22.5355
24.2780
22.8283
23.0279
23.0654
23.4375
21.7485
23.2602
22.1275
22.1486
23.1416
23.5563
22.6836
24.1163
22.7233
21.7286
22.1647
22.0702
21.9920
21.9692
22.0124
23.1322
24.4968
22.8330
22.7590
23.8779
22.4745
23.1138
23.6822
25.0351
23.8052
24.1415
24.0167
22.9924
22.8572
25.7761
24.1205
23.4952
23.5485
21.9959
22.7128
21.5897
22.8033
22.5823
22.4077
22.9763
22.7290
23.3196
21.9871
22.3345
21.9985
22.5986
23.0941
22.2148
22.6465
22.0988
23.6043
22.9441
22.2456
22.8662
22.0589
22.9189
21.8054
22.7885
22.1866
21.5661
21.6557
22.8023
22.5329
22.6770
21.8423
22.2273
22.4083
21.6738
21.9380
21.9517
22.6826
23.0096
23.9801
23.0790
23.6398
23.6596
22.4094
21.1853
21.5348
21.9111
22.1442
22.3721
22.2972
21.4802
23.0472
22.4775
22.4768
22.1597
21.3991
21.7371
21.8687
21.7888
23.6041
23.2688
22.4073
22.0704
23.0433
22.6268
22.5599
24.1170
23.5145
22.4559
23.0219
23.5148
22.7428
22.9114
22.8974
23.0049
23.0368
22.9802
21.7576
23.4354
25.1465
25.8347
23.4057
23.5422
22.5479
21.9864
23.4900
23.2470
22.0584
22.4569
22.5777
22.6552
22.3364
23.4789
22.7565
22.5800
22.1329
21.9509
21.7053
21.5274
23.6188
23.0575
23.0291
22.8052
22.8522
22.1720
22.0966
21.5533
21.0933
21.5952
21.9230
22.6594
22.4860
22.7591
22.3456
22.8967
21.9043
24.3213
23.1092
22.9994
22.4696
22.3299
21.6766
22.4131
22.1731
22.1524
22.4584
23.6440
23.6849
23.3305
21.6427
23.3305
23.5854
24.3149
22.9188
23.4084
22.7692
22.4135
23.5613
23.8173
22.0492
22.0963
22.9031
22.2619
22.8424
23.2496
23.6717
21.9612
22.1157
22.2661
22.4788
21.6423
21.7081
22.3142
23.9842
22.3447
22.7180
22.6996
23.5209
22.5829
23.1310
23.6804
23.5075
23.2291
23.2510
23.5325
23.3637
24.4697
23.2921
23.8607
22.0920
23.5644
22.7423
22.5317
22.6868
23.1637
22.5361
23.0283
24.4951
23.5026
22.9412
23.1013
23.1132
22.7446
24.1413
24.2208
24.3308
23.7436
23.6645
23.2429
24.3772
22.2772
23.1132
22.8334
24.0467
23.7617
23.5349
22.3434
22.0012
23.4158
22.8208
21.5663
23.0987
22.8778
23.8384
23.5345
23.6456
23.4218
23.4785
23.2271
22.9997
23.4224
24.0606
23.2420
22.2698
23.6745
22.9220
22.6632
22.7263
23.7573
23.1507
22.6632
21.6025
22.2446
23.3500
23.1289
23.5454
23.2004
22.8871
23.6674
24.0792
22.7569
21.9829
22.4249
23.4791
22.7414
23.3775
22.7680
24.0321
22.9340
23.9221
24.3511
25.0258
23.1378
23.9576
23.0097
24.0016
25.0722
24.4777
23.7685
24.0785
25.3572
23.9840
23.3852
23.2059
23.9285
23.9071
23.9625
22.4636
22.6193
23.1733
22.4819
23.1464
21.7139
23.1520
23.3336
24.2387
24.5860
23.8231
22.6944
22.8196
22.7915
24.4039
23.4211
23.7096
23.2626
22.9880
23.7072
25.6298
25.1675
25.8226
25.3389
24.5315
24.1959
25.7317
25.5600
23.5306
25.2828
24.1062
23.0645
22.6034
24.4295
23.4960
23.8901
24.4964
24.0302
24.7442
23.7729
24.1764
23.5550
25.9929
24.0437
23.9714
24.1097
23.8403
22.4754
24.6853
24.2643
25.0761
23.1625
23.3127
23.1691
23.5393
26.0689
25.1124
25.6766
26.0707
25.5074
25.1091
26.6051
24.9107
25.7201
26.4083
24.3092
23.7491
23.3402
23.7151
23.7759
22.7966
23.6575
22.6719
22.2155
21.6246
23.3859
22.4366
25.3541
22.6262
22.5377
22.0007
23.5682
22.3742
23.0458
22.5339
24.6893
24.3216
23.8797
24.2281
24.3455
25.0278
22.7862
25.8515
23.9587
24.9945
25.5918
25.1428
24.6956
24.4828
24.6783
22.2207
23.8661
22.8735
23.9786
23.5804
24.9486
23.9490
24.8855
24.4395
24.1999
22.4733
24.0630
22.4164
22.8978
23.2149
23.5082
22.4311
23.1661
26.3024
24.3055
25.1410
25.5991
24.2764
23.2305
23.7514
23.8052
23.3843
24.6683
24.7881
25.6456
24.4534
25.0079
23.4869
23.3203
22.7647
22.9237
21.9889
22.4549
22.6354
22.5866
22.5152
22.7704
23.4025
23.0140
24.1688
22.8670
23.0677
22.5435
22.5044
22.3717
22.6207
22.0513
22.4805
21.8204
21.5709
22.8473
22.7109
21.6227
20.8493
23.3310
21.4759
22.4580
22.3933
22.6820
23.0914
22.7076
21.5662
21.7448
21.9914
22.3992
23.7571
22.1642
22.0193
22.9082
21.8545
22.7279
22.3717
23.0977
21.8059
22.8065
22.7904
22.5583
23.7357
23.0562
23.6953
23.3773
22.8638
22.2861
22.8591
21.9873
22.3613
21.7248
22.6723
22.5459
23.9148
22.8785
24.3280
25.2194
23.1051
22.7273
23.9530
24.0291
24.3020
26.2687
25.1684
23.6539
23.8564
26.6118
23.7804
23.7428
24.3183
24.2459
23.3446
26.7815
25.6361
25.4973
23.6033
24.2244
23.4908
23.5426
24.1017
23.7289
23.4320
23.6151
23.0879
22.9897
22.9881
22.4978
22.4261
23.0696
22.8434
22.1545
22.1285
23.3101
22.3172
21.9927
23.9912
22.6245
21.4147
21.2779
21.9496
22.7332
22.9278
24.2356
23.7311
23.0673
23.8938
22.1673
22.8738
22.6777
22.3404
21.6646
23.2261
23.7770
23.6201
22.7900
23.9386
23.7345
22.4327
21.0010
23.2650
21.7106
22.1931
22.8576
24.1170
24.0934
24.0509
23.4781
22.3994
23.4415
21.6069
22.7919
22.6984
22.5807
23.1748
23.5354
24.0659
23.0583
24.3050
24.2547
23.5785
23.1592
25.1314
23.9686
23.0515
23.4705
22.9128
24.3429
21.8489
23.6383
22.3546
22.9930
22.4541
22.6040
23.1356
23.2189
23.6124
23.5236
23.5915
21.4636
22.2619
22.9815
21.5310
21.5776
22.6536
22.5584
24.5960
23.7429
22.3800
22.3841
26.5643
22.8358
24.8676
22.3270
24.9515
23.1015
23.2073
25.0444
23.9900
23.8941
24.1481
24.0681
23.3852
23.9032
22.4972
23.2216
24.0365
23.3905
22.8888
24.5391
24.1579
23.0147
22.9320
22.5367
23.6650
22.0787
22.1611
24.0720
21.9108
22.2727
23.2526
24.0645
21.7430
23.4288
23.0723
22.4502
24.0595
23.0220
23.5418
23.8649
23.3269
22.2825
23.8173
25.4612
25.2226
23.4003
23.3635
22.5489
22.1491
22.1737
23.3896
22.3857
22.5729
23.4751
22.6289
22.0276
23.3645
23.0233
23.2534
23.2448
23.8209
23.0902
22.0529
23.4306
23.0065
22.1996
22.1351
22.1704
22.4930
22.8458
21.9314
21.9032
22.6414
21.9906
23.6676
24.3229
22.5991
23.3255
21.4202
22.3992
22.2148
22.0985
22.6061
22.7902
23.0416
23.1183
23.8225
22.1940
23.7430
21.8400
24.7393
22.8559
22.9126
23.3120
23.1368
23.0255
22.5076
22.2430
23.2717
24.5549
22.1494
22.6359
23.0868
22.7184
23.2837
22.3502
22.3291
23.1748
22.9737
23.4487
23.4682
22.6813
22.1895
23.2546
24.1931
22.7510
22.0948
21.9234
21.9391
22.0815
21.6465
21.0209
21.5457
20.9155
23.5168
21.7842
23.6805
23.1629
23.1126
21.9697
22.4153
22.3919
23.5979
22.6112
22.5096
22.6532
22.0717
21.0933
21.4732
20.9820
21.8722
21.6977
22.4753
22.3041
22.3206
22.8235
22.4916
22.2618
21.8258
22.4036
20.8022
20.6652
21.5559
21.6796
21.5827
21.3807
22.0064
22.0067
22.7818
23.4224
22.0888
22.8824
20.8741
21.3666
24.2646
24.2316
22.5582
22.6571
22.2434
22.7674
23.5010
22.5200
23.4713
23.2478
21.1456
22.0549
23.7290
21.7490
22.0593
21.5808
21.3288
22.0313
21.0541
22.1271
22.1219
22.6901
22.6493
22.2435
22.0140
22.0727
21.1455
21.1639
23.3063
21.6948
23.5658
22.7269
21.6551
22.6702
22.9108
22.7954
21.5185
22.7427
23.2639
22.2137
21.9663
21.0732
23.3145
23.2061
22.2185
21.0408
22.2540
21.9697
20.9248
21.1387
22.2174
21.7136
22.6383
21.0923
22.1407
23.6215
23.1411
23.0748
24.6466
23.3092
24.2795
24.5320
24.7948
23.0484
22.9986
22.9459
23.7873
23.6429
23.1863
21.8814
21.4169
24.5478
25.0530
24.5843
25.3062
23.7169
24.5660
24.2387
24.0283
25.3778
23.4835
23.6394
23.8764
23.5909
21.9138
22.7517
21.5391
21.9356
23.0474
24.3351
24.7695
21.5979
24.5642
25.9681
22.7918
22.9627
22.4689
22.8281
24.7747
24.1012
22.5517
24.2526
22.2373
23.5572
22.2881
22.9515
24.2892
23.0955
20.8294
22.0489
23.0912
23.7862
22.6718
22.5060
23.9016
21.4890
21.9315
21.3667
21.9175
21.0378
22.1605
21.7626
21.4468
22.3945
22.1138
21.2612
21.4653
21.3330
22.4111
20.8346
21.1776
22.0094
22.5407
23.5997
22.5755
22.3073
22.6757
22.3407
21.9854
21.6393
23.0867
22.0721
21.7571
21.5879
21.1985
23.2794
22.5642
22.4470
21.6580
22.6332
22.5009
21.1453
22.0001
21.6389
22.2867
22.8601
24.1214
23.2028
24.9818
23.5083
21.6466
22.5724
22.0829
23.9053
21.5675
21.4391
23.1609
23.1734
23.0830
22.3288
21.4726
21.8471
22.0055
22.0447
23.1507
22.4869
22.6726
22.8085
21.6824
21.8923
21.5409
22.3011
21.6092
22.0759
23.4666
23.2745
20.6789
21.6802
22.2142
23.7290
23.9170
21.6112
21.4603
22.4039
21.4100
20.2652
20.0570
20.8153
22.2739
22.4692
20.9355
23.0933
21.8094
22.2151
22.2515
21.6501
22.8667
20.7000
21.9842
21.5834
21.8873
20.3599
21.9181
22.1219
21.8522
22.1982
22.2819
22.7935
23.0798
22.3050
22.1343
22.2077
22.0758
22.5589
22.5089
22.0992
21.6553
22.3862
23.6749
23.9851
23.5220
24.5782
25.1071
25.8928
24.6240
24.3547
23.7322
23.8172
22.9645
22.7426
22.4889
24.5589
25.3924
23.8003
23.5005
21.9133
23.1577
23.5362
23.8957
23.6043
23.3677
23.7067
24.6465
25.3908
23.5828
24.1842
23.6778
23.0476
23.6487
22.9693
21.9359
23.0706
23.3539
22.8102
22.8085
21.5934
21.7585
25.7353
24.3995
24.3949
24.0023
23.1505
22.4343
19.9118
21.5717
21.7213
23.1915
21.9870
20.9218
21.4668
21.8542
22.2746
21.5979
21.2979
22.1807
21.1580
23.0291
25.7390
23.9750
23.8588
23.0043
22.1623
21.6307
22.2199
24.2517
22.0681
21.2252
21.1309
21.8038
22.0908
23.0586
21.0942
21.0539
21.2323
22.2125
21.6082
21.9019
21.3247
22.7551
22.2911
23.4134
22.2645
22.2728
22.7129
23.1965
22.0730
22.1048
22.0916
22.8106
23.7474
22.6155
21.9278
22.3787
21.9563
22.4004
22.5833
23.1010
22.8454
22.6500
23.6858
22.4092
22.6255
23.0920
23.1316
22.7192
21.6231
22.3115
22.9948
23.9367
25.8449
24.0971
23.3047
25.4848
26.7644
25.9584
24.1389
22.9886
23.2988
24.0127
24.0869
22.0905
22.1543
23.0896
22.7359
24.6232
25.4864
25.2837
22.6674
22.8045
23.1448
23.4859
23.0156
22.3367
22.8818
24.5947
22.6288
22.4139
23.0964
22.5935
24.2654
24.0620
21.6522
21.9554
22.3661
22.2938
21.5558
21.8514
20.9116
20.8128
23.3333
22.6208
23.9018
23.6977
21.8991
21.7094
23.3130
22.5206
21.0306
20.8033
21.1478
22.7314
22.4612
22.2738
22.9235
21.8953
22.2517
23.1962
22.6676
22.4223
21.4793
22.4982
22.0786
20.5209
22.8498
22.5252
21.8783
21.9572
22.2915
23.6157
20.7170
20.3081
20.0255
21.0084
20.9132
22.8650
23.1783
24.8413
25.4704
23.0804
23.8882
22.3620
20.1772
20.5577
19.3296
19.9785
19.0242
19.5335
18.6059
19.1018
18.8799
18.7547
19.7907
20.2095
20.6994
20.2224
19.3564
19.7531
19.8395
19.4319
18.6467
19.4034
18.7844
18.5905
19.7738
18.8861
18.6696
19.3489
19.8705
19.6366
19.6814
18.5052
18.8712
18.7937
19.0676
19.5463
19.5691
19.2462
18.7586
19.1074
18.2321
18.5644
19.2012
19.4817
21.1906
20.8286
20.2852
20.5613
19.9492
19.0118
20.1433
18.4709
18.8654
18.3970
18.2619
18.5045
19.1240
18.1754
18.5491
18.6992
18.5548
19.8800
19.7983
19.1476
19.1418
19.8873
20.1490
20.2074
20.7153
19.3842
18.6880
20.7462
20.2194
20.2363
21.5285
22.3677
21.1093
22.5288
22.6059
22.4366
22.3522
20.0356
22.1110
22.0120
20.9912
20.9839
21.5869
21.9656
22.9815
22.0381
23.1871
22.4407
23.0577
22.1866
22.2110
23.0600
20.7167
20.2215
21.8784
22.3081
21.2095
22.1849
20.7387
20.7866
21.5221
22.6912
21.8419
21.5960
23.0269
21.1555
21.6982
22.2205
20.4268
21.0320
21.9124
21.5816
21.5335
22.1966
21.5607
21.8200
21.6819
21.8693
22.8877
20.4173
21.1720
20.8408
21.5638
21.2788
22.4324
21.7232
22.4112
21.4212
20.7037
20.2754
20.5521
21.8868
22.1503
21.9061
21.4634
20.7276
21.9779
19.8108
20.7713
21.8951
20.2988
21.8213
21.4531
21.8809
22.1008
22.3205
23.0091
21.2607
23.0186
21.7215
22.0748
21.5418
19.8526
20.5285
20.8907
21.8502
20.2876
21.3832
21.6791
21.0407
22.6860
20.6207
22.3503
20.9116
23.0747
23.6733
22.1661
21.9234
21.0184
23.1725
22.1216
20.3279
21.7681
21.7345
22.4741
22.8495
21.1523
22.3581
22.5559
21.6267
21.7776
20.9823
20.8937
20.7833
21.9772
22.4610
22.9490
22.7571
22.4791
22.3280
21.7828
21.0647
23.4051
21.5721
21.7158
21.0396
20.6458
21.5133
21.1308
22.8642
20.8565
21.2116
22.3009
22.0364
22.9543
21.9842
21.3566
22.2009
21.9607
21.4462
21.0058
20.4716
21.6194
20.7165
20.3769
22.4510
22.0778
19.7960
20.5833
21.6365
23.1261
22.2599
24.2162
22.4942
23.1715
21.2841
21.7191
23.1782
23.3195
22.2749
20.5548
20.5626
19.6175
21.6176
23.2830
21.9310
21.7786
22.2704
21.9340
21.8797
21.9149
19.6257
21.1415
22.0901
22.6196
22.3873
20.6026
21.3277
21.4591
21.4424
20.7718
23.5702
21.4797
20.6471
21.4898
21.3053
21.4054
21.6714
20.6744
20.4575
20.7640
23.0137
20.3536
21.1528
22.0174
20.2071
20.8878
22.1998
21.9474
23.4662
22.6281
21.4200
21.0329
22.0015
20.1559
20.9119
22.0467
21.9905
20.6575
21.3161
22.3240
21.3299
22.3090
21.7771
22.2382
21.6195
21.4552
21.5380
20.7200
22.4492
21.8715
22.0315
21.4391
21.4928
20.6775
21.4124
21.0576
23.0273
22.1383
22.9593
22.5526
22.5246
22.0161
23.1310
21.0685
21.5424
21.9134
21.9639
21.0677
22.6856
21.3031
21.3194
20.4973
20.7282
21.6631
19.6128
22.0586
22.3773
22.2608
20.4902
22.1402
22.4010
20.9648
21.1715
21.2539
21.3594
22.0762
21.5921
21.1836
21.4871
23.5307
21.7686
21.3222
21.3146
22.0292
20.2097
20.7790
22.9682
23.0283
23.2170
22.7278
21.6832
20.9057
22.1594
23.0796
23.6560
21.4132
21.4980
23.3437
21.8618
24.2178
24.2886
21.8390
22.3983
21.2347
20.7109
20.1640
20.5841
19.9285
20.6406
20.4680
20.1643
20.2767
19.9311
21.2905
21.9459
21.0325
21.6789
23.0234
23.1946
21.2210
21.8505
22.0737
22.7394
20.7414
21.1686
22.6518
22.0562
21.0349
22.2043
21.7982
21.6219
22.1018
21.8037
22.1039
21.7521
21.2235
21.7944
19.9269
22.9710
21.8496
21.7880
21.7032
21.0796
21.6709
20.3902
21.4588
20.9136
21.9311
20.5995
21.4816
21.6306
19.8342
20.7275
20.8089
21.3544
21.3263
22.4543
20.2073
20.7086
22.8286
22.6103
21.7039
22.4288
21.7274
21.3585
21.0151
21.4456
20.8843
20.2751
22.1816
22.5311
21.4419
21.4735
21.2385
20.8445
22.9122
21.9537
22.7182
21.6109
20.4909
22.4767
21.8571
21.5575
22.3701
22.1550
21.8374
21.5219
21.3900
21.4356
22.3927
21.6164
22.3885
21.6778
21.2017
20.6847
20.4012
21.6274
20.8353
22.3077
21.9725
20.2679
20.8492
21.4488
22.0306
20.4293
20.7105
20.5394
20.2648
21.2129
20.6566
21.5101
21.1289
21.4104
21.2725
20.8721
21.7955
21.0219
20.4944
21.0996
22.0904
22.4034
22.5537
22.5055
23.0565
22.7720
22.9391
21.2562
21.0950
21.0187
21.6422
20.0039
21.1193
21.3381
21.6350
21.4073
22.6872
21.7638
21.5496
21.3586
22.3384
21.8880
21.2269
21.3879
22.5884
20.8371
21.3273
21.2451
21.8561
22.5317
21.3934
21.0429
22.3280
21.3996
21.6650
20.9024
21.1489
21.7625
20.9016
22.5317
20.9539
22.5943
22.8141
22.4839
22.0345
23.5484
21.3537
21.2682
20.9627
23.2382
22.3890
21.5264
22.0838
21.2729
21.8548
22.2220
21.9419
22.0499
21.2385
19.9622
22.5414
22.2795
22.1598
21.8533
23.2728
22.9945
22.3986
22.4226
21.6722
22.5335
21.8465
21.6060
21.9203
23.5997
22.6335
21.0782
22.2816
21.6680
22.0886
22.4696
21.2516
21.7225
25.4660
22.5898
22.8570
20.9032
21.0484
21.1790
21.5651
21.2834
21.9424
21.5636
22.7580
20.7607
21.4780
20.1335
21.6051
20.1576
20.7981
20.7941
20.7132
20.7504
20.4884
20.9767
20.7043
20.9158
20.8452
20.9982
21.4089
21.4758
20.9968
21.6316
21.2944
20.7775
20.1209
20.7997
21.4728
21.6906
22.4227
21.0196
20.5064
20.7333
21.0682
21.0358
20.2657
20.2028
21.8108
19.5067
20.7339
22.0906
24.9400
20.9629
22.1821
22.2223
21.5482
20.9117
22.3759
21.3266
20.6902
21.3706
20.8732
19.8756
20.1768
21.7232
21.4416
21.0405
21.3348
21.8494
21.1215
21.9894
19.7646
19.2934
18.9008
19.1927
19.1445
18.3351
19.0680
19.3116
18.6726
18.4746
18.6549
19.1533
19.6038
18.9911
20.1785
20.1542
19.0321
19.8052
17.5806
19.0728
19.0754
21.0512
21.4087
22.1493
22.4314
21.6526
20.8301
21.7516
21.7088
20.8936
21.2652
21.5933
20.3475
20.7724
20.6914
22.9694
21.9524
21.0019
20.3421
21.5571
20.3030
22.3492
21.8193
21.7798
21.1050
20.5482
21.5241
21.2763
23.0006
21.7871
21.5765
22.2970
21.6248
21.6711
21.8301
21.8368
21.0384
20.9044
22.2144
21.4033
20.1647
20.7838
22.0705
20.5457
23.1810
22.9630
22.0878
20.8711
21.2418
20.4680
21.1332
22.4861
19.9710
21.6961
21.8395
20.9564
21.5568
21.1781
20.9496
21.5832
20.8363
23.6623
22.3717
23.7844
22.9671
22.2085
22.8077
23.6865
22.1858
22.3482
22.7072
22.5619
21.8678
23.0362
22.1736
20.9719
21.1256
20.4802
20.7758
20.0008
18.9287
19.9054
18.8299
18.7179
18.5559
18.8845
18.7409
18.3135
18.1307
19.3996
18.3102
19.6910
19.6760
20.2745
18.5773
19.7628
18.6195
18.6209
18.6188
18.3064
19.6674
18.6547
20.1211
20.1667
21.2741
20.5040
18.9207
19.7805
20.8843
20.8494
20.5162
21.1702
21.2498
21.8033
22.6665
22.6456
22.3532
22.3216
21.3114
23.0289
22.2964
22.3068
21.9738
21.6514
21.9551
22.1209
20.8784
21.3546
21.1517
22.8510
20.8461
20.9134
21.8636
21.0793
21.9842
22.1715
20.6143
20.4314
21.6361
21.1698
21.1855
22.0729
20.3254
19.7566
20.5406
21.0960
20.5395
20.5592
22.3702
20.6186
21.7169
22.0771
20.1668
21.6512
22.7643
22.0739
21.2033
19.6314
21.4529
21.4677
19.6455
20.5638
20.0945
21.6715
20.8456
22.1553
21.7573
22.9914
20.3207
23.2079
22.1035
21.4859
20.4375
21.0222
21.0275
20.7771
22.0208
21.3571
21.3116
21.3297
20.3470
21.9230
20.5694
22.5982
22.3459
22.7866
22.3796
21.8332
22.9032
20.6563
21.9853
20.2778
18.3719
18.1355
18.2851
18.0530
17.1248
18.2375
18.4208
19.3310
17.9884
17.1559
17.8328
17.9709
17.7114
18.3306
18.1733
18.4559
17.5234
17.3993
17.8886
18.0479
17.2732
16.5619
17.8227
18.5071
18.2335
18.2104
17.9855
18.2530
18.3614
18.1660
17.6386
18.7813
18.9069
18.9863
21.3494
20.4560
20.3442
20.9428
21.6456
19.3936
19.4255
18.6193
20.6176
19.4125
20.2191
18.6049
20.0224
20.4484
18.4219
19.1437
19.2210
18.9404
18.1053
16.8492
17.9706
17.7405
18.9460
18.4177
17.8152
18.4301
18.9033
19.2530
20.3541
21.3883
20.0638
20.1369
21.2146
19.9523
18.3576
19.5805
18.6315
18.3462
19.5781
19.1968
19.6858
19.2911
18.5711
19.1625
18.9762
19.8181
19.1492
19.2689
20.0362
18.7219
19.6254
19.5960
18.4168
18.7390
19.7489
19.5088
20.5037
19.0578
19.6400
19.4499
20.1707
18.9893
19.7540
19.7724
21.4473
20.6343
19.7850
20.5449
21.0210
19.6547
20.7695
20.2738
21.1596
19.9386
21.9509
22.4598
20.6198
21.8700
20.9537
21.0303
19.6981
20.6402
20.4369
20.3226
19.4054
20.2517
18.2086
19.2803
19.8158
18.6398
21.3104
21.3098
19.6582
18.6748
19.8304
20.8450
21.3820
21.7935
23.0722
24.9780
23.2346
22.6234
21.9201
23.7639
22.3088
23.5284
22.6077
24.4297
23.0447
23.2953
24.5494
22.1753
22.9853
25.2921
24.9538
24.0765
24.8382
24.4731
22.4674
23.4283
22.2546
22.0420
22.5968
22.6517
23.1428
22.3207
24.4406
22.9477
21.9398
22.5824
23.9218
24.3498
23.2390
24.1755
23.9885
23.5791
24.0027
23.2693
23.7351
23.4538
22.2452
22.1344
23.2024
23.8563
22.5838
23.2246
23.8700
23.9703
23.1578
23.3315
23.4298
24.0123
24.2325
24.0337
24.4434
26.1304
27.0253
26.1629
23.8893
22.7194
23.1293
22.9999
23.2179
22.6802
23.2877
22.7147
22.4776
22.7198
22.3257
23.4269
23.6892
22.6448
23.8503
22.4954
23.6146
21.2754
22.2155
23.1118
22.8260
23.6526
23.3147
22.9192
24.7066
23.9983
23.8480
23.9940
24.3027
22.9412
21.6187
24.1272
23.3651
23.1929
23.3302
23.1742
23.2619
22.8793
22.6863
22.4764
23.5575
23.1555
23.2657
24.2750
25.4849
27.0421
25.4363
26.3065
24.0781
21.3052
20.8554
20.5749
20.7404
19.7837
19.6493
20.9887
20.3077
19.9880
19.8564
21.0571
18.6657
19.3657
18.6019
18.9471
19.1406
18.7178
20.3420
20.3341
21.2780
20.4083
20.4578
20.5834
21.3903
20.1012
21.3583
21.1815
21.2360
21.5625
21.5259
21.3112
21.5924
21.3926
22.7099
22.5494
21.4789
20.1350
21.2141
21.1546
21.0428
21.5405
21.8231
21.5154
22.2293
22.8179
22.6355
21.6328
21.6373
20.0982
21.8614
20.2490
21.3279
22.5650
22.2953
21.8364
21.7094
22.5257
24.1879
22.6389
22.2154
22.5678
22.8663
22.4897
22.7246
23.4265
22.2277
22.3363
22.7721
23.1327
21.2741
22.5004
22.4130
22.5870
20.3407
22.2891
21.3154
22.4940
22.6431
21.8111
22.0295
23.0294
22.4787
22.5570
22.5511
22.3857
21.8378
22.9911
21.7685
21.6521
22.8326
22.9497
21.5441
22.5454
23.2203
22.5722
22.6997
21.5878
22.2019
22.6800
23.4225
21.4529
21.8084
20.6110
22.6600
20.9923
21.2904
20.0418
20.7595
19.3746
21.0352
20.0624
20.6377
21.7209
21.2105
20.7845
22.8533
22.5622
23.2340
21.6214
20.9995
22.8263
21.0526
21.4061
22.9084
22.8135
23.0921
22.5780
21.1056
21.7991
21.6362
21.6363
22.4161
22.2893
22.0798
22.5007
23.2660
21.6975
22.0521
21.3165
21.7048
22.3322
24.0351
22.0316
23.1382
23.8799
23.9689
23.5869
24.1829
24.5605
21.5495
23.7011
23.7596
23.6303
21.3934
21.4026
21.3421
21.5336
22.6921
21.3592
23.8589
22.1331
23.4234
22.0086
24.3198
23.5160
22.6213
23.6061
22.4792
24.1978
21.9933
22.6159
22.7510
23.6630
23.3989
23.0267
22.5399
23.1223
23.7540
23.9931
20.4037
22.5208
22.1207
23.1202
23.5781
23.6666
22.0618
22.3404
22.3660
23.5815
22.8273
22.7059
23.0414
22.6527
21.5975
20.3968
21.1076
20.6471
23.2367
24.0772
21.9939
22.2560
22.1188
22.7401
23.3315
21.7245
23.4400
23.0493
22.8250
24.3978
22.7850
23.3542
23.4382
22.7579
23.7293
21.7273
23.6631
22.1382
21.9332
20.2921
21.1822
21.0144
22.0366
20.8732
21.8672
22.9886
21.9243
22.7324
22.1756
22.3391
20.8667
21.0741
20.7934
21.7732
20.9978
21.7152
21.9780
22.5188
20.5741
21.1104
21.3081
23.3247
23.3476
24.5062
25.3366
22.2231
22.6152
22.1375
22.5200
22.1560
21.7960
21.7496
22.8007
23.3281
23.5357
24.0018
22.9574
21.0739
22.0581
22.6823
22.1042
20.4334
22.7924
21.4460
21.4115
22.8559
20.8702
23.0163
22.1250
21.2811
21.2183
21.5190
21.5060
22.2638
23.1782
22.0889
22.9904
21.7429
23.0302
22.5219
22.1913
22.6433
21.9263
22.2310
21.7819
22.2400
21.6875
22.2688
22.5661
23.5288
22.8837
21.7425
21.5872
21.3383
21.0473
21.1288
23.0583
22.1052
20.2053
20.7649
23.9368
23.0710
23.4007
22.9920
24.7150
23.0620
23.3340
23.1965
22.8807
21.2703
22.6935
23.2085
22.4783
23.5830
21.8870
23.7376
21.6787
23.3608
23.8535
23.6097
23.5677
25.6182
25.9483
25.7128
24.9041
23.8482
23.5348
25.3837
24.4852
23.9206
25.0003
25.4885
23.8208
24.0660
22.2698
25.0877
25.8881
27.7938
26.0654
26.5569
26.2517
23.7340
25.3751
26.5920
23.2456
26.3795
26.3620
23.8516
25.6232
22.4320
22.8017
22.9337
25.1394
24.3401
23.3044
23.1179
23.1975
25.1057
24.7241
23.6886
23.6640
23.5789
25.8586
26.6969
26.1048
27.1740
25.1585
25.2730
25.7174
23.9596
22.0216
22.1174
22.3908
23.0529
21.2531
21.1933
22.9312
23.7867
25.1425
24.7987
26.1555
23.9028
23.8081
22.9024
24.3802
23.2958
22.1097
21.2968
21.7099
24.2194
23.2874
22.4401
21.1731
21.6624
21.5724
22.9308
23.2206
23.2574
22.6409
25.2118
23.9110
23.6599
24.2413
23.9288
24.5689
22.7512
23.2901
23.8936
25.8586
25.1710
25.3887
26.3352
24.0189
22.2483
22.5442
22.7884
23.2070
21.6123
22.7457
23.5285
23.3530
23.1366
23.0501
22.6278
22.6632
23.5918
23.1355
21.7954
21.7097
23.4561
22.0950
21.7558
22.3668
21.7497
22.7089
22.5463
22.6003
23.6424
23.2753
24.9489
23.0927
23.0866
22.0762
27.1269
25.2598
24.8942
25.4380
26.4880
24.5414
22.6412
24.0021
22.1479
23.1973
22.6175
23.5294
22.7471
23.7028
23.4669
23.7055
25.2955
23.5933
22.4790
21.9069
23.2321
23.3944
23.2593
23.1423
23.1638
24.1554
23.6126
23.4613
23.3676
22.1753
22.0321
22.6765
23.7236
23.0027
23.1789
22.7492
22.1552
22.3630
22.6967
23.0529
22.6120
24.1143
22.7193
22.6429
24.0853
21.0495
22.7183
21.9619
22.1061
24.6240
22.1250
21.5420
23.7298
23.1444
22.2947
23.3209
24.3700
22.0360
22.5804
23.8154
23.2103
21.7256
21.5754
22.3297
22.3628
21.5356
21.1823
22.0067
23.5101
20.1101
21.3306
21.8746
22.6078
22.0073
21.9264
21.1770
22.3149
20.4636
19.3516
20.1557
20.1993
20.8708
21.1313
21.1715
21.3160
21.3923
22.5623
22.4151
21.3855
22.8052
23.1676
21.4655
21.8020
21.8646
21.9372
23.1674
22.6153
22.6111
23.9354
21.5294
22.2573
21.7915
23.2050
21.6184
22.4816
22.7968
21.9229
21.6660
22.0975
22.7362
20.3801
21.6114
23.1868
20.5161
22.8774
22.1605
22.0576
22.2332
21.7719
20.8540
20.8164
21.0397
21.5326
22.2928
20.2492
20.7475
21.2166
21.3091
21.0430
23.0824
20.3403
19.7990
20.9541
21.1735
22.8736
22.6818
20.9898
20.8587
20.9306
21.0724
22.8857
22.7895
19.9200
21.3661
20.2382
21.4928
21.9282
21.6374
22.5722
22.4118
19.7414
22.2711
21.8958
20.6136
20.1414
21.5284
22.4849
22.3199
23.4816
22.5547
20.8963
21.6556
21.3423
21.8529
20.9178
21.2666
22.1697
20.9294
21.4477
20.8631
21.2904
20.1894
20.7894
21.3337
20.8032
21.1954
21.0287
21.0374
21.8501
19.7579
19.4445
20.5685
20.8213
20.6085
21.9799
21.1865
20.9782
20.3462
21.9101
21.7706
19.2057
20.9595
19.5993
21.0459
20.4971
20.8307
21.0643
20.8088
21.5570
20.8656
19.5701
20.5215
19.9721
21.5459
21.3366
23.0141
23.0573
22.5704
22.4397
22.2263
20.5232
21.2872
21.1334
20.0196
21.1198
22.2651
21.8164
23.7205
22.4961
20.8598
19.4366
22.4890
20.3525
21.9316
21.5504
21.4129
22.3130
21.1396
21.2237
22.5576
21.3435
22.1124
21.9864
24.3519
21.4243
21.0594
21.2838
20.5198
20.8902
21.5240
22.4940
22.1264
21.3978
21.9371
20.6628
22.2901
21.0101
20.6518
20.6743
20.3830
20.3420
21.1467
22.4602
21.5611
21.6185
20.9490
20.5840
