23.1151
23.1295
22.5031
22.2115
24.4853
23.5509
24.2638
23.1866
23.1032
24.0758
23.4277
22.9838
22.8303
23.8621
23.4675
22.0544
22.5683
23.0209
23.4533
23.7389
24.0140
23.3172
24.1296
24.2531
23.3118
23.4167
23.2007
23.0303
23.3949
24.5891
23.7466
23.1853
23.7559
23.8441
23.2413
23.0908
23.5155
23.9472
23.2658
23.6871
23.7809
23.7859
22.7588
23.6195
23.3168
23.8349
23.1932
23.1934
23.3861
22.7701
22.2678
22.4846
21.8600
22.6062
22.2289
21.9870
21.9970
22.2310
22.9736
21.9887
23.0495
22.5282
22.8214
23.7017
23.2386
23.8773
23.4667
25.4843
22.4300
22.7389
22.8918
22.7702
23.2111
22.4831
22.9203
22.7858
22.7737
22.6470
22.6520
21.9213
22.8651
23.0896
22.5722
23.0421
23.4434
23.2951
21.9991
23.4466
23.5065
23.3988
23.5873
22.9323
22.3629
22.3266
23.0128
23.0624
22.9619
22.6218
23.3240
22.4176
22.9312
22.1826
22.6623
25.0043
24.5860
25.0261
24.9735
24.0879
25.1222
23.4926
23.9992
23.8525
24.0452
24.6549
25.2086
25.0611
24.1818
23.6666
23.3281
23.2766
22.8573
23.6898
27.5767
23.9298
23.5707
23.4473
23.6581
24.1374
24.2322
24.5514
24.8506
26.5878
26.1494
26.2512
25.9481
24.9135
25.5488
24.5339
25.0362
25.3919
25.0398
24.8333
25.2752
25.8701
24.6074
25.4784
25.9592
25.7388
25.9751
24.9366
25.3111
24.2780
24.6133
25.1720
24.7992
24.9541
24.9756
24.8548
26.8576
25.2822
25.3526
25.7014
22.9434
24.4468
25.4052
24.4664
23.8723
23.5570
24.5554
25.6783
23.7783
24.1189
24.0683
24.8424
23.6629
23.8767
23.5833
24.2741
25.5539
23.4881
23.8431
23.5346
24.1853
23.6758
22.7565
23.2951
22.5983
23.8708
22.7355
23.0312
24.5459
25.0294
23.5734
24.5069
23.3639
23.1248
23.9939
24.0810
23.2750
22.0338
21.9479
21.9297
22.5944
21.9442
22.7157
22.0359
22.2804
23.7827
23.9523
23.1840
23.5385
23.3744
23.3804
22.5397
22.0065
22.3151
23.4668
25.9092
24.0367
24.3178
24.1669
23.1818
23.5406
23.1921
22.8332
23.7019
23.7429
23.8038
24.2101
24.9219
25.3893
23.8235
23.3856
24.4297
22.4060
22.8544
22.8062
22.1582
21.8513
22.1171
22.3123
22.2167
21.7609
22.5497
22.1662
22.4416
22.4462
22.3715
21.7909
21.8248
21.2697
21.5457
21.7632
21.4037
21.5660
22.3165
21.3290
21.6856
22.9980
22.5047
22.8329
22.1287
21.9607
22.7563
23.6082
23.2857
22.6736
22.3932
22.8505
22.8117
23.0735
22.6080
22.6784
23.0257
23.4422
22.6613
22.1056
22.1071
22.0211
22.6188
22.3112
22.0364
21.9261
22.4801
21.7818
22.0975
22.0685
22.0579
21.7139
22.0290
21.8697
22.4808
22.1361
22.3929
23.1205
22.5589
22.2699
22.1575
23.0499
22.1407
22.9251
22.7375
21.9671
22.0571
22.5457
22.8372
22.0405
22.8009
21.9897
22.4259
22.4066
22.3094
22.3608
22.3425
22.9946
23.2749
23.0076
22.8061
21.8101
23.1276
23.0361
23.1263
23.3913
22.4992
22.7575
23.0260
22.4825
23.1562
22.4837
22.6633
23.1501
23.7375
22.6421
23.0298
23.6970
23.1073
22.6589
22.8911
22.2522
22.7588
22.7348
22.8214
22.9312
22.7710
22.3547
22.3920
22.5642
22.8332
22.8452
22.4869
22.7786
23.2603
22.5803
22.2063
22.2432
23.2105
22.4136
22.5738
23.0202
22.6868
22.2868
23.3271
22.7880
21.9401
21.8949
22.0906
21.3877
21.9545
21.7177
22.3889
22.4398
22.3880
22.6113
22.0247
21.8520
21.6840
22.3484
22.2623
22.0514
22.1058
22.1675
22.1301
22.7110
22.4466
23.0371
22.5944
22.6552
22.2958
22.4261
22.3151
22.2003
22.7335
22.2965
22.3590
22.7954
22.2508
22.4862
22.8944
23.1817
22.7296
22.8415
22.4442
22.4332
22.7182
22.5641
21.7042
21.8834
22.3034
21.5086
22.0490
21.3072
21.6792
22.1802
21.9652
22.1605
20.9077
21.6966
22.1564
22.5261
21.6444
22.7684
22.8068
22.9750
22.7358
23.0585
24.2353
23.0692
23.1081
22.8094
22.6525
22.3597
22.6654
23.9136
22.7424
22.7626
23.0246
22.5605
22.4864
22.8821
23.0606
22.4582
22.2899
22.6007
23.8592
23.2317
22.5810
23.3629
22.8199
22.7251
23.3447
22.2258
22.9011
22.8736
22.7206
22.2308
22.5587
22.7997
22.6174
22.9987
22.9200
23.0311
23.3714
22.4366
23.2195
22.1528
22.5695
22.8826
22.8779
23.7374
23.8995
23.0538
22.4424
22.6694
24.6123
23.2948
22.4123
22.8447
23.2701
23.2003
23.3270
23.6122
23.5094
23.6527
23.0799
23.5159
23.6857
23.4276
23.8722
23.6098
23.3924
23.4112
24.4545
23.9342
23.5611
23.8609
24.0216
24.7504
24.4419
23.9583
24.4257
23.9714
23.2500
24.3380
24.1827
24.2019
24.1829
23.3806
23.8266
23.5744
23.8842
24.0300
24.1297
24.4861
24.6137
23.5418
23.3705
23.9236
23.4467
23.8163
23.6548
23.7604
23.8196
23.6404
24.3351
23.6921
24.0299
23.4006
23.6751
23.0727
23.4793
24.1129
23.2962
23.4683
24.0819
23.5095
23.9343
23.8468
23.8139
24.3482
24.1508
23.7627
24.2699
23.8308
23.4181
24.5462
23.1784
23.9310
24.9157
23.7036
23.9941
23.8335
23.4773
23.7282
23.7316
23.8239
23.6616
24.3563
24.1189
23.6378
23.7755
22.4524
21.9796
22.6322
21.7825
21.9709
23.3101
21.9152
21.4306
22.1178
21.8000
21.8574
22.9818
22.3157
22.6443
22.8794
22.1072
23.1409
23.2870
22.1021
21.8474
22.9093
22.3914
22.7324
22.0542
22.6214
23.7171
23.5315
24.0718
22.3014
22.5252
22.0492
22.1347
22.3913
21.5908
22.4094
23.4236
22.7597
22.9509
22.9834
22.8144
23.3034
22.9510
22.2693
22.6698
22.6461
23.3787
23.2614
23.7693
22.8892
22.2733
23.1427
23.1659
22.9212
23.7029
23.4796
23.6101
23.8023
23.7257
23.8531
24.2323
24.4555
24.7361
23.7127
22.8719
22.4094
23.0364
23.1469
23.4654
23.7498
23.3025
25.3280
23.1960
23.9072
23.5590
23.9579
23.7271
24.2480
23.7807
24.2902
24.2902
24.7003
23.0875
23.8638
23.5849
23.6295
23.0431
23.5634
23.0050
22.7529
23.1971
23.4204
23.2182
22.5637
23.0221
23.1064
23.0204
23.0199
22.9992
22.3659
23.2045
22.7251
23.3585
23.5344
23.5069
23.3853
23.7420
23.5255
23.7857
24.1151
24.1957
23.9938
24.1903
25.0300
24.3829
23.7274
24.0326
23.9420
23.5848
24.7028
25.4521
24.8300
24.1959
24.9148
25.7506
23.7864
24.8237
25.4292
24.8641
25.8849
25.0655
25.3949
25.7896
25.8680
25.5050
25.6218
25.6596
25.3727
26.1256
25.3818
24.3878
24.1490
23.8343
23.3525
22.9751
23.2102
23.8465
23.1959
23.1571
24.0131
22.7578
23.4550
23.2267
23.9525
23.9872
23.8518
23.6181
23.6148
24.3615
23.5426
24.0501
24.0384
24.3060
23.4302
23.6205
23.6813
23.7410
23.5683
23.7467
23.6846
23.4724
23.6703
23.2410
23.5048
23.8789
23.8666
23.4765
23.0392
23.5169
23.5531
23.4073
23.4916
23.0965
24.3976
23.3711
23.4642
23.0914
22.2923
23.6534
23.2302
23.5226
23.7732
23.4670
23.7646
23.1709
23.0498
23.4187
23.6593
23.9257
22.7228
23.1207
22.8275
23.2175
23.5113
22.8118
22.8569
24.4166
23.7920
23.4983
22.9460
24.6199
23.9861
23.5737
23.1145
23.3140
23.5059
23.7701
23.2674
24.0199
24.0375
23.3614
23.9261
22.6197
22.5559
22.1394
24.0632
23.5381
24.0889
23.7570
23.1125
23.7694
22.3518
23.3711
24.3406
23.0577
22.5403
22.8054
23.0708
23.1842
23.9346
24.0733
24.1096
23.8759
24.0931
24.2616
24.6537
23.5063
23.8038
24.9871
24.7654
23.9651
23.6937
23.8893
23.4406
23.7997
24.0620
23.8828
23.7430
23.3531
23.0372
25.0285
24.6567
23.7054
24.1180
24.2040
23.4836
23.8352
23.4766
24.2005
23.6966
24.1202
23.3763
22.9021
23.4128
23.3816
23.9482
23.5824
23.1066
23.7171
23.7226
24.6338
23.8418
23.9784
23.4446
24.3499
25.0772
24.6688
24.8804
24.4631
24.4537
25.1239
25.0060
23.5541
23.0160
23.1394
22.3100
22.4599
22.9739
23.4307
23.4567
23.4359
23.1891
23.2863
22.6984
22.6708
22.1131
22.9915
22.0457
22.0143
21.3671
22.5539
21.6148
21.9226
22.4885
23.7796
23.5940
23.6616
23.7425
23.8710
23.0794
22.6811
24.1913
23.3861
23.1763
22.9823
24.0255
24.4348
23.4683
24.2053
23.7375
23.1648
23.0798
23.7169
23.4722
23.6651
24.2429
23.1218
22.9559
23.2100
23.8235
23.2140
22.5414
24.1504
23.7157
22.9140
23.4792
24.2195
23.8198
24.3518
24.1027
23.0585
22.9784
23.0188
23.8066
23.6695
23.5433
24.3655
23.5022
24.1533
24.2233
22.4797
23.3174
23.2863
22.5841
22.6955
23.2679
21.8845
21.9670
22.1573
22.5407
22.5331
22.7551
23.1901
22.2502
22.5722
23.2610
23.0441
22.9095
23.3057
23.0648
23.2251
23.2781
23.2468
23.2061
23.4744
23.2222
23.8264
23.5908
23.7682
24.0701
24.8351
23.8641
23.4973
24.1588
23.2686
23.1213
23.3193
23.9775
23.5782
23.2206
23.2963
24.1273
23.3750
23.9949
22.6453
23.3341
23.2810
23.5177
23.5265
23.3831
24.1243
23.5205
22.9721
23.6016
23.5335
23.7713
23.2850
23.1663
23.4690
23.8980
23.1808
22.9654
23.1896
23.1304
22.7539
23.0860
22.8311
23.3604
23.6697
21.7894
22.8605
22.9482
23.2541
22.5097
22.7202
22.5882
22.7514
23.4906
23.1009
22.6304
23.2519
23.2913
22.3349
22.2881
21.9141
22.5568
23.0362
24.3624
24.4575
23.4305
23.3466
23.0925
23.7226
25.5010
24.9895
25.1452
25.6489
24.5741
23.5986
23.8519
23.9308
24.1894
24.0281
24.2069
22.8760
23.6511
23.5439
23.7272
23.7199
24.3290
24.3119
24.4354
24.9890
23.6627
23.6870
23.8477
23.1310
23.9858
22.5663
23.3553
23.1707
23.9459
23.1716
23.6411
23.8141
24.2016
23.8291
23.3729
23.4239
22.9365
23.0832
23.2760
23.1929
22.9345
22.8071
22.5923
23.3396
23.3837
24.0252
24.0196
23.7780
23.4972
23.5863
23.6701
23.4254
22.7069
24.0092
23.5961
23.9114
23.7394
23.5025
23.8560
23.2653
22.8445
22.9512
23.5889
23.1622
23.2660
22.9176
23.8825
25.3069
25.4316
24.0078
25.1867
25.2138
25.2000
25.9909
23.9025
25.1192
24.7659
24.9038
25.6637
24.1843
24.7415
24.2589
25.3112
25.5173
24.9033
25.6742
24.3601
24.4413
24.8348
24.4973
24.7972
25.0502
24.2251
23.9284
24.7667
23.9517
25.4461
24.7962
24.3739
24.5623
24.2747
24.1420
24.6570
24.0191
24.0152
24.0521
23.9122
23.2864
24.3264
24.4955
24.3976
24.5600
24.4876
24.7304
23.9207
24.3008
24.2839
24.4548
23.5728
23.8695
24.2384
24.2085
24.2895
25.1137
24.4850
24.6397
24.7857
25.2402
25.0165
25.1607
24.5205
25.2998
26.2026
26.0410
26.4564
25.5863
25.7264
24.9997
24.7211
25.0397
24.7138
24.9224
25.0291
24.6704
25.0315
25.7281
25.2615
24.2702
24.9456
24.8324
25.1081
24.7378
25.3346
25.6588
25.6128
25.8744
25.4174
24.8617
25.5197
24.5803
25.1555
25.1599
24.8936
24.6939
25.1099
25.4797
25.2532
25.1455
24.9787
24.1343
24.6487
25.6534
24.1563
24.8399
24.5804
24.5232
24.4224
24.2416
25.6988
25.3642
24.6696
26.1914
26.3416
25.7727
24.1866
25.3272
25.2628
25.4009
24.4026
25.5520
26.1605
24.5617
25.1269
24.7082
24.9496
24.7654
25.1990
24.5010
25.9287
25.5021
25.5725
26.1774
24.5061
24.3839
24.7869
24.6349
25.8080
24.3674
25.5461
25.2746
25.1083
24.9702
25.3362
24.6669
24.4121
24.4038
25.7249
24.8973
25.4683
26.2616
25.5905
24.9177
25.6411
24.7522
24.4070
25.1041
25.4215
24.7487
24.3924
24.6031
24.2115
25.2680
25.1634
25.0730
24.9777
25.1241
25.9237
25.6685
25.4696
25.6100
25.3352
24.8945
25.5219
25.8914
25.6189
25.2785
24.8293
25.1866
24.1935
23.9362
24.5277
24.5625
23.8458
24.4333
24.4759
24.2366
24.6042
25.0195
24.7018
25.1902
24.4866
24.4905
25.2640
25.4876
25.9659
25.4011
25.6228
24.8638
24.5526
25.6633
25.6725
24.9148
25.5007
24.9505
25.2196
25.1158
25.4674
25.7432
23.9017
23.4094
24.2030
23.4368
24.3377
23.9236
23.7288
24.8435
24.1274
25.0726
24.8021
25.4594
24.8421
24.6847
24.8742
24.4974
25.2787
25.0945
24.3361
25.4384
24.4760
25.5622
24.7833
24.9753
24.7661
24.8669
25.5641
24.7152
24.1332
24.1448
24.1590
24.7978
24.2086
24.3809
23.7428
24.4844
24.2300
24.4452
24.2413
24.4896
24.8853
24.4332
25.0827
24.7990
24.5571
24.8359
24.1852
24.7907
24.6221
24.1177
24.3650
25.0632
25.8472
26.0095
25.1295
24.4380
24.2973
24.4097
24.7834
24.9404
24.1743
24.0582
25.0830
24.1205
24.4684
24.6097
25.2681
24.9232
25.3900
24.6604
24.0893
24.7190
25.0566
24.7832
24.7790
23.8280
25.1082
25.1710
24.0616
23.8490
23.8267
24.1581
24.4612
23.7547
23.8731
23.7442
23.9848
25.0492
25.1832
24.8315
23.7964
23.8232
23.6890
23.6194
24.4629
24.9400
23.7981
24.4584
24.5383
24.9628
26.2470
24.6764
23.9305
24.0346
24.0277
24.2412
23.8091
24.9155
24.4821
24.6280
25.7741
24.2401
24.4908
24.9961
24.9165
25.0736
25.1123
23.6383
24.3646
24.6946
23.9521
24.4286
24.0838
24.7671
23.9653
24.3298
24.3240
25.3530
25.3874
24.6555
25.5599
25.7317
25.1425
24.5549
24.3709
24.4772
24.8851
24.6704
25.8230
24.7494
23.9829
24.7582
24.0055
23.7863
23.7109
24.8381
24.0812
24.8406
24.5151
23.9001
23.6715
22.9914
24.6032
23.9256
23.8605
24.2385
23.7635
24.4660
23.8788
23.7103
23.5041
23.8150
24.3972
23.9387
24.9138
25.5222
24.9154
26.0298
24.8949
25.8291
24.6638
23.4235
23.9512
23.5694
24.1447
23.6449
24.0800
25.0622
23.9290
23.9567
24.0550
24.3511
24.7503
24.1280
24.3230
25.8538
25.3169
25.7933
25.1452
26.0957
26.8453
25.8189
24.7295
25.5035
24.1530
25.1073
25.3922
25.3732
25.4688
25.2305
23.9561
24.4910
25.0075
24.5429
24.8202
24.4051
24.0887
24.6385
24.5629
25.3031
24.1478
24.8466
24.9468
24.9303
23.7816
24.7433
26.2265
25.4177
25.4254
25.2979
25.2590
25.5752
24.8199
24.2439
24.6141
24.6353
24.2442
25.3029
23.9292
25.2428
23.8545
24.6074
26.3621
24.8459
24.6651
26.9980
25.8027
25.7663
25.8006
24.6344
24.4932
24.2257
24.8039
25.4965
24.6398
24.6076
24.9196
24.5042
24.9114
24.0093
25.4319
26.2238
25.9824
25.4998
25.9117
25.8121
24.5576
24.4324
24.7797
24.3102
24.5488
23.9966
24.4925
24.1327
23.5649
23.3323
23.2714
24.3183
24.2052
23.2362
23.4507
23.5875
23.4699
24.3206
24.1907
23.7390
24.3976
24.4119
23.9094
24.3832
24.3586
23.9419
23.0991
23.7467
23.4018
23.8877
24.3755
24.2055
23.9320
23.8091
24.9782
25.0004
24.2105
23.2354
24.3397
23.8724
25.0949
24.1280
24.5459
24.4995
24.7209
24.5511
25.1242
25.2939
24.9550
24.3903
23.7131
23.6436
23.6414
23.5367
23.4126
24.6281
24.6101
25.1759
26.1621
25.3401
26.0032
24.9708
25.4863
25.2298
25.5896
24.1489
23.8147
24.0193
24.6493
25.7249
25.4336
25.2039
25.4616
25.1172
25.7234
25.3282
24.4087
24.6199
24.8026
24.1504
24.4350
23.6837
25.9994
24.9157
25.3745
24.0409
24.9828
24.8023
24.6647
24.4226
24.1449
24.0959
23.8707
24.5420
25.0224
26.8256
26.0682
26.1040
25.2943
25.2716
25.4617
24.2804
24.3730
24.9835
24.6782
25.3040
24.4500
24.7276
24.9227
24.9091
25.3246
25.0085
24.9693
24.5962
25.1483
26.0068
24.5737
25.2242
24.6881
24.7688
25.4375
25.6212
25.6263
26.5784
25.7407
25.3862
25.1959
25.2998
25.9620
24.7699
26.0863
25.9354
25.3234
24.9612
24.7295
24.9644
23.7036
26.6665
26.1553
25.7792
26.3130
26.9705
24.5996
25.3525
26.2850
27.1769
25.5932
26.4026
26.7879
26.7477
26.2716
26.5053
24.7419
24.5319
24.8384
25.7112
24.8952
25.5319
25.6121
25.9681
24.4348
24.8920
26.1064
25.4067
24.3232
24.8708
26.3120
25.7621
25.7262
25.5723
25.5884
25.6639
23.6616
23.8302
24.0519
23.8042
23.6268
22.7106
22.8881
22.8968
23.3753
23.6557
24.2995
23.3480
24.2325
23.6374
24.5857
24.9071
24.1873
24.7032
24.5496
24.7507
24.2428
24.0190
24.0826
24.8026
24.6453
25.0356
26.1392
24.4758
24.1451
24.2213
24.9328
24.7575
24.0077
23.8147
25.1764
24.8590
24.5956
24.3934
24.0733
24.3815
24.6036
23.7790
24.5229
24.5686
24.7912
25.1487
23.5245
24.4534
24.4753
24.4668
24.0650
24.2463
24.0783
24.6998
24.3396
24.1027
23.4783
24.8033
24.6348
24.8953
25.1875
24.4687
23.5213
24.7653
24.7279
24.8050
25.6031
24.5527
24.7416
26.0078
25.1054
25.5724
26.5547
26.1053
25.4967
25.4052
24.6714
25.8419
26.1512
25.0379
25.5128
25.1549
25.1426
25.2463
24.5333
24.8326
24.2456
24.4963
24.8579
24.6993
25.9223
25.7824
25.2143
25.6847
25.6691
24.4964
24.8588
26.3421
25.5105
24.7804
25.7216
25.3049
24.1261
25.3204
25.1723
24.1848
24.4084
24.6715
25.5526
25.5933
24.6100
25.8366
25.6469
25.8250
24.6020
24.9959
25.6176
25.2598
25.5041
25.0535
25.3507
25.1880
25.1926
25.0078
25.2667
25.4094
24.1490
24.9350
25.3823
24.2921
24.4532
25.2728
24.1046
25.1079
25.9026
25.7417
24.6621
24.4031
25.2266
25.1341
24.9599
25.0425
24.3232
25.4378
24.9554
24.9348
25.9262
25.8113
24.9136
24.6214
24.0901
24.4345
24.3162
24.3408
25.5743
24.4011
23.7741
23.8259
24.7564
23.9293
25.4716
24.6942
26.1044
25.0458
24.8717
24.8296
24.5029
24.2477
24.2949
23.3186
23.2995
23.3910
24.6586
23.5771
24.1812
24.9272
24.8257
24.3346
24.5190
25.2310
25.2393
26.0585
24.3136
25.0809
25.0870
25.9812
25.2998
25.2104
25.2975
26.6227
25.9579
25.0452
26.9756
26.6291
25.2571
24.1637
24.4525
23.8734
25.1791
25.6056
25.4006
25.2060
24.6771
24.2338
23.5921
23.4014
23.7652
24.6536
24.5682
23.9142
22.9275
24.1571
24.2970
23.9549
23.7910
23.2522
24.9479
23.6132
25.7711
23.4157
25.2685
25.6419
24.9946
25.8872
26.0574
27.8891
25.9559
24.7233
24.4978
24.3502
25.3532
25.2619
23.3134
24.0840
24.3611
24.3501
24.9229
25.3664
24.1040
23.6604
24.4691
24.3721
25.1077
25.3296
24.8184
24.6962
25.5786
25.7580
24.1136
24.5793
25.2303
24.3585
24.7260
25.0151
25.0771
24.9931
25.3513
24.7828
25.1408
25.1151
25.7641
25.3026
25.2383
24.5796
24.5840
24.6632
24.4704
25.5271
25.9906
25.4500
24.1159
25.2925
26.3369
25.1598
25.6473
24.0149
23.8378
23.1428
23.3049
23.4608
23.9073
23.9810
23.0507
24.3521
23.5216
23.5951
24.6137
23.5509
23.5030
23.9109
23.5533
24.0334
25.6083
24.7203
23.6380
24.5635
23.9521
24.1594
23.7400
23.8199
24.3280
24.2253
24.0881
22.8760
23.4718
24.0001
23.8505
23.4797
24.3494
24.2447
24.9205
25.0681
24.9772
25.2289
25.3468
24.7547
24.8033
24.4955
23.6300
23.2678
22.8015
22.9235
22.9434
22.4775
22.9444
22.7448
22.4214
22.2004
22.2007
23.2433
23.6157
23.4491
23.4654
23.0224
23.1577
22.8597
24.1405
24.5739
22.9711
24.3353
25.5265
24.3767
24.0280
22.7438
22.9615
24.0114
23.8443
22.8727
22.4570
23.5051
22.6831
22.2479
23.3132
22.9884
23.0072
23.0285
24.0892
22.9780
23.2184
23.3004
23.6034
23.1177
22.4874
21.5372
22.0515
22.2936
22.0103
22.4435
22.0820
23.2489
22.7634
22.8207
22.3825
22.2651
22.5593
22.5244
23.0357
23.6346
22.9838
22.3063
22.5412
23.4195
22.8704
22.4785
22.6536
22.0289
21.6665
22.4813
22.0922
22.2000
22.2578
23.1145
22.0560
22.7636
23.2629
22.5030
21.7349
22.5857
22.1370
22.3905
21.7309
22.1366
21.8946
22.0767
21.8115
21.9828
21.9379
21.7325
22.0929
21.4523
23.3419
21.8289
22.5723
22.3817
22.7210
22.3824
22.6654
22.2939
22.5676
21.9237
22.8455
21.9572
22.3012
22.4732
22.8769
22.5328
22.1905
22.2055
22.4152
22.3655
23.3433
22.2566
22.3342
21.3149
21.2061
21.7557
22.2564
21.9995
21.7160
21.6960
21.8208
21.7312
21.3912
21.8468
21.6863
21.7588
22.1994
21.3429
22.4322
22.4522
21.9433
23.1305
22.8412
21.5552
21.9331
22.3688
21.9757
22.6566
22.3291
22.9375
22.4137
21.8248
22.6658
22.7754
23.0922
22.2814
22.3567
22.0774
22.1490
22.7222
22.1144
21.8037
22.6026
23.2449
22.9980
22.7297
22.5214
23.1890
23.5064
22.8370
22.7713
22.7656
22.2485
21.8813
22.1691
20.9736
23.3802
21.1929
20.6294
22.3776
23.2375
23.3022
23.0218
22.7691
22.8906
22.0852
23.1283
22.6732
22.4447
23.3052
23.0518
23.2614
22.2691
22.2095
22.9410
22.0275
23.0027
23.1995
22.1562
22.4704
22.2011
22.7434
22.4191
22.4612
23.4121
22.8933
22.4270
22.4917
22.6991
21.7665
22.2720
21.9741
22.2900
22.0608
21.8148
22.6891
22.6356
22.4187
22.4358
22.2339
23.0804
23.0125
23.5881
22.7521
22.9432
22.6063
22.0163
21.8201
22.0236
22.0787
22.1006
22.8618
21.9592
23.2566
22.3808
22.7850
23.5626
22.6283
22.6506
22.5252
22.6716
22.3547
22.2406
22.3220
22.7469
22.6249
21.4227
23.6868
23.3161
23.7355
23.1181
24.3989
24.1289
24.4355
22.9030
22.5248
22.7348
23.8450
22.9411
21.7631
21.9184
22.9354
22.7704
22.2120
22.6133
21.4478
21.9944
22.1136
22.1645
23.8274
22.1416
23.4711
22.7290
23.3797
23.5419
22.8740
23.0120
22.8329
22.8339
22.6405
22.4183
22.3267
22.5353
22.9365
23.6566
23.4958
23.0069
22.6900
23.1185
22.9552
23.4822
22.5486
23.1844
23.3232
23.7229
24.4826
23.8404
24.2604
23.4883
23.7987
23.6747
23.1893
23.2495
23.3988
23.6414
24.5401
24.3422
23.7764
23.5836
23.9473
23.4190
22.8162
24.3891
23.9962
23.3215
23.9306
24.5287
23.4567
23.2192
23.1364
24.2700
23.9459
24.9156
24.1329
24.3661
24.2231
22.8913
23.3561
23.3218
24.5025
23.6149
24.1989
24.0744
22.8339
22.6385
23.8404
23.5548
23.3359
23.6547
23.8023
24.1851
22.8299
23.6822
23.6082
23.7049
23.0041
24.0261
23.9591
24.1610
23.7608
23.6408
23.0888
23.6874
23.6778
24.6834
24.0508
24.4724
22.6155
23.8639
23.0885
24.2390
24.4609
22.9841
23.1970
23.1005
23.5754
24.1509
23.7614
24.0542
24.0254
23.8614
23.5145
23.6318
24.5356
23.7105
23.7300
23.7633
23.1456
23.5350
23.3274
25.1184
24.9328
23.0139
24.5761
24.0353
23.5369
23.7066
25.8064
22.7598
22.6502
22.8093
23.5436
24.0039
23.3867
22.7713
22.8371
23.5629
22.6533
22.9595
23.7434
23.4390
23.2370
23.8171
23.6616
24.2776
24.3777
23.2623
23.9109
23.0751
23.3269
23.9097
23.5207
23.1868
23.0629
23.1468
22.5727
24.3193
24.7880
24.2365
24.4896
23.7369
23.5333
23.3515
25.0051
23.1564
23.4080
23.7466
23.5199
23.5710
23.5250
23.2200
23.4098
23.1562
23.3039
22.8779
23.6883
22.9637
23.1503
23.4767
23.9847
22.8563
23.0784
22.2222
22.7864
22.9982
23.1622
22.8406
22.9895
23.2453
23.0936
23.6723
22.0551
22.8142
23.0022
23.2439
24.0173
23.1814
21.9760
23.6284
23.1151
23.0467
23.5968
24.1139
24.0033
23.6565
22.5904
22.9764
23.3754
24.4777
23.5706
24.2382
23.5203
23.8023
24.1420
23.9683
23.2419
23.6814
23.4803
23.2217
23.4594
22.8327
23.1179
23.9512
23.1186
23.9879
23.2209
23.6396
23.6515
22.5975
23.3604
22.9681
23.3020
22.4124
22.4153
23.1528
23.3599
22.5788
22.8535
22.2207
22.7423
22.8081
23.0255
22.5755
22.6788
22.4089
22.4594
22.5857
22.9017
22.0154
22.2980
22.2422
22.3303
22.3031
22.2165
22.4471
22.4030
21.9071
22.8917
22.2010
21.7978
21.7400
21.1424
21.9323
21.6927
23.2192
22.4556
23.2038
22.9901
22.0467
22.1977
21.9021
21.7991
21.7977
21.2870
21.9122
21.9922
21.7760
22.0861
22.6244
22.3498
22.3332
22.7506
22.6711
21.8567
22.4884
22.3661
23.4425
22.6861
22.3097
21.5015
22.3758
22.9684
22.9202
22.6674
22.4663
23.3950
23.0112
22.2790
22.3245
22.6198
21.7821
22.4345
22.9666
21.4205
21.5404
21.5103
21.8920
22.6567
22.6194
22.6122
23.1964
22.2110
22.2457
22.0901
23.1037
22.7958
22.6590
21.4503
21.8361
22.2716
21.6743
21.9392
22.8450
22.5845
22.2105
22.4336
22.0801
24.2336
22.3464
22.1707
22.4516
22.9879
23.0202
23.3004
22.7372
22.7674
22.6062
22.0209
22.4779
22.3201
21.7909
21.6817
21.7728
21.8026
22.3695
22.4757
22.6881
22.5224
21.5996
21.8019
22.0482
22.7410
22.6007
22.9057
22.1045
23.1235
22.7392
23.0210
22.1603
22.2652
21.7169
22.9344
22.3695
22.0051
22.7420
21.9712
22.8303
21.3771
22.7156
21.8745
22.7367
22.8367
22.4660
22.3686
21.4098
22.8074
21.8406
22.5557
21.5728
22.2204
22.3856
22.0555
21.7755
21.4093
21.8702
22.2884
21.8872
22.1465
21.2854
21.2687
21.2381
22.1079
22.9824
22.6277
22.3318
23.1227
22.1573
22.8424
23.0968
22.1348
22.4507
23.0942
23.4687
22.9047
22.2376
22.4652
23.0744
22.4545
22.5879
22.7631
21.8397
21.6906
22.3753
22.8700
23.2116
22.7289
22.5305
23.4533
22.9980
22.7833
21.7961
21.8316
22.9185
21.7698
22.8692
23.2869
23.2048
22.3063
22.3801
23.2066
22.4368
22.6794
22.8929
21.9183
21.8701
22.1998
22.9272
22.8063
23.7289
23.0414
23.5991
22.5898
22.1703
22.9255
22.5907
23.4075
23.2354
23.1049
23.2595
23.4569
23.0134
22.5822
23.4325
23.0112
23.4688
23.4628
23.2514
23.7682
22.8660
22.6972
23.3056
22.2051
22.9674
22.0560
22.1081
23.4006
23.0519
22.5574
21.7703
22.5452
22.7760
22.1043
22.7993
22.9043
23.1791
22.5186
22.3121
21.7313
22.8940
22.5963
22.5009
22.1412
22.4601
22.4530
23.7798
23.8638
22.7430
23.1065
22.3142
22.7291
22.2043
22.4749
23.1923
21.9947
22.6005
23.8546
23.5735
23.6013
23.1005
23.2548
22.4737
23.2615
22.3338
21.5201
21.2291
21.2974
21.8529
21.8182
22.1416
22.1508
22.0363
22.2248
23.0479
22.8220
22.1522
22.5702
21.2053
22.0047
22.9676
22.1190
22.4823
22.9952
23.5415
22.3853
22.3728
23.2158
23.0521
22.6414
22.1042
22.5922
22.5931
24.9385
24.7118
24.4993
23.3440
23.4710
22.7787
22.4481
22.2914
22.1497
22.5587
22.4638
22.7711
23.0890
22.4005
22.1757
22.1537
21.2196
21.7348
21.0716
21.2704
20.9634
20.7806
20.5790
22.0442
22.0791
22.3589
21.6653
22.2493
22.2444
22.1753
21.4315
22.1488
21.9363
22.3026
22.3188
22.0867
22.8869
22.3267
21.7116
23.6471
23.8092
23.7474
24.1930
22.4652
22.8710
21.7198
22.2901
21.6176
22.3498
21.7237
22.0101
22.6696
21.8705
21.3909
21.4995
22.0355
22.0935
21.7203
21.9978
22.3795
23.4322
22.0300
21.9653
22.0131
22.0837
22.5314
22.4437
22.0806
22.4758
23.2594
21.7842
22.3421
21.7983
23.3935
23.0165
22.2248
21.4834
21.0575
22.3285
22.5047
22.9218
23.3738
23.4162
22.6677
22.9473
23.6794
23.1346
21.3377
22.6736
22.3393
21.8190
22.8321
22.4647
22.7763
22.7541
22.6020
23.1278
22.8092
23.1272
22.6931
22.9803
22.4057
22.6487
22.8697
22.7984
22.2550
22.5334
22.5075
22.5322
22.8275
23.2382
23.9768
22.7574
24.0995
23.8827
23.7907
23.0939
22.6034
23.7655
22.6560
23.3073
23.3240
23.5953
22.9883
22.4176
23.2362
22.7880
23.2205
22.7613
23.7586
22.5983
23.8665
23.4174
22.7472
22.9110
22.8542
22.8306
22.6388
22.7559
22.9562
24.0966
23.7825
22.7575
23.7215
22.8783
23.5585
23.1908
23.2756
23.5434
23.3118
24.3175
23.0923
23.1026
22.6907
23.5158
22.9146
23.0840
23.6388
23.0275
23.4551
23.9901
23.8130
24.0400
23.3743
22.7234
23.6721
23.2758
23.6035
22.3621
22.8373
23.0249
23.8252
22.3940
23.6387
24.4672
24.2463
23.5719
23.5501
22.6605
23.3073
22.9822
21.9615
22.2939
22.3986
22.2596
22.4573
22.5472
22.9483
22.6281
22.3014
22.0082
22.6894
22.4199
22.4494
22.5204
22.3971
21.4873
22.6891
22.2376
21.8923
21.7513
22.5226
21.7469
23.1817
22.0332
22.0181
22.1181
23.0642
23.0807
23.5767
23.0680
21.5195
21.4830
22.0131
22.5732
23.2794
22.6337
21.8875
22.9220
22.4527
22.5583
21.7359
22.3678
23.1504
22.1482
21.9424
21.8843
22.3624
22.7635
22.5715
22.7499
22.4648
25.3769
22.2644
22.3816
23.6050
23.8866
23.8487
23.4731
22.8792
24.4547
24.4632
22.9589
23.9213
23.0461
23.4795
24.7827
24.8711
23.7219
23.5793
24.1695
24.0121
22.9265
23.2732
22.9998
22.0881
21.8018
22.3460
23.1110
23.0775
23.7892
23.3641
23.2040
22.7595
22.8563
23.6335
23.5519
24.6599
22.7053
23.6093
22.4900
22.4632
21.7026
22.1726
22.5283
21.7255
22.3681
22.4964
22.4895
21.7911
21.2657
21.9412
21.7819
21.6156
23.5347
22.7765
22.3604
22.4398
22.4638
22.9880
22.7001
22.6312
23.4306
23.1852
23.1719
25.1223
23.6030
23.7388
22.7527
22.6506
22.8261
22.3308
23.8070
22.6831
21.8373
22.3394
21.8651
22.6022
22.0767
22.3091
21.8857
22.5107
23.0561
22.6752
22.5024
22.3663
22.9000
22.5758
23.4904
23.0281
22.8504
23.8953
23.0179
22.5655
22.9639
22.5013
23.1367
22.8336
22.9999
22.2671
22.0752
22.8796
21.8848
22.0712
22.5127
22.7942
22.6153
22.3515
21.8824
22.6351
23.1891
23.2696
23.2448
22.2012
22.3544
21.7939
23.3206
24.0847
22.5746
22.5517
23.0802
22.7847
23.4641
22.9070
22.0664
21.6343
22.6600
22.4363
22.9223
22.6874
22.5135
21.9351
21.4671
20.8917
21.1641
21.1970
21.2625
22.1308
22.3177
21.7023
22.2590
22.2470
21.3969
21.7405
22.8130
22.8027
22.6338
23.0935
23.3740
22.3625
22.2553
22.4146
23.0289
22.8771
23.0220
22.6560
23.2745
22.1379
22.4387
22.9487
23.0803
22.1275
23.1325
22.5899
22.4775
21.5367
23.2579
22.7763
22.3851
21.9871
22.8065
21.9568
22.8016
22.1804
22.3376
22.4328
22.3476
21.8361
22.1720
22.1727
23.0828
22.4209
22.0897
22.5636
22.8123
22.0780
21.9700
23.0610
22.7627
22.2501
22.7528
22.3266
23.0727
21.6438
21.4061
21.2529
21.0532
21.6901
22.2236
23.0278
23.4544
22.7867
23.5201
22.1226
22.6168
22.4828
22.3262
22.4066
22.8077
22.5799
22.3803
22.5405
22.7016
23.1832
23.0653
22.3305
23.2434
23.0540
23.4399
23.8973
23.5180
22.5471
22.8009
21.7849
21.4481
22.5518
23.0489
22.5460
22.8994
23.0939
23.6588
22.8910
22.1243
21.4043
22.3235
22.5393
22.9695
23.5667
24.2248
22.7959
21.9809
22.8137
23.9938
21.4931
21.8213
22.9292
22.0878
22.2236
22.7635
23.9856
22.1659
23.2378
24.4254
23.0276
22.7442
22.0892
21.4641
21.5046
22.6659
22.1119
22.8743
22.0078
23.1503
23.4064
22.4902
22.3151
23.2223
23.0874
21.8895
21.7970
22.1512
22.3138
22.0989
22.5049
22.9594
22.2949
22.8504
23.4103
22.4628
22.5808
22.1615
23.2323
23.1206
22.8759
22.7503
22.8728
22.9216
22.1495
22.4944
22.2244
23.0083
22.2879
22.9066
22.1731
22.6856
22.2580
22.0418
22.3536
21.3806
21.4575
22.5645
21.9820
22.6868
22.5400
21.5335
22.4837
21.4550
21.5568
21.5587
21.9775
23.6611
22.6778
23.4785
22.5880
22.4640
22.6888
21.7173
21.7002
21.9300
22.2140
21.8465
22.2520
21.8940
21.9264
22.0924
22.0309
21.7343
22.4993
22.8868
22.8377
22.4463
22.6985
22.7770
22.6028
22.3947
21.8293
22.1781
23.0768
22.7920
22.8950
23.4514
21.9637
22.3710
22.3690
23.0496
22.9020
22.9463
22.8880
23.2246
23.4743
23.2378
24.1960
23.2471
23.3810
22.6630
23.2622
23.7188
23.7641
22.7500
22.3293
23.3060
23.3814
22.8990
23.7694
23.0936
22.0592
22.8194
22.0845
21.3014
22.2908
23.0655
22.7621
21.3919
21.0885
22.9095
23.2558
23.4397
22.5362
22.7753
22.2637
23.1166
23.2411
22.6963
22.9652
22.7772
23.0402
23.1056
22.5465
22.5871
22.2050
22.4944
22.8092
22.3454
22.6388
22.7630
22.5308
21.7146
22.5389
22.6163
23.3367
22.3918
23.4116
21.9261
21.8513
21.8195
21.6290
21.5484
21.2367
21.2407
21.7713
22.3671
22.0576
22.2016
21.6067
21.4622
21.0356
21.6886
21.7151
21.3490
20.9080
21.2077
20.9596
21.0217
20.7345
20.4258
21.7141
21.7782
21.6328
21.5308
21.5559
22.2016
22.2274
23.7009
23.4127
22.4060
23.0882
22.0485
21.6543
21.6684
22.1550
22.0016
21.7028
21.9245
21.2733
21.7009
21.7859
22.1072
21.7727
21.5654
21.6775
22.2937
21.8932
22.6699
21.6141
21.1605
22.8439
22.2400
22.6371
22.6575
22.2976
22.8069
21.6985
21.5814
21.7452
22.0668
22.7021
22.6305
23.3598
24.0424
22.5133
22.5356
23.6764
23.6786
23.5096
23.3600
24.0823
23.5402
23.0086
23.1910
23.5252
22.3686
21.9431
22.5196
22.3047
22.9685
22.0199
22.5978
22.6434
23.5242
22.7743
22.1814
22.1900
23.5732
23.1076
22.4179
22.6927
22.0788
21.4538
22.2632
22.1255
22.3387
22.1670
22.7328
21.5426
22.3244
23.5263
23.0413
22.2725
22.0932
22.9089
22.1354
22.0483
23.1176
22.4566
22.8460
23.4122
22.5393
22.6138
22.9918
22.5439
22.6050
24.6259
23.8566
25.3180
24.2693
23.3353
22.6914
22.0974
22.0794
22.2145
22.6927
22.8388
22.8630
22.7413
22.5948
22.8815
22.5871
23.1570
22.2349
22.2800
22.8824
22.3703
22.9251
22.4438
22.4096
23.3189
22.4544
22.6961
23.1314
23.1802
23.6865
23.4208
22.2656
22.0497
22.4678
22.8330
23.0255
22.5699
23.0122
22.9166
23.3556
22.9403
23.1142
23.0258
23.2371
22.9254
23.6783
23.1496
23.0264
22.7792
22.2432
23.1794
23.1339
24.1260
22.6424
22.6722
23.1367
23.2407
23.3685
23.7975
23.7698
22.8191
23.0766
23.0535
24.0722
23.6840
22.6434
22.4078
23.9380
23.2952
21.8675
22.3336
23.1828
23.1407
23.2402
23.3531
23.1120
22.3679
21.9471
21.5624
21.6338
21.7765
21.5794
22.6303
22.1668
22.5992
21.9507
22.1375
23.8447
22.0957
21.3078
21.1353
21.9637
22.0207
22.5279
21.7525
22.0717
21.5975
21.9574
21.9048
21.1122
21.3230
22.1920
21.7202
22.5608
22.1009
22.2180
22.8540
22.9931
22.3286
21.9793
22.6114
22.9837
21.2808
22.2403
22.6219
22.3044
23.3286
22.1794
21.8812
22.3896
22.3979
22.4394
21.9284
22.7661
22.8646
22.7790
22.9934
21.7615
22.7348
22.3157
22.5746
22.7668
22.2854
23.2377
24.1195
22.9234
22.0891
21.9794
22.0485
21.8166
21.5288
22.2516
21.2815
21.8472
22.6802
22.3303
21.5635
21.8239
22.2162
21.9442
21.4893
22.3512
22.3191
22.8144
23.3150
22.3955
23.1670
23.6834
22.6741
22.3331
22.7899
23.3030
22.9141
22.4868
21.7060
21.2505
22.4405
21.5130
22.5043
22.5578
23.2592
23.1802
22.9439
22.7754
22.3799
22.7909
22.2922
22.5573
22.2262
22.2723
22.5318
23.3885
22.9534
23.8680
24.1583
23.7732
23.5234
23.5782
23.6179
23.2383
23.2160
22.6530
23.5966
22.5744
22.0195
23.2074
22.6500
22.8571
21.9795
22.7829
23.5284
22.9714
24.0948
23.2642
23.3342
23.7375
22.8695
22.6229
22.9179
23.1365
23.9249
23.5211
23.1933
23.6389
23.6542
23.3540
23.6134
22.8680
23.3737
23.5824
24.4387
23.7460
23.5725
23.9020
24.0786
24.0618
24.2423
23.9541
22.8144
22.9425
23.1307
23.4802
23.7907
23.6264
23.1030
23.8278
22.8144
23.4008
22.0509
22.0798
22.4459
23.2314
21.9201
22.5638
22.8071
24.8632
23.6643
22.6930
24.0882
23.3624
24.2370
24.1301
23.9061
23.1207
23.8664
24.0678
23.7375
24.0416
23.3147
22.9335
23.0930
23.9251
22.4556
23.1556
23.1603
22.7778
22.6104
22.6594
22.9062
23.2083
23.1712
22.3289
23.0668
22.6157
22.8087
21.8364
22.8721
22.2469
21.7949
22.8000
22.5684
23.4771
23.3089
23.7711
23.9471
22.7841
23.6394
23.5978
23.4515
22.6164
23.0129
22.7931
23.1592
23.6470
22.0929
22.1233
22.5079
23.4038
23.0953
23.4057
23.9048
23.0110
22.3866
22.1099
22.2985
22.9554
22.3796
22.3729
21.2759
22.3912
22.1205
22.3038
22.2228
22.1972
22.5084
22.1877
22.3746
21.9385
22.6731
23.5812
21.6682
23.0422
21.9923
22.8116
23.0918
22.4057
22.7118
22.0530
22.1027
21.5658
21.6828
21.2086
21.3051
21.0518
21.0909
22.0938
21.6041
21.5087
23.6143
24.7658
24.9417
25.4743
24.4117
24.8443
24.4945
24.5330
24.8804
24.4254
25.7910
24.7383
24.7309
23.9249
23.0350
23.3956
22.5103
22.4264
22.6469
22.4754
23.0356
22.6265
23.1698
24.2218
23.6929
25.0504
23.8295
23.8015
23.2608
24.4399
22.7294
22.4440
22.0022
22.7799
23.2983
23.4662
22.8330
24.0577
23.0307
23.4803
23.4904
23.9722
23.9501
25.1220
23.9159
24.0982
25.1299
24.3345
22.9812
24.6367
23.6926
24.6824
22.8503
22.1403
22.1677
21.3916
21.5872
21.5771
21.0330
21.6566
21.5456
21.7173
21.4808
21.2965
21.6827
21.6654
21.3796
21.8854
22.0944
22.6474
21.6406
22.7434
22.2317
22.7333
22.2148
21.9856
22.6385
22.7009
22.1611
23.2238
23.4650
22.9345
22.6039
22.5153
23.0444
22.8631
22.4243
22.2157
22.5508
22.1111
22.5327
22.7269
22.5857
21.4679
22.6562
23.1564
21.7648
22.0023
22.7276
22.9671
22.5603
22.7375
21.5223
21.4749
21.6835
22.5359
21.7914
22.5612
21.9167
21.8162
21.9672
21.7326
22.2843
22.0039
21.4680
22.8664
22.4739
22.5726
22.8285
22.2161
22.5271
23.0435
22.3533
23.0118
22.2226
22.4263
22.7864
23.1141
21.2399
22.2432
22.3716
21.1446
22.7190
22.8389
22.1966
23.0438
22.7636
23.0592
22.6339
23.0935
22.6529
23.3075
24.5241
22.9925
23.0594
23.3598
22.8275
23.2365
23.1685
23.1462
25.1229
22.7240
22.9978
23.1049
22.7694
23.0892
23.3498
22.8500
22.9651
21.9611
22.2015
22.4893
22.1973
22.2363
22.5520
22.1284
21.9615
22.0846
22.6800
22.6930
22.2139
22.8408
22.3451
22.3144
22.1584
22.7513
22.8156
21.8664
22.8959
21.4363
21.9028
21.9933
21.2501
22.0426
21.6211
21.7333
21.8159
21.8671
21.8617
21.3323
21.9307
21.6804
21.9346
22.2767
21.8059
22.3560
21.6895
22.1424
22.2118
21.9355
22.4238
22.4378
23.0109
22.5039
23.0459
22.9657
22.8081
22.5998
22.0349
21.8742
22.2543
21.7396
21.8371
21.9422
22.0883
21.4007
22.2740
22.0379
21.4350
22.3751
21.1873
21.8136
22.0823
21.7803
22.0602
21.1634
21.8012
21.9404
21.5217
21.7782
21.9648
21.5507
21.8105
21.6324
21.5372
21.5484
21.1176
21.7163
21.4285
22.0272
21.8422
21.1836
21.2986
21.2668
21.1205
21.6739
21.6044
21.2053
21.7587
21.2572
22.9348
21.6960
22.0626
21.4318
21.5133
21.4819
21.3648
21.7544
21.9297
21.5554
21.6822
21.6308
21.7045
21.6780
21.6484
21.8094
21.9407
21.8086
23.0388
22.2835
22.9779
22.5451
22.3687
21.7906
22.2891
22.7098
23.5359
22.2605
22.5188
23.0060
23.6689
23.1805
22.6067
22.8288
22.3548
23.0585
23.1892
22.0417
21.9385
22.0133
21.5397
21.7859
22.2636
22.0235
21.9305
22.0922
22.4220
22.1747
21.6414
21.5549
22.3608
21.8405
22.1805
21.8957
21.7047
21.2544
21.5293
21.4468
21.7653
22.0810
22.3486
21.2079
21.2639
21.7072
21.8523
22.2583
21.2856
22.1778
21.5868
21.1109
21.9944
21.5882
21.0511
21.4849
21.4926
21.6860
22.4864
21.4486
22.0970
21.9445
21.5083
21.7645
21.3235
21.1218
21.5242
21.9252
22.1757
21.3020
21.6110
21.6583
20.8688
22.1615
21.5115
21.7674
21.7371
22.2065
22.1468
21.4852
21.7231
21.6452
21.1152
21.0992
21.2697
21.8535
20.8272
21.0798
20.8119
20.9710
20.4190
21.3069
21.0396
21.2157
21.5010
21.2262
20.8699
21.2970
21.3276
21.1630
21.7839
21.4656
22.2155
22.2982
21.3626
21.2195
21.7632
22.5068
21.4376
20.9984
21.6231
21.0237
21.7620
21.5776
21.4880
21.2238
21.1561
20.9930
21.3910
21.1689
21.4891
21.2697
20.8899
21.2419
21.4623
20.9398
21.4291
20.9223
21.7955
22.1078
21.6747
21.7791
21.3723
20.9535
21.4866
21.0948
20.8642
22.1174
20.1827
20.6362
20.8407
21.3170
21.9692
21.2322
21.4015
21.7746
21.7796
21.8046
20.9454
21.4272
21.3971
21.1946
21.6055
21.5661
21.1843
21.7708
21.5329
22.0130
21.7582
20.9735
21.6814
21.5683
22.0410
21.5376
21.5927
21.7916
21.6996
21.4584
21.8285
21.9740
22.3810
22.1242
22.3562
22.5480
22.8633
22.8199
22.7964
22.5519
22.3885
22.1484
22.4178
22.7821
23.7614
22.1682
23.4159
22.9295
22.5584
22.4488
22.0088
22.1290
22.5797
22.9508
23.2561
22.2568
22.7885
22.2928
22.4238
21.7013
23.3578
23.6644
23.6259
22.9297
22.1533
22.8235
22.8627
22.4784
22.8150
24.0224
23.5046
22.8620
22.5299
23.1384
22.9754
23.1260
22.6490
22.0113
22.1444
22.7833
23.1536
23.7185
24.3183
23.6162
23.7071
24.9770
23.0893
22.6506
23.5531
23.5860
24.4385
23.5395
23.1823
22.6105
23.9126
23.1405
23.4332
25.3369
24.6952
24.8010
23.5702
23.7887
23.3426
24.3455
25.0600
24.4395
25.1366
24.7850
23.4588
24.6853
25.1020
24.6800
24.3955
24.5368
24.2516
23.3042
22.8579
23.4893
23.4952
23.1682
22.6943
22.9538
22.2935
23.9542
24.1137
23.4187
22.7584
24.0573
23.5657
22.4262
22.6674
22.9407
23.5773
22.7772
22.7543
22.6553
23.3208
23.0461
23.1973
22.9252
22.5980
21.8733
22.5432
22.3281
22.6806
21.6020
22.3346
22.0504
21.5973
21.4973
21.9273
22.0159
22.0861
21.4830
22.1104
22.4274
22.0064
21.7221
21.9277
21.4161
22.3024
21.7271
22.6547
22.5219
22.9109
23.1064
23.0349
22.1799
21.8746
22.2978
21.9729
22.4908
22.6721
22.1938
22.3125
22.5376
22.5035
22.0510
21.9751
22.2505
22.2186
22.4532
22.8864
22.6927
21.8163
21.8760
22.0816
23.0179
21.8698
21.3726
21.5216
22.0397
21.6926
22.1047
22.3505
23.1466
21.7093
21.4292
22.1659
21.9574
22.5449
22.9192
22.7135
22.6539
21.0834
21.5149
21.7433
21.8185
21.7917
21.8094
22.6792
23.0737
23.0106
22.4577
23.3899
23.6180
24.6830
23.2046
23.9774
23.1341
23.3979
23.3616
23.4191
23.5486
23.1864
23.6080
23.6105
23.2123
23.0349
23.2943
23.4411
22.8577
23.4402
22.4399
22.5672
22.9967
21.6002
21.6021
21.3582
21.6953
22.6687
22.7133
21.9953
22.6331
22.6855
23.2588
23.4970
22.9081
22.0224
22.6188
22.8297
23.0181
22.6848
22.7040
22.1423
22.5109
23.1671
24.0117
24.5063
24.0640
24.5900
24.2985
23.2458
23.9556
23.4522
24.0099
23.8346
24.4813
23.6003
22.9630
22.0566
22.1636
22.5555
23.2685
23.2105
21.7788
21.7761
21.8909
21.5735
21.9282
21.7642
22.2399
22.1964
22.4190
21.8792
22.1303
21.7953
22.8286
22.2779
23.0558
23.8374
23.7506
24.1184
23.6981
24.3206
22.6759
23.7672
23.8301
23.4608
23.9462
23.8909
23.1163
23.7241
22.8307
23.3040
22.7030
23.8670
22.7197
22.5220
22.0283
23.8385
23.5787
22.3281
22.3327
21.6409
21.6642
21.5556
22.4666
22.6868
23.5179
23.7928
22.2187
23.3277
22.7792
23.2129
22.3297
23.3077
22.5766
21.9234
22.2218
21.8826
22.0596
22.4649
22.6251
21.8671
21.8446
21.3547
22.2833
21.5570
23.0309
22.9416
22.0890
22.3744
22.0629
22.8827
22.2061
21.7200
22.1376
21.9887
22.0827
22.8117
22.5147
21.4681
22.5596
22.0644
21.2850
21.5284
22.5109
22.4929
22.9530
23.4654
23.3353
23.6365
23.0897
24.0647
22.9960
23.0271
23.7723
23.5399
22.9970
23.9397
23.1710
23.5910
24.1833
23.6454
22.5153
23.8971
24.1214
22.9072
23.5347
23.6874
23.5514
23.4911
22.9050
23.0821
22.7427
23.6701
22.6775
22.8922
23.4394
22.6447
23.0417
23.4698
23.2165
23.5452
22.7002
23.3585
24.1695
23.8881
23.6551
24.2562
23.7190
24.0821
24.2165
24.4803
24.2695
24.0117
23.7631
24.5380
23.1131
24.3890
24.8423
25.3762
24.0505
24.8849
25.6534
25.0340
26.0199
25.1495
25.0149
24.3000
25.2641
24.0252
24.7680
24.2309
23.8073
23.7097
23.8303
23.2503
23.1323
22.8908
22.9232
23.1265
22.7728
22.2998
23.4319
23.6300
24.7462
23.8524
24.1328
23.8596
24.0083
23.0954
23.1682
22.7821
22.5942
22.8202
22.6071
22.1256
23.7545
21.7033
23.0701
23.7381
24.0427
23.8402
24.1843
24.2624
25.8405
23.3231
23.1404
24.4286
22.9333
22.5356
22.1862
22.7390
23.5380
22.9645
23.2244
23.4839
22.5956
22.8866
23.4622
23.1941
23.2414
23.2801
23.9639
22.7054
22.8236
22.3379
23.0580
23.5365
22.6819
23.0629
23.0690
23.3022
23.2837
22.2624
22.7805
23.1126
23.0715
23.1106
22.8890
22.3743
22.5942
23.7163
23.7940
23.4869
24.9329
24.2695
24.3296
26.3811
26.9302
25.1838
25.0925
25.2571
24.9242
24.5389
24.6388
24.4691
24.2405
24.2356
23.4394
24.8051
25.0549
25.1927
25.1244
24.7088
24.1739
23.9709
24.2661
24.9428
24.7869
24.3241
24.0714
25.5261
23.7448
24.5199
24.0956
23.9268
25.2452
24.9261
24.1100
24.2323
24.5224
23.2937
23.7725
24.4956
23.6070
22.8883
23.8753
24.0266
23.3619
24.3127
25.4201
25.2202
26.0279
25.5267
25.8902
23.9611
24.8639
24.0061
23.8347
24.3618
24.6498
25.4233
24.3604
24.1972
24.8914
24.1927
24.7883
25.3171
25.1096
25.4048
24.6828
25.1016
24.0159
24.0368
23.2493
26.0181
25.8390
27.3767
26.3480
24.8555
24.2609
24.1961
25.1585
24.0547
23.8733
23.0030
22.8819
23.3078
24.4255
24.7610
24.4826
24.3994
24.3326
21.9733
23.6793
22.7175
24.1537
24.2017
25.1251
25.1285
24.3617
24.0525
24.1130
23.0560
23.1279
24.0060
22.7395
24.5840
25.1653
23.8673
22.7240
22.9521
23.4002
22.5092
23.6621
23.0991
22.3061
24.0370
24.3231
23.3365
23.1250
23.0990
23.0178
24.7592
23.8823
24.0736
23.8770
24.4477
23.9786
24.4728
23.0562
24.4214
22.8838
22.4374
22.7411
22.7815
22.9005
23.0134
22.5798
22.3484
23.2829
22.6626
23.9430
23.8989
23.8800
22.4329
22.6879
22.7193
22.1750
22.1083
22.5609
22.2468
22.5217
22.1984
21.9962
23.4619
24.3980
22.8488
22.9467
23.4646
23.2510
22.7498
22.4506
22.4069
22.9879
23.4503
22.5970
22.2976
23.1758
22.7480
22.6874
22.8582
23.3431
22.9367
23.4323
23.7754
23.8582
24.1741
23.9826
25.2288
24.5625
25.4566
24.2097
25.2607
25.0481
24.9039
26.1098
24.5671
24.6215
22.7801
23.1287
24.2817
23.9704
24.2186
25.4066
25.1139
25.0438
24.9938
24.3494
25.7221
24.5093
25.4310
24.0563
25.1249
25.9476
24.9167
24.2928
24.8591
24.4556
25.6713
25.9045
24.7592
24.7200
25.0058
25.9665
25.7542
24.3961
24.7855
24.2228
24.4884
25.0807
24.9736
23.2953
23.8214
23.3941
24.9106
25.5239
24.6666
25.8533
24.3231
24.2994
24.1076
24.7327
23.3273
23.9318
23.4844
23.6118
23.9114
23.7382
24.2045
23.2227
22.2810
22.4166
22.4628
22.7583
22.2700
22.8477
22.4901
21.8552
22.4235
21.5780
22.2824
22.8901
21.5921
21.8893
22.3810
23.7402
23.1719
22.9416
23.6649
24.4348
24.1316
23.9745
26.5489
26.5138
26.6671
25.8192
26.2871
26.5938
26.8858
28.5360
26.6364
25.7439
28.7742
27.4615
24.2599
23.5066
24.6126
23.0562
24.6725
25.9907
25.8061
26.3345
25.8416
25.4263
24.7037
24.1835
24.3210
24.1520
23.4822
24.3500
23.1894
24.5604
25.0358
23.9946
23.8480
25.0996
24.8257
26.4202
25.7523
26.5033
26.5677
25.5441
27.7655
26.3341
26.9135
25.2339
27.9885
29.0753
26.6234
27.7248
27.0031
25.7761
26.5825
23.9990
24.2507
24.3836
24.3574
23.7804
23.6135
23.3520
24.2533
24.4819
23.7054
24.2386
24.3840
23.6857
23.7756
23.9366
23.7642
23.8089
24.2916
23.1594
24.2083
24.4469
23.8571
23.5046
23.9308
24.6444
24.1835
24.5865
24.1046
24.6281
24.6563
24.4452
24.6495
24.2302
24.0859
24.8375
23.0371
23.5590
23.9217
22.8248
23.2363
24.4020
24.6319
24.8597
24.0904
24.8934
23.5092
24.4148
24.0153
24.0975
24.9328
23.6502
23.1099
25.1327
23.7053
23.3936
22.8601
22.1847
22.5979
24.8933
24.4414
23.4855
23.2126
23.8110
22.5958
23.1519
22.4812
21.9363
21.9021
22.9301
22.9538
24.2379
23.3631
24.6705
25.3807
24.3041
24.1992
23.0172
25.0023
24.7613
23.5895
25.7117
23.4440
24.8016
23.5306
22.0303
23.1980
22.1352
22.6949
22.1140
21.6348
22.5604
22.4301
22.5171
21.4991
22.5282
23.1261
22.4483
21.9214
22.0157
21.6230
23.1707
21.7881
22.6252
22.3877
21.5713
22.5526
22.8358
22.3447
22.6994
22.7443
22.5936
23.1271
23.4514
23.0153
23.7271
22.8197
24.2597
24.8676
23.4541
23.7497
23.1186
23.0521
22.8123
22.9296
21.6696
22.2571
21.8176
22.2420
22.8070
21.9560
20.9352
22.1268
21.9276
21.2929
22.0695
22.1949
23.2040
23.9853
25.5619
21.9842
23.7856
22.7964
23.6883
22.8293
22.7210
23.4894
22.6756
22.7813
24.4033
23.4602
22.7517
24.2910
23.7028
23.3010
24.4601
23.5693
24.4422
23.4137
24.2864
25.0019
24.1572
24.2023
22.9892
24.4195
24.1080
23.6247
22.7804
23.3837
24.1638
23.3032
24.2672
24.3130
23.2613
23.3985
23.4682
23.3324
22.8324
23.7059
24.3676
23.8423
24.8706
25.0382
23.4130
23.2180
24.1374
24.0425
25.0504
24.6041
22.8143
22.4018
24.4607
25.6632
25.3764
25.1143
25.4311
24.0396
24.3904
24.3404
25.4235
25.2963
24.5602
24.1152
23.5257
23.0292
23.7858
23.3793
22.5784
23.9192
23.2313
23.5077
22.5465
22.9790
22.4928
23.0771
22.5522
23.0416
22.9558
22.6991
22.4935
21.7000
22.0744
22.6055
23.2942
23.0842
22.1490
22.8266
22.4160
22.8984
22.5293
22.7706
22.4624
22.7771
22.7703
24.7533
24.7111
24.7045
26.1519
25.2402
26.1687
26.1511
23.7406
24.2722
24.8495
25.5703
22.6227
22.7919
22.2220
22.3504
23.1822
22.9982
22.8758
23.5942
23.2617
24.6891
24.7499
23.2439
23.0087
24.1975
23.5665
23.2388
23.6096
23.9040
23.9133
24.6785
24.3855
24.7940
25.2676
24.7172
24.4505
24.0371
24.8495
23.6833
24.0772
23.0950
23.1902
24.2931
22.8647
23.2692
22.2027
23.3898
23.4238
23.9718
22.4817
22.6190
22.8955
22.7671
23.1434
23.2343
23.8075
23.2296
22.6947
24.1968
24.5665
24.1031
23.8073
23.0481
23.3305
23.4257
24.3281
24.4803
25.1285
24.3925
24.8188
25.7489
23.7264
22.9988
23.8845
23.1398
24.7720
24.3983
23.6975
22.3278
22.3678
22.5902
22.6875
22.4891
23.7940
24.4565
23.7785
22.9501
24.7738
23.4892
22.9883
24.3678
22.3688
23.2689
23.4299
23.8900
24.1132
24.1185
24.1309
23.8344
23.3717
23.6101
23.3426
23.1235
22.6585
22.5606
23.4251
23.8635
23.4327
23.3474
22.4500
24.3196
22.7749
24.0449
23.8622
23.6470
25.1196
23.7045
23.0562
25.6640
24.8154
23.6398
23.0483
23.5577
23.5369
22.6062
22.4327
24.3718
23.4365
23.4659
24.3343
25.2412
23.8060
24.2130
24.2514
24.6486
23.8673
23.2625
25.0987
23.1460
23.3083
22.8556
23.4822
24.7843
26.1250
26.1346
24.6267
24.6851
24.6263
24.2038
25.6068
24.9041
23.5045
24.3122
24.4102
23.1643
24.0330
23.6665
24.0741
24.5382
22.6182
24.2784
23.5543
23.7995
24.3903
23.7543
24.8019
23.9723
24.3586
23.8737
23.3464
23.1863
24.0669
25.5983
24.5070
23.4174
23.3456
24.2060
23.6485
23.4083
23.7147
23.0161
22.8149
23.1876
25.0932
23.3397
24.4368
24.1758
22.9733
22.8639
22.2582
23.4379
26.1637
25.2800
25.9086
23.6890
23.0034
24.0716
24.5840
23.4000
23.1305
24.5128
24.2194
24.2347
24.0075
23.9548
24.0816
23.9603
22.8011
23.9591
23.8578
23.7957
23.0765
24.4836
22.5333
24.4681
23.5704
24.6579
24.4250
23.9297
24.7493
23.7979
23.2454
24.6139
24.3134
23.8545
24.0819
23.8502
23.7077
24.1672
24.4739
22.9124
25.5238
23.9653
24.5306
25.4685
25.1249
27.3316
26.3041
25.4721
24.8511
24.6679
24.2142
25.5510
24.6594
23.6105
22.8755
23.7905
24.9382
26.0020
27.7908
26.7691
27.4689
26.1469
26.0605
23.9530
27.7931
27.4394
27.2097
25.0723
23.7987
24.8570
24.4438
24.3883
24.5888
25.6070
25.3263
24.3680
25.0717
26.3376
25.6682
24.5425
25.0704
25.0014
24.5587
25.3974
25.7319
24.9656
24.2833
25.1941
24.4900
24.0807
24.7691
24.1282
23.8040
24.6602
24.4716
25.8682
23.1493
24.5718
25.0193
25.7580
25.7464
25.3478
25.1036
25.0947
25.4559
24.6205
24.5141
25.9365
25.9695
24.7600
25.5651
25.2417
25.7431
25.1407
26.1692
25.2270
25.1815
26.6799
26.1067
26.0659
25.8839
27.4706
27.3793
25.7585
26.1085
25.8297
25.2802
23.8677
26.0890
25.3054
25.6341
26.3814
24.9922
24.9684
26.1961
25.5987
26.2536
26.7851
25.1665
25.9607
26.0819
26.5062
25.3599
26.1360
25.6150
24.9142
24.7661
25.5062
25.5799
25.0217
23.9016
24.7070
25.3079
24.9865
25.4064
25.9723
25.2373
25.2121
25.8332
25.4908
26.8843
25.5827
25.4084
25.7816
25.3856
25.1365
26.7205
27.3167
26.7216
25.8696
25.9884
24.5833
25.2202
24.9352
23.8611
25.3696
23.9371
23.1796
22.7723
24.1015
22.5811
24.4070
23.7795
25.9991
25.6468
25.9058
26.0088
25.6058
26.6187
25.5496
25.9101
27.3230
26.2048
25.7737
24.1937
23.2441
23.5541
25.1117
24.1021
25.0028
26.1415
25.0401
25.9202
25.5126
24.4091
25.1549
24.9043
24.0259
23.8267
25.1550
25.8389
26.9254
25.3874
25.7874
26.6830
26.6556
28.0119
28.0529
26.1049
26.6874
27.2590
25.6339
25.0461
25.9042
25.6883
26.3231
27.2573
24.8407
24.9712
25.6866
27.2781
26.9323
25.0546
24.8696
23.9028
24.6403
23.3013
23.6199
24.6003
25.8943
26.4141
24.4964
24.9512
25.4566
26.2703
25.3895
26.8749
25.1965
25.8740
24.1821
24.3069
24.3418
24.6624
24.0642
22.7912
23.1067
25.0635
24.7299
24.5766
24.4889
24.3606
24.6219
23.9180
25.6500
24.8878
24.8701
25.1088
25.2729
24.2569
25.8144
25.2712
24.7471
25.9400
24.6082
25.4394
25.6447
25.4484
25.1962
27.7586
24.5403
23.7940
26.1610
25.2852
24.2988
23.5351
23.4162
23.2477
23.7425
22.8745
21.9991
23.4845
24.5171
24.1150
23.8827
22.8102
23.0309
21.9883
22.9726
23.9583
23.2456
22.8101
24.3214
23.9097
22.8348
22.3878
22.7159
23.7258
22.9209
23.6969
23.7858
23.5775
23.9631
24.7424
24.8026
23.9610
24.0690
24.4479
23.7350
22.8148
23.4349
22.5072
22.4164
22.1247
21.5827
22.2035
22.3722
22.1221
21.0855
22.3868
22.0094
22.5927
21.5345
23.1079
24.0697
24.0583
23.3029
23.6867
24.4212
23.9359
23.1066
23.8866
22.5699
21.9411
21.8917
21.4830
22.0054
22.2650
22.4060
22.3404
21.8718
22.1823
22.0365
21.9671
22.2172
22.1632
21.6550
22.2066
22.4159
21.6800
21.6043
22.0667
22.1525
22.0855
22.0094
21.6538
22.2670
21.9668
21.8512
21.0604
22.0390
22.0738
22.4696
22.3271
22.5538
22.4785
21.6917
22.2600
22.1774
21.9058
22.3328
22.1552
22.1186
22.0761
22.2429
22.0001
21.8759
22.9567
22.1570
22.1784
21.4473
22.4957
21.8688
22.4937
22.5991
22.4786
22.2900
22.2622
22.5890
22.9429
22.0890
22.9745
23.1086
22.9306
22.9463
22.5936
22.4691
22.0505
21.7378
22.0632
22.5620
22.9897
22.6031
22.7088
23.1435
22.1344
22.6799
22.5943
22.4517
22.7122
23.0056
22.3412
22.6142
22.7081
22.7760
21.7977
22.0865
22.7499
23.3057
22.6680
22.3141
23.3758
22.9594
22.6086
22.1924
21.9039
22.9433
22.4806
22.8106
22.8416
22.4123
22.9918
22.9594
22.7335
23.3428
23.5940
22.9923
22.5257
22.7818
22.6771
22.8107
22.8712
22.8510
23.0335
23.1372
22.9848
22.3616
22.7637
22.5782
21.5207
23.1323
22.9356
22.9359
22.3205
21.8042
21.8740
21.7173
22.3350
22.2484
22.5652
22.0660
21.8590
21.9344
22.4883
22.6767
21.5103
21.4465
22.3460
21.3217
21.5556
21.9380
22.1654
21.9116
22.1734
21.7393
22.6868
22.0325
22.5628
22.4706
21.8208
21.8388
22.5006
21.9109
22.2982
21.8602
22.5012
21.5830
22.2895
21.8391
21.8099
22.1459
22.6032
21.4700
21.9641
22.7634
22.2946
22.5881
22.6840
22.5639
22.2199
22.3779
22.5918
22.8891
22.2632
21.7976
22.5538
21.9053
21.6062
21.8559
22.3788
23.2371
24.0507
23.0800
23.4803
22.4824
22.2442
23.6171
23.6274
23.7939
24.0548
24.3660
24.3669
23.1096
22.8819
22.8726
22.1523
22.0402
21.9170
22.3232
21.7915
21.9416
21.9238
22.9996
22.4842
21.5563
21.4492
22.5634
22.2985
22.5471
21.8259
21.9932
23.2061
21.9297
21.8843
21.7211
22.4250
22.1785
21.5629
22.4949
22.6090
22.7167
22.7429
22.5809
22.1763
22.6096
21.9039
21.5408
22.2954
23.0486
23.5030
22.4658
22.8133
23.5384
22.9009
22.8454
22.8286
22.2910
22.5143
23.7296
23.6746
23.7017
23.4559
24.2414
23.6585
23.5145
23.8248
23.7826
24.7257
25.1704
24.1673
24.0368
22.1877
23.7697
23.5421
23.9807
23.9738
22.7795
24.6820
24.6517
23.4580
23.7239
24.6730
23.4413
23.6629
23.9816
23.8409
24.4934
25.5742
25.9223
27.0879
27.1157
26.6174
26.6916
26.3834
25.0309
25.1810
26.0505
23.2597
23.4830
23.3974
23.1195
24.6603
25.2987
24.4328
23.9046
23.3257
25.3595
24.0069
23.9069
23.2860
24.4162
24.3743
23.9191
23.8981
24.0086
24.4844
24.0568
23.0135
23.8466
24.9378
23.5969
23.5942
24.1567
23.7115
23.8147
24.0079
24.7307
24.8585
23.5237
23.4392
23.0127
25.1113
24.7271
23.6587
23.2291
23.2700
24.0076
23.6674
24.5597
25.0554
23.4251
23.9399
23.7066
23.7430
24.8278
24.3970
24.3733
23.6605
24.0873
25.3739
26.4092
26.4205
24.6861
24.5532
25.1337
27.0609
26.6108
24.8911
22.1576
22.7301
23.2466
23.9988
22.5453
23.2467
22.1100
22.5270
21.7605
22.7281
22.7984
21.6695
22.9083
22.7729
22.5241
21.7651
22.9861
23.0254
22.4975
22.1786
21.9177
22.6421
23.3231
22.8538
22.1199
22.5314
22.7705
22.4646
21.4962
23.5343
22.2914
22.6301
22.8022
22.2785
22.8351
22.3918
22.9681
22.6475
23.2659
23.1927
23.0635
22.7063
23.1593
22.9041
23.1367
22.6417
23.5292
23.0914
22.0496
22.6568
22.3063
23.1943
22.8097
21.8951
21.6101
23.2209
22.4947
23.5401
22.7659
24.9118
22.5321
23.1473
23.5568
22.3364
22.1683
21.8791
23.0835
24.3769
23.4366
23.0187
23.8203
22.8950
22.5180
22.8698
22.9849
22.4682
23.8445
23.2274
23.9749
23.1273
23.1247
23.8221
23.5517
23.0127
23.4573
23.1449
22.5770
22.8860
23.8336
24.7836
23.9386
23.5673
23.5768
23.6037
23.2788
22.7118
23.4451
22.4723
22.8504
23.9236
23.9485
23.5111
22.9893
23.2038
22.8829
23.6002
22.8857
23.5752
24.0934
23.4471
23.8845
22.4945
23.6267
23.4413
22.9433
23.1553
23.8809
22.6088
22.9944
23.4353
23.6896
23.1885
22.9067
23.4654
23.0188
23.9015
23.8695
24.2102
23.6145
23.1041
23.3023
22.9027
23.3782
22.0057
21.5145
22.4533
22.1906
21.6880
22.5558
22.3125
22.6168
23.0832
23.4811
23.8678
22.1942
22.2432
23.5304
24.6339
24.6959
23.3513
22.0942
22.4920
23.3237
22.6825
21.9768
22.2639
22.4458
22.9943
23.7898
22.7194
23.0578
23.1276
23.4446
24.0621
23.5207
23.2049
23.3049
23.2332
22.3461
23.7112
22.9372
22.6651
22.8425
22.8221
23.6499
23.0958
22.2475
22.5553
22.4213
23.1876
23.2522
23.2800
22.8268
23.1285
22.7799
23.2139
22.7075
22.2800
23.1981
22.7582
23.0970
23.1250
23.1836
22.9068
22.3612
22.4090
22.5800
22.5096
22.7591
22.5002
23.4412
23.6811
22.8174
22.8037
23.0618
23.6502
23.3736
22.3590
23.4494
23.6391
22.5608
24.1757
24.1037
23.3233
23.1080
24.0855
23.6053
23.3627
24.2587
23.4668
24.1438
23.1081
23.8589
23.9240
23.3200
24.2704
23.3609
23.7365
22.1484
22.2813
23.6366
24.3775
22.7265
23.1030
22.3835
22.9825
22.7817
22.2272
23.2730
23.5900
22.2624
22.5728
22.8242
23.0882
22.3313
23.3935
23.1305
21.5724
22.1784
21.8903
21.9499
22.4729
21.9606
22.7179
22.3023
22.6724
22.2722
21.8877
22.3931
22.4285
21.9446
22.3584
22.0336
22.7008
22.7837
22.9349
21.9755
22.1440
21.6656
21.5680
21.3951
21.9538
21.5999
22.0474
21.2135
22.9527
22.6257
22.6039
21.7966
21.9218
21.6071
22.4782
23.1466
23.5098
22.7687
21.9480
22.5427
22.0527
22.2395
22.5824
22.4356
21.7844
23.1951
22.4785
22.5630
22.2083
22.2417
23.5988
22.4616
22.7848
22.9860
23.5178
22.5907
22.8115
22.3086
21.8747
21.9931
22.9177
22.7166
21.5955
21.1853
21.5882
21.0181
23.1073
22.6928
22.8106
21.9858
22.9015
22.1435
21.7407
23.0970
22.3749
22.3118
22.2071
22.5542
22.1057
22.3902
22.1696
21.8674
22.8180
21.2246
22.5120
22.1076
22.2324
22.6715
22.3555
22.1937
22.2723
21.6534
21.3230
21.2464
21.4790
21.8119
21.6444
23.1013
21.1446
21.6268
22.4860
21.8276
21.8660
21.7585
23.6473
21.6926
23.0818
22.8729
21.7809
21.9103
22.0685
21.9617
21.9198
22.2465
22.1540
22.1715
22.5330
21.2058
22.9275
22.4821
22.3129
22.1686
22.0354
22.3555
21.9628
22.0444
22.1103
23.2190
22.0645
22.0718
22.4785
22.4185
22.4169
22.6748
22.6259
22.5270
22.7072
22.2914
21.6200
21.7804
21.5380
21.6158
21.8435
22.2636
23.0348
21.9782
22.2551
21.9763
22.0044
23.1584
22.7469
21.6767
22.1326
22.0879
21.8396
23.0005
22.6181
22.5594
22.4221
22.1219
22.5425
21.7145
22.5432
21.5533
21.5951
22.1964
22.2257
22.2703
20.9734
22.0494
21.7532
22.9024
23.1742
22.1649
23.5710
22.0023
22.7437
22.4072
24.3997
23.4974
23.4979
23.5075
22.7597
22.1782
23.3041
23.1696
22.3028
22.6090
23.1054
22.9256
23.1154
22.9745
23.8937
22.3006
24.0328
23.3424
24.0436
22.5195
23.0395
24.1852
23.4540
22.8625
22.0626
22.3345
22.4715
21.1622
22.8899
22.5771
24.0314
22.0174
22.4977
22.6684
22.3182
21.9536
22.7139
22.1966
22.5323
22.6921
21.5486
22.5952
22.7951
21.7848
21.6826
22.2418
21.9274
22.2800
21.9443
23.2544
23.3793
22.4344
21.3926
22.3963
23.5797
23.0647
22.8445
22.6567
22.2078
23.2964
22.3328
22.1446
22.5321
21.9903
21.6389
21.9428
21.6677
21.2093
22.4419
22.3641
21.7012
22.6014
22.2378
22.9412
21.4094
20.7142
21.5914
22.8415
22.1779
21.5696
21.6178
21.8506
22.2555
22.6299
23.1205
24.3250
22.9713
24.3066
22.1565
23.3478
23.0413
22.8610
21.8545
20.9911
22.0792
22.3746
21.9595
22.4202
22.4785
22.8477
22.3426
22.6154
23.1420
22.3951
23.3873
22.8979
23.2017
22.9203
22.7708
22.1243
22.9162
23.1257
23.0819
23.3292
23.3789
21.9416
22.2489
23.1059
22.9402
22.7949
22.5553
22.9687
23.0675
23.0830
22.2638
22.2104
22.1243
22.6987
22.0837
22.0059
22.4471
21.4712
21.6301
21.7966
21.9672
22.5485
21.9674
21.7936
21.3855
20.8719
21.6988
21.0131
21.6990
21.5103
21.5612
20.9826
21.6013
21.7440
22.0010
22.5661
21.2613
21.8127
21.3625
21.0183
20.9957
21.3610
20.8941
21.3577
22.0774
22.2465
22.0526
21.3985
22.5809
21.5916
22.0838
21.8404
22.4806
22.2974
22.1271
21.6150
21.8130
22.4566
22.2529
22.9742
22.6265
22.4611
22.4982
22.3490
22.6587
22.3301
21.3426
21.1314
22.5176
21.7600
21.3329
22.1300
21.5384
21.8795
21.6972
21.8928
21.7675
22.2762
21.3659
21.8071
21.7991
22.1354
21.7485
22.0914
22.2774
22.1156
22.0870
22.0766
22.4150
22.7932
22.7889
22.5940
21.5488
21.6936
22.7128
21.6001
21.6330
22.9146
21.9018
22.6157
22.1006
22.7651
21.9103
22.0310
21.9238
21.9151
22.0119
21.9981
22.3475
22.8898
22.4387
21.6126
21.3339
22.0514
22.3710
22.3882
21.6648
21.8269
22.2004
21.9907
21.8346
21.7088
21.5925
22.3856
22.3522
22.6373
22.5648
22.7730
21.7896
22.0395
22.4556
21.8591
22.1306
22.0301
23.0787
21.6858
21.2153
21.3443
21.9497
22.1927
22.1616
21.5389
20.8887
21.7326
21.7314
21.7261
21.3334
21.3837
22.7349
21.8227
21.5183
21.9364
22.3399
22.3235
22.3116
22.5290
21.4020
22.7394
22.6668
22.3511
22.8985
22.8983
22.8093
23.5951
23.6853
23.1067
23.0109
23.2708
23.0386
23.2150
23.1852
22.4308
22.8121
22.9068
23.5035
22.9749
22.5790
23.0297
23.1017
22.7721
23.7637
23.5560
23.1450
23.6613
23.2438
23.6225
23.6122
22.3649
22.3555
21.8036
22.5031
22.3842
21.8081
21.4193
22.1603
21.7293
21.3282
21.7355
21.6552
21.3976
21.7342
21.7061
21.9160
22.8004
21.6169
21.5947
21.7539
22.1925
21.1894
22.4789
21.2937
21.8006
21.6455
21.4012
21.5596
21.7918
21.8010
21.6838
22.0010
22.6284
21.8163
21.9387
22.2327
21.3931
22.8019
22.0795
22.2799
21.3849
21.4330
21.5053
21.7154
21.4430
21.6762
22.1341
21.7437
21.6594
21.5398
21.6358
21.8678
21.9205
22.6617
22.4472
21.7704
21.4908
21.8667
21.8983
21.4693
20.9898
22.0967
21.3917
21.4504
21.8189
21.7795
21.8083
21.5748
21.9112
22.3650
21.3430
21.0933
21.8123
20.9647
21.5649
21.2601
21.5806
20.8664
21.3310
21.3566
22.2206
22.0004
21.5339
21.4948
21.5558
21.5270
21.4507
21.9894
21.8400
22.1516
22.0086
21.2446
21.6117
22.5129
21.9148
22.0202
21.9137
22.6416
21.4220
21.7827
21.3317
21.7153
22.0061
21.9079
22.1749
21.5477
22.9568
21.3019
21.6636
21.4403
21.5402
21.4015
21.8115
21.7622
22.1930
21.3354
21.7479
21.5309
21.7179
21.9061
22.8662
22.1128
21.6938
21.9085
22.2762
22.0991
22.1039
22.0169
22.3065
22.0352
22.1883
22.2738
22.8467
22.4057
22.1969
21.6418
21.9243
21.9116
21.8379
22.3386
22.0528
22.1259
21.6465
21.7437
22.2853
22.2653
22.1661
22.0299
22.0270
23.3040
22.9497
22.9633
22.7492
22.6594
23.4177
21.7859
22.1426
22.1409
21.6686
22.9721
22.1020
22.1198
22.7983
22.0617
22.3494
22.3163
21.8456
23.1359
23.0889
22.9637
23.3660
23.5718
23.9536
23.6619
23.6159
23.4450
24.0366
24.0745
23.8647
23.3006
24.2326
24.1603
23.2397
22.0074
22.3254
23.0170
22.1793
23.4532
22.6422
22.6775
23.0476
23.1759
23.0613
23.7667
23.1295
23.1443
23.8962
23.4527
23.8738
22.8377
23.4934
23.2936
23.1886
23.8739
23.9700
23.4413
24.0686
23.3242
22.3111
22.7799
22.7029
22.6626
22.4636
22.8557
23.3326
23.0151
22.5193
23.1500
22.6390
23.6668
22.7147
23.3847
22.2233
22.7323
22.7692
22.6717
22.5778
23.2592
23.3698
22.5540
22.5038
22.9413
22.1078
23.1304
22.6571
23.6160
23.9732
22.7007
23.1519
22.6123
23.9409
23.2960
22.9517
22.8046
22.3731
23.3101
23.7836
23.5220
23.2519
22.8155
23.0228
22.6385
23.1413
23.3910
23.0096
22.7386
24.1281
23.9572
24.7660
22.5740
23.0605
23.4096
23.9528
24.2489
25.2601
24.5338
23.4594
24.1940
23.2060
23.8507
23.9341
24.7653
23.8119
23.0859
23.4578
23.3051
23.3387
24.3683
22.6432
24.6691
23.6583
24.3240
23.2746
23.4111
22.4501
23.5023
23.3872
23.7647
22.3919
23.0384
24.2013
22.9477
23.3090
22.6630
23.3627
22.4456
22.1667
22.8896
22.6061
23.3749
22.9231
21.8502
23.1855
22.9692
22.6139
23.6435
21.6732
22.5705
22.8392
22.5682
22.1624
22.2283
22.5753
21.7985
22.2567
22.5602
23.5038
23.1116
22.4432
22.9246
21.8330
22.7747
22.8956
22.3270
22.6498
23.0131
22.3244
22.5967
22.7351
21.7172
22.4475
21.9556
22.1628
22.3140
23.7015
24.2950
22.5627
23.6756
23.4183
22.5982
22.5035
22.1094
22.3741
21.7800
23.3178
22.0921
22.7300
22.7181
23.3098
21.8839
21.8575
21.7019
22.9782
22.2643
22.0297
22.8075
22.0303
22.0002
21.9340
21.9306
21.8699
22.2187
22.1279
21.7328
21.8671
21.8214
22.6483
23.2957
21.9472
22.5627
21.9726
22.4454
22.1191
21.8794
22.6974
23.7755
22.3671
22.0867
23.2675
22.9805
23.2518
22.3772
22.3230
22.1782
23.4194
23.7096
22.0116
23.5107
24.1402
22.7020
24.3741
23.5244
23.6323
23.5314
24.3384
25.1321
24.0635
23.9840
23.2090
24.8024
23.1118
24.5380
24.7301
24.4557
24.3087
24.1274
25.0327
24.5178
24.2385
24.4526
23.7551
23.5915
23.5698
23.6711
24.7945
22.8601
23.4974
23.3370
24.7664
24.8690
25.4287
24.3418
24.8331
23.8581
23.6187
23.7207
23.3464
23.0781
24.0916
24.5865
24.5622
23.1716
23.1080
21.7507
22.7883
23.7005
23.4821
22.7812
22.4770
23.4612
22.7594
23.0368
23.7165
23.2542
23.4029
24.2307
23.7349
23.6617
24.2094
23.6217
23.3870
22.0417
22.4170
21.9354
21.7589
22.2192
22.4625
22.0958
22.3435
22.3376
22.1420
23.0575
22.3322
21.8242
22.9355
22.7874
21.9867
22.3341
22.3514
22.0823
22.4370
22.1525
22.1980
22.8792
22.7909
22.3817
22.4449
22.0113
22.3282
22.2297
22.8105
21.5985
21.9194
21.9126
22.3410
21.9064
22.3285
21.9393
22.1216
22.1847
22.1515
22.6845
22.7796
23.3430
22.7419
22.9218
23.3580
22.6146
22.7463
23.3100
22.3627
22.0553
21.9157
22.1833
22.9134
22.6468
22.1700
22.7162
22.7598
22.3192
20.3273
21.2723
21.4604
21.9296
21.9184
21.7361
21.6034
22.2762
22.0291
22.1560
21.8164
22.0838
22.2145
21.6701
22.2628
21.8109
22.1034
22.2365
21.9282
22.2565
21.8767
21.6092
22.6280
22.0592
22.1802
22.7784
21.2438
21.5017
22.0424
21.3240
22.1159
21.7662
20.7244
22.1220
21.1325
21.8404
22.1507
21.9796
22.2778
21.9603
21.5303
21.9573
22.2403
22.2982
21.9407
21.5759
21.9645
22.1252
21.8040
22.0286
21.4461
21.8934
21.9622
22.2720
22.1576
22.2100
21.9361
22.3409
21.9660
21.2859
19.4649
20.0541
19.9878
21.9274
21.7557
21.6494
22.3067
21.9939
22.2811
22.2733
22.6943
21.7484
21.7598
21.9963
22.0544
21.0412
21.4161
21.5506
20.9790
21.5561
21.3062
21.2920
22.0216
21.2944
21.5300
21.2932
21.2251
22.5126
22.0092
22.1895
21.9125
22.2678
21.9705
21.9931
21.2027
21.8008
21.8586
21.9052
21.5515
21.4972
23.1557
21.7947
21.8423
21.7110
22.3846
22.1170
22.4578
21.4499
21.2724
21.7285
21.3647
21.8375
21.8216
21.4843
21.3548
21.2573
21.0436
22.4274
23.5508
21.4190
20.3352
20.5026
20.3202
20.8910
20.6852
21.4453
21.2265
21.8296
21.7601
21.3061
20.8870
20.9524
21.5182
21.4074
20.9325
21.7399
21.7667
20.9119
21.4617
22.0224
22.3482
22.3074
21.9498
22.3284
22.3667
23.3252
21.8045
21.9986
22.4013
22.3473
21.9325
22.5460
21.9550
22.0164
22.6552
22.5559
23.3883
22.9531
21.7311
22.7101
22.6087
22.4044
22.3791
22.2607
23.0500
23.2002
22.3780
21.7557
21.9091
22.1595
23.1974
22.1153
22.6606
21.9420
22.8492
24.1855
24.5929
23.9508
23.5174
22.9421
22.2035
21.6337
21.9087
23.6266
22.3557
21.6842
22.7084
21.7105
22.3714
21.8238
21.6107
21.5908
21.8863
22.2675
22.5695
22.3157
21.3871
21.6828
21.1008
22.3591
21.1076
20.9916
21.2263
21.7835
22.1560
22.7514
21.2664
22.6134
22.2849
23.7704
22.2488
21.5755
21.8001
22.0022
21.6839
22.0668
22.8107
22.6955
21.7672
21.0972
21.8294
21.6797
21.4352
22.6809
22.8225
22.4361
22.6030
21.9332
22.3741
21.6128
21.9905
21.3230
21.7187
21.7258
23.0327
22.2082
22.2982
22.4871
22.9413
22.8944
22.4133
23.1286
22.2078
22.2116
23.1006
21.6334
21.1956
21.9610
21.9880
22.8665
22.9641
22.7149
22.7260
22.8915
21.9292
22.2368
21.5372
21.5554
22.0279
21.6011
21.4413
21.9873
21.6493
21.9777
21.3955
21.1835
21.5989
21.6768
21.9818
21.2681
21.4574
21.5277
21.4601
22.1445
23.3181
23.3444
22.4607
23.3061
23.8386
23.1965
23.4519
23.8536
22.0924
22.9377
22.2553
21.1109
21.9084
21.7667
22.4910
23.2140
22.4526
22.7734
22.8637
22.2038
22.3863
21.9808
21.7926
22.1914
21.6736
21.8853
21.3721
21.2756
22.6246
23.0454
22.5751
22.3943
22.0950
22.4430
22.2394
22.7572
22.1642
22.4257
22.4182
21.5097
21.3354
21.6953
22.4018
23.4373
22.7925
22.6977
22.0142
22.5128
21.5332
23.0894
22.1302
22.4998
23.5624
22.9334
22.9579
21.3432
22.1090
20.6356
22.2119
22.8658
21.9950
21.4186
21.3531
22.7170
22.3476
21.8066
21.2972
21.2667
21.7321
21.8311
21.8171
21.8277
22.0911
22.4437
21.8387
22.0352
21.7054
22.2945
21.4501
21.7337
21.7439
22.0487
21.6064
21.9995
20.9026
20.7360
22.5336
22.4554
21.9947
23.0123
23.3073
22.3882
23.3611
22.1926
22.8492
22.3890
21.9884
24.5149
25.0200
23.7211
23.0352
26.2005
25.2570
25.1278
26.6403
25.9301
26.7106
25.8677
24.9364
24.7728
25.3315
25.6081
26.1893
26.8968
26.3955
26.5997
26.1766
25.9970
24.7568
25.0015
24.2609
25.9095
24.6069
23.2841
24.5888
25.0667
24.2924
24.2416
24.2694
24.4621
27.5177
26.6826
26.4034
27.7417
27.5757
28.8484
29.4927
27.7641
29.0926
28.8145
27.6214
28.1146
27.1386
28.9872
28.5150
27.1706
27.2956
25.3905
25.8219
26.9993
26.6802
27.0591
27.3942
27.3768
27.7668
26.8563
25.4355
25.4326
27.5416
27.7395
27.8431
27.3125
28.0264
27.8156
25.2576
25.2540
25.6967
24.2888
23.5384
25.6528
25.4731
24.2671
23.3135
23.6331
23.7727
24.4738
22.7045
23.9849
23.1629
23.6956
23.0265
23.1647
22.9590
22.6584
22.8270
22.6113
22.0374
21.7757
22.3452
21.4056
22.5826
21.2163
22.2500
22.1351
22.5528
22.7098
22.3272
21.2854
23.4307
22.0766
22.6072
22.4016
22.3152
22.6393
22.9116
21.2999
22.3252
22.4775
24.2644
24.5957
24.0765
25.5946
26.1491
25.1131
24.7509
25.6554
24.6292
26.3473
26.4851
24.9292
24.0233
25.5679
26.1145
26.7858
25.0977
24.3352
24.0573
25.7865
24.9594
23.0860
24.0370
24.3014
23.9388
24.1214
23.8787
24.3619
24.1463
24.2905
24.9562
23.7062
22.9882
23.9389
23.0663
23.1280
23.4677
23.0768
23.3544
23.1021
23.6208
23.7315
23.5459
23.5308
22.2179
23.6480
22.5701
22.5827
22.7377
23.4459
23.7176
23.6351
23.1361
22.4694
22.6482
22.5090
23.5931
23.0522
22.5962
22.1129
22.4235
23.7963
22.8630
22.4538
22.6954
22.9718
22.4757
21.9322
23.0939
22.2984
23.4094
23.3135
22.6651
23.9756
22.6870
22.0938
22.6967
21.8004
22.7614
22.4927
23.0304
22.7100
22.8368
22.6193
22.9075
24.0685
24.8764
24.6083
22.7200
22.5838
25.8686
23.9494
25.1756
24.7073
23.6354
23.7113
24.6810
24.6634
24.8342
24.3955
24.8351
25.2195
24.2520
25.3200
24.2955
24.5736
24.6014
26.2067
26.4688
24.9543
25.0115
25.0204
24.7486
25.6828
24.9903
25.3166
25.2884
24.8242
24.8667
25.2194
25.9421
24.1312
26.3606
25.3467
24.9733
24.8552
25.1489
24.9826
25.1232
24.4865
23.6327
25.3220
24.9107
23.8515
23.6300
23.4374
23.7302
23.7047
23.6959
22.4336
22.1034
23.1389
22.9054
22.2044
23.1094
23.7426
22.4863
23.3122
22.7927
22.6290
24.1374
23.1656
24.7942
25.0177
23.2938
25.7535
24.7486
24.5343
25.7221
24.6945
25.0461
23.5394
24.2761
24.4264
24.3784
24.2148
25.2257
25.1921
24.7664
24.2779
24.9207
24.9047
24.5966
25.1674
24.7501
25.1110
24.9955
25.5343
26.3799
27.3990
26.6945
27.2678
24.4104
26.1168
25.0265
24.0817
24.6148
24.9090
23.4743
23.2373
24.5979
23.9929
25.4546
26.2310
25.5886
24.5687
24.8645
24.5878
24.2585
24.6496
24.6900
25.1452
23.3451
23.8604
23.2858
24.3455
24.3373
24.4115
23.8482
23.6079
24.7771
24.5121
22.9238
22.9710
23.7039
23.6189
24.1154
22.8769
22.3705
22.5955
22.4444
22.1024
22.5270
22.3803
22.5279
22.6161
22.3762
23.7233
24.0445
23.5766
23.8030
23.3234
24.1524
23.0333
24.8076
23.8786
23.5117
23.0574
23.6364
24.3088
23.7522
23.4968
22.9446
23.2109
23.7877
23.0453
23.7943
23.4870
23.4550
23.6606
22.6667
24.4338
23.8989
24.4600
24.1096
24.4647
24.5513
24.5144
23.9058
24.6742
25.3306
24.7935
25.3229
25.5466
24.2138
24.2073
24.5909
24.3098
24.3248
24.6338
24.4403
24.5884
24.7285
23.6264
23.0248
24.1284
23.9048
24.1943
24.7434
26.2695
24.4540
24.5431
23.9839
24.5809
24.8161
26.2249
23.6607
24.4039
23.2565
24.3383
24.2335
24.4435
23.8037
23.9234
23.8402
23.3164
23.3325
22.4996
23.2493
21.6599
23.3506
24.4665
22.9847
24.4002
23.2603
24.4238
23.0807
23.1407
23.6165
26.1294
24.5368
24.8410
24.2028
23.5655
23.1460
23.9893
23.4196
24.5998
23.8323
25.9056
25.2906
24.6695
24.1334
23.4058
23.8706
24.7331
24.2962
24.6429
24.2811
25.4913
24.3953
24.4260
23.9993
23.8392
23.8895
22.7163
23.2689
23.9182
23.5172
23.5197
24.9621
23.9382
24.1980
24.0274
23.9830
24.5185
23.8146
22.8717
22.9940
23.6052
23.7413
24.8962
23.8217
24.2097
25.1997
24.4699
25.0494
26.2786
25.2710
24.8792
24.5552
23.2929
24.4973
25.7764
24.9732
24.5349
25.7447
24.1897
24.2867
24.1646
24.6409
23.8893
23.7940
24.2777
24.1316
24.1027
23.7510
23.6585
23.0963
24.3142
23.8297
23.1089
24.1245
23.7366
23.5033
23.5925
23.8120
23.8421
23.9025
23.9232
24.0614
23.1414
23.9686
23.2825
23.6840
23.7267
23.9295
23.6454
23.9787
23.9420
23.0344
23.5746
23.0305
23.0633
22.8798
23.7481
22.8570
23.4420
24.6083
24.6223
23.2621
24.1613
24.2833
23.1610
23.9152
24.0519
23.2722
24.4292
24.8650
23.5719
25.4078
25.8324
25.3181
24.9983
24.2939
23.6360
23.8722
23.5394
23.7152
24.2449
22.7739
23.9095
24.9371
24.1472
24.8425
23.7050
25.0663
25.7197
26.2764
24.6323
25.0809
25.5654
23.9557
23.2137
22.2429
22.2838
21.4370
22.4847
21.9662
23.7034
22.2771
23.0425
24.6020
23.6871
23.3243
23.9230
23.7902
23.4665
24.1517
23.5035
24.6158
23.9227
25.0330
24.5673
23.8765
24.1199
25.0967
24.7284
24.6001
24.9818
24.5467
23.5693
27.1741
25.1115
23.6654
23.5275
21.5269
22.7185
22.9273
21.3199
22.2741
22.2260
22.1259
22.2259
22.0422
22.0126
22.3917
22.3234
22.0016
22.5102
22.3479
21.5384
22.6229
22.1317
21.7473
21.4268
22.1787
23.2154
21.8096
21.5422
21.3573
21.3887
22.1543
22.1586
22.1645
22.1443
21.5325
21.2136
21.7181
21.8308
22.1961
21.8485
21.7974
23.1327
22.4206
21.3783
21.9295
21.0354
22.8626
21.7775
22.1218
22.9064
22.8655
23.6628
23.4289
22.2210
22.5785
22.4824
23.0654
22.8605
23.5390
22.4470
22.7010
22.7844
22.1815
22.6782
21.8509
21.8818
22.2817
21.9426
23.0661
21.9183
22.0731
21.7724
22.8170
21.9760
22.7566
22.2713
22.0583
21.8920
22.7668
22.2181
22.9396
22.1430
21.9423
21.7536
23.8914
22.8569
23.0033
23.1438
22.8822
22.9205
23.6694
23.3823
22.9310
24.0511
22.7932
22.6575
23.5131
23.9120
22.2466
23.3269
22.2197
23.1709
22.7324
23.2977
24.1097
22.7325
24.0517
24.5677
23.6131
24.0735
23.8839
24.0133
23.1058
23.6470
24.1904
24.3367
23.2862
23.5877
23.7398
24.6239
24.0334
23.7050
23.3145
23.1912
24.7751
23.7538
24.0579
23.9211
23.0920
22.6561
23.0521
23.3124
23.7895
24.5911
24.7464
24.4326
22.9370
23.8695
25.4231
25.1774
25.0290
24.1435
25.1834
24.0434
24.3902
24.3108
24.2589
24.2170
24.1648
22.3173
23.0528
24.4796
24.5363
23.5790
24.2646
24.0490
23.4409
25.7163
25.9158
24.2322
24.0852
22.8795
23.1470
22.5669
22.5127
22.8029
22.3054
22.5460
22.9943
22.9439
22.9357
22.9613
23.6034
22.6877
22.2628
22.7779
22.6363
21.9324
22.5234
22.4708
22.3739
22.1272
21.9713
22.8656
22.6745
22.3506
23.2524
22.1953
23.0297
23.0002
23.0605
23.4131
22.9816
22.8815
23.3413
23.8915
23.0788
23.2557
21.7884
22.2901
23.8726
24.7768
22.8499
23.1923
22.9665
23.3574
24.4070
22.8556
23.4202
22.5525
23.0268
22.8206
23.1937
23.0813
24.0084
22.8797
23.5399
23.8789
22.9278
22.6641
22.0179
23.5806
23.0816
23.2040
23.2602
24.1017
24.1533
22.7959
23.7625
23.0968
23.8698
23.6492
24.3959
22.2272
22.7938
23.6742
23.1168
23.2510
23.0493
22.1531
22.5905
22.0099
24.1481
23.4569
23.9721
23.1750
23.3993
23.5632
23.5172
23.4235
22.4712
22.4692
22.8038
23.4405
22.2191
22.1877
22.6199
22.4990
22.6840
22.6840
22.4467
23.3195
22.9007
22.9438
22.5171
22.1403
22.3399
22.5381
22.6734
22.3177
23.2043
23.9829
23.4407
23.1133
22.3123
22.8730
21.3843
22.9006
21.8898
22.2122
22.2614
22.2342
22.9469
22.8015
24.4586
23.6336
24.0177
21.7174
23.0139
22.0233
22.4391
22.9404
21.5371
21.5923
23.0959
22.9602
22.7654
22.8703
23.2409
23.0153
22.9869
22.8731
22.3852
22.9003
22.2039
22.9724
22.4309
24.0917
22.6332
22.4905
23.3988
23.0848
22.4647
22.4756
20.6736
23.2238
22.8497
23.3524
23.5881
22.0854
22.5816
22.1951
22.5413
23.0526
23.1698
22.6101
21.9123
22.6582
22.0629
21.8552
22.6308
22.8357
23.3038
22.3917
22.7450
23.1623
22.4483
23.4371
22.3937
21.3599
22.0796
21.7259
20.6982
22.1035
21.6398
21.4032
21.6218
21.3950
21.4114
21.2612
21.0177
21.1946
20.9785
21.5511
21.2892
21.2375
21.7875
21.7755
21.5790
21.6382
23.2929
22.3624
22.5265
22.7077
22.5112
22.4399
22.7814
22.6017
22.3356
21.6743
23.1889
22.2467
23.2900
23.7436
23.0805
22.8557
23.3684
22.9148
22.6262
22.3205
21.5175
23.0207
22.5939
23.1856
22.0497
22.5217
22.7626
22.1988
22.7657
22.2499
21.8963
21.6599
22.7786
22.3293
23.1636
22.6766
21.6325
22.6137
22.6177
22.0571
22.4595
22.2679
22.6721
22.0841
22.1522
21.9481
22.7594
21.6852
21.7278
21.9929
22.6170
22.7070
21.9021
21.8870
22.1449
22.2554
21.9066
21.9522
21.8732
21.5312
21.7413
22.7656
22.5011
22.2760
22.4269
21.8931
21.9372
23.0930
22.0436
21.2878
23.3602
21.8657
22.0922
22.2963
21.9215
21.5642
22.5467
21.7744
22.2017
21.7302
22.1425
21.8432
21.5037
22.3564
21.7404
22.0079
21.6812
22.1094
22.3847
22.0969
22.1094
21.9785
22.4463
21.7886
21.9183
22.4841
21.6895
21.8954
22.8190
21.9789
22.3276
22.6824
21.8740
21.8512
22.6192
22.0425
21.3498
22.9397
23.0905
22.0530
23.4884
21.4358
22.4151
22.0580
22.5269
24.3038
24.1073
22.1562
22.1856
22.7883
23.1238
22.8960
23.1577
22.2899
22.8510
22.7668
22.2688
22.9210
24.0663
23.5853
22.1765
23.0526
23.8567
24.3004
22.9208
23.1660
23.8317
24.2175
23.8942
23.2842
23.4132
23.5263
23.9764
23.4253
23.2139
22.5103
22.4601
23.3852
23.0036
23.4030
22.5202
21.7274
22.2077
22.5620
23.0155
21.4896
23.4664
22.0768
22.6412
23.1444
23.0365
23.4939
22.9496
22.1846
22.1088
22.6097
23.6799
23.5006
23.1017
24.1337
23.8182
23.5727
23.4106
23.4856
23.0565
23.0408
22.5239
22.8452
22.5429
22.5063
23.0404
24.2377
24.4580
24.6559
23.5107
23.9953
23.5692
24.0243
24.3491
23.8434
24.5747
23.7975
22.5361
23.7010
23.4848
23.3194
24.2796
22.2982
23.5609
23.7039
23.8340
24.3640
23.6026
23.2264
22.7610
23.2178
22.1781
22.4070
22.5223
24.2323
23.3996
22.5531
22.4698
21.8247
22.0453
23.5665
23.7664
23.5344
24.2315
22.0507
21.8403
21.6372
22.5930
21.8734
21.5960
20.5731
21.9561
22.2247
21.9859
23.5674
23.0170
22.1531
22.3291
22.8947
22.6788
23.1519
23.7681
22.7793
23.0329
22.8118
22.9978
24.0043
24.0479
23.2065
23.5060
23.4854
23.1847
22.8877
23.2583
23.3366
22.7173
21.8200
21.6061
23.6894
23.6987
23.9669
24.0976
22.8175
22.2749
23.4426
22.9170
22.4165
22.5888
22.2007
23.1268
22.2547
22.1171
23.1254
23.8007
23.3564
22.6934
23.1433
21.6928
22.4497
22.3486
22.5699
21.6011
22.5817
22.2342
22.9180
23.2251
22.7629
22.4839
23.5521
22.8935
22.7945
23.8690
24.3457
22.9420
22.7766
24.1331
23.5861
23.4995
22.3783
23.6014
22.9516
22.9394
22.3050
23.3186
23.0952
21.9726
22.7860
23.1260
23.6293
23.5933
22.5294
22.4740
23.3924
22.7260
23.1102
23.6853
23.2134
22.6017
22.7672
22.4762
22.3066
21.3654
21.4538
21.1863
23.2376
22.8679
22.1001
22.0354
23.2562
22.3034
22.2682
23.4139
22.9025
22.5202
22.0038
22.0682
21.9446
22.7855
22.1415
21.8160
22.8436
22.4462
22.7208
23.0355
22.4730
23.2749
24.0378
22.1674
21.8615
23.8532
23.5112
22.0166
24.3444
22.5151
21.8446
21.9149
21.9569
22.7772
23.7590
24.0149
22.9970
24.0208
24.2344
23.0219
23.4877
23.4017
22.3466
23.4224
23.5978
23.5537
24.1464
23.3829
21.7651
23.8071
23.4565
23.3069
22.6895
22.4980
22.8699
23.1412
23.0736
22.8020
22.5174
22.5140
22.6286
23.0089
22.9575
23.6479
21.9738
22.1107
22.8207
23.0469
22.6979
23.1557
23.2133
23.2059
23.0130
22.7039
23.1043
23.9619
23.4385
23.1916
23.2435
23.4670
22.6931
22.5819
22.5771
22.7895
22.7059
23.3955
23.7558
23.2544
24.1244
23.3202
22.5775
23.7938
22.9825
21.9049
23.9523
23.2195
23.0552
23.3608
22.7485
22.6092
23.2102
23.7381
23.7457
23.4575
21.1263
22.4819
23.1999
21.9762
23.8143
21.7087
23.4138
23.7254
24.2313
22.8357
22.4502
21.9594
22.1079
22.5643
22.6606
23.4248
23.4001
23.2038
22.9925
23.5844
23.9302
23.0383
23.2009
23.4515
23.7410
23.0991
24.1705
23.3441
23.6169
23.0022
23.0002
23.6871
23.7985
23.8551
23.0818
23.4283
23.7571
23.3314
23.2793
23.5399
23.4941
22.8441
23.2749
22.4266
22.7642
22.7402
23.6831
24.1992
23.7648
22.7725
23.2596
23.8201
24.1913
23.7707
23.9748
22.7253
22.7551
23.8278
23.5463
22.6246
23.1034
21.8703
21.9105
22.5458
21.9521
21.1395
21.5564
22.6059
22.2181
21.9521
21.8760
22.6753
23.3906
22.2313
22.5366
22.1740
22.4797
21.6140
22.3252
22.2461
21.7978
22.6009
23.2887
21.8848
22.7061
22.6257
21.5674
22.1055
22.9587
22.7788
22.7638
21.5406
23.6565
23.7254
23.0976
23.3782
22.6439
22.2587
22.6798
22.9308
22.0738
21.4994
22.0588
21.8416
22.2233
21.5588
22.1796
22.5715
23.3290
23.0034
22.0743
22.5163
23.4320
21.9777
22.4331
23.7734
21.7144
21.2738
21.7341
21.7983
23.0799
21.9100
23.4725
22.7276
23.7720
23.1206
23.3831
22.2865
22.0943
21.4115
22.7961
22.6830
22.4396
23.4723
22.7524
23.6567
23.2921
24.4123
22.7266
23.7077
23.8616
22.9942
22.9915
24.0830
23.1886
22.4464
22.8537
24.2869
22.4925
22.3482
22.5137
21.5882
23.1197
22.9517
23.3273
23.4851
23.1948
22.6199
22.5595
23.7527
23.3227
24.1773
23.5808
22.8032
22.7332
23.5064
23.3607
22.1058
23.6078
23.5878
23.4805
23.3673
22.8409
23.8909
22.9716
22.9768
22.5427
22.9304
24.8420
25.4777
25.3377
24.4075
25.1141
25.5175
25.5036
24.9191
23.8959
23.1398
24.6788
23.6703
23.9679
23.6216
23.3391
22.9091
22.6569
22.9885
22.7051
22.9648
23.0623
23.6195
23.5905
22.8348
22.0880
23.3268
22.7517
22.4423
22.7702
23.2161
23.4379
24.2075
23.2903
23.1221
24.4214
23.9409
23.2256
23.8962
23.6279
22.9621
23.4028
22.4058
22.8537
23.3335
23.0265
23.3721
23.2895
23.7961
23.8980
23.0899
22.5359
23.2001
24.1895
23.1094
23.6080
22.9426
23.0729
23.7099
23.0561
22.4909
22.8263
22.7976
22.8451
23.1227
23.2630
22.4457
23.7328
21.9498
23.0815
22.7954
23.7973
22.1863
22.5907
23.6097
22.2344
22.9051
23.0513
23.1814
22.5562
22.0386
23.3865
23.4714
22.3651
22.8961
22.1632
22.6635
23.1159
22.4196
21.9363
22.4920
23.4584
22.9114
24.2762
22.7608
23.6616
22.2148
22.5733
22.8484
22.7164
23.2150
22.4613
24.6248
22.7556
23.7660
23.7013
24.4832
23.1079
23.5602
23.1186
22.3854
23.6202
24.2719
24.3295
23.6906
23.5072
23.2027
21.6801
22.9086
23.5040
23.2462
23.0917
22.1401
22.5677
22.3288
21.3905
22.3764
22.3081
22.6060
23.2249
22.0227
22.6794
22.7537
23.7027
22.5848
22.4635
22.7020
22.3198
22.6292
23.4459
22.5199
23.5921
23.8534
22.3504
22.5956
23.3118
22.3660
22.3843
21.7622
22.4139
22.9532
23.5956
23.5485
23.4592
24.2364
22.9883
23.8109
21.9145
23.1437
23.3910
23.0906
22.7635
22.7511
23.3570
22.4483
23.1312
22.1379
21.8392
22.3207
22.5595
22.3726
21.7554
22.6310
22.1975
21.9325
22.5050
22.4849
21.4569
22.0224
22.2869
23.3069
23.6117
23.3589
23.1081
21.9386
22.9821
22.0771
22.1415
22.1136
22.5287
22.8481
22.3337
23.1104
22.4494
22.1607
23.2303
21.3966
21.5137
22.4749
21.1208
22.0188
23.0451
21.5324
21.5062
21.7460
22.0111
22.1493
23.1411
22.4099
22.4923
22.6178
21.9671
22.0443
21.2332
21.5885
21.2768
21.6535
22.2629
22.5491
21.5319
22.6583
23.1823
23.0868
22.9156
22.0408
22.0465
23.4684
23.1960
22.5327
21.9171
21.9183
22.7816
23.3236
23.2811
22.1922
22.9081
22.7444
23.2768
22.4716
22.1486
22.4505
22.7670
21.8403
22.6435
22.1185
22.3620
22.1851
22.3885
22.3135
22.7052
23.2633
21.5085
21.7582
22.4378
22.4723
22.0903
22.4131
22.0322
22.3885
23.1957
22.1539
22.3548
21.9562
22.1908
22.4263
21.9175
21.7126
21.4340
22.3952
21.7998
21.9096
22.1507
21.8857
21.5200
22.2214
21.4098
21.5237
21.6908
21.5356
22.2503
21.3305
22.9626
21.6967
22.0337
21.7301
21.8587
21.4554
22.9476
22.6174
21.6217
21.8112
22.3915
22.3134
21.5641
21.7946
21.7386
22.3593
22.8701
22.3750
22.0304
21.2771
21.1329
20.8679
21.5097
21.2629
21.4142
21.4652
21.7516
22.5558
22.8360
22.7788
22.6769
23.5141
25.3579
23.6223
23.4761
23.7465
23.7368
23.2176
23.4604
23.8423
23.6483
22.4961
23.2216
22.2823
23.1753
22.8752
23.6853
24.2468
24.9106
23.6416
23.1905
23.7067
23.2566
23.6149
24.6391
24.2423
22.8618
24.4544
25.1029
24.4765
24.3143
24.1707
23.4763
24.4002
22.6449
23.4272
23.3739
24.9413
25.1551
26.1012
25.6730
25.3928
25.5827
25.9443
24.5046
23.7167
23.3776
24.1149
23.1686
24.4731
22.7869
21.7091
22.9348
24.3009
23.9420
26.5805
26.4316
26.8789
25.2584
26.2440
24.5488
24.2410
24.2929
23.2456
23.6755
23.8055
23.0009
23.6080
24.1668
23.8295
24.0935
24.1424
25.1289
22.9082
24.2870
26.1805
23.5113
24.3865
24.0525
22.8471
22.6198
22.1747
22.7981
22.1340
22.5350
22.4936
22.5314
22.9851
22.7395
22.0444
23.2298
23.9111
23.8478
25.2856
26.1529
25.1032
25.1913
23.9673
23.9809
23.5359
23.0335
22.8409
23.6612
22.7909
23.2909
22.2966
23.3594
23.3203
22.9188
23.0030
22.8482
23.6714
22.5252
22.5350
22.3215
22.4239
22.8814
