21.9099
20.6463
22.8261
21.2819
22.4934
22.3462
20.9737
23.1938
23.1258
23.3139
23.4365
22.2497
21.5474
22.2482
22.7708
24.1038
22.0952
22.8259
21.6552
21.0963
21.6907
23.3525
22.2902
21.7845
22.6939
24.3524
24.8365
23.3060
22.8414
22.0914
22.3416
22.1169
22.2441
22.0594
21.2259
21.4016
22.6679
22.4564
23.4560
23.8267
24.4624
23.5144
23.7423
22.7447
24.0982
21.2684
24.0987
22.9400
24.3527
24.6878
22.7214
23.2056
23.0279
22.0965
21.9805
22.1537
19.9801
21.4757
19.9801
20.0994
19.6406
19.1033
19.4234
20.5173
20.8538
18.9339
21.4491
21.6437
21.5925
22.2173
21.6844
19.9627
19.7220
20.0787
21.1427
22.7921
21.6849
23.9193
24.6005
24.2430
23.1117
24.2609
24.7722
22.2418
21.8794
22.3793
23.5856
24.4933
23.7156
24.0863
23.6911
22.2741
23.0224
22.4370
22.9751
22.7933
23.7862
23.9121
24.1129
26.0061
26.2085
26.0531
23.4036
24.9887
24.7639
23.8507
23.6350
22.0224
23.9495
21.8684
24.3324
22.8912
22.7733
24.6054
24.5683
24.3318
22.1635
23.2101
23.4340
23.2284
23.1594
23.4377
23.6131
24.1503
24.2407
24.4266
23.8412
24.7416
24.9922
23.5179
23.2560
22.9060
24.4782
24.4888
25.2303
25.2967
24.3926
23.5008
23.6395
23.1216
23.3528
24.5387
24.9634
24.6580
23.2292
23.1877
23.0155
24.6196
23.2132
22.8429
22.4502
23.3562
21.8881
23.5596
22.8135
24.0887
24.8788
23.6460
24.5929
22.1782
23.8043
24.7394
22.9710
24.8635
24.8262
23.8159
24.1394
23.4308
22.0107
23.8185
24.8445
23.2728
22.5282
23.2392
21.6192
23.1918
23.7546
24.0463
25.0694
26.1273
24.5629
24.5810
23.0934
23.8986
24.3093
27.7257
26.8480
24.9753
24.1076
21.7651
23.9064
23.9020
25.0450
24.4984
24.6858
25.3252
24.6411
23.8459
25.4542
25.1494
24.3338
23.7714
23.6763
23.6317
23.9858
24.5896
22.8738
23.7867
23.6824
23.8753
23.6662
23.5792
22.9778
21.8724
23.4052
23.0304
24.2225
24.6398
22.4579
21.9607
23.8046
23.8393
23.3655
23.3690
25.9422
26.4534
26.1098
25.8995
24.6118
26.9451
25.6181
26.4933
26.3715
24.0438
23.2925
24.2213
25.1486
24.8225
23.3006
22.7998
23.9003
24.6936
24.2416
24.2468
24.1630
24.1681
23.5111
23.3607
23.6109
27.2036
28.3306
26.6002
28.3983
27.6973
27.6662
26.3566
26.2629
25.6321
27.6735
25.8677
24.9119
27.7042
27.0191
27.1496
26.3746
25.7590
24.8280
24.6421
23.3392
24.9413
23.4920
24.4252
23.6252
23.1034
23.0713
22.8002
22.5151
23.4479
24.1365
23.3358
23.7918
23.4393
23.6731
24.4169
21.4899
23.5755
22.5499
23.6986
23.9376
26.0603
28.0637
27.5721
24.2301
23.9100
24.1259
25.3095
23.7799
22.3321
22.9351
24.0527
26.2079
24.9223
23.9756
23.4236
23.9848
23.0280
23.9684
24.7185
23.8215
25.9445
24.6668
24.0490
24.9611
25.4780
22.8591
23.5053
23.8918
23.8158
24.2197
24.1431
24.0293
23.4255
22.8595
21.9733
21.3484
21.5708
20.8249
21.9501
22.3800
22.1997
22.5515
25.7934
23.5594
23.8347
24.2732
22.8023
24.4408
22.6459
22.9403
24.7550
24.2946
23.9036
25.1290
25.0371
25.6685
24.0897
23.4390
23.2999
23.2951
22.2130
22.8001
23.1151
22.5381
24.5113
22.3035
22.2067
22.7939
23.5592
23.4077
23.3795
23.5103
23.9278
23.0574
22.7340
23.2488
21.1483
23.6915
23.1717
22.8001
22.8644
24.2937
22.9402
22.7474
24.6162
23.6582
25.3331
23.6310
24.7849
25.5664
24.8730
24.4585
24.2540
23.4718
22.3256
22.8700
24.1100
24.2601
22.4189
22.3462
24.4413
22.1188
23.0649
20.5333
20.9579
23.3647
22.7127
21.5340
22.2247
22.5205
22.3599
24.9427
23.6307
22.2803
22.0194
23.1646
24.2864
21.2410
23.3808
22.2942
22.8844
24.3887
22.1728
21.3885
23.1321
22.2878
22.0921
21.5844
22.0820
21.2356
22.7807
23.8180
23.4764
24.1011
25.1250
22.3890
24.6063
22.9184
23.4577
22.0550
23.5617
23.0308
24.5251
23.6512
22.8578
23.6545
23.1908
22.0674
24.2620
23.6399
25.2818
22.8337
23.2898
23.2931
22.2249
23.3111
23.9239
23.8853
22.8880
22.9496
22.2262
22.1922
23.1157
22.8068
21.8523
22.3387
21.9779
22.0521
23.4825
22.5231
22.7082
22.9505
22.9414
23.5969
22.9636
23.9873
23.1669
23.9231
22.3198
23.6819
22.1322
22.5539
22.1032
21.2369
22.8072
22.8783
21.4909
23.0592
22.9391
23.8567
23.8187
24.3148
23.8495
22.5160
23.4828
23.4933
22.6023
23.1157
22.1239
23.2837
24.5253
22.7660
23.4815
24.0605
23.8040
24.8043
23.5944
25.2903
23.7193
24.5423
23.5998
24.6722
23.6850
24.3928
23.5182
25.3385
24.4000
24.8366
24.3952
27.0933
25.1431
24.1321
23.3803
23.1064
23.1133
23.7768
22.4255
25.1352
22.4217
23.0386
23.9093
24.2463
24.3883
24.6464
23.8964
24.2999
23.3968
23.0010
24.4394
23.0823
24.4745
24.7673
23.7786
25.5516
25.0683
24.4789
23.7835
23.9315
23.3308
24.2288
23.6839
25.0126
24.3238
23.2503
24.0923
23.7904
23.0212
22.5010
22.7077
23.6370
23.1863
24.2030
23.8788
22.9385
22.9041
20.8699
24.2190
21.9815
22.5511
22.5144
21.2035
21.6739
22.7815
22.8460
21.8110
21.6761
21.6134
22.2577
23.4290
22.5832
22.9169
24.8848
23.9462
24.0275
23.5190
24.4126
23.6153
23.7994
23.8898
23.0020
22.1024
23.2400
23.2433
23.1181
23.6528
23.4148
23.7355
24.6263
24.2546
21.8585
23.2972
23.3405
23.4653
23.0764
21.0205
20.6083
22.3350
22.5279
22.0359
23.3482
22.3620
22.6692
21.7380
21.8178
23.4295
22.9415
24.3228
24.9950
23.7464
22.2575
22.8083
22.0299
23.6198
23.4880
24.2944
24.1502
20.7206
22.6023
22.7194
24.0762
23.0636
22.8336
21.4165
24.6750
23.4814
24.3344
23.6368
21.7421
23.8134
21.9404
21.8131
23.7244
25.1168
26.0839
26.1864
21.7080
22.4512
21.7118
21.2666
23.0951
23.8370
23.3486
23.4783
23.8314
22.6301
23.9834
23.3757
21.4829
22.5699
21.6807
21.9531
22.0038
20.6054
22.4586
23.9843
24.4244
24.5886
24.6966
24.0644
24.1269
24.5568
24.7273
25.8378
25.4274
25.0987
23.9862
26.8444
24.9359
23.8969
24.9685
23.9929
23.6328
23.1218
24.1587
23.6358
22.3846
21.9679
22.1469
24.1461
22.4079
22.3110
22.4262
24.0337
24.2007
23.1787
21.9891
23.5981
23.5768
23.4161
23.1664
24.6153
22.7792
22.1228
25.2607
23.6730
24.1850
22.5856
23.6978
24.3276
24.4140
23.6951
22.5533
23.1077
23.1683
24.4676
24.7491
25.0201
23.2960
23.0042
23.2304
23.5896
24.3744
23.7956
24.3870
23.0519
23.5792
23.6634
22.6824
26.9349
24.1159
22.7961
22.3890
22.7197
22.0169
23.9059
22.3034
23.3813
24.3031
23.0553
24.3494
23.0632
24.2473
22.8493
24.8048
22.8628
23.8596
22.3686
21.9669
23.7555
23.0676
22.7949
21.4721
22.0961
20.7042
20.7632
21.2594
20.7635
21.3186
21.9090
21.0249
21.8818
22.3604
20.8333
22.1499
22.8333
21.4977
20.4095
21.5369
22.3219
22.6773
22.9090
20.5141
21.1499
23.6670
24.2738
22.9848
22.7964
22.4948
21.1896
21.1446
21.6591
21.9938
23.2924
21.5440
21.5023
21.4119
21.3808
22.5280
21.0464
22.5742
21.1756
22.1427
22.6951
21.7508
21.0630
21.7529
21.0050
22.6345
22.1184
21.4403
23.3875
23.0109
22.8186
22.0936
20.4745
20.4897
22.0390
22.0184
23.2115
23.3553
21.3480
22.5399
21.0279
21.9785
20.1472
21.7859
21.0934
21.3808
21.6653
21.8943
22.1433
24.0872
23.8452
23.2506
23.3403
22.8281
23.9056
24.6887
23.3371
23.7669
24.4998
22.1841
22.5195
21.9381
20.9237
22.0279
21.2591
22.4550
21.6545
22.0639
21.4290
21.2693
22.6534
22.6335
22.2495
21.6416
20.9845
22.1327
21.7789
22.0647
21.6935
22.4363
22.3545
23.4777
23.4954
23.3681
23.8312
25.1296
23.9673
24.5464
23.5005
23.0565
23.6966
22.7200
23.8834
22.7601
22.4145
23.3740
22.5452
21.8561
22.6110
23.7053
22.2492
21.9367
20.9235
22.5385
22.7944
23.2886
22.7960
22.5058
22.4104
21.3520
21.8931
22.0060
24.0350
23.6876
23.2445
23.1688
23.5061
21.4235
22.8738
22.0309
22.0498
22.7177
21.1559
21.1415
21.4206
21.1950
21.5855
20.6923
22.0430
24.0623
22.8332
21.1849
23.5411
22.5277
23.3551
23.0245
24.0148
22.2049
22.3834
22.2084
22.8739
22.6165
22.9281
22.5038
22.8800
22.2291
23.1419
22.2525
23.3915
21.8553
21.7074
22.6997
21.1120
21.6873
22.7179
22.1982
23.2413
23.2843
21.1439
23.2344
23.5177
23.1149
21.8785
23.3210
23.4348
21.5360
22.2715
22.2960
23.0346
24.3241
22.8722
23.7512
24.1783
22.0327
23.0703
22.8150
23.6274
25.0041
24.9601
24.5013
23.0711
22.9982
22.8456
23.1821
23.5594
22.8469
22.6457
23.7809
21.7401
22.8006
24.0440
23.4783
22.8318
21.7723
21.7925
20.5366
20.9926
20.8359
21.6928
21.9355
20.6822
21.8640
22.3021
20.7670
21.2016
22.8131
21.5556
23.0218
23.2660
24.0078
21.2282
22.8504
21.2828
22.1454
23.1176
24.8677
23.5160
24.1832
24.7588
22.9182
23.6139
24.2438
22.3418
23.3711
24.2109
20.6849
21.7803
21.7381
23.0035
23.4580
23.2614
24.2358
22.7305
23.1929
23.7192
23.4732
25.3564
23.6826
21.7949
23.4141
23.9937
22.4440
22.1763
22.9799
22.8454
23.5541
22.5055
22.3278
22.8194
23.6666
23.3992
22.1547
24.7267
23.6325
24.5045
22.5234
24.4937
24.2774
22.8445
22.2769
22.9605
21.9011
22.6164
22.5446
21.1408
22.4317
22.9410
22.5415
23.5080
21.4518
24.0296
22.5790
25.3239
25.9505
24.1070
22.9023
22.0182
22.6540
24.9921
22.7532
22.8938
24.5247
24.8282
23.9535
23.2232
22.0104
24.9887
24.5609
22.6666
25.2843
23.7811
23.2203
23.8480
22.6533
23.3607
24.6217
23.4464
22.4153
22.5488
21.0703
23.7087
21.2520
22.5489
22.1809
23.1761
23.3247
22.3827
22.0492
21.9925
23.8252
23.6729
23.1504
22.3324
23.2911
22.4395
23.0459
22.1889
23.5357
21.7343
20.2120
20.6844
22.3194
22.6266
22.2745
21.3982
21.4398
21.0271
20.9109
21.0197
20.4099
21.4225
22.9301
20.0646
22.8445
22.5926
22.0062
23.3535
21.1700
23.0125
23.5244
22.6483
23.0138
22.0503
22.6034
22.5285
20.3178
21.2379
21.0564
20.7564
20.7693
20.1012
20.2147
21.1520
20.6866
20.5450
20.8374
21.1543
21.4261
21.3955
22.1371
21.6360
21.8133
22.7761
22.2420
24.3196
22.1041
22.8694
21.4308
20.8869
21.5735
23.4503
23.3122
23.9772
22.9270
23.5649
23.9383
22.7379
21.7069
22.3822
23.4278
23.8949
23.4757
22.6453
23.9745
24.4006
22.3744
23.4994
23.2481
24.9160
24.2976
24.7065
24.6781
24.3789
24.6042
23.4603
23.5168
24.1975
23.1103
22.7465
23.2838
23.9434
23.6770
23.5979
22.8231
24.4842
24.4048
25.3911
25.5879
22.9327
24.4659
23.2357
23.8324
24.8127
24.1922
23.6962
25.3563
25.1389
24.0230
23.9612
25.3871
24.2630
23.8247
24.8736
22.4324
22.5764
22.9723
24.9849
22.8221
24.8809
22.5551
24.0922
25.5871
26.1756
25.0254
23.4584
24.7366
23.6745
22.8605
26.1595
22.2498
23.9702
22.6142
22.7859
21.6084
21.5270
23.5276
22.4838
23.4950
24.3718
24.3483
24.0118
23.1026
25.0827
24.2743
22.8565
23.3590
26.1354
25.6780
24.9136
24.1834
24.8749
22.8467
23.9083
23.3502
23.2915
24.5973
25.6795
24.7010
25.3379
25.0889
24.4893
22.7935
24.5330
23.8106
23.2771
23.7474
21.9292
23.2279
23.1646
24.1726
22.5403
23.7200
23.3072
22.4519
22.6242
23.2640
23.3977
24.2899
25.8937
27.2678
24.2579
22.3115
23.2138
25.3505
25.5402
26.4551
24.2812
24.3681
23.2825
22.5551
24.5076
23.2770
23.1229
21.8221
22.0265
21.3766
21.6749
21.3628
21.7754
22.4790
22.1136
23.9855
22.7573
20.3679
23.4140
22.7254
21.1551
21.5865
22.5527
22.8321
23.4883
25.3073
23.0138
22.5622
23.2788
23.1788
25.4090
25.1236
23.9733
23.8122
24.6675
25.2084
25.3050
26.0678
25.1564
22.9964
23.6780
25.6170
24.2433
24.2352
23.0536
23.5111
23.1575
23.9869
23.3554
22.5994
22.2546
21.0685
22.8306
22.1044
22.0253
22.3915
23.2869
23.3963
22.1917
22.6096
22.1722
21.0199
24.1579
25.0216
22.4968
24.3524
23.4076
22.8464
23.9344
22.8257
25.5971
24.3653
23.8261
25.6746
25.0943
23.0314
23.5480
23.4782
22.5397
22.5697
23.4063
23.2623
22.8977
21.8087
22.1295
22.7615
23.2267
23.8708
22.9758
22.6697
23.0886
23.5683
22.4203
23.1545
23.3605
22.5299
23.0166
21.9004
21.6020
22.4878
22.1277
22.6414
22.3530
22.5731
23.3222
23.4668
22.1967
22.2743
21.2248
22.2944
22.2835
22.2759
20.9964
22.1300
20.3214
21.8382
21.3828
21.7990
21.8558
21.6707
24.0279
23.0714
21.9799
23.0414
22.7875
22.3579
22.5427
23.3540
21.3814
23.3129
23.3300
21.7795
22.8859
22.5974
22.1991
22.9064
23.3371
22.7907
22.4830
22.4038
21.9932
22.0675
21.0755
20.8783
21.6962
23.4222
23.0886
23.9268
23.2970
22.2467
23.3568
23.7849
22.9480
22.8179
22.3756
20.8735
21.6128
21.9384
22.4591
22.0312
21.3549
20.8778
21.8593
21.7565
22.6839
21.2891
21.4374
20.2333
22.8561
21.2603
20.0106
20.3503
22.0308
22.6214
21.8127
23.0266
23.3892
21.4361
22.9005
21.9538
22.4617
21.2096
21.7219
22.8625
22.4264
20.3883
21.5105
20.9379
20.6732
21.4478
21.9382
21.8071
21.7897
22.2205
21.5404
21.8618
20.6878
20.8865
20.8237
20.9960
20.7736
21.2127
20.8897
19.8477
21.4744
22.9382
20.8175
22.1928
22.4112
22.0869
22.5241
21.7608
21.6562
22.3989
22.5949
23.6654
22.0213
24.7560
22.6200
23.0040
22.8438
21.5103
22.0595
20.8390
22.0084
23.4495
23.0007
23.2393
23.2036
22.6643
22.9722
21.6001
21.4976
19.8998
24.2701
21.8247
22.6706
21.3701
23.3958
21.2788
21.0092
21.7526
21.1006
20.7184
22.4888
22.2490
22.5078
22.1517
21.9527
23.6919
23.4971
23.1400
23.7764
23.2206
22.3935
20.9668
21.8800
21.4030
21.3906
20.1965
20.9161
21.4626
21.7014
21.7899
22.0987
23.2276
21.4194
22.6844
22.0236
22.2231
23.4005
21.2969
21.3612
21.3048
20.5366
21.3289
21.3527
21.9584
20.4907
22.0974
22.3072
20.3271
20.4361
20.9884
21.3035
20.8389
21.4531
21.1476
20.5188
20.9047
21.3378
21.5002
20.2296
20.0587
19.3501
21.4572
20.4370
18.9033
21.0028
21.3704
20.0281
21.0768
21.3965
20.1084
22.0207
22.3377
20.4733
21.5982
20.3367
21.5483
22.9073
21.1387
21.3459
22.3648
20.6479
20.7625
20.7869
21.4980
19.8350
19.9920
19.2608
20.3174
21.9830
22.5079
20.7839
20.2820
19.3163
19.7417
20.2450
22.2375
20.3868
21.0804
20.2760
20.0950
20.8684
20.8871
23.4215
20.2013
22.0949
21.5037
21.0115
20.9206
23.4897
21.6493
20.7710
20.8647
21.1790
21.2610
21.1639
20.1699
20.6814
20.8365
20.4333
21.1900
21.8327
22.4883
20.5383
21.6071
22.1871
20.5261
21.4339
21.8399
21.1426
21.4727
20.9167
22.3915
22.7721
21.2673
22.2197
23.5078
22.8830
22.5671
22.1950
22.2441
21.5759
21.7363
21.2441
22.8828
21.9682
22.0166
21.5960
22.5097
20.9558
22.2563
22.6916
22.7424
22.0395
20.3967
23.6408
23.1528
22.2935
22.7900
20.9580
22.3570
22.4033
22.0211
21.1667
23.1154
21.7251
23.7056
23.0988
22.8892
21.2385
21.9897
22.5273
22.1568
21.5910
22.0815
22.2263
22.1035
22.7195
23.1939
20.9349
21.4664
21.6179
21.2032
19.9406
22.6805
24.3342
22.2535
21.4871
21.5383
22.1035
21.6722
22.5318
21.8910
21.1008
21.9154
22.0960
22.6042
23.2892
21.5229
22.5537
23.1644
19.9723
20.1700
22.0883
21.8634
20.3773
21.7981
22.5695
22.6094
21.6563
20.6329
21.5062
20.2675
21.1726
21.1443
20.1635
20.5255
21.1895
22.1269
22.0798
23.8609
22.8606
21.4007
21.2173
22.6474
21.6055
21.3246
21.6499
22.6289
22.0679
21.8855
21.7651
21.5140
20.9084
21.5695
21.5737
22.0090
21.7656
20.8296
21.2696
21.0194
20.6927
20.9108
19.1464
22.0065
20.4379
21.7342
20.3980
22.0201
20.3830
21.0485
22.1135
21.2120
21.2569
20.3382
21.8890
21.5928
21.4966
22.3076
22.1838
21.1138
23.6309
20.7022
20.2827
20.8421
22.2351
21.8070
20.7768
19.9081
20.5499
21.8526
21.2325
22.1049
21.1946
21.2910
21.2311
22.4204
23.3067
22.0107
22.5888
22.4580
22.8207
23.8270
23.3993
25.2035
22.7165
21.8372
23.2599
22.4194
22.1095
20.1578
21.4917
22.8759
24.8430
23.6827
23.6873
22.1342
23.1277
22.0018
21.3881
21.5256
23.3107
22.5287
22.5445
22.2782
20.5913
22.3834
21.8591
23.0456
20.0624
22.5865
20.6512
23.7346
23.1854
22.1096
22.4618
21.6524
23.3943
24.1394
21.8783
24.1585
21.5501
21.6547
22.4646
23.1323
24.2400
21.3621
22.4002
22.5523
23.0207
24.6409
24.9369
23.1469
23.0420
22.2260
22.8456
22.8878
21.5227
22.9603
22.3053
22.2629
23.5410
21.9491
21.1187
22.2678
20.7268
22.0223
22.8164
20.4953
21.2908
21.9455
21.1614
22.6209
22.5808
20.9179
21.0828
21.3272
21.5667
21.4522
21.6676
23.1148
22.6633
23.0393
21.8087
22.6444
24.7987
23.4242
21.5732
23.1190
23.0201
23.3276
21.9251
23.3134
22.0353
20.4251
21.8676
21.0914
20.8281
20.9650
21.3896
21.3698
20.7499
21.3649
20.2759
21.3028
20.8342
22.1332
22.0070
21.4443
21.1800
22.5098
21.4781
22.2981
21.6580
22.1111
22.7941
21.8339
21.5314
21.6303
22.9637
21.8552
21.7171
21.6556
21.9889
21.4094
21.8288
21.0553
20.2828
21.4592
21.5236
20.2460
21.5705
22.1272
22.8774
23.5634
24.1205
21.7299
22.4155
22.0249
21.6525
21.7639
22.2188
23.6313
22.8790
21.3139
20.6234
20.6850
20.4188
21.9223
22.1848
22.2589
22.5137
23.0695
23.2109
22.9858
24.1003
22.1948
22.3540
21.9399
24.3830
22.9652
21.2362
21.2428
22.7936
21.9135
21.1586
21.4343
20.0062
19.2800
19.7884
21.8052
22.9117
22.5649
22.7911
21.8126
21.9583
21.6347
21.2209
22.1496
22.6036
21.9338
20.1521
23.2504
22.9516
21.9083
22.1629
22.0978
21.6121
21.2168
20.6296
20.9558
22.0165
24.2914
22.7040
22.0770
20.9877
21.5374
24.9315
24.4819
24.3497
22.2117
22.0657
23.6753
23.6071
22.4307
23.4812
23.1814
23.8449
23.2254
24.2054
22.8740
23.9502
21.9744
22.4838
23.8011
25.1849
23.4121
21.8210
20.6214
20.6890
21.0160
21.8627
21.0702
22.0355
22.2317
21.7034
22.3518
21.8686
21.6007
21.6413
23.2041
21.6580
22.8054
22.5498
22.4361
22.7386
23.1583
22.5813
21.7924
21.8082
21.3664
21.4391
21.3044
20.9178
21.7775
21.1431
22.2971
22.2606
22.5773
23.5183
21.5710
23.0228
22.3595
21.5030
23.7571
22.0817
21.1310
20.1575
20.6371
23.0459
20.9173
22.4270
22.5614
24.2665
23.6765
23.6466
22.2958
22.2268
22.0501
21.8043
21.8474
21.3824
21.5361
21.2129
22.9570
23.4914
21.1813
21.4457
22.0801
21.3150
21.5165
22.2166
20.7479
22.6975
22.4256
22.3090
22.7171
20.5832
22.1874
21.9371
21.7485
21.5139
19.8714
21.5793
20.7798
20.1738
20.3162
20.6253
19.4585
20.8585
20.1173
21.0960
19.9384
22.3977
21.8542
21.3640
21.6767
21.9466
20.6493
22.6424
22.1310
21.4893
22.4208
21.5281
24.4007
22.5782
22.7286
22.0002
22.8708
24.0133
23.0659
21.8702
21.5986
21.5352
21.7449
22.1279
21.9684
21.2196
20.7947
22.2777
22.6815
22.3387
22.2371
21.6127
21.5022
20.5153
21.8701
20.7330
21.6033
21.9642
22.1683
20.9279
22.2499
21.2473
22.0817
22.3155
21.5159
20.7771
20.6361
22.3062
22.1542
20.8587
23.1252
21.6470
22.5957
21.3206
22.4990
21.3877
21.1040
22.3665
21.8806
22.2467
21.4644
22.1671
20.9364
20.6402
20.8012
20.3605
19.6944
20.6749
20.4825
20.1318
21.3929
21.3103
20.3254
20.8945
20.8969
20.5881
20.4232
20.3357
20.3483
22.1921
21.1067
21.9396
20.7746
20.4474
21.1364
20.4030
21.1581
21.7235
21.8137
24.2042
24.5132
22.9925
23.3020
20.4530
22.1315
23.0082
22.0406
22.1826
21.6529
21.7392
21.0258
20.2263
21.7867
21.7650
22.2222
21.9092
22.5350
23.5280
22.7000
22.9576
22.2696
22.5233
23.0656
22.8028
22.3326
21.9252
23.0971
21.0750
21.0690
20.7445
22.0631
22.9643
23.6339
22.4504
22.5901
22.0438
21.5513
21.6827
22.6415
21.7438
21.0596
23.3021
22.7378
22.0717
21.3827
20.4651
21.6251
20.8604
21.2703
18.6293
20.2213
19.2206
18.8604
20.0855
19.3914
20.4119
22.1061
22.4722
23.0570
23.5552
21.4539
23.5299
22.6402
20.5608
21.2523
21.0969
21.5220
23.5263
21.9275
22.3469
21.1702
21.0448
21.9386
22.5177
21.2218
22.3235
21.3352
23.0318
22.5895
22.7420
23.0223
22.2581
22.8118
23.1185
21.1376
21.7408
24.5117
25.1012
24.3420
24.4696
23.5432
24.2040
21.9878
21.3904
22.5337
21.7446
22.1390
20.5497
22.2975
22.7874
22.8347
22.7383
20.5573
22.3623
22.2712
21.3136
21.1429
22.7074
22.9042
21.5498
22.1149
21.8936
22.9421
20.1669
22.3175
21.7426
24.8002
23.5249
23.7481
24.2370
24.1741
23.7750
24.5517
24.2043
24.0126
23.5626
22.2117
21.7197
22.7314
22.8876
21.5836
22.1835
22.5048
22.0999
22.2727
22.9399
23.5808
23.8894
23.4071
22.2075
22.1989
22.2450
21.9762
21.9213
22.1331
22.4494
24.4907
24.3468
23.7698
24.4343
24.2892
22.2589
23.6407
22.3990
22.4639
21.2426
22.9027
22.1552
22.1570
21.1920
20.3458
20.9476
20.6668
21.9233
21.2451
20.8988
21.5109
23.9807
22.7027
21.8533
22.3000
22.0923
21.5172
23.1737
23.5326
21.3838
20.6837
21.3000
21.4089
22.0511
21.1919
21.8751
20.7705
21.4508
22.0687
21.8264
21.6391
20.7646
21.5770
21.6915
21.9649
20.6399
20.4944
20.4038
20.2329
21.1789
21.3661
20.7481
21.3450
21.6056
22.0413
21.6734
21.3743
20.5626
19.9453
20.8224
20.0977
21.8394
21.5350
21.0011
20.0795
19.7719
20.8354
20.0090
20.1314
21.0314
21.3814
20.9518
20.8522
20.8507
20.3197
20.5807
20.8838
20.6782
20.9068
20.9164
21.3776
21.6442
21.7046
21.8359
21.7476
22.5341
22.7764
22.2079
23.0416
21.7103
21.4659
20.6530
21.6375
23.5505
22.8070
22.0028
21.4788
21.3369
21.7286
20.7949
21.2551
22.3821
23.0757
22.6792
22.3184
21.9810
20.7972
20.6728
20.7269
21.5086
22.1222
22.0797
21.3628
22.0874
22.3707
21.6564
22.5182
19.8449
20.3712
21.5090
23.5959
21.2768
19.7750
20.6157
21.9351
21.5633
21.5793
21.0195
21.0942
20.9569
21.7694
23.0372
20.8553
21.7431
21.8462
22.7982
22.4367
22.3026
22.0602
21.9349
23.2060
24.5881
23.6833
23.7143
23.7781
23.1489
22.7973
22.7062
21.9280
21.7916
20.5912
20.2983
21.3468
21.5383
20.7288
21.5664
21.7003
19.8657
20.5387
20.4746
21.4866
21.5436
22.1698
20.9721
21.0120
22.2281
20.9004
21.8423
21.0721
21.1055
21.3930
22.1460
22.8455
22.1001
22.0023
20.6469
21.7033
22.1082
22.0390
20.7310
20.7675
22.0962
23.0052
21.3734
20.7363
22.5463
21.2649
22.7219
22.2396
21.7213
23.7266
24.2043
22.9028
22.0273
22.7888
22.0635
22.1792
20.9588
20.8870
20.7359
20.0947
22.1817
20.6545
21.6789
21.7077
23.1876
23.9005
22.2976
21.3324
22.0199
22.2440
22.3259
23.4807
21.4072
21.3331
22.5209
21.8433
22.0559
21.3623
22.3583
22.0940
21.4795
20.4145
21.5670
21.4277
21.1005
21.4344
22.8206
20.9669
21.8916
22.3418
21.4162
21.5997
20.9462
20.5223
22.0597
21.7868
22.6027
21.1036
21.0281
22.0055
22.2900
21.3271
21.1357
20.9877
21.8835
22.5032
22.5875
20.6954
22.2764
21.3529
20.5505
21.5117
20.6185
22.4054
22.3252
21.8013
22.8167
23.0636
23.2842
21.8785
20.7442
21.3313
21.6847
21.5841
21.4998
21.0836
20.6923
21.3277
20.9478
23.7811
21.1806
20.3414
20.7597
22.2745
20.8793
22.5238
21.5212
20.5445
21.4808
20.0890
21.0080
23.2902
20.2895
20.9485
21.3880
20.9156
20.3430
20.7590
21.7663
21.5285
22.1683
21.7542
20.5026
21.1032
20.0065
21.7580
21.5944
22.7792
21.6992
22.2250
23.0649
23.6661
22.4208
23.2552
22.3503
23.1873
23.7745
23.0847
22.7520
23.1154
23.9668
21.5253
24.0387
23.3384
21.4912
22.3158
23.1522
23.3022
23.4661
21.6743
21.6434
22.2359
23.1613
21.6687
20.8790
22.0253
21.8350
24.2452
21.2394
22.2748
21.9197
23.1307
22.2940
21.0281
20.4949
22.3781
21.8086
21.7009
22.4011
23.1764
22.2940
21.8503
22.2888
22.3251
22.9534
22.9885
22.3903
21.3352
20.7815
21.0197
22.6196
21.3598
20.7792
23.0832
21.7990
21.3905
20.6210
20.1387
20.3020
20.9075
20.7596
20.0565
20.1157
20.5720
21.5252
22.5491
20.8485
20.0391
21.5119
21.9029
19.9164
20.1435
19.8739
20.6753
22.2986
22.0881
21.6501
22.5001
23.2763
22.5134
21.1270
21.8641
23.3617
21.1231
22.6616
21.0450
20.4948
20.7851
22.0765
21.1138
21.6792
20.9787
22.4834
23.1791
23.5645
22.5543
23.3192
22.3597
24.8067
20.5305
23.1289
21.3743
20.6718
21.7253
18.5182
20.7936
22.2299
22.6764
21.2676
21.0492
20.4108
22.2174
21.3587
23.0724
21.2964
22.2324
23.3043
21.3048
22.3884
20.9207
20.8366
21.3154
22.3997
21.0802
21.3528
23.0980
21.9732
21.0998
20.3118
22.2533
21.1578
20.2887
21.3041
20.8989
20.6788
21.0354
21.0389
21.9961
21.5654
22.7667
23.6591
21.8491
21.4352
21.0764
20.9097
19.9421
21.1090
20.3239
21.8130
20.9876
20.4399
20.2021
21.8672
21.7213
21.7355
21.0381
20.5192
21.1347
21.7348
22.1580
22.5197
21.0212
22.1311
21.2962
21.4207
21.9913
22.2041
21.6578
21.3645
21.3807
22.9300
22.0830
20.9165
21.5894
21.7810
20.6753
21.0116
20.0557
20.9663
19.5821
20.6365
21.7612
22.2892
21.7411
22.2742
21.4877
21.2289
21.5094
21.9614
21.2659
21.9649
20.8732
20.6454
19.9889
20.7547
20.9183
20.2683
21.3342
20.9998
20.4757
21.1622
20.2972
22.1603
19.9749
21.6230
23.0255
21.8504
20.7963
22.7109
22.1559
22.0105
20.5924
22.0957
21.1627
23.3966
22.6513
21.4212
21.3259
21.0014
21.4536
21.5099
21.4049
21.0479
21.5659
21.8250
23.1201
22.5571
20.4639
20.3827
21.0542
21.5077
22.2155
20.2128
21.1220
20.3041
21.0952
21.2630
22.0638
20.8056
20.3514
20.7458
21.4517
21.8814
21.6930
21.1326
22.4405
21.3048
22.2860
22.0392
22.2598
21.1358
21.8113
21.8813
21.7553
22.0353
21.7907
21.3963
20.4561
19.5584
20.5023
20.2422
20.4617
21.7427
22.6270
21.6903
22.7328
23.6488
23.2769
21.9160
22.3003
23.1350
24.4749
22.7507
22.8485
22.7628
23.2925
21.2759
22.6775
21.5765
21.0511
21.3735
21.1449
20.6204
20.2427
22.5793
23.2559
21.5862
21.9279
21.8186
21.5481
22.3975
22.4851
21.5969
22.1010
21.5792
20.6664
18.6720
19.6574
21.2967
21.5038
21.2551
21.8326
21.2364
22.5427
23.6535
24.3585
22.6504
21.9908
22.3138
20.5079
21.9614
21.4435
22.7837
21.3089
19.7613
20.2085
20.6776
21.2385
20.3765
21.1210
19.7694
20.9259
21.4216
21.3342
21.4830
21.2344
19.6759
20.2202
21.4777
21.0167
20.4667
21.6029
21.7822
21.1128
20.1603
19.6604
20.5921
21.3367
20.6907
20.3068
20.0437
20.2822
19.8465
20.5671
20.8283
20.9530
21.4157
20.1991
20.1009
20.7350
20.5892
21.7461
22.6576
22.3979
18.2893
20.2162
20.8663
21.1361
20.1935
20.6247
20.5387
20.6089
20.9621
22.2241
21.1654
21.6503
21.8686
21.6379
20.8027
22.2152
21.8739
20.3188
21.0556
20.7868
20.4012
19.8843
21.2655
20.4368
20.2864
20.0739
19.9106
20.4642
20.9467
23.0622
20.6997
21.3517
23.0122
21.7323
21.1223
21.2394
22.0151
22.3493
23.6573
22.8502
25.4032
24.9208
22.9372
24.5763
23.0710
24.8839
24.7295
23.5588
24.1828
23.9205
23.7807
23.1683
22.5733
23.3790
22.0229
20.8498
21.2032
21.0556
20.4162
20.4559
20.8831
21.3552
21.3414
21.2053
21.0587
21.3406
22.0496
21.7966
21.7017
20.8537
20.2481
20.4976
20.2240
20.0067
20.1187
20.3338
20.6891
21.0840
20.5279
20.9367
20.7023
22.0947
20.9192
20.9941
21.0999
22.5350
21.5853
23.0161
23.4555
23.8061
22.9176
21.9249
21.8740
22.3311
21.2727
22.3284
20.4328
21.4875
21.6723
22.3876
21.4497
21.2622
22.2713
21.2271
20.1449
21.9784
21.8348
21.4143
21.0340
21.7699
21.6208
21.6235
22.8285
21.1211
21.7694
20.6460
20.3265
21.0518
19.7988
19.5334
20.2906
21.9939
21.3046
20.6319
21.5393
20.3650
20.3472
20.9258
21.4386
20.9149
21.0854
19.7122
20.8974
22.6392
20.6920
21.6079
19.0219
20.0408
21.5063
20.8390
21.8982
22.2890
20.2768
21.4638
21.6857
21.3892
21.3347
21.4873
21.6247
19.9153
20.7631
19.8913
20.3602
19.8664
20.5466
20.2958
19.7340
21.1678
20.6861
21.2794
21.3094
19.8988
19.6749
20.9988
21.2486
21.5406
20.7020
21.3852
21.3407
20.2212
20.6328
21.2445
21.3840
20.4724
21.6385
22.3552
20.0008
21.5985
20.7302
21.1622
21.7137
20.8782
19.8761
21.0486
20.2117
21.3676
20.6751
21.1530
20.9865
21.8645
21.6804
21.8329
20.6150
22.6395
21.4610
21.8516
21.6695
21.4532
21.2682
20.2023
21.2744
22.3416
21.2445
19.9298
21.1677
21.6285
20.7000
20.4244
20.1956
20.1370
20.1273
20.6718
20.8103
19.9094
20.9193
19.6743
20.7829
21.4685
20.6630
20.1730
20.8161
20.4455
20.5835
21.7430
22.0904
21.6741
22.4280
20.0446
20.8045
20.7834
21.1960
20.4755
21.2135
20.3542
20.4460
20.9349
20.4085
20.4673
22.5938
19.7318
21.2060
22.3919
21.5290
21.6473
21.5274
21.4536
21.1573
22.3179
21.3302
22.3583
22.7309
22.7640
23.0177
21.2206
22.4357
21.2825
22.1829
22.7250
23.3059
22.1200
22.6002
24.5581
23.3433
23.7490
21.9117
20.4478
21.6128
21.2854
21.5606
22.6126
22.7745
22.7451
24.8345
23.1489
22.2268
22.0938
22.4364
24.9839
22.9702
20.6897
21.6131
20.6202
20.3808
21.5347
20.8692
22.2068
22.7983
21.9195
21.0451
21.6964
21.8655
21.2334
19.4592
20.7922
21.6601
21.3031
20.9797
20.1815
21.6724
23.8844
21.8645
22.6298
22.0860
21.2135
22.4211
21.1562
20.6539
21.8625
21.2267
21.7334
23.5948
20.7153
20.8369
20.5396
21.6607
20.6714
19.1179
20.6453
21.0620
22.1361
20.7107
23.0127
22.5680
21.9522
22.8616
20.7063
22.1587
21.8295
21.6923
20.6619
21.3017
22.2150
21.9049
23.1355
22.0164
21.3872
20.5525
20.5893
21.1869
21.3435
20.8585
21.8708
21.5440
21.8066
21.8059
21.8517
21.9985
21.0251
21.9904
20.2005
21.2261
21.5715
21.5283
21.3909
21.7284
22.2687
20.7464
21.0214
20.9775
20.7559
21.7633
20.0379
20.6503
21.3941
20.7640
23.1257
22.2324
21.5232
22.3422
20.4485
20.7714
20.1930
19.9515
20.5288
20.5027
20.1743
19.6376
22.1768
21.5866
22.2879
22.6657
20.8721
21.6485
22.0425
22.9776
20.6000
22.9316
22.0883
20.2544
21.2875
24.3698
25.2728
25.9065
24.0982
22.6212
24.4876
24.5513
23.5165
23.3035
21.2200
21.1211
20.3877
22.0504
23.1740
21.6850
20.9940
20.9139
21.0729
21.8607
22.9939
22.0641
21.3509
23.2978
21.1203
21.5681
23.3786
21.4214
21.5395
20.8366
21.2848
21.1570
21.0918
20.7257
22.5400
22.8800
22.4639
23.3129
22.3070
21.3977
21.1880
21.4930
20.6655
21.2350
21.2490
21.6690
21.8841
22.9284
22.3134
20.7252
21.0531
23.5509
21.8917
21.8339
21.3910
21.9138
21.1911
22.1174
21.5085
21.4486
21.3963
23.5914
23.2797
21.7346
21.3244
22.2731
21.6353
22.4864
20.6267
21.1074
21.6091
23.0330
22.0045
21.1920
20.7448
21.0629
20.2482
20.6822
20.2284
19.5569
21.3445
21.9825
24.7092
24.5338
24.4328
22.3560
24.3404
23.6629
24.0169
23.9156
22.1262
23.1818
21.3638
22.4288
21.7080
22.9260
22.3598
21.4840
20.9905
21.2397
22.0529
21.6020
21.5294
21.3520
21.7036
20.7775
20.4386
19.7761
19.8624
20.7212
19.5293
20.2350
19.3352
21.3611
20.0518
20.2562
21.5199
21.5766
20.6958
19.9216
20.4698
18.9746
21.3496
21.3742
22.9980
24.4369
21.7289
22.3969
23.8672
21.3057
23.1423
21.1190
21.0593
20.1053
21.5985
21.5178
20.6705
20.8414
21.5578
21.4621
23.0569
24.5839
23.7629
24.8150
22.2406
22.0679
22.3816
21.6418
21.6343
21.5306
21.7999
21.4927
22.8837
23.2766
23.0220
23.1910
22.2218
20.6047
21.5202
21.8302
21.9910
22.3588
22.6658
21.4846
20.5393
21.4114
22.2319
20.9937
21.9360
21.2679
21.9720
22.0285
20.7201
23.0377
21.9078
20.2913
20.6088
22.0585
21.5261
22.5450
19.9439
21.5484
22.2005
21.6891
22.8287
21.4637
19.9395
21.3490
23.0566
22.7034
21.8963
21.8145
23.1376
22.9913
22.0427
21.6293
22.9129
23.1023
22.4529
22.4929
22.3531
23.2125
23.0116
21.2736
20.3332
20.9072
21.9204
21.9984
21.3269
22.5909
21.6624
20.8614
21.2809
22.9104
21.9279
20.7226
23.0233
21.7505
23.8341
22.3022
21.4311
21.5791
21.4859
22.8341
21.2440
22.1077
22.9640
20.8906
20.1348
21.1090
21.2604
21.5190
22.0264
21.3515
22.6931
22.9465
21.7342
21.3535
20.6549
21.6367
21.1248
20.9184
20.9322
21.9806
21.3224
25.6841
22.4593
21.4617
21.0056
21.3375
22.0360
23.1315
20.2010
21.4146
21.8874
20.8126
20.5241
20.3203
20.2903
21.9575
21.2663
23.6095
22.8477
21.9611
24.5904
23.6047
23.4139
23.0470
24.2775
23.8431
23.7671
23.9551
24.1691
26.5165
23.0680
22.8882
22.1922
23.2922
21.7521
23.5781
24.2230
24.3537
24.2237
24.4873
23.2235
23.3661
22.0846
20.3819
20.0033
21.3029
20.0342
20.5318
21.3843
20.8103
21.5077
20.3521
20.4081
20.9326
21.4074
21.0390
20.4878
20.3151
20.0532
20.2826
21.0277
20.9709
20.6430
20.9184
20.8857
22.5352
22.1227
22.3880
22.3499
22.1408
22.4394
22.1014
21.4875
21.8823
22.1111
21.4346
21.1061
20.6537
20.8632
22.1337
20.8124
20.8687
21.6483
21.8419
21.0889
21.4496
22.4816
21.4304
20.4165
20.8378
21.1945
22.5163
21.6142
21.8486
20.3582
22.7785
23.0274
21.0577
20.6618
21.1552
20.5980
22.2592
21.2612
21.1732
20.7383
20.6443
21.3310
21.4209
21.1204
20.7812
22.1786
23.5423
21.8199
21.7850
21.6681
21.9174
22.9978
21.4595
20.7102
21.4015
20.8513
21.7141
20.8102
21.1657
21.7371
20.7336
20.4227
20.8239
21.2189
21.1414
20.2125
21.4632
21.8566
21.5819
20.4511
20.6913
21.6274
21.6756
22.0287
21.5711
21.8631
22.3432
22.4020
21.8056
20.6632
21.0291
20.6067
21.1238
20.3127
21.7422
22.1865
20.3663
21.1109
21.2425
20.9603
20.9846
22.2730
22.4368
21.7199
22.6396
21.8756
21.3459
22.0492
22.1582
23.3759
23.0678
22.5342
21.7051
22.8764
21.9088
21.0223
20.6166
21.7757
21.5664
22.7932
21.9094
22.1805
23.2372
22.4068
22.3720
20.4755
21.3438
23.5514
21.7216
22.7420
21.3163
21.9392
21.8986
22.4482
22.0519
22.3412
21.5243
21.1311
20.7938
22.4568
21.5253
21.9138
21.3778
20.4594
20.4180
20.4323
20.6241
21.5135
21.2221
20.3682
20.7013
20.4437
20.7953
20.5879
21.8568
22.2038
22.0116
22.1428
23.0291
20.6134
20.5704
20.6371
21.6399
20.9040
21.7977
21.4869
21.2553
21.3150
21.6097
21.7692
21.6473
21.6130
21.3863
21.2329
21.3156
22.7491
22.5456
21.4280
21.6146
21.6310
22.5687
20.9484
20.4349
20.7550
21.0668
21.1206
21.2225
21.2437
21.1896
21.0244
20.7332
21.2770
20.8728
21.9482
21.2280
21.9572
22.0170
22.9834
21.9501
22.1799
21.7053
21.0266
22.0771
21.3593
21.1789
21.2028
20.9263
21.2077
22.9541
22.0461
22.5612
23.6848
24.0199
23.3264
21.4979
23.9158
23.4351
22.0261
21.8375
22.6686
22.9167
22.2429
21.2840
21.7578
22.4822
21.8631
24.7735
24.8928
23.0255
22.5501
21.2705
21.3228
21.5873
22.2999
20.5927
20.8911
20.4979
21.3006
20.6899
21.4814
22.5929
22.8912
22.6437
22.6582
21.6346
22.2977
21.6449
22.4171
23.3919
21.7352
21.8702
21.1512
21.5574
22.5058
22.4590
20.2688
20.6475
21.3885
23.6433
22.6327
21.7008
21.1089
21.5833
21.7687
22.1212
21.7503
22.2545
21.6032
21.8384
21.8259
21.2601
20.7862
21.8333
23.6707
21.9529
22.5637
21.7460
23.0305
22.1923
21.7150
21.0675
21.5738
21.2505
21.6484
20.0717
20.5457
20.7055
21.1791
20.8683
21.2627
21.1484
20.8737
20.1176
21.9539
20.9757
21.3695
20.8719
21.8409
21.6933
21.0497
22.2456
21.4337
22.1616
23.4769
22.5107
21.8765
23.4146
21.8463
21.4324
22.2773
22.0862
22.4770
21.6300
21.6131
21.7686
23.6404
22.8978
22.5715
22.0317
21.7343
22.8995
22.9778
21.0723
20.2642
22.0912
22.8279
23.3122
22.8674
19.8063
20.2996
21.3402
22.1751
20.0386
20.7355
21.3330
21.5616
21.1566
20.8222
19.6027
20.2134
21.5560
20.4294
20.8328
20.6065
21.6413
22.1991
21.8917
21.5938
21.4567
22.9046
20.2016
21.6131
20.3895
21.0949
20.9070
20.8596
20.3483
21.3122
20.4567
19.9237
21.2805
21.9930
20.2076
21.3727
20.5210
21.7859
21.9962
21.5562
19.7874
20.4159
20.8448
19.7631
19.8261
21.1896
21.7544
21.1411
20.3230
22.0452
21.5673
20.6381
20.6982
21.4743
20.6345
21.8691
23.9986
22.2737
21.4663
22.1031
22.0877
21.3502
23.0352
21.3574
19.8851
21.1700
20.7332
22.1233
22.9353
22.9776
21.7012
22.8895
24.5481
23.9678
23.3812
22.7310
24.2365
22.9716
24.3665
21.2425
23.0900
24.3906
24.1507
23.0845
22.3409
23.3624
25.0678
23.3444
24.1836
23.5909
24.6273
23.0854
24.0129
23.3184
22.9053
25.2608
24.0399
23.1232
21.6924
20.7719
21.7448
22.1167
22.6495
22.4270
22.8258
22.6960
22.4384
22.5869
22.7082
21.4209
21.8257
23.0535
22.5318
21.2842
22.8848
22.8492
23.0484
22.5613
22.9696
22.4850
20.5662
22.3739
23.1201
21.7189
22.9111
21.4245
20.8615
22.3532
20.6032
22.1184
21.7104
21.7549
21.7136
22.0927
21.1844
23.2581
24.0193
23.1838
21.5075
23.6565
22.0335
21.4582
23.7132
25.1106
23.1932
21.9675
22.4741
22.6579
21.8875
22.5617
21.7388
23.4011
22.6678
24.7227
24.2648
23.9415
23.4482
23.9302
23.5853
23.3614
22.6841
23.3814
23.2507
22.9185
23.0155
23.7261
23.7782
22.5474
22.7506
22.6943
22.9294
22.9281
22.5061
22.8411
22.9126
23.5547
23.9271
23.6857
23.3468
23.1694
21.3987
22.4852
23.1637
22.7757
22.4641
23.6171
23.1190
22.4744
23.6598
22.7046
23.1114
23.3191
22.1829
22.7459
23.4821
22.2574
22.5853
21.5240
22.5300
22.3232
22.3919
23.7005
23.6879
22.2370
23.9696
22.9144
22.6415
22.6993
22.3218
22.5082
22.8881
23.6285
22.8973
23.4288
22.7480
23.0643
23.5961
22.7480
23.2376
22.9612
23.1718
22.5848
23.5277
23.4965
23.3608
22.7415
22.7621
24.1132
23.1316
22.5643
22.7047
22.5749
21.5080
21.4504
21.7865
22.4813
21.9116
22.0504
22.3021
23.2028
24.3787
24.5098
24.3180
24.0034
24.3526
24.5788
26.0642
24.9889
24.6725
24.9325
24.0064
23.3819
23.2002
24.0066
23.7761
22.8612
24.3459
24.4660
24.6584
24.1213
24.2093
23.6243
22.7121
23.3643
22.9691
24.8404
23.5400
23.8254
22.8729
23.4779
23.6968
22.9528
24.9804
24.9577
23.4615
23.3292
22.7993
22.4688
22.7734
22.8571
22.7668
22.3909
22.5226
22.7188
22.6612
23.8610
22.4996
22.8064
23.3877
23.1980
22.1682
22.5788
23.7518
23.5400
23.1581
22.8180
21.1331
21.6663
22.4129
21.6283
22.6774
22.4353
21.9511
22.7035
21.9598
23.3575
22.4082
22.2577
22.7699
21.1441
22.0411
23.6352
22.6729
22.5456
22.5550
23.2570
23.9584
23.0973
22.2788
24.1972
22.1812
23.8463
24.1014
23.0472
21.9850
21.7604
22.9023
22.2406
21.7242
22.3212
21.6832
21.9578
22.7302
22.3204
22.8380
21.9746
22.5960
21.9623
22.3582
22.0946
22.1976
22.7865
21.9423
21.4686
22.0639
21.9385
21.8139
21.6784
22.1812
22.1941
21.8445
19.8587
21.7799
21.8486
21.3474
20.3171
20.6978
20.5873
20.6091
20.8104
20.9276
21.1937
20.5039
20.6929
20.4331
21.5417
19.8892
20.2468
20.6876
20.5107
20.9126
20.1723
21.0360
20.8580
20.4026
21.6481
21.2712
20.7088
22.1152
21.8889
20.5502
20.7510
20.6769
21.8694
20.2397
20.3734
21.0728
21.2925
20.8808
20.2356
20.5787
20.4648
21.6227
21.7567
20.5728
22.4171
22.6032
22.4882
22.8627
21.7861
21.6005
20.7977
22.8736
23.3443
23.0671
23.2077
22.4462
22.9535
21.4509
21.8294
23.2560
21.2967
21.2489
20.7213
19.9338
20.4705
21.1112
21.3659
20.8816
21.4644
21.6354
22.4456
21.5448
20.7969
21.6707
20.6619
21.2674
21.2892
22.2328
20.6960
20.9205
19.1502
19.8453
19.2200
19.5974
20.4107
22.9003
20.8743
21.3721
21.6661
21.6875
20.7608
20.7229
20.5955
20.3081
20.9409
20.9462
20.0869
21.5506
20.1291
21.3385
21.4170
21.0662
22.3419
20.0537
21.3032
22.6051
21.9657
21.8748
21.4365
22.1750
21.9041
21.1086
21.5986
22.1309
20.9890
20.7713
20.9509
20.8944
21.2287
21.7645
20.4495
20.6865
20.5631
20.8275
20.9145
21.1880
22.1208
23.3424
23.5265
21.9121
22.2639
21.4313
21.4382
21.7717
21.4295
21.6151
21.1819
22.2141
21.3833
24.0325
21.4735
22.4206
20.9513
21.6568
21.7592
22.9574
22.4756
22.0773
20.4054
20.9595
21.0448
22.5081
21.0139
21.8913
22.0394
21.9026
21.7910
22.0903
21.5591
22.5833
20.7009
22.3227
21.8582
20.2187
21.2238
20.9236
20.8036
22.2302
21.4488
21.2131
22.2423
22.8452
22.2914
20.9700
19.8228
20.1506
19.4923
19.0822
18.9881
21.0787
22.2388
20.2669
21.7742
20.4974
20.9417
20.6394
22.1436
21.4269
23.4536
21.5629
22.2843
22.2027
21.9866
20.6752
22.8569
21.3530
21.8464
21.5935
20.8132
22.0217
21.5941
20.4803
20.7689
22.2990
21.8893
20.6094
21.8039
21.6400
22.3577
22.6060
21.1723
20.4863
21.9048
20.8017
21.4866
21.4794
21.3001
21.2978
21.7105
21.8376
21.8757
22.1958
21.9672
22.4568
21.9037
21.5367
22.3737
23.4672
22.1678
24.1237
21.7361
23.3845
22.7499
22.7753
22.0235
21.1526
22.1816
22.0020
22.9696
21.5529
21.2706
22.1665
20.9158
22.6883
20.6365
21.4720
21.0745
22.2022
22.6203
23.9520
22.3271
22.0826
24.7595
22.1022
22.4881
24.2816
23.3710
22.8901
23.1426
23.3073
21.0847
20.8000
21.2264
23.2656
22.3639
21.4711
21.5128
22.5778
22.3479
22.6421
23.3770
24.9950
22.2121
22.2590
23.4208
23.7725
26.0799
26.1530
25.2051
24.3560
23.7071
21.6873
22.3197
22.9322
21.5153
21.7623
20.3095
22.4580
22.4917
22.8213
21.2695
20.3077
20.5502
22.3184
20.8232
21.3852
23.4654
26.3072
23.7593
23.3576
23.3118
21.8696
25.8325
24.5341
24.9652
24.4041
22.5262
22.9941
22.7140
21.0582
22.9347
20.4571
20.1330
22.4345
22.2738
21.5424
20.5041
21.9010
21.8338
21.0720
22.3478
22.1043
22.0654
21.0247
22.3081
21.0427
22.7385
22.0340
21.9562
21.4534
22.0009
22.5808
21.6890
23.5393
22.1889
22.2795
22.0199
22.6659
21.1417
21.1114
21.4129
20.3493
20.9957
21.1725
22.2256
21.9047
22.3070
22.1763
21.1431
20.4220
21.8954
21.3945
20.4411
22.8891
22.0636
22.7561
22.8922
22.0057
20.3700
21.1324
20.1832
21.0922
22.9049
21.7387
20.5847
21.8205
21.4951
25.2220
23.9961
24.9735
24.6938
24.6063
25.0850
26.2921
26.7450
22.5458
23.0262
23.9515
23.2390
23.3679
23.7204
24.2816
23.8802
25.0018
23.0134
24.5861
24.2201
25.1853
25.2086
26.5780
24.5284
25.1374
26.2879
25.0273
25.6306
23.4245
24.4237
24.1404
24.5116
26.0039
24.4955
25.4977
25.3242
25.8342
24.5888
24.4244
24.2097
24.8458
24.9623
24.6873
24.7073
25.3622
23.0610
22.9787
22.6596
21.8306
22.7839
21.8293
22.1984
22.3357
23.9570
24.9007
25.4489
25.8669
27.6624
23.8341
24.5168
24.8632
22.8646
20.8866
21.1625
20.3790
21.2171
21.2707
20.4563
19.2286
19.5213
18.6203
18.2790
20.7342
20.8781
21.1206
21.1599
20.6059
20.1359
22.8593
21.7057
21.8066
22.2746
21.3223
22.1783
21.6848
23.4754
24.2358
21.4802
22.4821
21.0565
21.4604
21.9821
22.0528
22.7235
23.9353
21.1377
21.4416
20.2120
22.4239
21.5780
22.5841
22.2660
22.7971
21.5552
22.3167
23.4592
23.2897
20.6777
22.0008
20.3016
21.2185
21.0335
21.2669
22.1211
22.4144
23.3414
20.3329
21.1615
22.7355
22.5012
22.4762
21.9842
20.7406
20.4359
22.3880
23.0030
21.3769
21.0699
20.1293
20.5294
20.8265
21.5635
20.1770
22.4377
21.1412
22.7581
22.3057
22.2247
23.1784
22.8837
23.3051
25.3130
22.2131
21.5237
21.4727
22.1967
21.6876
22.1113
21.6836
23.5584
22.9754
22.5223
22.5020
22.0532
22.2288
22.5283
21.9970
22.6302
23.1086
22.7403
21.8855
21.4720
21.9465
21.5575
21.4660
21.1579
20.9372
21.5470
22.0471
23.6146
23.6324
21.3648
22.3943
23.5092
22.6816
23.5655
22.2932
22.6041
22.1660
22.6940
21.9604
22.4105
22.4422
24.8707
25.2213
23.5199
22.2198
22.1603
22.3564
22.1805
23.0307
22.6183
21.1224
20.3396
21.9373
21.8473
21.4425
22.8061
22.9237
23.4671
22.8618
24.2424
23.3290
22.1546
20.8936
20.8868
22.3452
21.0983
20.6580
20.6688
21.5840
22.1468
21.7869
22.7704
21.4098
23.2578
24.0150
21.0774
22.4515
21.8413
21.3710
20.8257
21.7755
21.5484
22.4751
22.3776
21.0390
22.5031
22.1547
22.2343
22.4761
22.1462
22.1475
20.9356
22.0133
22.2468
21.0791
20.7217
21.2304
21.4405
20.3162
21.2597
21.0886
21.9388
21.5545
20.9538
22.3467
20.3165
21.3324
21.9824
21.7083
21.7476
20.3673
21.4753
19.7835
21.1913
21.5091
22.0816
21.5711
21.6986
20.8838
20.7564
20.7094
21.4636
21.0658
20.9192
20.8668
20.7752
22.2575
21.7591
20.6651
19.9176
19.2853
20.1652
19.5919
19.7287
18.1712
17.9747
20.5394
20.2139
22.1638
20.9514
20.7897
21.7795
21.6745
21.4922
22.1574
20.9655
21.6011
20.3800
20.7166
21.7213
22.9985
23.1557
23.5810
22.5136
23.1949
22.1474
21.5525
22.2926
21.1800
21.1700
21.9544
21.5013
22.3912
23.5940
23.7584
22.4960
23.2341
21.3199
21.9113
22.0675
21.0470
21.2902
21.4451
20.6558
22.1995
22.1390
21.0780
20.9717
21.7557
22.7077
22.7452
22.5998
22.2406
22.3845
21.4483
23.6259
23.3683
23.0982
21.9470
22.1096
22.0284
21.1389
20.5331
20.5726
20.9034
23.8942
21.9281
21.3143
23.4381
21.7745
21.2127
22.0357
20.7963
20.7667
22.0752
21.3626
22.1482
21.4038
21.9788
23.1017
21.5989
22.8060
21.8385
22.0540
22.9551
23.7444
21.1791
22.2220
21.7204
23.0857
22.2867
22.0697
24.2601
24.4553
22.7915
22.6673
21.6449
20.8242
22.4973
22.8763
23.9279
21.5145
22.0885
22.3792
22.9365
21.1918
22.1657
23.1815
22.3672
21.6923
22.6400
22.1415
21.2786
20.9442
21.7959
20.4641
22.3180
22.9173
22.4518
22.8678
23.1858
20.9989
21.1704
21.6944
21.7339
21.9264
22.2662
21.7478
20.8451
21.3477
22.4781
21.8892
21.5372
21.4937
22.2134
23.6933
24.1775
21.3087
21.0238
23.9767
22.2789
20.2660
24.2047
22.8895
24.0746
23.5433
21.8553
22.0020
20.7127
21.7872
22.4427
20.2693
19.7465
19.6099
21.0124
20.8115
21.6424
22.9473
23.1885
21.8122
21.6968
22.0797
22.1737
22.4454
22.4722
21.6043
22.6486
21.7384
22.7605
22.3023
21.9305
22.0508
21.5065
22.0094
21.1644
19.4545
20.3934
21.3095
21.6850
20.7105
21.0296
21.2543
20.7473
20.5874
22.2644
23.1071
22.1022
24.1317
23.6389
22.3441
23.0522
23.4917
21.9041
20.6017
21.7136
21.8788
20.8577
22.0656
23.3192
22.6804
22.5214
21.9366
22.2566
21.1563
21.8188
21.6995
22.1028
21.0748
21.7212
21.9487
23.0706
23.7057
22.9026
24.5034
25.7199
25.6695
25.9984
23.1938
25.5807
24.2967
23.4112
25.1555
25.6065
25.0783
25.4834
25.9205
26.6789
25.1351
25.4672
23.4195
22.5950
24.6449
22.7191
23.5046
23.7210
25.8068
23.9571
22.1697
22.2863
20.8224
22.4015
23.8913
24.7157
23.0010
23.4775
24.3965
21.8758
23.0245
23.8119
21.7280
21.6132
22.5811
21.5466
25.0960
22.9444
23.1232
23.2062
22.7946
22.4585
24.4828
24.4241
25.0895
24.4074
23.9152
23.5749
23.5083
20.5076
20.6191
21.1680
21.9959
22.0656
22.2511
24.2350
22.9223
23.6130
25.7075
24.8502
24.8133
20.2610
21.1285
22.2371
22.5541
21.0910
22.7631
21.8778
21.8312
20.5910
20.8221
21.2490
22.8776
23.2077
22.4581
20.9405
22.2797
21.7244
22.4209
22.3597
22.5680
21.8524
21.5883
22.1681
22.5738
22.0211
22.4302
22.5374
22.9425
23.0856
25.3853
23.6252
22.4842
21.1844
22.9859
22.8533
22.6807
23.6482
23.7363
22.6512
20.9709
21.4735
21.4048
20.4404
20.2848
23.0886
22.0042
21.9843
22.8497
22.2882
21.1885
21.8772
19.8790
21.1338
20.8077
20.8418
18.9490
19.4063
20.8071
19.4345
21.6493
21.2317
21.4631
22.6472
20.9777
22.0607
22.0887
22.6647
23.5249
22.4379
21.5547
23.3770
24.3040
24.7925
25.8332
24.2554
22.9927
23.7213
26.4909
24.0931
23.8809
25.1618
22.8069
22.4380
23.1935
22.1870
22.3141
22.1351
21.5090
22.0514
21.2942
23.2668
22.2982
22.9749
22.6587
24.1543
21.9609
23.6905
24.9130
23.1560
23.1061
22.8785
23.8626
24.7337
24.2632
26.2016
23.7108
23.3393
22.7739
21.6865
22.2358
22.6526
21.6841
22.5638
21.6054
19.8011
21.8320
21.9151
21.0309
23.1980
22.2504
21.9034
22.8287
21.8794
22.0304
21.5450
21.0416
21.2871
22.4859
20.8730
21.9420
22.1101
22.2603
21.4098
22.4750
23.2502
20.6547
21.1183
23.4401
22.5740
22.3335
21.2974
22.7812
21.5687
22.2374
21.6803
20.9930
21.6679
21.0716
20.5543
21.1107
22.4706
21.1475
20.8124
21.9877
22.3245
22.7760
21.4511
22.4740
22.3879
21.1986
21.7564
22.2706
22.0642
21.4768
21.4886
22.3416
21.2272
23.0245
22.6293
25.0946
22.8127
23.0583
22.8880
20.4234
20.2877
20.6523
22.4386
21.7688
22.3852
22.8528
25.2437
21.0240
19.3178
19.3404
20.0072
19.6500
20.2678
20.8899
20.4193
21.4900
21.4410
23.2256
22.5313
23.0399
23.0976
24.0804
22.5475
21.7406
21.7356
22.2260
22.4768
21.5225
22.5468
23.7588
24.4609
24.1770
24.5376
24.5294
24.4109
23.0465
25.2239
26.1152
25.4808
22.9966
23.7315
23.7836
23.3617
23.9798
25.1549
23.8841
23.5001
22.7901
22.8296
23.7449
23.7692
24.1389
22.5537
21.3510
22.8743
21.8782
22.5962
21.3572
20.5097
20.6146
22.2125
24.1977
20.8334
24.3133
26.8475
26.1268
24.1864
24.0798
23.3108
21.7308
23.6602
23.5766
21.8022
22.8505
22.2159
23.9630
23.3783
24.0345
23.1609
25.1302
25.0771
21.6666
22.4121
20.5376
24.2699
22.6484
25.6455
25.5057
24.3048
26.8362
24.8188
25.2323
23.1351
24.9132
24.8013
25.0980
24.3373
23.9298
23.4862
20.9019
22.8018
22.7317
22.2901
21.9608
20.9561
22.2380
22.5133
23.1632
22.5745
21.2774
22.7605
22.5455
22.5829
20.7269
22.1169
21.9724
20.8329
20.2169
20.9342
22.4573
22.6096
23.6444
24.6422
23.1032
23.0622
24.1510
25.1743
22.5710
20.9672
22.1884
22.8097
24.4450
23.9374
24.7451
25.8090
23.5898
22.6758
23.2611
23.4447
22.7723
21.7910
21.6959
23.4530
22.4527
24.2138
24.3394
23.8725
24.7228
25.5988
23.6242
23.8787
22.5029
23.4483
22.9122
21.4738
24.0203
21.6855
22.0717
23.7763
22.8934
24.2431
23.1908
22.9667
24.0647
22.8504
24.8549
25.5429
25.6842
21.9516
21.7944
23.2228
22.6146
22.7039
22.7198
21.6878
24.4427
23.0214
23.5048
24.0413
21.9091
22.4427
23.0380
21.1612
20.7399
23.3087
22.5889
21.8745
21.7198
21.1329
22.2487
22.3594
22.7536
23.8687
23.0386
21.1498
22.9511
24.0572
24.0809
22.2947
22.6523
22.1819
20.7506
20.8493
23.4214
22.3980
22.8190
21.4272
21.7925
21.2767
24.3470
24.0189
22.6451
22.4074
22.3089
23.9021
24.1570
23.5367
22.3574
25.3611
22.6747
24.6784
23.4530
23.9971
24.9295
21.6224
22.6778
22.7384
23.1586
22.0471
23.6739
22.5114
22.1836
22.5341
21.3490
23.1308
23.9581
22.4873
23.7954
23.5181
23.3285
25.8425
25.3518
24.0993
22.3379
22.1149
22.4098
21.0742
22.8308
22.5910
22.4544
22.3736
22.7124
23.7894
23.5993
22.7873
23.3192
22.4653
22.6278
24.4014
22.4493
23.4480
22.9463
21.8623
21.8892
20.8317
22.0576
21.1153
20.2847
20.7869
21.3404
20.4171
21.8355
20.8607
22.3359
21.4869
21.6042
21.2508
21.5665
23.3284
23.7153
23.1641
22.2340
23.2038
22.4265
20.7105
20.7234
21.8993
21.4582
22.0650
22.7066
22.4363
22.9746
22.9848
21.5486
22.1373
21.2836
23.2552
23.8356
21.9227
22.5702
23.0214
23.1193
24.3515
22.6718
23.8136
23.4506
22.2597
22.2286
21.4494
21.2819
22.6687
23.0913
22.2764
22.3221
22.1834
23.0452
22.1530
22.4723
23.4630
22.0735
24.8650
23.8769
24.8558
19.8351
21.1152
20.7304
20.9689
21.6958
23.0461
23.4652
23.4145
21.9400
22.9549
22.2044
22.0488
22.7919
21.0355
22.1160
22.7582
22.6821
21.8924
21.6524
21.0453
22.3538
22.6680
23.3404
23.8300
21.8804
22.5044
23.4587
22.1485
23.3846
23.6695
24.1359
22.4263
21.9137
20.7277
21.1752
23.0771
21.5132
21.2299
23.0591
24.8930
22.4020
21.0146
21.7871
22.1790
23.0675
22.5993
23.6736
22.4657
24.2618
23.1573
25.8046
24.6597
21.5354
21.5410
22.7170
21.9034
21.8625
22.9246
22.8066
23.7225
22.9863
22.7797
22.1003
20.6507
22.2447
22.4656
23.1363
23.6000
22.8395
23.6522
23.1631
23.5343
22.6588
21.6556
21.2902
21.0486
23.9186
20.2448
22.4055
23.2537
22.9781
22.7849
21.3717
22.0930
21.6813
21.7695
23.1171
25.0961
22.8400
23.1867
21.3033
23.2985
24.7316
22.8525
21.6985
22.1687
23.3549
23.9339
23.0469
22.7635
22.2555
21.0318
20.9092
21.3931
23.8332
23.1106
22.9586
23.8377
22.5704
23.4891
24.5109
21.7701
22.1683
22.7154
22.5702
21.2428
23.2310
23.2595
24.4858
22.8988
22.5853
21.2521
24.2930
22.7154
24.0677
22.3186
22.4167
22.4638
22.7406
22.3707
22.9987
23.0023
23.7977
20.9143
21.0726
24.4842
22.8033
22.5676
22.8466
22.3897
24.6795
23.0992
22.5574
23.8838
22.7246
23.9231
22.8747
22.7440
22.4390
22.5033
23.3684
22.8824
21.9536
22.0561
22.6860
20.9467
22.7490
23.6376
22.4657
23.6851
23.1045
23.8212
23.4664
22.2853
23.3609
23.1593
24.0314
22.9817
23.2203
22.2744
24.6553
25.5983
22.8069
22.8969
24.5414
22.0450
21.8249
24.1312
22.9005
22.8231
22.4589
23.6204
23.7925
25.7147
24.6679
24.7915
24.8392
23.0467
25.5669
24.8740
23.7782
23.1178
23.0978
22.6506
22.9233
23.1278
23.4454
23.3528
22.6211
23.1039
23.4162
23.0444
23.2657
21.0043
21.0052
21.1117
24.2502
24.2272
23.8453
21.2942
22.5782
20.8421
23.6303
22.5628
21.6172
21.7777
21.3811
21.6729
23.0964
21.5516
20.6749
20.9937
22.5125
21.5498
20.7119
20.5741
21.5762
22.9340
23.0032
22.6721
23.3822
22.2162
22.0204
21.0869
21.3005
22.1910
22.5795
23.4993
23.0255
23.6103
23.2247
23.2373
23.6128
22.1034
23.8268
22.8847
20.5904
23.6129
23.6872
23.0828
22.1617
22.6897
23.4001
23.5651
22.8101
23.5003
23.7846
23.7668
25.5759
23.6224
23.6979
22.6783
21.9977
23.0425
23.1611
21.9466
22.9787
21.3092
23.9208
22.4696
21.8833
21.9933
22.1422
20.6796
21.7108
21.2581
21.2247
20.5801
21.1139
22.3259
22.0641
20.4065
19.1339
19.4917
20.3141
19.4694
19.8091
19.1036
20.4371
23.0314
22.2475
21.4637
20.9233
21.1004
22.2568
23.0550
20.1744
20.4471
22.7548
23.0846
22.5117
22.4385
22.6395
22.1340
23.4880
21.4820
22.2816
21.2667
21.1430
21.6065
21.9876
22.9295
19.5773
19.5880
19.1430
20.3057
20.2822
19.3779
19.4749
19.3691
19.2408
19.2730
18.9612
20.0886
19.8980
20.2516
20.1469
21.5722
22.4082
22.9646
23.7912
22.0457
22.3626
22.6881
24.1343
21.5249
21.8195
22.0605
21.3181
20.2715
18.9977
20.7589
21.3169
20.4964
20.7553
18.9532
19.4348
19.1871
19.0627
19.6405
19.2752
19.1074
19.8315
19.9213
19.4748
20.1716
19.5881
19.2660
20.5805
19.2975
19.8581
19.6436
19.7725
18.4884
19.1984
18.8382
18.6172
19.3891
19.9784
20.1862
20.3437
20.8909
21.8181
23.2222
21.5527
21.4491
21.5292
21.1816
21.8621
21.3092
20.2294
20.4756
21.1115
20.2798
22.4994
22.7032
22.6686
21.9657
21.7511
20.1876
21.0376
20.2456
21.3770
20.7279
20.9289
21.9671
23.7583
24.2506
23.1925
21.3033
20.9532
22.5999
21.7945
22.3416
21.9964
21.1382
19.9447
20.6681
19.1927
20.0958
23.9880
22.9065
23.7551
25.6261
23.5926
23.7456
21.4156
21.1868
21.0531
21.3750
20.3961
21.2271
21.4096
20.8200
20.9528
21.5687
21.5550
22.8252
23.9152
21.6884
22.2891
20.5601
22.3130
21.5638
22.1407
23.0241
21.4317
23.2286
22.3124
22.1050
23.8187
22.3699
22.1322
22.3945
20.8089
22.0523
21.4978
21.6705
21.9622
21.9240
21.3350
22.0303
22.0455
22.4092
22.3271
22.0003
21.1843
22.0148
21.5189
20.7323
21.6822
23.8047
23.2558
21.6471
23.1612
22.9767
22.3127
22.4061
20.8581
20.5636
20.3531
21.3154
21.4459
22.0323
21.8663
22.1160
22.4451
21.0965
21.2746
20.3844
20.3369
20.8767
20.2175
20.6345
21.9518
21.8842
21.6591
21.1377
20.9870
20.3281
21.9084
21.7326
20.7404
21.8822
22.5451
22.6639
23.5569
22.2219
23.2321
24.9429
25.2216
22.8420
22.5090
21.3325
22.5830
22.7590
23.2118
22.0917
22.6961
22.1577
21.5438
21.9788
22.0386
21.7283
22.0176
21.9504
22.2224
21.7635
20.6662
21.8089
20.3809
21.3775
22.8584
22.5886
22.4910
23.4097
22.3896
21.9079
22.1386
20.8848
23.8992
24.3854
21.1825
21.5777
22.6496
22.4720
22.9155
20.1414
21.3349
22.3025
22.6192
21.2130
21.7409
22.4411
23.5600
23.3843
23.8469
21.9937
23.1291
22.0376
22.0457
21.7854
24.4130
22.7453
23.0779
22.0164
23.3532
22.1624
22.4420
22.1684
23.0401
22.4234
22.0229
22.1529
20.8062
22.1383
22.4605
21.1469
21.1404
19.5779
20.4068
20.4892
22.2986
21.9228
21.7666
21.1975
23.0848
23.6191
21.9604
21.0380
19.8510
18.7492
19.2841
18.6009
19.7020
19.4119
19.7227
19.5153
20.7981
21.2840
22.7763
21.2411
21.9677
22.8129
23.2503
21.9422
21.5837
20.7892
22.4656
23.0498
22.3704
21.6947
21.5247
20.6215
21.7375
21.7210
21.9202
23.9484
22.3887
21.8682
20.3234
21.1968
21.2711
21.3880
21.6035
23.5443
22.0308
22.8770
21.1581
20.9644
21.1772
21.4419
21.3366
22.0604
22.1976
23.1899
21.5363
21.9524
21.7438
23.1692
21.9520
20.1987
21.1515
23.2866
23.4148
23.5713
22.1702
21.5597
21.6355
24.3144
23.0324
24.5174
24.0184
23.2482
21.7751
20.3981
22.1895
22.8878
23.7468
22.7637
23.9229
22.3523
21.8684
23.2492
22.9120
20.8272
22.3359
20.9615
21.2864
21.8443
22.0647
21.4066
20.6562
22.3134
21.5489
22.3257
21.7865
23.5661
23.5880
22.5038
21.9319
22.0120
21.1980
20.7054
19.5904
20.4883
21.4039
21.2564
20.2950
20.5025
21.0606
23.0250
24.2412
22.8280
20.3483
21.0720
23.8758
22.9903
22.8752
24.6147
22.8546
22.4952
23.5638
22.0527
23.9141
22.8778
22.7714
21.6324
21.2439
19.7529
20.2767
20.8630
21.7489
22.1367
21.0125
21.0876
20.9784
20.4648
19.6076
23.3525
22.4166
22.2415
22.5029
20.3891
21.7017
22.8146
21.5360
21.3430
21.7078
20.7937
22.7067
20.7734
24.3234
22.4976
23.1233
21.8004
21.1148
22.2265
25.0634
24.9682
21.8104
22.0549
22.5199
21.6545
21.4330
20.9368
22.0420
23.5233
22.2769
20.5901
21.5466
22.3384
22.8822
22.8159
20.8212
22.7349
21.8179
22.7572
22.7125
24.5942
23.4692
21.4855
24.3081
25.1572
23.4694
24.0771
24.7022
22.0885
22.0989
22.5760
22.4949
22.8463
21.0720
23.1247
22.5592
23.1283
23.8532
23.3794
22.4669
22.8267
21.5989
23.5192
24.6958
23.6119
23.7157
23.0595
24.3020
23.3008
23.4469
21.0430
22.1076
22.4734
22.5767
24.7881
22.6480
21.4295
21.5371
20.6399
22.1076
22.7887
23.0568
21.8817
22.9410
21.2072
21.2176
21.2569
21.0560
21.6337
21.3346
20.2339
21.3949
20.5761
21.4296
23.3980
21.5412
22.5259
21.8532
21.4439
21.7388
23.2871
22.7419
22.7473
22.5353
21.6285
22.8882
25.4193
24.6918
22.4299
23.7155
22.3006
21.9547
23.6184
23.1456
23.8040
22.5868
23.6826
22.1114
21.7580
22.5109
22.4870
22.5857
23.6080
23.0096
23.2348
23.6799
25.1343
25.2313
25.9003
23.5472
27.0829
25.0466
23.7004
26.1881
25.3029
26.2952
25.7753
26.4997
24.1330
24.4244
25.2191
26.8345
26.7138
27.1782
23.9152
23.7751
23.4112
24.8314
24.8000
24.5797
22.5725
25.0043
25.2610
23.4574
24.5433
22.9499
22.4094
23.6869
21.8247
21.4676
21.3923
22.6235
22.0373
24.7666
22.1898
22.8763
23.8803
24.2691
25.9392
23.7348
25.2431
23.9561
23.1733
23.4125
25.5732
24.4346
26.0625
25.0873
26.5723
25.2312
26.0850
25.5499
25.0719
23.5883
22.6753
25.2204
22.7552
21.6624
22.2628
21.1890
21.7093
22.6548
22.8703
22.8297
22.4350
23.6315
22.0337
23.8646
21.3732
23.2949
22.4911
21.5603
21.9415
23.6171
22.1321
21.5193
22.9981
22.5396
23.3075
24.6468
23.7342
22.9323
24.3527
23.8265
22.4222
22.1640
23.0161
23.7278
21.1558
21.7429
21.6503
22.2637
22.7805
21.5708
21.3901
19.7837
21.7645
24.6922
23.4198
23.0189
23.7137
22.4181
26.4685
25.6477
24.6298
22.7259
23.5514
23.6455
22.4016
22.2677
22.4248
23.0523
22.5568
21.7547
23.5780
24.0141
22.6379
22.8122
22.8254
22.7643
23.5772
21.3400
23.0289
24.0777
24.6928
22.6846
23.4119
23.0750
23.3063
24.2574
23.2080
21.8355
22.7846
24.1471
23.6574
23.9497
23.7417
23.9266
22.9763
23.7668
22.1814
23.4983
25.3871
24.0369
22.7652
24.4599
22.7351
22.0546
22.1973
22.5583
22.6493
23.8691
23.2818
24.9579
23.1459
26.2851
26.9596
27.7621
27.1899
29.0323
27.0938
24.0968
23.4534
22.7767
22.8486
22.6722
24.0673
23.9763
23.5321
20.4060
21.9623
24.0194
23.0232
27.4248
22.0853
21.4883
21.7996
21.7465
23.9617
25.4161
26.0523
25.5211
23.3624
25.3401
23.3336
26.2044
24.3290
20.5650
22.2780
25.0026
25.1418
23.3606
21.7207
22.5447
24.3217
22.2036
24.7570
24.0406
22.8946
23.7963
21.9814
22.4319
23.2987
21.9505
22.9941
25.7060
23.3883
22.6920
22.7657
22.3609
23.6747
21.3897
22.9993
23.3369
25.0945
23.9331
24.4247
22.8844
23.8649
21.6019
23.1312
22.7720
23.6844
23.3733
21.0249
22.5881
22.8586
24.8932
23.4991
22.3832
22.3843
22.6267
20.5710
22.6468
22.1132
22.0002
22.9389
21.6166
21.1829
21.1494
21.0314
19.5259
20.7246
20.9449
21.2990
21.0577
21.9228
23.4977
22.0902
23.7268
24.3566
23.4457
24.9590
25.4286
23.4830
21.6216
22.4069
22.4015
22.2474
22.0718
21.7784
22.9451
21.1325
22.2013
23.8504
22.5357
24.5751
23.4542
25.0171
25.8923
24.3669
23.3870
22.8435
23.7733
22.2723
25.1900
23.9072
22.9879
25.1366
22.5248
23.1005
21.0082
22.0587
24.0555
22.5331
24.6001
24.4498
23.2864
24.3185
22.6602
24.9374
23.4058
23.2634
23.9174
24.9391
24.2106
23.9810
24.4742
23.7310
24.5390
23.8458
24.5350
25.8072
25.1836
26.7880
24.4188
25.0638
25.1312
22.4656
23.9643
22.8147
22.9120
26.2197
24.7401
25.7732
25.0984
23.1048
24.2695
24.9512
24.7918
23.0903
25.5546
23.3752
21.9349
21.3264
23.1397
22.2566
19.5200
22.6107
23.2244
23.7145
23.5884
23.1453
22.8570
22.7492
23.4899
22.8745
23.5190
23.0198
22.9765
23.3303
21.2085
24.1486
23.1093
24.4104
25.0835
24.4545
22.8006
23.7480
25.2159
24.7709
23.3250
24.4174
21.3975
26.0697
22.5870
22.5369
21.3801
22.4034
23.8807
21.4318
20.6057
23.3808
23.2052
22.5670
22.3244
22.4115
21.7713
22.6273
23.0014
21.9626
23.6996
23.0558
22.4803
23.4830
23.0829
23.4842
23.7752
23.9455
25.4942
24.9648
23.6920
23.3472
28.2532
26.2099
23.0306
24.0355
22.8211
23.0390
21.6723
20.9269
20.3880
21.1901
22.1193
26.7662
23.1450
24.0321
23.5544
25.3177
23.9969
24.3293
22.5766
21.9633
22.6869
23.4867
23.3006
24.7686
25.0287
23.1593
22.5182
24.5871
23.1559
23.6087
22.7116
22.5509
22.7761
21.1092
22.7946
22.6216
21.2760
22.5364
25.6915
23.0754
23.0923
22.6254
25.7404
22.9095
24.2604
22.7253
22.2277
23.1058
24.0105
24.2957
23.5923
24.4573
22.9134
23.1329
22.5086
24.5758
23.8062
22.3476
23.2013
23.6623
24.4140
24.9519
22.5972
22.3592
22.6550
24.7672
22.5753
24.2769
23.2257
23.3224
23.6140
21.7352
19.0025
22.0764
24.5126
21.7112
21.8384
23.5495
22.3072
22.5998
23.0224
22.9194
23.3844
23.0112
21.7247
24.4364
23.6770
23.0822
23.7859
23.4835
24.4335
24.2275
23.1566
25.4324
26.2076
22.9826
24.4013
22.7609
21.9181
21.0574
22.1562
23.0182
23.2384
21.7014
22.5610
23.2605
21.6231
22.4066
21.4583
21.7204
22.9236
22.3985
22.7342
23.5015
22.7382
21.3015
20.1982
22.1985
24.4430
24.1454
24.8700
22.6796
24.4283
23.7758
22.8549
21.7905
26.0900
26.5217
25.5025
25.5434
26.7063
25.0947
25.6321
26.6865
30.3731
28.4577
27.3328
26.3264
26.4081
26.6837
28.8651
27.6725
26.5517
25.0020
22.8700
23.3274
25.6149
25.0865
25.0037
24.4609
26.3587
24.2430
26.6182
28.0180
25.9578
23.0772
21.5960
22.8987
21.5841
23.1612
23.2070
21.5171
21.9816
23.2657
23.0707
23.6305
22.1030
22.0782
22.2041
21.0415
20.7082
21.9914
21.8614
24.3182
21.8126
19.7909
21.9798
22.9986
22.3819
22.2144
19.4005
21.0625
21.4325
22.6155
24.7845
21.1929
22.4903
20.7616
22.4905
23.0528
24.2986
23.8383
23.7719
24.4115
26.7409
26.7377
25.2636
26.2479
25.1249
23.6651
25.5495
25.2948
22.7939
25.6041
24.1870
25.1446
24.3225
25.9798
26.2578
26.0737
24.3867
24.4199
26.7937
25.7153
25.1325
24.3012
23.0798
23.5822
23.9555
25.5788
24.2710
23.5542
23.7758
22.9599
22.8329
21.3755
22.6994
23.0393
23.9607
24.6485
23.7500
24.7435
23.0294
21.9029
23.8839
23.4854
24.8151
23.6826
23.8396
24.3484
21.6728
25.3449
22.2893
21.6037
22.5941
23.7346
21.7069
21.6455
22.1480
20.6750
22.7526
23.2527
24.8061
24.4362
25.1330
25.9201
24.7463
25.2449
24.1312
24.1234
22.3203
22.7133
22.9861
24.7241
23.3244
22.9098
23.8839
24.7203
24.9998
25.0776
22.9434
23.4556
22.1673
23.1989
20.9025
23.1595
22.6262
21.8316
21.7442
22.1281
22.9740
23.8137
20.4504
22.4730
22.4749
24.4275
23.0293
21.0944
22.9117
22.2207
21.5537
23.4263
22.3404
23.1923
21.9298
22.7360
22.2169
22.4756
22.9628
20.9001
22.1394
21.8208
21.8638
22.4063
20.9762
22.4112
22.3405
23.4827
24.4538
24.2196
22.1407
23.2902
23.7358
21.7025
22.3989
22.7932
22.6934
22.7890
21.2913
21.3857
22.2128
22.5205
23.1583
22.8983
23.1049
24.7494
23.7907
22.5476
20.9328
20.6797
20.7433
21.8300
24.4013
23.0227
20.6359
20.9531
23.4065
23.2331
21.6228
22.2291
24.1154
21.4310
21.9266
23.7155
21.2181
20.9805
22.4304
22.4222
21.8774
23.1758
21.1613
22.6711
23.1759
22.8192
23.0158
21.9120
21.5202
24.0150
22.7420
22.0647
23.1357
22.3693
21.8299
23.1875
21.7287
21.2842
22.1846
22.3461
23.0496
24.3968
21.6760
23.1271
22.7045
21.4911
21.4940
22.5119
21.1995
21.5443
21.6071
24.4777
24.0418
23.0157
24.8488
25.4917
24.7755
23.8816
23.7207
21.9396
22.8953
21.2841
22.6278
22.6255
21.0085
22.0851
22.5436
22.1125
22.0538
22.0793
22.5722
22.3331
20.9692
21.3269
21.9074
22.1071
23.1318
22.1118
25.1371
26.2614
24.2231
26.0463
23.9692
24.1988
23.5858
25.4026
25.9101
24.9273
24.6256
24.4498
24.6587
24.7038
24.9901
23.0721
25.1031
23.2794
25.7615
25.3851
24.9701
25.1051
27.3746
24.8315
24.5909
24.7929
21.5646
24.3939
25.1484
23.3071
24.7914
22.9506
24.8328
27.4155
25.2512
24.3353
26.3334
25.4338
25.4654
27.1791
26.7286
25.1618
26.1380
25.8705
26.3217
24.4638
23.2646
25.2077
24.5172
25.0080
25.6921
23.0341
20.6705
22.9482
22.0961
22.6186
23.7022
21.4227
22.4042
24.5789
23.2229
22.8309
25.0521
23.8599
22.1118
23.0283
22.9052
21.7775
23.2002
24.5378
22.9116
23.4121
23.7086
23.8338
22.9711
25.7169
22.8550
21.5630
22.1419
23.8962
24.4145
24.5798
23.0295
22.7735
24.6847
24.1793
25.4091
24.2358
22.4597
21.7132
23.3649
24.5402
23.6162
22.6744
23.4388
24.2003
22.7906
24.0016
25.9755
23.4189
25.1387
24.9797
23.8589
23.2942
23.7474
22.2395
21.2693
21.7289
21.9441
20.9744
21.2645
21.6390
20.4597
22.1186
22.1932
22.9084
22.6356
24.0237
23.9940
21.9352
22.1283
22.9886
23.4142
22.7816
21.7103
22.3077
23.7459
23.7793
22.5061
24.9289
23.7150
23.8757
23.2420
24.8957
22.8213
24.7234
24.8841
23.1923
23.5312
23.1407
23.4278
21.5714
21.7120
21.7311
21.8968
22.3781
23.5051
23.8129
22.7730
22.5974
22.8262
24.5739
23.3607
24.7878
22.7000
24.0402
24.9713
22.6347
21.6137
23.0620
26.3010
25.3217
25.7772
26.0867
25.7042
25.9247
25.4977
23.6827
24.0924
23.9354
24.1110
24.9239
25.0632
25.8435
24.6812
24.7425
24.4806
27.0664
24.1313
24.2292
23.7832
25.8468
23.8754
25.5422
27.3331
27.1201
25.2936
25.4157
25.2195
24.5931
24.4025
24.6461
24.7042
24.9487
25.8987
26.8177
25.8883
28.6019
26.7910
27.1294
26.4542
26.7455
26.2724
23.9946
22.4833
24.6590
25.4072
23.2495
23.5044
25.5884
23.5052
27.4190
24.1666
30.0921
24.8879
25.4823
26.0216
26.5488
26.4000
27.3100
25.1941
26.1651
27.4267
25.9052
25.5553
24.4039
24.7110
23.4836
23.6159
23.2341
23.9851
23.5898
24.4577
27.3083
23.7045
23.5717
25.9238
26.2637
24.5825
23.5041
21.9828
22.8267
22.9725
23.4348
24.5476
22.4992
24.4674
25.7935
23.1624
24.9614
24.8521
22.9330
23.3610
23.0369
22.2510
22.1862
21.2055
22.3189
21.5199
21.2828
23.4459
23.1730
23.3552
21.8996
25.1897
23.0467
23.1794
25.7730
25.8875
21.5312
23.2090
22.1209
25.9472
24.8167
24.7265
24.5997
24.3422
24.2011
23.5275
21.0520
22.5043
22.9266
23.4851
23.8751
25.1480
26.0384
25.8756
23.8440
24.1013
24.3160
22.8841
25.2717
25.1251
23.7794
23.1628
23.4908
25.0193
27.0509
23.5128
25.0820
23.4897
24.2424
22.5388
23.2381
22.8153
24.1637
26.6798
23.6959
23.0756
25.2148
23.6565
24.3514
22.3759
24.0370
23.1639
24.8244
27.7851
23.3496
22.8189
23.5493
22.9484
24.6135
22.9311
23.6758
22.4684
22.7979
23.1340
22.4021
23.6264
22.7666
22.5642
21.1647
22.8157
24.3098
22.3280
22.6949
24.9360
25.0636
23.5629
23.5926
23.3359
26.0837
24.7169
22.7355
23.7220
22.7453
22.6610
24.3770
23.8384
25.6585
26.9898
25.4992
25.0463
24.6172
22.5122
23.2829
25.1927
25.0377
25.1943
22.2669
23.9497
24.2824
21.9989
23.2454
22.3656
24.0190
24.3509
24.6953
24.7067
24.5083
23.9027
24.4049
25.1721
26.2215
25.2568
23.7848
22.9819
23.5341
23.9588
26.3254
26.2337
27.1372
26.4309
24.8396
24.6426
24.2097
23.8459
24.9325
22.9811
24.3945
24.4348
24.3224
24.2625
24.7442
26.0621
25.1714
25.9559
23.1899
24.3382
22.2369
25.2847
23.5641
23.5362
24.0867
25.7486
24.0453
24.6322
24.6323
26.1788
25.8124
24.6881
23.6177
23.0343
26.0255
23.8128
22.3522
23.6756
21.4691
21.6168
24.0230
26.8550
22.9687
23.0567
22.7297
22.5458
24.3469
21.7319
22.6578
22.1983
23.1179
23.2146
23.3528
24.4637
24.3352
24.1923
22.1636
22.2219
24.2434
24.9771
22.8913
23.5645
23.5549
24.1134
22.8789
22.6292
22.8764
23.5237
22.1001
20.1453
22.1356
22.9339
24.6428
25.3482
24.6379
22.4725
24.4407
23.9553
22.5564
21.4245
22.7129
22.0209
22.4717
22.1963
22.9486
21.3697
24.0159
22.8056
23.9323
20.8408
23.5236
23.1981
23.0144
23.1908
24.1196
21.5960
22.8738
20.7039
21.9391
23.5742
20.9420
22.1890
23.3989
22.9349
22.9686
23.4098
23.9203
25.4650
22.5391
25.1558
23.1063
22.8067
23.0278
23.6915
22.5296
25.0871
23.9208
24.0489
22.4784
23.2212
23.9592
22.4980
22.3172
25.0489
25.0706
24.5981
23.8283
23.6336
22.7760
22.7236
24.4522
23.2156
23.1737
23.3149
22.7372
23.8572
21.1396
23.9339
23.5896
21.4290
20.7770
24.3551
23.6017
21.8163
21.8617
21.1172
20.5750
20.8962
21.4405
19.3180
19.2560
19.4049
19.8383
22.9714
21.1479
22.8957
22.1520
22.2117
22.2013
21.8687
22.3124
21.0772
21.2359
21.5805
21.7872
19.9997
21.2649
21.1154
21.6746
20.8818
21.0895
22.3165
22.0505
21.4667
22.2570
23.1207
24.0992
23.5526
23.1930
21.1094
22.2023
21.7727
21.3620
20.8931
21.9702
23.1068
21.8472
22.3749
21.5420
22.0001
24.5279
22.3415
23.0082
23.0063
22.4818
23.0093
22.0927
23.0687
20.5365
22.5841
22.4082
23.1796
21.0555
22.0540
23.5913
24.0977
23.7643
23.3094
21.4953
25.3764
25.5794
24.5457
23.7505
24.3060
22.0083
22.4997
22.5922
21.2322
22.2162
23.3450
22.7832
24.0604
24.1471
25.6185
23.9817
24.3632
22.9693
23.7276
23.8979
25.0647
24.1175
23.9783
25.7792
23.6047
23.7195
25.6827
25.2004
24.2170
23.2929
23.7435
22.8807
24.5664
23.8627
26.5124
24.9833
22.6883
24.9005
24.4605
20.7144
22.0028
21.2430
21.7942
23.7848
22.7903
22.4625
22.9012
24.8086
25.6794
23.0874
24.0405
24.2317
23.1009
21.7873
24.1798
23.6626
22.8571
25.2739
24.4665
21.7682
22.5206
23.5793
22.6025
25.4585
26.2957
24.5164
24.6434
24.3902
23.5193
22.8120
22.4180
23.5640
24.2946
21.4756
21.4231
22.2627
22.0766
23.1202
21.7391
24.9718
23.2644
23.7963
23.4081
26.2135
22.7181
23.7923
21.5608
21.7384
20.3305
22.1977
22.8557
21.4384
23.9225
26.5745
25.2305
22.3167
23.6922
24.4248
24.1645
22.9972
22.7075
23.9380
23.8795
23.7632
23.2496
23.0507
24.4556
22.2510
21.9505
24.2024
24.2012
25.8606
23.5311
24.6078
24.0789
25.3079
24.2587
23.1446
23.2539
26.5601
24.8842
24.7254
26.7771
25.3076
21.6437
22.3335
25.5006
23.1066
23.5152
23.0028
25.1682
25.4077
24.2603
25.7268
23.2617
28.3144
26.2025
25.4420
25.0405
28.3758
30.0324
26.2951
23.9329
26.8054
27.8739
26.8608
26.1225
27.2681
25.3780
25.8994
23.7717
23.5430
24.0796
24.5367
24.9018
25.5257
23.8318
25.2359
25.3592
25.7794
23.5262
24.4906
24.1384
25.5195
23.2785
24.7419
23.5477
25.7544
28.0370
26.0121
24.9134
26.8048
24.3132
25.1234
25.4259
24.0953
24.1736
24.9419
26.3875
25.5710
24.5730
26.2827
27.3989
26.2601
24.2627
25.6113
24.4705
27.0598
27.5446
27.7974
27.1206
27.1930
25.8378
26.6613
27.9269
27.7418
26.5460
27.8042
26.4142
25.1548
24.9106
24.6382
24.4024
26.2391
25.9977
26.2873
27.4703
24.8363
25.9764
29.7906
28.9891
31.1662
30.1652
28.7775
30.9951
28.1014
25.7645
25.9079
27.9449
28.2096
28.5367
28.0967
25.8992
27.6158
24.9989
24.6296
25.0515
26.9266
26.4017
25.9448
28.2236
25.5756
25.9107
24.8315
26.3354
25.0632
24.3813
27.3346
25.1025
27.0553
24.2883
25.2853
26.0065
25.1673
25.5174
21.6316
24.1458
24.7648
22.6806
22.0303
23.3684
24.1352
24.7024
25.3061
22.8713
25.1291
25.1041
23.7933
23.6878
24.8172
24.5664
25.2906
24.8982
24.4662
24.6130
26.9377
23.6564
26.3312
23.8325
26.4092
25.5481
24.1336
24.4154
24.7470
26.8449
25.6910
25.5151
26.5179
26.3414
24.7291
24.9503
27.2990
27.6455
28.1264
27.5773
26.8301
26.3714
27.4927
26.6667
25.2531
26.7838
27.7839
26.3176
27.7631
27.5525
27.5811
28.6328
27.4217
26.4373
28.0322
28.6374
29.5372
26.5211
24.7396
26.6621
28.4725
29.2647
28.0420
26.5567
24.8287
26.2615
27.4123
24.7809
25.4036
24.8986
25.7088
24.8602
24.1995
25.6888
26.7877
24.5702
27.1145
25.4247
28.5184
25.7713
29.5971
26.0656
26.9750
24.2047
24.7173
24.0309
24.3081
26.0294
25.3963
22.8149
24.3007
23.8793
22.6432
26.4381
26.1675
25.1371
22.2723
21.9347
23.1730
24.8134
24.7672
24.1331
23.9808
21.6229
24.9556
25.1506
25.0408
24.2146
25.4524
24.4962
24.5945
23.5847
24.5377
23.4898
24.6464
23.4604
27.6920
27.0753
27.5058
25.9038
25.7679
24.5716
26.9812
26.5521
28.8781
25.7638
24.8307
26.6833
23.4865
24.4237
24.6447
27.4071
25.2958
24.9658
27.0073
26.0865
25.1362
26.5094
24.5013
25.9163
24.3767
23.9856
23.6386
23.7332
25.6541
25.3612
23.5545
25.1179
26.6336
26.7210
26.8298
26.4257
24.5453
26.1594
25.7075
24.0793
26.1801
26.1277
26.2814
23.4517
24.3826
23.4830
24.5403
26.4960
23.7167
27.9280
27.7563
27.1944
26.2136
23.8412
25.1593
27.5482
25.9335
23.7726
25.9430
25.7226
24.8861
24.3739
22.9893
23.8471
25.9027
25.0871
26.8963
24.9505
24.0820
24.8874
26.0170
24.2288
23.2527
22.5623
25.4274
26.6879
26.8466
27.2878
26.2842
25.4877
27.4129
25.5698
29.3425
29.0147
27.6014
25.9092
25.1982
28.0677
27.4043
25.9146
26.6975
26.5924
25.5500
23.0598
23.0643
23.7223
23.6902
24.0411
22.8162
23.2968
24.7271
24.7538
23.5788
23.3674
24.3126
25.9292
24.3168
25.5163
25.9661
23.3768
23.3992
23.3131
23.6757
25.9115
23.6627
25.4315
23.2822
24.8588
25.5340
24.3658
23.1183
24.3182
24.2380
23.3850
23.1038
24.4796
22.9366
23.0572
23.9499
24.3332
25.1262
26.7526
23.8234
23.4358
23.4163
23.7128
26.1912
26.5401
23.7943
23.8512
24.2253
25.2595
26.9278
27.4186
24.4715
25.6977
24.4263
22.7301
23.5396
24.0982
23.3848
24.1344
25.2577
24.3266
23.6126
25.8962
24.5257
24.7011
23.6301
26.1493
24.9986
24.0629
25.6559
25.7515
22.8860
23.5501
24.5961
26.6005
25.7509
22.9657
24.6054
25.0816
24.9831
23.7622
24.7127
24.5982
23.5709
23.9496
24.8664
24.6186
25.5207
23.9910
23.7443
27.7616
25.0246
28.4520
25.7695
27.5555
26.5490
27.1507
25.6563
26.9908
25.0286
27.9532
27.7241
28.0635
26.3163
26.8361
26.7097
27.7013
25.8837
27.3779
28.6340
26.4605
26.0351
28.4790
26.9832
25.5340
23.6624
25.4126
26.4936
25.1695
27.3152
25.4346
27.3458
28.5595
27.1317
29.0764
28.7962
30.2739
25.0952
26.7288
27.1637
27.1502
24.6394
25.6796
28.1299
25.0572
25.1821
27.6545
28.9553
29.2673
27.0372
25.8171
26.0642
26.3510
28.5433
26.5256
24.8838
25.9109
26.3196
24.5613
29.7708
25.3634
26.0391
26.6709
25.9658
24.2755
24.1231
25.7644
23.6681
25.4020
26.5728
26.9915
25.8350
26.6150
25.3228
27.0188
25.7145
26.1436
24.7308
24.1397
24.2283
23.5447
23.3046
22.2487
21.8655
23.2939
24.6580
25.9133
25.7102
23.6809
25.0512
25.7742
25.8531
24.8751
24.0133
22.8646
23.7481
22.5532
22.4272
23.6498
22.5278
24.8936
23.0189
22.1985
22.2126
26.2143
25.5969
26.2586
24.0397
24.3178
23.6320
25.1239
22.5715
22.9938
25.4890
24.1287
24.4387
24.8128
23.6877
24.0059
23.9135
23.9286
24.0876
23.9576
22.8401
24.4540
24.0041
23.9842
25.7413
24.6120
24.6195
25.8021
23.8398
25.7884
24.5656
27.1967
26.8023
25.8557
25.8420
25.1423
23.4686
23.8202
23.3306
23.1913
23.5396
26.0527
27.5472
26.3537
24.2555
23.7876
25.4388
25.5157
26.4348
24.6848
27.6896
25.7800
25.8448
26.4341
25.4019
23.9830
24.1813
23.2350
23.3017
25.6050
23.7969
24.3414
24.3904
23.3262
23.5771
23.8560
23.6092
24.8457
23.4262
24.2532
24.0339
23.6977
22.0845
21.9925
23.9280
23.8763
23.4060
23.3493
21.5733
23.8304
25.2666
22.1765
22.9720
22.1806
21.9895
23.7363
23.4599
23.3774
23.9671
23.6033
26.8734
25.4861
25.2634
23.4818
24.3313
24.7258
24.4545
25.4661
24.2875
28.1588
24.7334
25.1182
24.5473
25.5520
23.1160
23.5161
23.7722
23.8518
23.0196
22.9835
21.5854
22.6561
24.4653
22.9153
23.0896
22.5138
22.7798
24.1695
24.9946
24.6656
23.7219
20.9618
23.0136
23.3262
22.9049
25.2587
22.5946
22.8080
21.4319
24.0721
22.7779
23.0550
24.0727
24.4632
24.0890
23.3328
22.3490
26.8077
23.0197
24.3061
24.1474
24.8747
25.0802
24.7555
21.5333
23.1362
23.2813
24.1372
24.1959
26.4740
24.9116
24.0316
24.3589
22.9480
24.5975
23.3338
23.8695
24.6671
24.1635
24.8776
24.4211
22.9311
25.2838
26.1118
22.1070
23.7097
25.5222
23.4508
21.2134
23.7830
24.1106
24.9331
25.2283
26.1901
24.2679
22.0749
25.6205
23.6460
26.8662
23.2537
24.8639
27.7078
28.0587
26.1580
24.3959
24.6792
23.0749
23.4562
24.4598
22.9303
23.2692
22.6450
25.5016
26.0006
23.9797
23.5691
22.8698
23.6984
22.8795
22.2857
24.1004
25.4990
25.8566
25.9869
24.9043
25.6986
23.8222
21.6872
24.4498
23.2145
22.9370
21.2658
21.3022
22.5913
23.0341
23.5006
22.1418
22.3514
23.6707
23.8268
25.6055
25.3969
24.2627
24.3104
25.8551
26.9374
26.0258
28.0100
26.2093
26.1946
23.7013
23.0051
24.7539
24.5369
24.1504
25.2798
24.3580
24.2338
23.2135
22.5436
24.7733
23.0279
23.6538
23.0714
24.5577
24.6493
21.7001
23.6817
25.0510
23.9069
24.5234
23.4171
22.8786
22.8096
24.1686
25.1135
26.1828
24.4145
27.2995
23.9842
26.0924
25.7546
25.4324
24.6727
25.0708
23.5863
24.6205
25.9192
25.2002
27.1405
24.0090
24.8312
24.3123
26.1424
26.4132
26.8473
25.2247
26.4101
27.5364
27.4986
27.6702
26.6241
27.7044
25.4530
26.4791
25.7089
26.0354
28.6229
27.8138
27.2528
25.4644
27.4985
26.3403
29.2580
25.0495
26.6646
25.3598
25.0916
26.6792
27.2452
25.2281
23.1998
24.6763
23.3315
22.3307
23.6419
22.7307
23.2826
24.8997
23.4140
25.0369
24.3474
22.5437
24.8271
23.0962
25.8867
24.4152
23.8448
25.1213
21.8039
22.1651
22.2522
22.4654
24.0990
22.4477
21.6468
24.9332
22.7508
24.2841
25.8197
23.5503
23.7968
23.4661
23.8766
22.6868
24.9616
23.6290
23.7248
22.7045
22.0909
23.5075
22.4128
25.5840
24.8318
23.6836
23.4442
25.1988
24.1649
25.2274
22.3717
24.0071
24.9935
23.4886
22.9864
22.5420
22.8112
23.5252
24.0181
23.5985
24.5917
23.2970
22.6573
25.0730
24.3696
24.2589
23.9013
25.2001
23.9087
23.6996
24.7730
23.4425
22.1093
24.5462
23.9783
25.2277
22.5845
27.5952
23.4505
26.0285
26.2273
26.3905
26.0863
26.5959
24.6486
25.0955
24.4769
24.7035
26.9268
24.2022
23.4600
23.4034
24.2020
27.1244
24.1232
23.5416
24.6919
23.1283
23.3778
24.6699
23.6636
24.2853
23.8597
24.5721
23.3251
26.1318
25.1945
23.4393
25.1172
24.3230
24.9917
23.8413
25.3193
27.1721
25.2281
25.1424
24.1964
26.7122
25.9839
25.9754
25.7116
26.3009
25.3563
24.3950
26.5177
25.7386
25.3963
24.2004
24.0303
23.9737
23.3769
23.3806
24.5353
24.6061
24.4270
25.6210
24.5469
25.6152
25.3043
24.7645
25.3716
24.2886
23.2356
24.9690
22.6991
24.6567
24.8745
26.3473
23.3945
25.2253
23.0865
23.0687
24.0473
23.7055
23.9874
24.4886
23.6936
21.5805
21.8222
23.0846
22.5067
21.5828
23.6923
23.6768
23.5677
23.0207
22.5344
23.9670
23.8545
24.5289
23.1951
25.1856
23.7239
22.7965
24.9400
23.6302
26.2033
23.9069
24.1386
22.4563
23.4804
26.8308
24.1217
24.2967
24.7713
23.6269
23.2180
23.0896
23.7423
22.9079
23.0747
22.1143
21.6489
21.8974
23.3344
22.7779
22.3455
22.7247
21.8247
19.8435
22.0295
21.8054
22.3762
23.7001
24.4482
28.2576
24.9336
23.7909
24.9388
22.9877
22.9882
21.6249
26.3510
24.9104
24.4760
23.1864
22.8902
23.5392
22.9251
23.6626
22.1814
23.8197
23.7632
24.5468
22.9867
25.1316
23.3023
24.4747
24.3158
24.3255
23.1164
25.0572
26.1294
24.4346
25.7410
27.2172
23.3585
25.9443
26.0738
24.8500
22.8768
24.0678
24.8426
27.4422
24.2580
24.6733
25.8427
24.3376
27.3887
25.0061
24.5245
23.2564
26.0797
26.4048
26.1799
26.7877
23.7256
26.3446
23.6201
22.5044
25.0203
24.5315
23.6046
25.1748
25.4268
24.2750
27.6492
26.4740
25.2607
24.2956
23.4711
24.9770
24.6698
22.1460
23.5039
23.9011
22.8045
23.7936
24.5774
26.7936
24.3763
24.1191
24.2725
25.1043
25.9616
25.5943
26.8147
27.0864
25.1234
27.9622
26.3204
26.2777
27.3053
26.4001
28.8881
24.4523
24.7138
24.4717
26.4840
26.6352
26.4739
26.1751
26.3321
26.3877
26.2212
26.2808
25.1070
24.4997
25.7524
27.0962
27.5950
25.9600
24.7948
24.3170
25.3580
27.1653
23.4313
23.5064
24.0859
23.8909
24.6157
24.3629
25.5006
24.6464
26.2307
25.1715
24.9715
25.6322
23.8550
26.1958
26.7627
23.9392
26.0180
26.7487
24.6417
24.8846
25.4370
25.6856
23.8979
24.1735
25.6158
25.0080
25.5907
25.0109
25.0779
26.0223
25.1700
24.5015
24.5739
24.9321
25.5749
25.9155
22.9361
23.1787
23.5000
23.0813
25.2959
26.0181
23.9522
23.9916
23.6164
22.8882
23.3055
23.3277
24.0272
22.7779
23.7176
24.7940
21.6699
24.0233
22.5059
24.4422
24.4969
25.0797
24.7313
22.4998
26.0923
24.6662
25.6474
26.7020
23.6819
25.7407
24.9364
23.6819
24.7878
24.0719
28.4902
27.7298
25.8436
25.7385
24.3021
24.6099
26.7404
27.0937
24.9147
24.1135
22.3959
23.6430
22.4397
23.2167
23.8477
24.2171
24.0513
24.5594
21.0786
20.6077
22.5621
21.8221
23.2903
22.6943
24.1882
25.5336
22.8478
25.6755
24.2164
23.4387
24.0138
22.8993
23.2522
21.2537
23.5960
25.8081
24.6306
24.6450
23.4960
25.9097
23.6997
24.4562
22.2567
23.2320
23.5122
23.0522
22.0983
24.6974
23.9201
24.2584
23.0713
23.3090
23.3101
25.8894
23.2846
24.5058
23.9092
21.4913
23.1844
21.8451
22.8488
23.4541
23.4750
21.7319
23.3302
22.1097
23.3569
23.5307
23.4272
22.9285
22.0183
22.6967
22.3401
22.5087
23.5521
23.1100
22.3918
22.4370
21.6777
22.5223
24.7623
23.1395
22.1747
22.1806
23.3739
23.5660
23.3254
23.4552
24.6662
23.9256
22.1381
23.3500
23.6820
23.3938
23.7855
25.2572
23.9930
25.5156
25.0222
24.0371
23.1015
23.5964
23.8113
24.7453
22.2152
22.8033
24.1864
23.1526
20.8744
22.8218
23.5380
23.3906
23.7423
23.6490
21.6711
21.7443
23.3151
22.1091
23.4902
22.8691
23.4401
23.5032
23.9822
23.2120
24.1184
24.1784
22.3245
25.4293
23.8509
23.3762
23.8605
23.4891
23.5243
25.0533
25.2081
23.4051
23.3401
27.0302
26.6716
25.4714
25.6745
26.1580
26.1231
25.1441
24.1747
23.3979
25.4075
25.8662
23.6088
24.0939
22.3115
24.2888
24.5013
23.3416
20.9735
22.7629
21.6445
22.5801
24.1344
22.8041
23.3528
24.1104
24.0021
24.5824
23.3068
25.2881
25.8475
25.9951
23.9686
23.8932
23.2734
21.3802
25.4690
25.2330
24.9978
22.7095
22.7871
24.3778
22.2093
22.0129
22.9315
21.8994
22.2975
21.5379
21.3285
22.4918
24.4413
23.4397
24.2298
21.9013
22.9354
23.5280
25.0211
22.9714
20.0377
21.7743
22.6413
20.9664
22.2739
23.2429
22.3593
22.2708
23.0505
21.1877
20.7219
21.3443
21.6834
20.3655
22.9040
24.2040
22.8221
23.2839
23.9256
24.6112
24.5478
26.8272
24.2339
24.0027
23.6300
24.7734
20.7891
23.1610
22.4655
23.0078
23.3055
21.9771
21.8388
21.8608
21.9991
24.6506
22.2719
22.7690
23.4638
26.3071
23.1217
25.0627
24.2905
23.0694
22.3785
21.2404
21.8238
24.8994
23.4737
22.8890
23.0839
22.5166
22.7728
21.6185
22.4742
22.5773
23.8282
23.5365
24.6608
22.1268
22.4091
23.0332
22.8550
21.7525
22.8779
24.0553
23.4756
22.5282
23.0884
21.7866
23.0765
23.1924
25.7579
25.3585
23.9593
23.7212
21.8917
23.3112
23.3420
22.2629
24.2503
22.4478
22.5065
21.8693
21.1673
22.7161
24.4086
23.4410
26.0392
26.0911
28.0983
26.7978
26.9751
25.5229
24.0223
25.9469
24.3687
27.4312
27.8602
25.5646
27.5944
29.0365
26.8875
24.4185
25.9704
25.2515
25.1300
23.3176
25.1378
22.9613
23.2444
24.2263
25.1942
27.3757
24.8395
23.9019
24.2763
25.4349
24.8858
24.6709
24.6897
26.2071
24.7210
23.4219
26.0407
23.2827
22.9567
23.7237
21.9684
25.5438
25.0441
24.5390
24.7024
24.3315
23.6901
23.0753
23.5434
23.1661
25.3305
24.2152
22.0886
24.1704
23.7576
23.1119
26.2067
24.1716
28.9151
27.4884
26.0396
23.7478
23.5562
25.1846
27.5659
27.3527
27.1234
25.0897
25.0792
26.3130
26.2379
27.8931
25.7570
26.9171
24.8187
23.9940
26.8705
24.4744
25.4211
23.0997
23.4837
25.3943
26.5327
27.7717
26.9429
27.6428
27.3663
24.2267
25.0881
24.2327
24.2855
26.8398
25.6262
24.8384
24.5622
25.0256
23.6162
23.7521
25.1048
24.8825
25.6197
23.9497
26.0715
26.8461
28.2414
25.6597
25.2482
25.8773
25.6012
22.5880
24.3242
24.2945
24.2132
23.9830
24.0043
23.1226
23.6515
21.8018
21.3695
21.9397
23.0736
22.8704
24.8664
24.0540
26.5308
24.4433
21.6556
24.4755
26.4810
26.9168
25.0767
22.8524
23.9872
24.6628
24.8259
25.1845
25.0842
24.9302
23.4774
27.0697
24.5088
24.2495
25.1300
25.2963
24.1192
23.6654
21.5073
24.5564
25.0950
28.1187
24.5263
24.9741
23.3845
23.4420
22.0107
22.6756
20.7077
20.9314
20.1698
21.2525
23.5801
22.9793
22.8229
22.3783
25.9054
25.2081
21.7876
22.7117
23.5536
24.2560
23.2886
21.9252
24.1963
23.5692
23.6166
23.4509
23.5835
24.6192
24.0791
23.8627
24.2387
24.4583
24.5130
20.9500
22.6836
22.0728
22.3540
24.4634
22.9283
25.7468
24.5924
25.2462
25.4885
23.1279
26.1561
24.0080
23.2019
25.0477
23.1127
23.1716
23.7576
23.5782
25.2007
22.5110
22.9166
23.6871
25.0267
26.3746
26.0166
26.1081
26.4765
24.6633
24.9397
24.1819
25.1437
22.4432
24.8294
24.2143
23.6244
23.1465
24.0459
26.0034
24.1267
27.0413
25.9505
24.6400
