23.5790
22.6359
22.5849
23.0619
23.2897
23.0466
23.0857
22.2986
21.7114
21.4415
22.5254
23.1897
21.9986
23.4093
22.2859
21.8492
21.3759
23.6335
23.4956
22.8185
22.3382
22.8822
23.8340
21.8659
21.8611
22.1512
22.0115
21.5883
22.0166
22.6022
22.1245
22.1340
22.2701
23.3908
23.2154
22.3937
23.8920
22.9692
23.9276
23.0015
23.3630
24.5506
23.1378
22.7041
23.8735
23.2403
22.4879
22.5703
21.5575
21.7754
22.0009
22.9853
22.7948
21.9474
23.3769
23.7850
23.0408
21.0002
20.2813
21.7202
22.1939
21.2491
21.1235
21.5549
20.7544
21.1494
21.6509
22.1861
22.4532
22.2237
24.5638
23.1855
22.6376
22.1551
23.6002
22.1295
22.3143
22.1498
22.5726
22.8229
21.6413
22.3833
22.8342
22.7698
21.6962
22.5160
23.1962
21.6543
22.6955
22.5618
22.9885
22.8946
22.6618
21.7545
22.8807
21.5220
21.9204
21.7078
21.7695
21.6500
22.0686
23.9823
22.3166
21.0512
22.3984
21.9559
22.6674
21.2199
20.9679
21.3066
20.8711
21.7487
21.3406
22.3597
22.5142
22.4585
21.5640
21.5829
20.9717
21.8712
22.7878
20.8891
21.0623
21.7659
22.3210
22.0999
24.0526
23.1411
23.8241
23.2161
24.1797
22.8890
23.7632
22.9907
25.7293
24.7690
24.3760
26.0813
23.4084
24.4210
22.2660
22.3709
22.0937
24.6166
22.0814
23.4012
23.2188
23.6205
23.2741
23.1957
22.0921
20.9631
20.8378
20.9612
21.0142
22.3550
23.6777
23.7391
23.3351
23.1273
23.3263
24.2763
24.8520
23.1713
23.6401
23.5801
25.5046
24.0516
24.5196
22.8302
22.2406
22.8118
23.0535
22.8284
25.0302
24.8695
23.9044
22.4499
24.3016
24.1408
23.9037
22.1924
23.5940
23.4225
21.6575
21.3800
23.2730
22.3980
24.1101
22.4503
21.9239
24.3646
23.4734
22.0875
22.7348
23.4323
22.0855
21.6937
21.6044
22.9750
22.9867
24.6047
24.7022
23.0709
23.0593
23.1788
22.3007
23.0595
23.1490
26.6109
25.5005
23.7545
25.2914
22.5582
22.4189
23.7738
23.3798
22.6758
22.5483
23.0473
22.8173
22.5347
22.2079
22.1304
22.2283
21.6376
21.8766
21.2715
22.2350
23.0347
23.2271
22.0586
21.1049
22.4796
22.6257
23.0036
22.4296
23.0260
23.0756
22.9029
22.5969
23.3697
23.4458
22.9984
22.3267
22.7737
23.4838
22.6194
22.7354
23.9954
22.4775
26.2038
23.0297
23.1349
21.9575
23.7160
23.8996
23.8378
22.4248
24.3138
24.0762
24.3329
25.2087
22.9537
22.4818
22.7940
23.1352
22.9254
23.9207
22.4967
23.9765
21.8750
23.9514
23.4556
23.8256
23.4767
23.5295
25.8951
24.7063
24.6517
23.9044
24.1345
23.6572
22.5700
21.2286
21.6113
22.4573
22.9233
21.1356
22.2909
23.3484
23.2828
23.9708
23.3872
23.9458
23.9349
23.9433
24.1036
22.8912
24.5625
22.7842
22.4392
22.6047
22.1488
21.7570
21.9818
23.4012
21.9300
22.4031
21.2756
23.1225
23.2351
23.6000
21.7328
23.6994
24.2182
23.7170
23.1339
23.5166
23.8428
23.3827
22.4324
22.0442
22.9190
22.2302
22.2055
22.4097
22.7814
22.4714
22.2779
22.1544
22.5913
21.9658
23.4882
22.3448
23.2055
21.3783
21.7832
23.1787
23.1232
23.6718
21.7253
21.7435
21.2145
21.4839
21.7397
22.0150
21.5225
21.8332
22.3838
21.9136
21.2846
20.8002
20.8877
21.6246
21.5386
22.0573
22.5518
22.8469
23.3775
23.5958
22.2922
22.8256
23.1139
22.6146
20.6505
21.4510
22.0675
23.1289
21.7921
22.1544
22.7289
21.3286
22.4336
21.6826
21.4765
21.2813
21.9427
22.1949
21.1933
21.6090
23.5658
22.3586
23.7275
22.1269
21.4241
22.5601
23.1062
21.3296
21.1407
22.3190
23.8118
23.2602
22.2253
22.0916
22.4731
22.4439
21.8265
23.3273
23.4340
23.4796
23.8393
23.1244
22.1145
22.6970
23.0227
22.9709
22.9989
22.6586
24.1613
24.3051
24.5694
22.7702
22.9738
22.8689
25.6456
23.8375
22.3644
23.1616
23.5252
21.6698
24.6420
24.5724
22.9286
22.0273
23.4304
22.7064
21.1653
23.0037
24.3990
22.7002
22.7347
23.3076
23.7979
24.8194
23.7307
23.4863
22.6831
22.6009
24.2230
23.7072
23.6397
23.7452
23.7204
22.4907
23.0200
22.7806
24.1112
22.2606
22.9546
23.8402
22.5170
22.0436
23.0120
23.1157
22.9789
22.5407
23.6475
23.8104
23.9537
23.5507
23.9845
23.7411
22.7159
22.2212
23.8627
23.4871
22.8153
24.7955
23.4231
22.6206
22.7871
23.7157
23.7370
23.1021
21.5925
23.2964
23.0047
22.4610
22.4372
23.7033
23.6007
22.1787
23.0600
22.7074
23.1345
23.0407
25.1368
23.1028
23.6373
21.9664
21.3251
23.7564
24.6972
23.0470
23.5853
25.4681
23.1919
22.9418
23.0654
22.8467
22.5781
23.9102
23.1065
22.9898
26.1109
24.0037
23.2351
24.7161
25.2599
24.6440
22.1064
23.5399
22.8243
21.3505
21.7188
21.7130
21.6936
21.5447
21.8367
22.1666
21.9630
21.7742
21.3379
22.6807
21.4872
21.4930
22.7867
23.4614
22.6927
23.5351
23.5358
23.3027
23.6034
24.2307
22.6062
22.8895
22.6277
21.8968
23.3455
23.9559
23.2671
22.0899
22.6232
23.6033
21.8833
22.8631
22.0650
22.0953
21.9471
21.4057
21.3207
22.4668
21.9554
22.5487
23.7082
22.7905
22.5609
22.2829
23.3129
22.6487
21.7237
21.1369
21.3677
23.4767
21.6738
21.9498
20.9774
21.0303
20.1476
21.0887
21.7668
21.4509
22.3552
22.8315
23.1453
23.9315
24.0179
22.7796
23.7416
23.7592
22.5932
23.2334
22.0809
22.6467
22.9985
22.3737
22.0884
22.5209
23.4001
24.3484
23.0223
23.3117
24.6732
23.6711
23.6516
24.4629
25.5318
23.3100
23.0287
23.3889
23.4980
25.2406
23.5283
23.1568
23.0215
23.3940
24.0811
24.0030
23.0565
23.4690
24.5145
23.6541
23.1665
24.0019
23.3929
24.0208
23.3681
22.5219
23.4970
24.8520
23.7944
22.8463
23.1674
23.7828
23.1529
24.2564
24.0141
22.9350
24.4919
25.1135
23.2005
22.1331
22.6330
21.7695
23.0242
25.6957
24.6436
23.4665
25.1219
22.8117
22.1710
22.6309
23.2711
23.9190
23.2111
23.9327
23.7404
24.2336
24.8742
23.9193
24.5007
23.5968
22.8486
22.7824
23.7762
24.0424
23.1905
22.4793
23.8913
23.0557
22.8994
24.2553
24.2017
23.3984
25.1772
24.9007
24.2698
23.8646
23.8142
23.9146
23.2753
23.3048
24.3881
23.5591
23.8803
26.5926
24.1261
22.5057
22.7034
25.0413
25.6925
25.2666
24.2153
24.5705
24.3062
23.5165
24.6443
24.4664
24.1374
22.3723
24.9003
23.2633
25.2017
24.9007
24.3249
23.6571
23.0267
23.6435
24.1181
23.4769
23.5894
23.6858
23.6296
24.4660
23.0857
22.8570
24.1104
25.6057
24.7725
23.3049
24.1702
25.2666
23.4079
22.8915
23.5355
23.7459
22.9755
22.5252
23.3785
24.4036
23.1009
23.7763
26.1538
26.0483
25.2196
24.4031
25.9770
24.4089
24.1749
23.5810
23.6608
24.1217
24.0721
25.4429
24.3508
24.3661
23.9838
23.5349
24.0402
23.9846
25.1321
23.9079
23.6472
23.9371
24.0309
24.1865
24.5602
24.1514
24.0922
24.6243
24.6963
24.7644
24.0344
24.1341
23.0729
24.0215
23.6260
23.5522
24.2678
23.9617
24.3540
22.8925
23.0632
25.0650
23.5264
25.0001
23.5463
24.3572
22.7939
23.3005
23.0877
24.0204
24.0668
23.4304
22.7848
23.2108
22.2170
22.5321
22.8009
21.7029
21.8366
23.2025
23.5111
23.8477
22.4223
24.1047
23.4658
23.7643
24.7016
25.0348
23.2001
23.0880
23.9633
24.5872
24.0226
24.2273
24.0901
24.8958
25.3219
25.2460
24.1487
26.5110
26.3165
24.8786
23.7953
24.5532
25.8049
25.2192
25.5360
23.4689
25.3817
25.4567
25.1127
25.4112
23.5530
23.3757
23.6281
23.6082
23.8337
23.4617
25.1018
25.5185
25.3149
25.1905
24.6269
23.4225
22.8864
22.6947
23.4085
23.4097
23.8572
24.6430
23.6493
24.3774
24.7458
22.6306
22.5525
24.0418
23.6828
23.6015
23.1775
23.5356
23.9518
23.9633
24.7169
24.7226
23.5837
25.0277
25.0934
23.1539
23.5566
23.2018
24.7608
25.3729
23.3809
24.5717
23.1008
23.4787
24.4079
23.9225
22.7183
23.4857
24.1676
24.6121
24.7524
23.2033
22.7918
23.4616
23.2469
23.6360
23.9795
23.4887
24.1860
24.1933
25.0201
23.2315
25.0095
23.0951
24.0019
22.8852
23.4894
24.2446
25.3651
23.2948
24.0089
24.2990
24.1386
24.3132
24.6516
24.2496
24.0094
23.4784
23.3589
22.9977
22.1749
23.6187
24.1744
22.7916
24.5202
23.7562
24.0925
23.7599
24.1617
22.6214
22.9622
22.5755
23.5332
24.3536
22.8284
23.9764
23.7481
23.6931
22.7321
22.8362
24.4465
23.5869
22.7615
23.9754
23.4038
23.5261
24.0613
24.0607
23.7177
23.4527
23.3206
24.1881
23.7344
23.8069
23.7270
24.3619
23.9612
24.3357
23.5462
23.9543
23.5764
24.0160
24.9559
24.3937
24.4315
22.8107
23.4864
23.1848
23.4558
24.0257
22.9072
23.5006
22.6989
22.5996
23.4959
22.6917
22.3693
22.9729
22.1878
22.7398
22.8692
23.3985
23.2504
22.3744
24.4740
22.8597
22.5205
23.6771
23.3281
24.4892
23.1989
23.0993
24.1499
24.6014
23.0291
23.0373
23.3486
24.8691
24.0239
23.2790
24.3517
24.6839
23.4945
22.7173
23.9688
24.8452
24.3532
24.0742
23.2926
24.9493
23.7289
23.7781
23.8032
23.6356
22.8183
24.1734
23.7606
23.9203
24.4201
23.3188
22.7245
23.8715
23.9806
24.4760
24.4577
23.5496
22.8198
23.7888
24.1401
23.4958
23.3452
22.7906
23.8013
23.5376
22.9410
23.3325
22.5998
23.8246
23.1105
21.8463
23.9810
24.4654
23.5348
23.7687
24.5389
24.5514
23.2042
23.5109
23.5850
24.7567
23.7009
22.5946
23.7170
23.6047
23.8714
24.6429
22.9426
23.8969
23.6452
24.0732
22.5265
24.0586
24.1260
23.0272
23.8881
24.0041
23.1570
23.3914
24.2693
23.8385
24.2516
24.1940
23.9953
24.0769
23.9346
23.8567
22.9933
23.2395
22.3098
23.9055
23.6695
24.7840
23.2320
22.4013
22.7886
22.9220
23.4987
23.8252
23.2431
24.9889
23.0416
24.4511
23.7047
25.0419
23.8783
24.4142
23.0198
23.4531
23.7665
26.8077
24.8538
24.5483
25.0868
23.4635
24.1391
23.0056
23.7841
23.6738
23.4439
24.6252
24.6599
24.2326
24.2240
24.8079
23.9654
24.9281
24.5132
23.0585
24.0924
24.0042
23.4405
24.4825
24.0099
23.5076
25.2332
25.6470
24.1120
23.4223
23.8031
25.5277
26.7857
23.2412
23.5917
24.8086
23.1255
24.4857
23.7630
25.5081
23.2284
23.9322
23.6856
23.1547
22.9139
22.4200
23.9284
22.9709
23.4868
23.8850
24.8937
25.0231
23.8385
22.4532
22.6431
23.4163
23.5285
25.4863
24.2315
25.5042
25.6191
25.8113
24.7823
22.6093
24.8139
23.6609
23.1234
23.7803
23.2720
23.5201
24.1373
24.3629
25.6192
25.3499
25.2933
25.3428
24.5539
26.1330
22.7643
22.5424
22.5774
24.2335
25.1475
24.1876
25.3046
24.6817
24.4572
25.1261
24.2240
23.8734
24.7932
24.3797
24.0759
24.9107
24.3627
23.2312
24.1498
25.0130
24.6896
25.9387
24.7545
23.9430
23.4761
24.5653
23.2322
23.3738
22.4862
23.4869
24.1467
23.5824
23.4325
23.4806
23.4740
23.7238
24.0006
23.7808
22.6065
24.8311
23.6254
23.1145
22.9829
22.3669
22.5750
24.0539
23.6720
23.5498
23.7357
22.6010
22.4544
24.2312
22.8767
22.9261
23.1312
23.6668
23.2566
25.1394
24.5523
23.9364
22.8648
23.7953
23.4107
22.8173
22.8787
24.0828
22.7769
22.8944
23.4823
23.3758
23.3723
23.5089
23.2727
22.9957
23.7238
23.7659
23.0512
23.3427
23.5582
24.2846
23.4037
23.1128
22.8656
22.3562
22.5305
23.4457
23.2278
22.1982
23.4224
23.9562
23.2753
24.0668
22.1301
21.8811
23.5947
23.5573
24.3003
24.7242
22.9470
23.9964
24.1473
25.0778
23.7810
23.6996
23.7708
24.5505
24.3234
23.3840
22.3313
23.4435
24.2495
23.9222
23.3505
24.2337
21.9439
23.7484
22.6469
22.2648
22.8851
23.0785
23.5046
23.1999
24.9823
24.1712
24.5836
24.6090
25.0118
22.9045
23.2353
23.1134
23.0816
23.6467
23.4873
24.6307
24.0456
23.9541
23.4667
24.1540
23.9978
23.5931
23.8844
24.0636
24.3096
24.2451
23.4998
24.4442
23.4157
22.9148
23.2251
24.5816
24.2296
22.6593
23.0962
23.8491
24.9877
23.5995
24.2969
25.5872
23.9713
25.4124
25.6764
23.6215
22.7013
24.8191
23.8205
23.6146
23.5197
23.1292
24.6551
23.7585
24.7400
23.8290
22.8945
24.5481
25.4213
24.1948
23.7311
24.3350
24.0994
24.0145
25.4652
22.9437
22.2638
25.0596
23.9472
23.7903
25.3431
24.6421
23.7473
22.3847
22.7828
24.0357
23.8783
25.2984
24.0272
25.6382
24.0941
24.8392
25.3375
24.6166
26.2717
26.2035
25.8010
25.9142
24.2164
24.6921
25.6574
25.3057
25.0664
24.3199
24.1467
25.3916
26.4783
24.0153
24.4950
23.2059
23.1520
23.5085
23.3152
24.7449
23.8333
23.5397
23.6588
23.6290
24.3369
24.1418
24.4596
25.5508
24.5437
24.7970
23.9022
23.9904
25.9899
23.9216
24.3640
23.9193
22.9988
23.9238
24.7196
23.8168
26.5101
25.6790
24.5734
24.8685
24.4561
26.2840
26.2816
26.3776
27.5898
25.4231
25.6992
25.8639
26.4420
25.9911
27.1021
25.4450
24.9455
25.8897
25.3375
24.8497
24.9935
24.2535
24.5547
25.2597
23.2486
22.9476
23.8096
25.8602
24.5924
25.6230
26.1883
24.7489
25.7173
25.4672
24.7873
27.1739
24.9194
26.0150
26.9177
26.0765
24.1603
23.7238
24.9643
25.7166
25.6384
24.4844
25.4781
24.7599
24.7859
24.2107
26.4491
25.6615
26.0516
24.4248
25.3980
25.2542
24.5746
24.5971
24.3971
25.7735
23.6793
26.0807
25.2297
26.0147
25.7288
24.6360
25.8116
24.9880
23.5333
24.2224
24.1156
24.6928
23.6099
24.6907
24.9111
24.2801
23.2504
23.6476
23.9189
23.9425
23.7128
23.4527
27.3893
24.2800
23.7126
25.0044
24.5443
25.8214
26.4706
23.5515
26.2487
24.2100
23.8674
23.3468
23.3812
23.9865
25.6103
25.0219
23.9084
22.9742
23.3724
22.4995
23.7251
24.8306
23.5124
23.4383
24.2048
24.8558
24.0712
24.3018
23.5636
23.6936
23.0674
24.0552
24.1722
23.5659
25.9909
24.2641
25.4934
24.4467
24.3640
24.0762
24.1355
23.8683
23.3085
23.6445
23.3946
24.4629
22.9759
23.5087
23.8086
24.8304
23.8644
23.6094
23.7031
26.3482
24.8459
24.7598
24.9043
23.7883
24.3094
23.3424
24.7500
24.0646
23.9473
24.0844
24.7734
23.6465
23.8428
25.2220
23.8624
23.9807
23.0506
24.0007
24.1711
24.8655
23.8217
26.2008
25.8820
24.5687
24.3508
23.9907
25.0476
24.9732
25.9788
24.0829
22.6333
24.4322
24.9976
24.8848
25.0519
24.6426
22.9397
23.0609
23.2265
23.5498
23.2144
22.6809
24.9856
22.4104
24.4358
24.0318
27.1914
26.7394
23.6917
25.4887
24.3915
24.3854
26.2040
24.6159
24.1708
23.9306
23.2309
24.6425
24.3287
23.0349
23.8305
23.3856
22.8575
23.4050
22.4929
22.2556
22.9077
22.3303
23.6658
23.5496
23.0079
23.9067
23.4989
24.2879
26.0076
24.1705
25.4055
24.1376
25.8509
25.1501
24.7861
24.6396
24.5654
24.9320
22.8818
23.9399
24.7871
25.6756
22.5845
22.3458
24.6121
24.6436
23.6138
26.0729
24.9769
22.2570
24.3646
24.0801
23.8324
23.1190
23.5923
24.9769
25.0629
24.4355
24.8885
23.7712
23.6332
24.0699
24.9405
26.7585
25.1384
26.6933
26.2923
27.0806
27.9270
27.0034
26.8017
26.2889
26.4281
24.3503
23.5557
24.0851
25.8277
27.5923
26.3970
24.7940
27.9957
29.4134
28.6690
28.1474
27.4092
27.2080
27.6505
27.5969
27.6508
27.3385
26.1023
28.1348
29.1008
29.6744
29.0504
29.6120
30.2553
29.8499
29.0607
28.1081
28.0086
26.7163
27.7642
26.5530
26.0419
26.3332
28.7470
24.8344
27.2469
25.4752
24.5929
26.5891
24.9198
24.1163
26.0758
24.4549
24.7518
23.4527
23.3489
23.9745
24.4784
25.4999
26.7607
26.0329
24.6539
26.2579
25.3130
25.9079
26.4730
25.8154
24.6213
24.8897
26.0770
25.0504
26.6628
26.3746
25.4215
25.3408
27.0892
23.9269
26.2965
25.4830
24.7159
24.6412
25.2708
27.1702
27.1049
26.5221
26.4116
25.6784
24.0554
23.8838
26.0430
25.4990
24.8908
25.2831
22.9991
24.5630
25.6238
24.9604
26.0110
24.2146
26.6118
26.9182
25.5250
24.8076
25.3104
25.9992
24.0251
23.1111
24.5936
25.8654
24.6318
26.9638
25.7818
25.2626
27.0482
25.7546
24.6377
24.5474
23.4054
22.9147
23.2285
23.5125
24.2189
23.3476
22.5317
23.6163
25.1278
25.9301
23.7611
25.0197
24.5647
23.4829
25.5995
23.4527
22.3583
25.4416
24.6943
24.1518
23.7016
24.3640
23.1464
23.9844
24.2079
22.7339
23.2094
23.7220
22.3334
22.3260
23.0402
23.3698
23.5750
24.6763
23.1428
23.1475
23.1831
23.6732
22.7218
22.3668
22.2142
22.0205
22.0135
23.4737
24.1535
25.9039
24.1496
23.6967
22.6530
23.4871
24.7384
25.8991
23.1459
24.5033
24.4738
25.2329
24.0305
22.2138
22.2562
25.0947
24.2667
23.7082
24.5261
22.1269
23.3358
24.6744
24.0968
24.8670
24.4286
23.4579
23.1309
23.6873
25.7203
23.5725
22.5336
23.7249
24.2590
23.9901
24.1394
23.7424
24.7357
24.6949
25.5007
24.7025
24.2246
23.4707
23.5646
24.8458
23.8094
24.2045
23.9851
23.6321
22.5567
23.2829
23.6584
25.2040
24.7121
24.3410
22.8344
22.7414
23.3089
23.3592
23.0540
22.7015
22.6100
23.9264
23.2264
23.6516
23.6294
22.1445
23.4081
23.8581
23.1236
23.8153
23.3840
24.4629
23.3317
23.6492
24.9350
23.7882
23.1842
24.1654
22.6326
24.4273
23.3116
24.7528
24.8567
23.8157
25.7605
25.6370
25.0694
23.3116
24.0061
24.6704
24.9945
23.9938
24.0833
23.1730
23.1797
22.8030
23.3206
23.4389
24.1566
23.5524
25.3825
23.1164
22.3083
22.8759
24.0808
22.5062
24.1651
22.2240
25.8498
21.9814
21.9052
21.4303
22.6888
22.5746
22.9324
23.0888
22.2711
22.6252
22.7700
22.5811
22.9562
22.5909
23.9839
22.8684
23.3179
23.3907
23.1492
23.0653
24.4298
23.3572
25.3192
25.0240
23.5918
23.5639
23.5991
24.6720
24.7020
27.3398
24.6465
24.2077
23.0896
23.9956
23.9224
25.8325
24.9086
25.4547
24.7177
23.9695
23.2212
22.1675
23.0759
23.2845
24.2685
22.9448
23.3247
24.4298
23.6228
23.8789
23.6221
24.9092
24.5613
23.8314
24.0053
22.8320
22.7263
23.7286
24.0837
23.5409
24.5902
23.7330
24.7658
23.7818
23.6511
24.3759
25.0925
23.3994
25.7727
24.4722
24.7017
25.6479
23.2071
24.6830
24.5859
24.3754
23.9858
26.3833
25.2189
24.4152
27.7124
25.7573
25.0705
24.2449
25.5720
25.7889
25.3804
24.0616
26.4271
25.2910
23.8767
24.5139
23.8362
24.6407
24.8606
25.8916
26.2374
24.5804
24.4780
25.1000
23.3338
23.9212
26.0222
25.5077
23.8514
24.0644
24.4471
24.5583
25.2945
24.5126
23.2265
24.4588
23.8698
23.6771
24.4016
23.0927
23.3077
23.6855
23.1640
24.1502
23.3001
24.3560
23.2544
23.6390
24.0179
23.5778
24.7474
25.1782
24.0037
23.3788
24.9335
23.4963
24.1775
24.3319
23.8589
25.6877
23.5100
22.7248
23.9344
25.2761
25.6745
24.6121
24.7863
24.8186
25.1539
24.0320
25.4823
25.0636
25.0619
25.0977
25.2040
25.0276
25.9694
23.5782
23.7596
24.4892
24.7908
25.5799
24.6362
25.3585
25.0679
25.2713
26.4067
25.1564
26.0106
26.7130
25.2643
25.4483
24.7843
27.5031
27.5611
24.4489
24.2578
23.3661
24.0863
23.8355
24.2999
25.4276
25.3871
23.8695
23.5559
25.9410
27.5187
27.2510
26.7187
25.2529
24.3279
24.8647
25.8544
26.0576
25.6957
25.0209
24.8316
26.0250
23.9851
24.9802
24.4945
24.6201
25.2379
24.9352
24.2888
24.6279
26.6751
25.3088
25.3253
23.3313
24.3408
24.2389
23.8673
23.3321
23.9094
24.0796
23.9207
23.8818
23.9371
23.4245
23.6475
24.4826
23.2370
22.9621
23.8169
23.9255
23.3451
25.7174
24.0334
22.7672
23.3821
23.8317
23.4441
23.8717
23.9807
25.8254
26.6802
24.8059
24.3681
24.6983
23.7295
24.1682
23.5008
23.3071
24.2690
23.9388
24.0605
24.4898
24.7383
23.2733
23.7947
24.0482
23.0776
22.5533
23.4289
24.1467
23.6143
23.9612
24.2926
24.1880
24.0255
23.6319
23.4427
24.9036
24.5563
23.5574
24.5511
25.0685
23.7118
25.4851
23.8382
24.1391
24.0880
24.4400
23.5865
24.9942
25.3639
26.3002
25.1658
25.3276
25.3111
26.0084
25.7009
25.7516
24.6527
23.6835
22.2161
23.3241
25.3650
24.7670
23.8843
24.2030
23.2497
22.0033
24.9763
22.9495
24.3951
23.9811
24.4512
25.8276
24.9774
23.6420
24.4430
26.4375
24.8562
25.3764
25.6494
24.3414
24.8547
23.5614
23.9275
24.6513
23.7917
24.3912
23.8271
23.5987
23.4012
23.0740
23.6583
22.4924
24.5253
23.0131
24.2733
24.4762
22.8377
23.6911
23.4531
23.6775
23.5200
23.0806
23.1595
23.9797
24.4545
25.5244
25.2697
25.6446
24.3581
24.6682
26.0081
24.4166
24.0302
24.4317
23.9281
24.3910
24.3964
23.6398
24.3021
24.9271
26.2357
26.9300
26.5113
25.8669
25.4715
25.7899
25.1158
26.4278
26.2800
27.2940
24.9855
24.8098
24.2631
23.7653
24.9632
24.7995
23.5382
25.1130
24.4706
25.7321
26.4179
24.0892
25.3315
24.6229
25.6098
24.7802
26.5479
25.3890
26.1503
24.4574
25.0193
25.3884
24.3714
24.7511
24.0042
25.4607
24.2438
24.0325
24.9705
24.3488
26.0459
25.0052
25.4117
25.2939
24.2635
25.4631
25.0652
24.1918
24.5043
25.8302
24.5608
26.8870
26.5374
25.0665
23.5917
24.0033
25.2901
25.0098
23.6936
23.4018
25.1065
26.5755
27.6696
26.1473
27.7398
26.3419
24.8462
24.4134
25.1635
25.0360
23.3148
24.4504
24.0608
24.5160
25.4260
24.2805
22.2670
22.2377
22.8861
22.7784
23.4485
23.5417
24.0067
23.0214
23.8429
23.0095
24.1113
24.8976
22.6713
23.9781
25.4244
25.7947
24.2326
24.3959
23.6077
23.4065
23.3348
24.3188
24.0260
22.7633
24.2268
23.2788
22.9920
23.6910
22.9511
23.7363
23.4916
24.4690
23.4022
23.5348
25.3636
23.0615
23.5102
25.9820
25.8674
24.0398
23.5671
24.1477
23.2449
24.5928
24.3180
24.5964
25.1713
24.3668
22.7060
24.1471
24.5608
24.4855
23.5215
24.6299
25.1966
24.0765
22.6948
22.5563
22.9468
21.7882
21.0292
23.3318
24.1600
23.2966
23.6072
23.0611
23.2187
23.1862
24.2672
23.8557
24.5656
25.0823
24.9987
26.4308
25.8308
25.1691
24.6347
24.7276
25.2273
26.0638
24.8802
26.3358
25.3586
22.9242
24.2967
24.8289
24.0971
25.4003
24.6539
24.2377
24.4237
24.1357
23.6937
24.7795
25.5350
24.8449
24.5029
23.6565
23.0868
24.6292
24.1465
23.8826
23.7037
22.9423
22.7111
24.3030
23.3675
23.8195
23.9004
23.6128
23.8932
23.8120
23.5476
25.8113
23.7609
23.5529
23.5225
23.8011
24.3996
23.2765
23.3036
22.4460
23.5929
24.0379
23.9577
24.3498
24.4960
24.8451
23.4650
22.8979
21.9715
23.6734
24.6195
23.7693
23.3252
22.9613
24.4629
23.5849
23.1722
24.1304
23.6858
23.1314
24.4927
23.1207
26.6247
24.8919
25.7900
23.4801
23.1223
23.7328
22.5296
23.6585
23.9666
23.9616
24.0760
23.1264
23.9694
23.4579
23.2727
23.2250
23.9228
25.8843
23.2998
22.3927
24.5877
22.9525
24.5812
23.4272
24.1666
23.7591
24.6619
23.9198
24.6158
24.9178
24.1013
23.6422
23.1467
22.7684
23.8344
24.5894
24.0095
23.4043
25.3998
24.3816
24.4045
23.3350
25.8976
25.5829
25.7900
24.6117
24.4866
24.3627
22.8854
23.0010
23.7415
23.3841
24.2715
22.8647
22.5197
22.5543
23.0352
24.5096
23.7499
23.9202
24.0971
23.9436
23.8760
23.6810
24.0091
23.3885
23.5117
22.5785
23.0685
21.8725
22.0345
23.5379
24.0497
23.1973
23.5453
23.6503
23.8371
23.7948
21.8273
21.4951
23.5196
23.7745
22.9684
22.0537
23.5414
24.7545
25.5502
24.5081
24.6677
23.0897
24.0292
22.0958
23.8408
23.1834
23.3208
23.9265
23.5586
23.4064
23.9663
23.8868
23.6252
24.5302
22.7800
24.5902
23.8671
23.7202
24.3464
23.4934
24.1339
23.3937
24.7886
23.3161
24.3005
23.5964
24.0926
23.1593
24.2918
23.7924
23.2510
23.7673
24.0547
23.6185
24.1666
22.9174
23.1354
23.9085
23.0731
24.3922
24.3901
24.7639
25.0374
25.4811
25.6589
23.0640
24.0176
24.1711
24.6143
24.5179
23.5462
23.6488
23.8346
23.0559
23.7731
24.7185
23.3245
23.8099
23.8432
22.7724
23.6615
23.3698
23.3847
23.3857
23.2400
22.8659
24.3237
23.7664
23.3665
24.2320
24.0234
23.7851
23.3230
23.1392
23.2800
24.6200
23.6018
23.7279
23.4469
23.0932
23.1692
23.8968
23.1165
24.0733
23.6764
23.9270
24.6866
23.9336
25.3219
24.4525
23.7914
23.7988
25.3186
24.4500
24.5856
25.0873
25.9613
25.9643
24.8609
24.0062
23.8599
23.0449
23.4959
23.5299
24.1188
24.0491
24.4647
23.8146
23.5137
24.2971
24.1640
23.8275
23.3707
23.9008
23.7584
23.7898
23.4398
24.0836
25.7600
26.7659
23.5104
25.2612
26.0635
23.9970
22.5800
24.1709
24.6162
23.4038
24.4813
25.6161
24.5037
23.5747
23.9793
22.7157
22.7382
22.9553
23.3759
23.1155
24.0021
23.5341
24.8404
24.1650
22.9892
22.8923
23.2316
23.2134
22.6228
23.7894
23.7970
22.2861
23.5766
23.8165
22.3436
23.3837
23.4323
23.1731
24.2419
24.3047
24.0034
23.8652
24.0524
24.1410
24.5099
22.9126
23.5571
23.5702
23.0059
23.5135
24.0504
23.0610
24.6037
22.9278
23.8836
23.9206
24.4258
24.7545
23.6774
24.7596
23.6952
25.1680
23.7286
23.2043
24.9605
24.0430
24.6854
25.0844
24.4832
23.7543
24.7531
24.6329
23.7984
24.1817
24.2976
23.4318
22.7792
23.8106
24.3046
23.8247
22.5247
23.5069
24.5285
23.4780
22.3469
23.5716
23.9539
23.8218
23.1230
23.4134
24.5021
23.9227
24.4294
22.3702
22.4743
23.8070
24.0404
22.9649
22.9248
23.5132
24.3546
23.2629
23.9432
24.6936
24.0419
24.8646
23.5626
21.6318
22.6460
24.0290
24.3474
24.9747
24.3190
23.5581
24.2316
23.2432
23.3272
23.4961
23.2195
23.2251
23.2265
23.2686
24.0812
22.8022
23.0680
22.4083
24.4405
23.4424
22.1686
23.5660
23.0473
23.4019
24.7031
21.9108
23.4434
22.5224
22.8799
22.4897
22.4132
22.7706
22.6933
22.7163
22.9033
22.9558
24.3186
23.1095
23.3657
23.7498
23.3548
22.4660
21.9750
23.4690
22.7808
23.0360
22.4875
24.4339
23.5076
23.8803
24.6129
24.2650
24.2872
24.4085
23.7438
24.1168
24.9310
24.4556
23.6304
24.7061
24.2166
23.4678
23.2023
22.0509
23.0960
22.7792
23.8612
22.9305
24.1616
23.6188
23.7776
23.0039
23.9414
22.8346
23.7845
22.8300
22.8466
23.6824
22.9961
22.9828
22.6567
23.4322
23.7143
23.5630
24.5948
24.1071
23.7960
24.3409
23.7059
23.4068
23.7783
22.6834
23.6992
23.3556
23.4888
23.9688
24.2867
23.9956
23.2244
23.8067
23.8176
23.1073
23.2665
22.6533
25.1761
23.5164
23.2463
22.4277
23.8759
21.8942
21.8573
24.9349
24.0731
24.6037
22.3474
24.0273
22.9609
24.5160
24.1443
23.7240
24.2397
24.5163
25.8071
24.5204
23.0781
22.8457
23.3262
22.9709
23.6887
23.9586
24.5129
23.3160
22.9214
23.9306
23.9299
23.1366
23.4229
22.9141
22.5962
23.1097
24.0135
23.5515
23.0106
25.3140
23.7408
24.8227
24.7200
23.2554
23.5428
23.2977
22.9377
22.5895
24.3235
24.0429
22.7149
22.6285
22.4728
21.1193
22.1963
23.4655
23.3924
24.4341
22.0659
21.9264
24.2597
23.2873
23.8405
23.0480
22.4290
23.9484
23.3934
23.0567
22.6316
23.4643
22.5991
22.7003
21.7154
24.2353
23.5517
22.9581
23.6934
23.5080
23.3539
23.5300
22.9139
22.2102
22.4054
23.4921
23.2846
21.6442
22.1917
23.1812
22.5865
23.3897
23.3075
22.5882
22.3152
22.1955
22.3761
23.3319
23.0892
24.0997
22.9627
24.3335
22.2791
23.9659
22.7618
23.5415
22.1356
22.9978
22.9818
23.4481
23.0040
23.0353
23.0187
24.0783
23.8358
22.7127
23.0521
23.5573
23.6713
23.5907
23.8351
24.1915
23.8452
22.5958
23.3346
22.8646
23.7634
23.4119
23.9918
23.3704
24.1080
23.1872
23.5953
24.0475
23.7779
24.9223
23.4730
22.5588
25.1492
23.5977
23.0126
22.8299
23.1969
23.3786
23.1422
24.3573
23.6424
22.6113
23.6539
24.3447
24.2103
23.2983
23.0445
25.2175
23.8443
23.7763
24.4422
24.2286
24.6910
25.5328
22.9584
24.6996
24.2374
25.4508
23.1314
23.5871
24.4473
24.8830
24.0990
25.1142
24.7736
25.3726
23.5340
23.6240
23.9667
23.6031
24.1713
24.5281
24.0383
24.9652
23.5768
23.4459
24.1796
24.2401
25.4333
25.3013
24.1725
24.4065
25.2334
23.5680
24.5901
24.1691
25.1238
24.1948
24.6037
24.8261
23.9245
23.9972
24.2263
23.6850
23.5813
23.8245
23.1384
23.3617
23.1839
23.6408
23.5212
22.8181
23.5747
24.4036
22.5240
23.6854
23.5279
23.9043
24.0169
22.9666
24.3366
23.5589
21.7907
23.7924
23.3896
24.5725
23.7662
23.0506
23.4852
23.6009
24.0045
23.4106
23.0856
22.8929
22.1103
23.2660
22.5778
23.4340
23.1772
22.4254
23.6006
22.9914
22.0243
21.3807
21.0723
21.7424
21.3116
21.5433
24.1057
23.3908
23.4184
24.9395
24.6308
25.1094
23.3214
23.6612
23.1091
24.2209
24.3078
26.5340
23.8756
25.0596
25.1518
24.3527
24.4205
25.1391
24.9874
24.4432
24.0955
23.2042
23.4125
23.0627
24.1993
23.3309
25.1732
24.3439
24.0667
23.5578
26.5105
24.8579
24.4330
23.8431
23.9491
24.4561
25.7629
23.9724
25.1814
23.5230
23.8806
23.5156
25.1783
22.4868
22.5865
22.8890
23.2855
23.2232
23.6501
22.9527
24.1590
23.6194
23.9815
23.5840
23.2233
23.3155
24.6876
23.2629
23.8776
24.1869
23.4155
24.7106
25.8671
25.1919
25.0649
23.8711
24.2830
23.7685
24.8827
24.0183
23.5753
24.4559
24.2132
23.9479
24.5562
24.7952
24.0574
24.3585
24.0748
23.7136
22.6452
24.1398
24.9612
23.8170
23.8603
24.6282
24.7275
25.3279
24.9564
25.4770
25.2823
25.3379
24.8523
25.4098
24.9711
25.1398
24.6773
23.8622
24.3956
25.7477
24.7250
24.1190
24.8082
24.3361
23.5610
23.6796
23.7334
24.0618
23.7041
25.2781
24.7517
25.2765
24.3551
25.3367
24.5589
24.9445
24.0781
23.0000
24.5945
25.6090
24.1766
24.4613
25.5977
26.2406
26.1755
23.9160
24.2287
25.4783
24.2242
23.8525
25.1991
23.6739
23.1464
23.6591
24.1589
24.2569
24.1103
24.5421
25.1787
24.3145
22.6760
24.0567
22.8691
22.9085
24.9256
23.4100
23.2532
23.6984
23.5415
24.7147
24.7606
23.6947
24.5648
26.8588
26.1320
25.4652
24.7046
24.0160
23.8736
25.8079
24.3297
25.2597
23.9513
25.1511
24.0489
23.1144
24.0754
24.6460
23.8860
25.5826
24.4317
24.3758
23.7471
22.7763
22.7676
25.6169
23.2442
23.7142
23.5774
22.7126
23.3859
23.4564
24.9693
25.2352
24.1781
23.8248
22.3439
23.4492
24.8749
24.9533
23.1634
24.8745
22.3175
24.0541
24.6796
24.1116
23.5473
23.4448
23.2720
23.2117
23.7615
22.8970
23.9326
22.8761
23.1311
23.1919
23.1686
22.7181
23.9086
23.7372
23.8330
23.1427
22.0890
22.1323
23.4773
23.1071
23.1069
23.5281
22.8127
22.9964
23.5489
22.8034
22.2053
21.9274
21.1675
21.9306
21.6207
23.5143
23.2728
22.4260
23.1082
23.2021
22.4573
23.5810
22.4461
22.8254
23.2546
22.9571
24.5630
22.7489
23.2876
23.3652
24.1149
24.3365
24.0122
23.7302
23.7838
23.1544
22.3582
22.7611
23.5406
23.1499
24.4051
24.3402
24.0417
25.4506
23.2341
22.9853
22.8179
22.5890
23.5865
22.8874
23.1035
23.3785
23.3960
22.8138
22.2755
22.5924
23.5757
22.8368
24.2589
25.3587
24.4230
23.4808
23.5096
23.5846
23.9549
23.0683
22.3455
23.9578
23.8138
23.9660
23.6798
24.4833
23.6843
22.9885
23.4158
24.0828
22.5924
23.2484
23.2592
24.2470
23.5230
23.8235
23.6073
23.5318
22.9558
23.1176
24.8509
25.5011
22.7811
23.0248
23.8857
24.2623
24.2600
24.4142
22.9450
22.4506
23.8819
23.5090
24.7676
24.4389
24.0851
24.0160
23.2251
23.2810
23.3791
23.5345
23.5911
23.9314
23.7991
23.2721
23.2596
23.7239
24.2591
23.4694
22.8906
22.0897
22.9210
24.1557
23.4311
22.4618
23.6835
23.7859
25.0828
23.2515
23.5606
23.3408
22.9809
22.4142
24.1191
21.8075
21.3209
22.5147
22.4466
22.5921
22.6941
22.6394
25.2887
23.5066
23.7089
23.1635
23.2775
22.3298
23.5886
23.4666
23.5724
24.5864
24.1071
24.7659
23.7617
25.1114
24.0899
23.0636
23.3336
23.7437
23.2027
23.5358
22.7144
23.3548
23.8190
23.0515
23.0671
21.9479
23.3204
23.1227
23.3951
23.1123
23.0216
21.9252
23.5487
22.9182
21.8264
23.6499
23.5837
23.9398
23.8593
23.8022
23.3315
22.4864
23.2519
21.7977
23.3168
24.5171
23.6377
25.1337
24.8891
24.4448
25.5240
22.6542
25.0536
23.8850
22.6985
22.2144
23.9790
23.2084
22.6556
22.9401
24.5126
23.5839
23.6727
23.7946
23.4725
23.3697
23.0176
23.8503
23.9048
23.5370
23.2687
23.4594
22.8676
23.2963
22.9855
22.8730
24.1054
24.0289
23.3425
22.2471
20.9001
22.3629
22.5610
23.2520
23.6478
23.3793
23.3775
22.8901
22.9363
23.6355
24.7932
24.6222
24.0706
25.2148
23.2945
24.8771
23.9384
22.9492
24.2621
23.0793
22.9215
22.0900
23.7873
23.2333
23.2594
23.7393
22.9442
23.1027
23.3910
22.8760
23.4162
23.8629
22.5567
22.8723
23.0074
22.2958
23.0406
22.3410
23.6720
23.7489
22.8128
23.8822
23.9076
25.8093
24.3093
24.1216
23.3763
23.3620
22.8928
22.8960
22.9087
23.6770
23.9476
24.0118
24.1450
23.4819
24.0093
24.8254
25.3132
25.3471
24.1796
25.2696
25.1531
23.8325
23.6144
23.6524
23.9807
22.1131
23.5138
24.4394
25.5937
22.8649
23.7264
24.1165
24.6271
24.5309
25.6611
25.6052
25.8968
24.4150
24.4559
23.7876
24.2266
24.3705
23.4868
24.0205
24.1364
24.0276
24.3153
23.7799
23.0316
24.2453
24.7323
24.8961
24.1558
25.6674
25.8648
24.5832
24.2565
24.8065
22.7887
23.0397
24.4359
23.9626
22.2104
22.3519
22.8200
23.1870
22.9715
24.0325
23.4261
25.1243
22.3775
22.7860
21.5754
23.2763
22.5561
23.5979
23.0041
23.9081
22.8875
23.3771
22.6618
22.3335
24.3005
22.9696
23.1596
21.9030
23.0946
22.6355
22.8315
22.9601
21.9914
22.3932
22.7335
23.1325
23.9755
24.1133
23.8158
22.6684
21.4211
22.4549
23.3664
21.6638
21.5945
22.0401
22.1640
21.3158
21.6292
22.2137
23.1103
22.0356
23.0370
22.1550
22.5557
21.4089
22.1453
22.1906
22.3950
21.3111
22.6616
23.1386
23.4538
24.5904
22.9670
22.5963
22.5480
22.2355
22.4732
23.4299
22.9008
23.3514
22.6407
23.2211
23.4564
21.5594
20.4291
22.3405
22.7551
22.2821
22.5996
22.3508
22.5067
24.0991
23.0218
22.8611
22.8303
23.3846
23.3725
22.4535
23.2351
23.5770
25.4163
23.3927
23.5015
23.1883
23.7910
24.4478
24.6955
24.5515
24.3035
22.2339
22.5689
22.8643
23.4796
23.7993
25.3545
24.6668
23.3593
22.9085
23.7793
24.0304
22.4792
24.0746
22.1788
22.6338
23.2481
21.7321
22.2872
22.2887
23.7942
22.9720
23.7313
23.6148
24.1193
21.2592
23.1914
22.6790
22.6169
24.6316
23.7906
22.4402
23.4284
23.4292
22.4278
23.3429
22.8617
23.2435
23.6302
24.3287
23.3733
23.7467
22.9628
23.3810
24.3673
22.6702
23.6807
22.2036
23.1634
22.0590
22.4370
23.7769
24.2475
23.3059
23.0275
23.5966
23.3281
22.2139
23.0465
22.7479
22.7104
23.0010
23.8046
24.2168
22.9134
24.4076
23.6280
25.4233
24.1015
24.3174
20.1590
20.9932
22.7543
22.9096
23.5800
22.2542
22.8439
21.9339
22.2308
22.7349
22.6871
24.1954
24.0610
23.3716
24.9302
24.0920
25.4336
22.6222
23.5437
23.5928
23.4346
23.5616
23.2294
24.0813
25.8759
24.5813
24.8546
23.8738
23.1294
24.0227
23.6337
24.0725
23.4786
23.3717
25.4315
24.6352
24.0688
22.8649
24.2586
23.7674
23.2606
24.1682
24.2289
24.3825
23.4703
23.3387
22.9771
23.0605
24.3299
21.7656
22.0391
22.2211
22.7846
22.4453
23.4205
22.7921
23.3986
23.4588
23.4112
23.8508
22.9365
22.6021
24.2800
23.7487
22.7653
24.4998
24.6281
25.8022
24.6564
26.0488
24.1752
24.6067
24.0055
25.1609
25.5515
25.9069
24.2212
22.9615
23.6422
23.2581
24.4382
22.7169
23.2222
25.0495
24.0757
22.0864
24.2098
23.2550
23.7037
24.2358
23.5336
23.4075
23.1987
23.9145
23.5762
22.9245
22.2718
22.6166
23.1695
23.1491
22.5753
24.0533
22.6912
23.0018
25.0442
25.3690
24.7217
22.7989
23.1011
23.8824
22.7735
23.1408
23.4466
23.5679
23.9398
23.4310
24.0373
23.1440
23.4855
22.5633
23.4966
24.5000
23.0480
24.9054
23.3438
24.5909
23.8030
22.8063
23.6520
24.1548
22.7214
24.0253
25.4644
23.7979
23.8631
24.1852
24.5170
23.9398
24.1841
22.8819
23.3941
22.7282
24.3775
23.9844
25.7237
22.1314
23.0776
22.8084
23.2365
23.3324
22.9728
23.1476
22.4738
22.6379
22.1170
22.8733
23.9181
23.8916
21.9119
22.7181
22.0386
23.2196
22.7864
24.9212
23.2005
24.1590
24.8331
23.7985
23.1592
22.0377
22.3163
22.9826
23.3734
23.9073
24.4546
24.2066
22.6740
24.1373
24.2888
26.4878
24.7632
23.8849
24.8979
24.4994
23.6023
23.6796
25.2863
25.5077
25.3284
24.0394
24.7486
25.7613
24.7354
25.0633
24.3466
25.2831
26.1200
24.3291
22.4654
24.4655
23.9509
23.4238
23.6141
22.4690
22.4566
23.5642
22.5035
23.4775
22.2769
22.6882
23.4152
23.1958
24.0189
22.8330
23.4901
24.4213
23.9072
24.4156
23.4201
23.3030
24.1065
24.6046
24.6055
24.4680
23.2632
22.9378
22.3666
23.5267
24.7656
24.4127
24.6952
23.5439
23.1401
25.3843
25.4419
26.2867
25.2713
26.1007
25.4788
24.3491
24.4735
23.5813
22.7984
22.5994
25.0908
23.2476
22.8771
23.8942
22.5608
22.6651
23.6137
24.3163
24.4228
22.3020
23.6556
24.7264
24.1831
23.7675
23.7426
23.7267
23.6922
21.7822
22.4642
23.6597
23.4763
22.5373
22.3485
22.1103
22.6048
23.9072
22.9219
23.2824
22.5005
22.8318
22.8639
23.0246
22.0535
22.4788
24.0892
22.6075
23.7606
23.6484
22.5281
24.0176
23.6870
23.1029
24.4329
22.9773
25.2649
22.2882
23.0854
24.4012
24.1150
23.1340
22.6157
23.4054
23.1665
23.4743
23.1667
22.8789
23.7007
23.5640
23.4959
23.3324
23.1287
23.9511
22.9267
22.9799
21.2970
22.4256
22.0053
22.3264
21.7952
21.5774
24.7576
24.1982
23.6328
23.0637
23.9614
22.7757
22.6886
23.3886
21.9787
24.2407
24.9969
22.1204
22.5644
24.1823
21.7797
22.5486
23.6489
23.9794
25.1252
25.0375
24.7462
22.7052
25.7546
23.5228
22.9732
23.8793
23.7189
23.4589
24.4441
22.2130
25.2720
23.9521
22.9188
24.9120
24.8190
24.0879
24.6595
25.2599
23.5133
23.2459
22.6222
22.9962
25.4905
24.3407
22.6350
23.4732
23.1975
22.8243
24.5875
23.5166
24.2350
23.1859
24.1272
23.7061
24.2131
23.9549
24.3268
23.2052
23.5138
23.1646
23.1677
24.0791
22.6559
23.0246
22.4972
21.8884
22.2270
23.6676
24.1111
24.7380
23.1042
22.2935
23.5365
23.8917
23.8305
23.3296
23.6134
23.3608
22.6727
23.4736
24.0746
23.9424
23.2848
22.1145
23.2773
23.7173
25.1943
24.4048
23.1890
25.6659
25.3935
25.3901
25.4033
24.8673
25.1508
23.8567
24.0262
23.6079
22.7988
23.7513
23.5772
23.2204
23.1020
23.0088
23.8151
23.1396
21.9808
23.6108
23.5565
23.6100
22.7199
23.7893
23.7245
22.8086
22.9890
24.0692
22.9825
23.0644
24.4231
24.0643
22.9715
23.3398
24.1303
23.9205
22.1870
22.9498
22.0572
22.2690
23.0329
22.6561
23.0753
23.4986
24.6964
21.7220
21.7711
23.1884
23.5625
23.6852
24.1809
24.0063
24.7236
24.0934
25.4304
25.6121
25.0650
25.5364
24.2503
23.2339
20.8802
22.1071
21.4994
20.5549
20.6344
20.2441
21.2939
20.3928
20.7011
21.9175
20.6676
21.1931
20.7136
21.4475
20.9168
21.4985
22.3604
21.6534
21.4095
20.6442
20.6914
22.2259
23.4293
23.3488
24.4519
24.1920
22.7903
22.1561
23.6637
22.5726
23.8259
23.2112
22.3133
23.3837
23.2935
23.3977
22.8411
22.9552
22.4336
23.2124
23.0194
24.2552
23.3623
23.2745
22.6710
23.8030
24.3658
23.2608
22.3652
22.1966
23.2864
23.9937
23.3115
23.9083
23.8533
23.2770
22.5826
23.4114
24.1061
24.5168
26.1170
26.1234
24.1463
23.5764
22.0173
23.0959
24.4567
22.5879
22.6537
22.5955
23.3042
22.6530
21.8472
22.2234
21.5137
23.6628
23.8485
23.0580
24.4765
25.7236
24.3049
23.6799
25.9990
23.7465
24.3951
23.6904
24.7670
25.9024
25.6096
23.6562
24.2767
25.5274
25.9000
24.4610
24.1465
24.5435
25.0897
24.6105
25.0994
26.7378
24.8378
23.5501
24.4996
24.1430
23.5493
25.3243
23.5097
25.3120
24.1317
22.9410
23.3576
24.5678
24.5918
24.1622
24.5776
24.3824
24.4535
24.8574
23.4419
25.4575
27.1449
26.2390
26.7717
24.3558
24.2293
23.8437
23.6081
23.5508
25.9596
26.2420
25.7414
24.9982
23.2448
23.5731
22.9908
21.7359
22.7971
23.2364
24.3248
24.6774
24.0893
25.7424
24.1498
24.7345
25.2119
22.3882
24.3657
23.3855
24.4341
25.8166
26.1606
26.3583
24.3216
25.5629
28.3960
26.2198
26.5573
25.3547
27.4917
25.6577
28.2306
28.3927
27.5711
26.3594
27.0624
25.5508
23.5523
25.3607
24.5006
24.1307
23.7087
23.1256
23.4843
26.0449
25.5848
25.3632
25.9511
22.3702
23.4941
24.1174
23.3409
23.0297
23.5767
26.9253
25.0275
23.3014
23.1885
22.5294
22.4193
21.3473
21.5537
21.7195
20.7355
21.9448
20.7994
22.7585
23.1926
23.1898
22.9852
22.3087
23.1969
21.9835
23.4172
21.4412
21.8070
23.5443
24.7232
24.6747
23.6644
22.3563
23.9254
22.9923
22.3356
21.8253
21.7813
22.5230
23.5227
22.3547
22.4844
21.8818
22.1031
22.6406
23.1357
24.5547
23.0958
22.5060
23.9687
22.2480
23.3098
23.4202
25.8522
23.3208
24.0584
23.5490
23.3571
23.5143
24.4069
23.9399
23.2639
24.1880
23.4376
22.3166
22.5832
22.9281
23.7708
23.1567
22.3370
24.3584
24.3258
25.2488
24.8624
24.6520
25.6565
24.5575
23.0639
23.9927
24.2148
24.4557
23.6231
23.6641
23.5350
24.4970
25.1540
22.8751
23.9534
24.3886
25.2263
23.4537
23.4879
22.9095
22.6715
23.5915
23.4861
24.2313
23.6065
22.3445
23.4854
24.7149
24.2741
22.9734
23.4723
22.7317
23.3151
22.6102
23.4900
25.4495
23.5325
23.7423
23.2284
22.0385
23.6071
23.8832
22.2355
23.6582
23.5425
23.1237
22.8363
22.5936
21.7954
23.1244
23.7818
24.3129
22.8418
23.0167
22.8702
23.5453
24.3278
23.8064
23.6431
24.3869
23.5961
23.9287
25.2316
24.8196
24.5008
24.5786
24.6517
23.9188
26.0666
25.0359
22.7114
25.1088
23.6750
23.9586
24.4638
23.3263
23.4979
24.3024
24.3299
24.5201
23.4223
25.2197
23.3600
25.4966
23.5798
24.1308
23.7198
21.9626
23.0951
24.4956
24.5988
21.9062
22.0017
22.8218
22.6710
23.8105
22.8420
22.7891
23.5136
23.2325
22.5458
22.5623
23.4174
23.6697
25.3304
22.4309
23.5363
24.8012
22.4392
23.1092
23.4188
23.9156
23.3489
23.5959
21.9764
22.5430
23.0589
23.7801
23.1562
23.0747
22.5565
22.2332
22.7019
22.4943
22.1233
22.2528
21.7181
23.4071
22.8118
22.2863
21.5616
22.5067
21.9877
22.2069
22.1279
23.8589
22.9644
23.8638
21.9952
22.8632
23.1194
22.7350
23.5712
23.1259
22.6540
21.6072
22.6502
23.4119
24.8111
24.5715
24.2772
23.2188
22.4017
24.1030
22.4821
23.2716
23.5544
22.7349
25.7365
24.5694
23.7807
23.0023
22.9047
23.7077
22.6829
22.9614
22.7196
22.1712
24.9925
25.1359
23.9721
22.1824
24.1844
24.2770
23.2933
25.6367
23.8335
23.8182
25.0317
25.4471
22.9774
23.3547
22.6190
23.2183
23.2209
24.6953
23.4559
23.9239
24.2962
23.8787
23.6918
23.5340
24.2843
24.0254
24.5171
25.8263
25.2458
23.4543
24.8672
23.7776
22.5704
22.1498
24.0307
23.4971
23.4091
24.7236
23.6757
23.9726
22.9505
23.3016
23.7152
24.1314
23.7034
24.0677
24.6631
24.4685
23.4335
23.9789
25.7502
23.4267
24.7296
24.0508
23.8451
22.9188
23.3280
23.8611
25.3587
23.6195
23.9421
23.9711
23.1774
23.8574
23.6933
22.4443
24.0117
22.6280
25.6678
23.8520
23.0795
23.7283
23.0402
23.6478
23.9661
22.5261
24.3239
25.3052
25.6170
25.4675
25.2680
23.9762
23.5640
23.4405
23.3244
24.5591
23.7150
23.6110
22.7360
23.0016
24.1858
24.1336
26.1041
25.0620
26.1099
25.8743
24.6887
25.0621
23.8486
25.1366
25.6146
25.2770
25.4015
24.3412
27.5127
24.7023
25.3469
25.6535
25.5950
25.2901
24.9364
22.9523
23.8037
23.6535
23.0165
23.7765
24.6290
21.6824
23.2102
24.2558
23.6312
23.8064
24.8182
25.6547
24.5944
23.5828
24.0522
24.4360
24.1031
23.4401
23.6230
25.0382
22.9691
24.3679
24.3460
23.4712
23.5824
24.3295
21.7763
22.6330
22.0112
23.8893
23.3806
24.9537
24.3784
22.8771
23.0747
23.1547
24.5334
22.9410
23.9924
22.7248
22.6351
24.2900
24.0404
24.0686
24.0551
24.0865
24.0526
24.1429
24.0999
24.4371
23.7698
25.4145
23.9676
23.8188
24.8439
23.0798
25.2282
23.6314
23.8550
23.9944
23.6933
23.4894
22.4175
22.7010
23.7405
24.0396
23.3276
24.3072
22.7144
24.7933
23.3685
23.9495
25.4930
25.1879
22.9119
22.0903
23.8761
23.7840
25.7338
25.6067
25.2605
26.0943
26.2831
25.7141
28.0288
27.3984
25.5120
24.3000
22.5885
22.5443
24.8111
25.0064
25.8926
23.8898
25.7253
24.5089
27.6275
26.6545
24.2704
24.5577
25.9292
22.7122
25.8758
24.6499
25.9423
25.0509
24.1810
25.4755
25.3981
25.0973
24.9346
24.1243
25.6474
23.9929
25.5887
24.6763
22.6180
23.1331
25.2375
24.9188
24.5377
22.4611
22.6537
23.2454
24.0369
24.2805
23.6135
22.8774
23.2862
23.4776
22.6556
21.9421
23.2830
24.4850
21.4918
23.5248
23.4579
22.0018
23.2844
22.3178
21.7813
22.9743
22.5102
22.2134
22.7466
23.2713
23.9422
24.4599
23.7942
23.5459
24.1637
24.4223
22.9828
24.7238
23.1008
23.8746
23.2324
24.8292
23.2250
23.4485
22.9080
23.6455
24.2986
24.6786
24.3186
24.0205
26.3206
24.2226
25.5198
23.7073
23.2321
23.5867
24.2310
25.4833
24.3649
23.9570
23.4171
24.3877
24.5137
22.7489
24.4599
23.0830
22.8391
22.8708
22.7274
23.8138
23.2499
23.3945
23.9964
26.0126
25.2478
24.7533
23.7062
22.8667
25.0975
22.4775
23.0397
22.8678
22.5658
22.3962
22.2735
22.0815
22.6323
21.5185
20.5849
23.0844
24.5969
23.4826
24.9011
25.7737
25.9877
26.0433
24.6294
22.9155
23.1199
23.0002
22.3154
24.3857
23.7024
23.7720
22.9720
22.7642
24.7468
22.8222
22.2320
23.8053
26.0874
23.7865
22.4796
23.3264
25.0553
24.7931
25.3660
24.5892
23.4325
23.1001
23.5861
24.4517
24.3639
22.8574
25.1271
24.2687
24.3023
24.1795
23.4554
24.9788
24.6844
25.2013
23.8353
24.3540
24.1197
23.5632
24.3731
26.1295
26.0430
23.3188
24.8886
24.1404
23.8470
24.8093
26.3236
25.2894
24.2512
25.4636
26.2049
24.0906
23.8125
25.2184
24.4146
25.4045
26.5900
24.6063
26.0027
23.1865
24.4098
24.6896
23.7366
25.4590
25.9909
25.0272
24.1853
25.1442
24.8190
23.8354
25.8762
26.4637
24.6633
25.5246
26.5175
24.7264
24.7436
24.7567
25.9584
25.0677
24.7624
24.9147
23.0131
22.9217
25.3343
24.2473
24.0707
22.9025
25.4251
24.1847
23.4098
23.4487
24.2107
24.9312
24.3604
23.1035
25.2265
22.9773
23.5187
23.9245
22.3894
23.2858
24.5701
25.6600
24.8940
24.7367
22.9597
24.4402
24.3982
24.1594
21.7871
24.6615
22.0258
23.9401
24.5606
24.2298
22.0149
23.7071
23.1620
24.2499
24.1788
26.2929
26.3427
24.1309
25.4942
23.3716
23.3593
21.8506
22.9797
22.1664
22.0580
23.6356
23.0217
22.3747
25.0794
26.4816
24.1121
22.9726
23.9070
23.0005
22.9603
23.8323
22.9847
23.5909
22.2242
22.0101
23.2565
23.7350
23.3718
22.1892
24.2811
22.8322
23.1828
23.1761
23.0971
24.1863
23.6664
23.2957
23.4859
22.3377
23.2450
22.0465
23.7114
23.1713
22.4549
23.4935
24.3454
22.3076
22.3493
23.5714
24.1611
23.7855
23.7460
23.4668
23.4925
21.4367
22.4707
22.7026
22.1340
22.1522
20.9698
23.4072
23.4854
22.7145
23.5855
23.0858
22.5953
23.9759
22.9213
23.1736
23.4097
23.0592
22.4923
23.3857
24.7029
22.7158
22.9243
23.6054
23.8999
23.3610
23.5899
23.6859
23.2322
23.6504
22.6165
22.9546
22.1338
22.9680
22.8436
24.3207
22.7782
23.3542
21.6895
22.4012
22.6345
22.8112
22.1117
22.2476
23.3345
22.9366
22.6664
23.5299
22.7957
22.4038
22.1184
23.3678
21.4123
22.1184
21.9380
21.3260
21.8770
21.7239
24.3704
22.8382
22.6332
22.8917
22.8743
22.6103
22.5849
23.7330
22.6493
23.6237
22.4883
22.0087
23.1459
23.4359
23.0450
22.6593
23.2273
23.3780
23.0023
23.9024
23.0417
23.0062
23.9036
24.0900
24.3793
23.1215
22.7433
22.0086
22.8976
23.1248
22.6672
21.9131
21.7106
22.7230
22.8593
23.0391
22.5488
23.0670
25.1274
24.5801
23.3943
22.3664
22.9394
23.1350
22.1437
23.4308
23.7853
22.0133
22.6542
25.9427
24.3272
23.6220
24.4943
23.0597
23.4190
23.4693
23.1854
23.6677
23.6779
22.5770
23.5608
21.2734
21.9183
21.3199
23.0568
22.0796
23.1333
23.0177
22.2904
22.7857
23.3975
23.8594
23.8724
23.5974
22.9679
24.6695
24.1278
25.2665
22.4420
24.0206
23.4203
22.9182
22.0309
22.9488
24.0267
24.8218
25.1314
22.8041
24.0270
24.2534
23.6144
22.5756
22.2114
22.3608
21.6124
23.6257
23.8512
21.8648
23.8180
22.3832
22.4230
22.6961
22.1319
24.0853
23.5896
23.9850
23.5385
23.4329
23.8284
24.5303
23.5351
23.9115
23.1475
23.5985
23.4393
24.1771
23.5624
22.7353
22.9172
22.8554
23.7677
22.7946
23.4847
23.3354
23.4740
23.0844
23.2760
23.6250
23.3354
24.8489
24.4198
23.7067
23.5659
25.0800
24.5522
24.7432
24.8820
23.0580
22.8112
23.7075
24.5254
23.0758
23.2892
23.1620
25.2022
22.6066
25.1979
24.0699
23.9528
23.8479
23.5342
24.8766
24.4599
23.3331
25.0872
23.3607
24.5204
23.4255
24.0747
23.8813
23.3629
25.2310
24.8886
23.9469
24.1263
24.6822
23.0926
24.5192
25.4427
23.9610
27.1381
26.2873
27.8968
26.9237
26.9536
25.3332
26.3937
23.9346
24.1720
24.1386
25.4876
24.2677
23.7329
27.2138
27.8686
26.7814
24.6739
26.4622
26.2281
24.5325
25.9610
24.5597
24.6334
24.4399
24.5391
25.7310
26.3240
22.9955
26.1395
24.8024
23.5263
24.5248
23.1082
22.4428
24.8386
23.5814
22.8579
23.4820
22.3261
24.1921
23.3385
24.9361
24.0066
23.1065
23.6661
24.0716
24.3211
22.9334
24.0657
23.4816
22.9153
22.2554
24.8070
22.7521
23.0303
22.4868
21.8714
22.5016
22.3503
23.7206
22.2407
21.6775
23.1625
22.1151
21.8667
20.9628
22.9382
22.6777
21.7904
22.5633
21.6125
21.4703
20.5120
22.8988
23.2138
21.5128
22.1447
21.6802
23.3334
22.3176
21.9299
21.1817
22.1748
23.4386
22.5659
22.1092
23.1886
22.9781
23.0416
23.7302
24.3861
24.7351
22.5775
22.3602
24.6918
23.8020
23.9185
22.9605
24.5366
23.9625
23.5471
23.0128
22.5251
22.7926
23.8138
23.8619
24.6678
24.8682
26.1851
25.1295
23.8999
24.6141
25.5361
25.1080
25.1660
24.2037
22.1871
23.4599
22.8550
23.8434
24.0810
26.3995
25.5947
24.0798
26.2409
24.7797
23.4777
25.0580
25.4945
24.3638
23.3549
24.6934
24.3392
24.3822
24.0166
24.4951
27.1736
25.1506
25.4099
22.8619
24.0814
25.0980
25.5640
25.1446
22.9478
24.3309
22.8614
20.9730
24.6844
25.3973
24.5074
24.9070
22.2341
24.6414
22.4022
22.7552
21.2874
23.3117
25.3080
24.2165
24.6592
24.0334
25.6280
23.9141
25.1224
24.5342
23.7040
24.6416
23.2124
23.7046
23.1766
23.5014
22.7097
23.7491
22.4383
24.3672
24.2167
21.7753
22.4725
24.8160
24.8247
24.7020
25.6837
24.7951
26.3167
25.1634
25.6982
26.6774
25.3880
25.2002
25.0679
24.8157
24.4980
23.9671
23.7685
25.2848
24.2381
26.0576
24.5903
23.5235
25.5087
24.2119
23.7119
23.0159
22.4916
23.7550
22.2519
22.6731
23.3913
22.0283
22.5965
25.3056
25.0405
24.5896
23.9421
24.4657
22.5263
21.7829
24.5654
25.4277
25.4347
25.3828
24.5513
25.4939
24.9964
23.8921
24.5516
25.2611
25.0980
23.5712
23.9088
24.1218
23.0279
23.8108
23.9214
23.4305
24.3109
24.1080
23.5320
24.5211
24.2962
24.0184
23.8495
24.7751
24.7343
24.7001
25.6778
25.3545
24.6451
25.5107
26.3420
24.5129
25.0885
24.2883
24.3224
23.0147
25.5149
24.3514
24.8629
26.0125
23.4235
25.3023
25.6206
25.8897
24.0287
24.1389
25.9033
23.4464
24.7989
23.6174
24.1804
24.2748
25.9993
24.0192
25.2172
26.4431
25.9045
26.9821
25.9925
25.0815
25.1849
24.3802
24.1936
23.5874
21.2531
22.7061
25.3484
23.4709
25.6185
26.6397
26.2489
24.2674
25.6288
24.8767
24.7594
25.2900
25.1915
23.2596
24.0555
25.4732
23.4714
23.6320
23.2271
22.6256
23.4472
25.0175
23.2306
21.2952
22.6590
23.2948
23.4214
23.4026
23.9247
24.0289
24.1019
25.2418
23.8083
24.7512
25.4746
24.6612
25.1382
25.6641
24.9275
25.7898
24.6888
25.7983
24.9110
25.7113
24.9160
26.0349
24.2263
23.5150
24.9058
26.9140
24.6072
24.9848
24.3676
24.7423
26.0339
26.1126
25.7370
24.4761
24.6905
24.8232
24.5330
24.9482
24.1026
23.1451
25.3755
23.6990
25.7612
23.1896
23.9439
24.6984
23.9503
23.6478
26.6966
25.0052
24.5531
25.6527
24.2394
23.4987
25.3120
24.3132
24.5681
24.7395
23.7739
24.0285
22.6223
23.8245
23.7338
24.4253
22.9711
21.5623
21.9720
26.3029
25.1020
24.3672
25.9020
24.8567
26.7638
25.7328
24.6596
25.1028
24.1606
23.9056
23.9825
23.8567
22.5961
23.0832
25.0284
25.1578
24.0989
25.1808
24.2675
22.6831
24.3180
23.1870
23.5125
23.7772
24.6377
24.4369
24.5515
23.6013
24.9277
23.8143
23.2020
23.4984
24.9889
25.8909
24.1114
24.9932
23.8135
25.3839
25.2567
24.8705
24.9004
26.0316
25.0475
24.0871
23.8735
24.3952
23.0715
24.6572
26.2867
25.0539
23.9893
23.1201
23.2534
25.6931
22.7376
23.5174
23.1613
23.2922
24.8388
24.5462
24.0800
24.9621
23.1419
23.4120
24.3691
24.4734
24.1930
25.0787
24.5802
22.9723
25.9554
23.9578
22.7521
23.6031
23.6517
24.1789
23.1905
23.9521
23.2593
23.6953
24.3403
23.7535
25.2902
26.0739
23.9230
23.2912
24.0189
25.0616
25.8044
24.9834
24.0612
22.8016
24.6632
23.3577
23.4959
23.7789
24.5212
23.2074
23.4694
23.7087
24.6762
25.4986
24.5933
24.7761
22.6977
23.9116
24.9948
24.0618
24.9809
22.8906
24.5320
26.0937
24.1431
22.1253
22.6163
23.0540
23.7828
23.4089
24.9967
23.4847
23.4998
22.7492
23.1168
23.7374
23.4334
23.9217
22.7860
25.0520
23.6412
22.1479
24.0694
22.4192
23.1026
23.9826
22.3037
22.1160
23.2853
23.6694
23.9329
22.4553
24.4630
23.5616
23.6552
24.4740
24.2655
24.3976
23.2657
24.0164
23.3999
23.4368
23.8699
24.3443
23.9418
24.4324
23.7583
24.4055
22.8876
24.2244
23.0304
23.9544
23.1862
23.3963
22.1188
22.7488
23.6582
23.1972
23.4378
23.5242
22.8244
23.4841
22.3602
24.6452
23.2919
22.0662
23.1303
23.5182
24.9992
23.6812
24.2291
22.9704
23.5373
23.5750
21.4254
23.0646
22.8132
23.2009
21.8899
22.7623
25.2006
23.8619
24.1407
25.4336
25.1676
23.2727
24.6764
23.9838
23.3480
23.3861
23.4246
23.8385
23.9697
23.7243
25.0575
24.1046
23.7779
24.1315
24.3153
23.2411
23.3288
24.3744
24.9026
24.4577
24.2492
24.5211
23.6204
23.1973
25.3637
24.2900
23.0546
24.3699
24.0760
24.4450
24.0112
25.1172
24.8976
24.4745
25.1509
25.1089
26.0072
24.8135
25.1589
24.7056
23.6032
24.1160
24.5342
23.6780
23.4039
24.0596
24.7283
23.6662
24.5658
24.4609
24.1379
25.7545
25.6777
23.7694
23.5887
25.5280
24.5239
24.3416
25.8192
24.3782
25.0608
24.1360
23.6485
24.2148
24.7629
24.0218
23.9701
24.4020
25.6024
23.1009
24.0381
23.8957
24.0781
23.6249
25.2567
24.0309
25.0042
26.3893
25.7394
23.9876
23.4036
24.4073
22.8790
24.8782
23.2766
24.6887
24.6210
24.0827
24.7652
24.6983
25.6051
24.1795
23.9526
25.2262
24.8614
24.0352
25.5973
23.6345
23.0791
24.6500
23.9549
25.8498
23.7910
23.2971
24.0165
25.1581
24.5357
24.4567
22.6027
23.5509
22.6154
23.7622
23.2605
24.4982
24.8542
23.9276
25.4972
24.7485
24.8890
23.7764
23.2605
26.0541
24.2563
24.4853
22.7110
25.2006
25.1646
25.7249
24.2773
25.5599
25.1690
26.2354
25.2911
24.6769
23.1013
23.4973
24.6191
23.3576
24.9361
27.1509
24.1028
25.7919
25.1509
25.7144
24.7509
26.3336
25.6511
26.5987
26.8656
28.0765
27.9415
26.2391
25.7430
26.6529
27.5284
24.0180
22.8775
24.3484
25.9778
23.7843
24.4238
25.0319
25.9937
25.6776
24.9008
24.7089
25.7474
25.2540
24.9860
25.3874
25.4180
25.3040
26.6496
25.5887
24.1527
24.9103
23.8768
25.5340
24.5777
22.2651
23.4455
25.3635
24.0028
25.4935
24.6737
22.4262
26.1036
23.6667
25.2472
24.7444
28.7078
26.7361
23.4655
25.3211
26.1297
25.3577
24.4899
25.4279
24.9052
25.8491
26.5331
25.5706
25.2293
25.4266
25.0700
23.8058
24.7943
24.5435
23.6100
23.9379
23.0415
24.0826
24.4560
26.1054
25.4943
26.8821
27.1333
27.6321
26.9555
25.9139
24.8022
23.9351
24.6855
25.2013
25.5871
25.8874
26.0341
24.5758
25.8314
24.2130
23.7600
24.4873
24.3011
24.5273
24.2831
23.9339
23.5799
24.1015
23.6384
23.1922
24.0840
24.9822
24.0824
23.7588
23.5425
23.4370
25.8598
23.4605
23.9300
24.7737
24.5495
24.9116
26.7140
26.4740
24.7315
25.0419
25.4371
23.7975
24.0434
24.9815
24.3938
23.8458
24.8589
24.6264
24.2620
23.7917
24.1095
23.9681
23.6374
23.1829
24.5627
25.6945
24.6257
25.3855
25.5525
24.6601
24.3938
25.6527
26.2880
22.8435
24.8156
23.9058
22.9741
25.4453
24.2468
25.0334
23.7615
23.0978
24.4312
23.1854
24.7254
24.3596
24.3176
24.9465
23.6143
25.1516
24.8074
24.7359
23.4536
25.5783
24.6392
24.1100
26.1129
25.1873
24.5602
25.3227
24.4933
23.8829
25.0304
24.7904
24.7030
24.1884
23.8513
23.7041
25.6180
24.6000
24.0776
23.4724
23.4240
24.0915
22.4042
23.6331
23.0761
23.1934
23.9131
23.9144
23.2720
24.1172
25.5045
24.4133
23.0012
25.0018
24.5210
24.6752
25.2405
24.8674
25.5547
24.2392
25.0064
23.8156
22.8489
22.6108
24.1856
21.9895
24.5399
23.9726
23.1783
23.2896
23.8686
24.8263
23.5831
23.8562
25.1300
23.2074
22.7504
22.6929
23.4216
23.8521
22.6099
22.9536
22.7998
21.8095
23.8906
23.1598
23.7514
23.6510
25.3929
24.1588
24.0706
24.1104
26.0174
23.3881
23.7492
24.6626
23.2389
23.2522
23.5659
23.3661
22.7467
25.3220
25.5528
24.5998
25.7414
25.4874
25.6037
24.9167
23.0773
24.2468
24.4211
23.8149
21.8983
22.2737
24.6059
24.5862
23.1552
23.0851
22.6494
24.5993
24.8652
24.2374
23.7706
24.5964
24.4605
23.1648
23.1785
23.3266
23.5987
26.4184
24.4562
23.9048
24.6419
23.9843
24.9426
24.8318
23.5790
23.6843
24.7472
24.0674
24.4232
25.2157
25.6627
24.2691
25.7642
24.9267
24.8887
24.5061
23.6786
25.1937
25.3554
24.8221
26.2297
24.3448
25.6496
25.6742
27.7938
25.3447
24.4997
26.1490
24.0556
24.4032
24.4491
22.3940
23.4058
24.6466
24.7870
26.2538
21.8440
23.0172
25.2081
22.3163
22.3356
24.9756
24.5714
24.6157
25.1820
24.3459
24.9045
23.1667
25.0701
26.9913
27.1966
25.3920
25.0876
25.2574
23.6243
24.7032
24.6438
23.7309
24.6897
23.6327
24.7939
23.4887
22.5591
24.7083
23.2194
22.9994
23.5985
24.4426
24.2117
23.9134
24.0636
22.7533
24.8248
25.8311
23.9762
23.8998
24.7437
24.4886
25.3747
25.4000
23.4523
24.5434
24.1112
23.5617
23.5206
23.1098
23.3393
23.1756
23.7553
23.3154
24.6297
23.6846
24.2588
25.1266
23.0362
23.1902
23.4119
24.8287
22.3884
24.7253
24.9162
23.8346
23.6397
23.3489
23.7566
24.6379
24.2017
23.6951
24.9786
24.0823
24.4496
23.9385
24.4599
24.3568
23.1090
22.9421
23.9391
23.8107
24.6712
22.6697
23.5355
22.4376
24.0051
23.3164
23.3748
23.3435
24.4123
23.8068
23.4648
24.7417
24.8349
25.0850
23.9719
23.2467
24.0954
23.4036
23.6380
23.2319
23.5760
23.6120
22.8393
22.5682
23.9662
24.7168
25.2137
22.9229
24.0934
23.5880
24.3632
22.4907
23.7904
24.3554
23.9435
26.2096
23.5948
24.0736
23.9791
23.5104
21.8686
22.8386
24.4716
22.8408
23.5374
22.5021
24.3152
24.9962
25.0723
23.5456
22.7310
22.4271
23.3361
23.1203
23.1679
24.5956
24.8576
24.2435
23.4301
23.2114
24.1646
25.9475
25.0470
24.4196
24.0738
25.2211
25.2980
25.0674
24.6744
23.8538
22.7925
23.6714
25.3251
23.9573
24.1140
24.8652
24.9234
24.7895
23.9581
25.4989
23.7498
22.4065
22.8157
23.5343
22.0974
22.6429
23.6463
23.7931
22.8787
22.6508
21.9101
24.0866
24.9269
22.8666
25.0279
23.7979
22.8012
24.3568
23.5740
22.1971
24.2527
24.2289
22.8034
22.4764
23.9065
23.9261
25.4878
24.2975
23.9901
23.8616
23.9235
24.8732
23.7214
26.4083
23.8592
24.0271
22.7937
23.5042
23.1829
24.7248
25.6613
26.2733
25.2996
23.2839
23.0121
22.5026
24.6525
22.2389
23.4593
23.6056
23.0645
23.2833
23.3210
23.0300
24.4876
25.5963
23.9577
24.3224
25.0540
23.4373
22.9763
23.4296
23.9697
24.1918
24.9779
24.2100
24.5535
24.3557
23.7460
23.3658
24.5240
23.1067
22.6087
23.3949
24.1239
24.2869
24.7758
23.0174
22.1904
24.1365
23.3498
22.6599
22.0111
23.1187
24.4518
24.2925
24.1649
24.4436
25.0271
24.2533
22.9807
23.0100
23.0400
24.6098
24.8132
24.0536
23.3522
24.1753
22.3166
24.7269
24.3944
23.3750
22.4241
22.4160
21.8478
23.4363
21.8660
23.9485
22.8023
22.2501
23.8935
25.9665
25.7092
25.4908
25.9668
25.7562
24.4292
23.7741
23.9877
24.4511
23.4875
23.2765
24.1655
24.4024
23.6563
24.8392
24.1596
23.2855
24.4623
23.5125
25.3784
24.2238
24.1633
24.5075
23.8961
24.3653
23.5927
24.8095
25.4799
24.0423
24.7643
25.4473
23.7279
24.5564
24.7397
24.4868
24.2986
24.3295
24.4157
24.4669
24.1304
23.9197
24.9302
24.3753
24.1958
24.1166
25.0587
24.5850
24.9668
26.4135
25.6354
25.2473
23.2417
25.1980
25.2638
24.4286
23.9958
24.6237
22.5691
23.8474
24.0215
24.6891
24.0555
23.6529
24.2342
24.5499
24.3666
23.3421
26.0528
24.5909
22.9123
24.0485
25.5429
23.3283
24.8997
27.8915
24.4498
23.8445
25.0238
24.5159
22.5657
23.5389
24.2943
24.6704
22.9243
23.5122
24.0078
27.3068
22.3819
23.0687
23.7988
22.9256
21.9954
23.3564
23.5713
23.9583
23.4013
24.3515
24.2699
24.7940
22.9093
24.2053
23.8113
24.5989
23.6175
24.0992
25.2030
24.1635
24.1212
24.9349
22.6850
23.6097
22.9350
24.0657
23.0302
24.6253
23.8210
23.7664
24.1760
24.2539
23.2864
23.0731
23.8216
24.9881
22.8201
24.9010
23.4939
23.1809
23.6388
23.5296
24.1196
24.5738
24.4955
22.2125
25.1694
25.1291
24.8549
25.1687
23.4517
24.7264
24.0412
24.3419
23.4311
24.5535
27.7119
24.5247
23.5841
24.4265
22.6374
24.6694
23.5032
22.3863
24.0549
24.1165
25.0273
23.8575
24.4341
25.2636
25.1655
24.9331
25.6131
26.0106
24.8270
25.2223
24.5856
22.5209
23.6810
23.4491
27.1759
26.3034
24.4500
24.7165
22.7694
24.7077
24.6620
24.4762
24.5011
26.3023
25.5156
24.2230
24.8892
23.1063
23.6771
22.1399
22.9009
24.9974
22.7337
23.1629
23.9467
23.7433
24.6894
23.2553
24.5552
25.3387
24.1645
24.6718
25.2146
26.2637
25.2693
25.4317
23.5378
23.3955
23.5102
24.7993
24.2473
22.7751
23.7905
26.2167
24.6606
23.6169
23.4817
24.5002
24.6200
25.0873
23.4844
23.1718
22.3865
23.2834
24.1363
23.3341
21.6541
22.5847
23.3908
23.3987
24.1524
23.8629
22.9193
24.6030
24.9355
23.2314
23.7080
22.8080
23.6683
24.0939
23.4937
24.3483
23.7110
22.5674
23.4417
24.1721
22.4342
24.3982
24.0443
23.9121
24.1000
24.3273
25.8894
27.4786
24.0717
24.2278
24.3236
24.3883
23.2375
23.6150
22.8438
22.3613
21.8126
22.1887
23.2408
24.4901
21.9815
22.9104
22.3203
22.5670
23.2297
23.5811
24.0335
23.4622
23.7515
23.5046
22.5017
24.3622
22.0871
24.8145
23.7820
23.1524
23.4797
22.6053
23.7905
23.0295
23.7383
24.3631
22.3784
24.5029
24.4613
24.0835
24.1227
24.6049
24.1158
25.7001
23.8547
24.0843
22.7527
23.3817
24.2710
23.5239
23.3611
22.3000
22.9475
24.6389
23.6881
23.4951
24.3953
23.0208
23.8003
22.5484
21.6865
21.6392
23.4108
23.2448
24.2668
23.1398
24.5732
23.5580
25.3946
23.5987
23.3226
25.7603
24.2391
22.7377
22.1623
23.8296
23.5300
23.5825
24.1884
24.6951
24.3434
24.2804
24.4192
25.5275
24.8782
24.8650
24.7890
22.9447
22.8944
24.1690
23.5023
24.3205
24.5022
24.7361
23.8153
24.3423
24.3473
23.1021
23.0500
23.3911
23.2907
24.3974
24.7054
23.9558
24.6518
23.5584
23.4354
24.3268
23.1132
25.1488
25.1050
23.4535
22.6881
22.4453
24.8185
25.6490
24.9994
22.8203
22.7057
23.3520
22.5196
22.0602
21.6799
23.1213
21.5293
22.7156
22.8480
23.8856
21.5025
23.2006
21.3264
22.6574
23.4457
24.0895
24.7118
22.6414
24.2303
22.7268
22.7391
22.7048
22.0041
23.1307
23.5434
23.5757
23.1096
23.6710
23.0825
24.3202
23.7694
22.7894
23.6415
23.6443
23.6686
24.1804
24.1264
24.4397
23.1927
25.0153
24.5566
23.5981
24.2226
22.5554
23.7200
23.1761
23.5748
24.8942
25.0643
23.5677
24.1038
23.1383
23.0039
22.7130
23.5976
22.4880
23.3836
21.5963
23.6530
24.3880
23.1485
23.5904
22.9547
22.6450
22.7965
23.6662
24.2726
24.9791
24.3741
24.5466
22.9314
22.7868
23.6982
23.2679
23.6587
23.8061
23.5156
22.1759
22.1237
22.6339
23.6989
24.1568
22.6216
21.9128
24.1654
22.4071
24.0059
21.7192
23.1092
22.7161
22.0568
21.4868
23.2412
24.2782
22.2775
21.6814
22.5677
22.6464
22.5657
22.6280
22.2758
22.5476
21.7239
23.3625
23.0536
23.9568
23.9637
24.2259
22.3483
23.0241
23.6639
24.3777
23.8378
23.5443
24.3536
23.0623
24.0759
24.2147
23.7814
23.3011
23.8008
23.2408
22.9586
21.9968
23.2926
22.8186
23.3408
22.4266
23.8159
23.4175
23.6406
24.2880
23.6602
22.7350
21.2288
22.8775
22.1387
22.6355
22.8170
23.0363
22.3303
22.8036
22.3537
22.6775
22.7656
22.0936
22.4659
23.1731
22.8674
24.1998
22.1348
22.5216
21.5086
22.1321
22.9077
22.6410
22.1128
21.2601
21.6172
23.9756
23.8224
23.3529
23.5828
22.0570
23.3139
24.1196
22.3667
22.2279
22.6400
22.4384
23.4564
23.6575
24.8825
24.1494
22.1694
23.6146
22.0645
22.3267
22.0176
24.2326
23.0385
23.9440
23.1205
23.6395
24.0550
23.3092
24.0365
24.8135
23.8320
24.2065
24.7063
24.3948
24.6611
21.8967
22.9377
23.8720
21.7758
22.1981
22.0538
21.7245
23.3087
24.5779
22.4764
24.3829
21.1590
21.4724
21.3846
22.0549
21.4733
22.5568
22.0347
22.6545
23.1104
24.5201
23.8697
23.0549
22.8355
21.2901
22.1266
23.2118
23.0678
23.2613
23.3128
24.5034
24.2045
24.0622
23.8023
24.6238
23.4000
23.4494
23.6460
23.3409
24.7650
25.3073
24.2243
23.6774
23.4250
23.4910
23.0884
23.0532
22.3426
24.0620
23.7796
25.0641
24.9728
25.6628
24.7472
24.6574
26.4480
26.5144
24.7983
24.2996
24.2134
25.2648
24.5578
22.8766
22.5521
25.3833
23.5245
23.5935
23.9300
24.3506
23.1592
23.1550
23.2341
23.7381
23.2906
24.2317
24.4416
24.3794
24.0459
23.6113
24.2571
23.2902
24.6017
24.2601
23.9182
23.3223
22.7802
24.2471
24.0648
23.2685
24.5108
23.5531
25.2036
23.7023
24.6447
22.7083
24.5097
24.1274
24.1313
24.9215
24.7125
24.7704
24.7754
21.4480
23.9148
24.2866
23.9527
22.9601
23.6444
22.6342
23.9268
22.2742
22.0620
24.7623
23.7294
23.8758
24.1739
23.6059
24.3220
21.8191
23.7328
24.2507
25.7292
22.9710
24.4088
22.6847
21.6734
23.2165
22.9250
24.1198
25.3390
24.4077
23.3292
23.9046
24.0882
25.2004
24.3702
24.4490
23.3602
22.9834
23.8276
23.0628
22.5353
23.0701
23.9642
24.1786
23.6929
25.6483
24.6048
24.2341
23.7323
23.4428
24.6581
23.2944
22.6226
23.4865
22.4244
22.7417
22.9597
23.3967
22.4211
22.9491
22.3523
23.3321
24.6460
23.0294
22.9528
23.2040
22.1370
24.6417
23.4176
24.9346
24.2683
22.9590
23.5198
23.7323
23.8399
24.7095
23.8337
23.5101
25.9778
24.9410
27.2151
23.3249
22.2955
22.8461
21.8365
24.6357
23.7972
24.2310
23.1123
24.8087
23.6436
24.5038
25.2366
24.6871
24.0677
23.8440
21.5973
21.9906
23.4728
23.5116
23.2243
24.7768
24.6065
25.4911
23.3090
24.4023
22.9861
23.7653
24.2599
23.4846
24.2652
24.8436
23.6805
23.3826
23.7292
23.8932
23.7319
23.5928
24.7676
22.1898
23.6240
22.8462
21.8663
23.7528
22.8148
22.8727
25.3500
24.5927
23.8012
23.8092
22.0658
22.4345
22.8106
23.7376
23.1085
23.5619
24.0716
23.4654
22.9400
23.8006
23.2510
23.8012
23.7511
23.5426
24.2852
24.8720
23.9532
24.1301
23.8515
22.8314
23.5517
24.9820
24.4165
23.6014
23.1858
23.9244
25.3264
24.2820
23.7648
24.7166
23.2315
22.2234
22.6095
24.6826
24.1369
24.2054
23.4956
23.2385
24.3918
24.5794
23.0140
21.8392
23.6877
23.0065
24.8240
23.7092
22.5445
24.8472
23.5167
24.8609
23.5449
23.9705
23.5918
21.6393
23.5742
24.3643
24.9696
25.0179
24.9152
25.7471
25.3063
24.2970
23.8355
25.2006
23.3266
23.6722
22.8702
23.3471
23.5711
24.6706
23.8264
22.8898
23.8527
24.9258
25.2818
22.5114
23.7673
22.8582
22.4124
23.7480
23.5964
22.7133
23.2087
23.9532
24.7035
24.6363
23.7521
23.7065
23.6025
23.5341
23.3376
23.9849
22.9083
23.8634
22.4200
22.2104
22.2536
23.1482
23.0809
22.3275
23.8848
21.9489
22.0325
22.8088
24.7522
23.6165
24.4108
23.5576
22.4157
23.9056
23.1379
22.1313
22.7845
23.3129
23.0118
23.6701
24.2044
22.9469
23.7331
23.0641
23.1104
23.6134
24.1965
24.0112
22.3923
21.9657
22.8404
23.9081
24.5690
23.2055
23.1061
23.1267
23.2837
22.3495
23.2552
21.8151
23.3810
22.9086
23.7350
23.3226
24.9807
22.1470
24.1713
22.3769
22.6155
22.9252
24.4532
23.4674
23.7284
21.7726
23.2817
23.9880
23.5496
23.8673
22.7663
22.5772
22.0606
21.7551
23.4762
23.7506
22.4880
22.6880
23.0256
22.7349
23.1845
23.3961
22.4623
24.0222
23.0409
22.5125
24.1070
22.2485
24.2040
22.8636
23.1132
23.7139
23.9439
22.1939
24.4016
22.4275
21.3204
22.0206
22.4568
23.0519
23.9868
23.6593
23.0118
23.9310
24.6178
23.9133
22.9705
23.0575
22.9316
22.4511
22.7637
22.2373
23.0487
22.8807
24.5416
22.5440
23.8751
24.2858
23.6771
23.9664
23.7866
23.0512
24.3230
21.5603
23.0633
22.4817
22.0139
22.9126
23.0302
22.2015
24.6739
23.1663
23.3734
25.3574
23.6215
24.0336
22.8155
23.2773
23.7539
24.3480
24.5228
22.3913
23.7130
23.8055
23.6869
24.2924
23.3788
24.2291
22.7573
21.9847
23.5061
24.8053
24.2219
25.5049
23.1780
25.7339
23.8024
24.8629
23.9411
22.9891
22.1431
23.6403
23.2472
24.1153
23.9445
22.4095
24.5786
24.3280
23.0572
24.3479
22.4159
23.8593
25.1421
23.7020
23.4004
24.8365
23.4524
23.7083
23.8599
22.1803
23.9713
24.1751
24.3789
22.2975
23.0209
22.3130
23.3029
22.9754
23.5716
23.0447
26.7603
24.0593
24.9403
25.7269
24.8568
25.9339
26.5450
24.6264
23.7756
24.2123
23.9935
24.7093
23.4993
24.4907
23.6551
24.1835
25.4573
23.3234
22.3324
21.3907
22.8133
23.1500
24.1695
23.9530
25.4658
24.6586
24.2387
23.2737
23.9831
23.2590
24.0017
24.6453
22.8258
25.9681
24.3162
24.1651
24.4310
24.6533
24.9771
24.3358
24.9157
24.7858
24.4187
25.2215
23.0536
23.7250
24.0668
23.4803
23.7519
23.3966
24.8142
24.6708
24.3187
25.2152
24.2053
25.4191
23.2221
25.7739
23.7292
24.7679
25.4880
24.6745
24.9964
24.3965
25.9830
23.9626
24.0445
24.4041
26.3356
24.3735
24.0170
23.5351
22.4495
23.0872
24.0797
25.3586
24.2057
25.4896
24.8918
25.6887
26.4887
24.6630
25.4481
24.7805
26.9742
26.1498
25.2259
26.1933
26.5672
26.5551
26.3034
26.8562
24.2699
26.1508
24.3932
26.4931
24.7983
27.3466
27.3680
27.8282
25.0622
24.7337
25.2390
24.4426
26.3104
25.2730
25.5810
24.6727
25.5700
25.5693
25.8962
25.6753
26.7621
25.9273
27.2699
24.4476
25.4086
26.2813
25.6399
25.9517
26.6508
24.6079
25.0918
22.9727
26.0589
25.4749
24.8650
23.9477
24.6776
25.2150
25.5660
25.0109
25.6262
24.1547
23.7851
24.3041
25.1895
26.0217
26.3580
24.7532
26.6275
26.0967
27.1990
25.6600
25.7795
25.5395
27.4518
26.2385
25.9419
24.8173
24.1971
24.6768
23.4260
23.8004
23.3092
23.5048
24.0930
24.3278
27.1121
25.1848
24.3163
25.5967
25.2562
25.0924
23.5627
23.1890
23.2425
22.7119
25.4538
24.3937
24.7264
25.2290
23.6688
24.1172
23.5406
23.0807
22.8987
24.4433
24.1784
24.3699
23.3548
23.5996
23.8584
24.5837
22.8128
23.2588
23.4474
24.4072
23.6960
23.0410
23.5002
24.9951
24.4286
24.1895
23.5833
23.4621
23.6228
25.0581
25.4580
23.8342
23.1115
23.6489
24.6417
24.0884
23.3760
26.0654
24.6659
23.9738
23.6633
24.6723
25.4266
24.9489
24.9245
23.5923
24.6875
26.4877
24.1165
23.7901
24.0200
24.4768
24.8805
24.2713
26.2547
25.0735
23.9278
25.0803
24.5858
25.7929
23.9852
23.6249
24.7358
25.0901
24.2769
24.5523
25.8282
23.7635
23.9352
25.3840
24.6150
25.0952
24.9071
24.9781
26.0232
25.1786
25.5707
25.6557
24.1512
23.2414
22.6376
24.3546
23.3120
23.2134
22.9788
22.7342
22.7462
22.1365
23.4131
23.2925
22.9503
25.1022
24.3785
23.2120
24.9638
23.8676
23.4759
23.9334
22.9605
21.8350
24.4818
23.2721
22.9854
23.8294
24.9922
23.0978
23.0566
24.8052
22.1414
23.7992
23.7287
24.6277
24.2349
25.1168
23.7793
24.0419
23.8999
24.1308
23.9760
23.2853
23.4242
24.1773
24.3112
22.0918
23.4798
21.1924
21.9476
22.8592
22.1761
23.8101
23.5389
23.7487
22.9258
24.5984
25.7597
23.5444
22.5674
22.4955
21.4276
23.2341
23.6766
23.2203
23.9777
23.8108
23.9796
24.6241
24.6923
24.3936
25.0650
24.9063
24.8031
25.2155
23.8257
23.5428
23.8090
24.5223
23.0088
24.3660
23.6822
24.1829
24.9865
24.2778
23.2764
21.3725
22.9963
23.3497
22.3710
24.2335
24.7277
23.5359
24.9382
24.9569
24.5246
24.3210
24.9985
25.7092
23.4482
24.7947
24.2792
23.3242
26.5641
25.2197
24.4696
24.8341
23.0582
23.0340
24.1256
23.8839
22.3339
23.7852
25.0921
24.3775
24.1201
24.1884
23.4134
23.2947
25.5324
23.4957
24.9852
23.2223
24.3488
24.0901
24.9194
23.6540
22.3949
23.3571
23.4169
22.6287
25.1142
23.7643
24.2880
23.6801
23.9879
24.0406
23.8894
23.6805
24.4617
25.4553
25.2978
25.3762
24.0120
23.7299
23.6490
23.2499
25.2055
23.7009
24.8768
23.8012
23.5818
23.5166
23.5810
25.7034
25.1900
23.2563
23.9820
24.7561
24.6157
23.1076
25.7188
25.0311
24.0346
25.3317
24.2724
25.6569
24.7563
23.0304
23.2508
23.3180
24.0532
23.1360
24.2939
24.0725
24.8101
22.9447
23.7527
22.6835
23.3154
23.6955
23.9926
23.8041
25.3414
24.7418
23.5284
24.6413
23.2995
23.7516
22.3911
25.5017
25.3398
23.5850
25.5536
23.3796
24.5886
24.6876
25.0019
24.8293
24.2875
23.4036
23.0157
25.6787
23.2681
22.7666
22.2260
22.9556
22.8085
23.4960
23.0940
21.7486
22.9664
22.7589
22.9160
21.8629
22.4874
23.9678
24.7320
26.0800
23.6573
24.1447
22.7439
25.4966
24.2282
24.5579
24.1650
25.6058
26.3364
23.6508
25.2933
23.4942
23.2455
26.4193
24.5940
24.0389
24.7883
24.5171
22.9708
22.8360
25.2616
24.9668
23.0300
25.1554
25.7517
24.8712
22.8149
23.3697
25.4083
24.8018
22.4928
22.7767
21.8712
24.0752
24.8248
23.9900
24.0485
24.5117
23.4269
22.8737
23.5083
24.4411
24.3071
23.5017
22.9084
23.0908
25.7503
21.7930
25.0909
24.8669
24.9336
25.0832
25.4201
26.2713
25.7772
25.2587
26.2868
26.4513
23.4270
25.2362
25.3623
25.1185
23.7679
24.8702
25.9820
25.9465
24.5687
25.1427
25.2651
26.0299
24.6037
25.3557
24.0464
23.8944
22.7073
24.6692
24.9516
23.9473
24.8883
24.6222
25.1871
22.7963
26.6000
25.7223
25.4760
25.4913
25.2319
24.1887
25.9240
26.4306
25.6694
25.1479
24.9716
23.3781
23.6192
24.4670
24.4891
24.9106
24.3733
24.8479
24.3619
24.7837
24.0918
24.5515
25.5861
23.8899
23.7397
23.4935
23.4052
22.7121
23.5022
24.3264
22.8653
24.3072
24.9693
23.7253
22.4948
23.2566
22.2315
22.6230
22.0190
22.3827
25.6847
25.1859
23.1611
23.6239
24.2807
23.8591
25.1057
25.0893
25.3187
25.3170
24.2665
25.3808
24.3191
23.8316
22.2325
24.0379
23.3437
22.8370
25.2354
24.2884
24.5100
24.9968
24.0963
23.9294
24.8923
23.3569
22.1455
25.9664
24.8417
25.7138
26.4283
26.3869
24.6487
24.2353
25.3214
24.7461
24.0557
25.1197
24.8811
23.7209
22.6498
23.5519
23.3221
23.8159
23.0294
24.4930
23.1349
25.0882
23.9015
22.8041
23.3489
23.7017
25.6398
23.6641
22.4473
23.3543
23.5280
24.5411
23.5048
25.1355
23.1927
24.0894
23.3972
23.4076
25.2654
25.9055
25.8299
26.9672
25.3872
25.2463
25.0635
25.5044
23.9926
24.2538
24.4020
24.7553
23.5483
24.0541
23.6411
23.9265
24.2178
24.8684
25.2607
24.9006
23.8223
23.7873
24.9903
24.4928
23.1907
24.7722
25.8322
23.0945
22.1024
22.8048
24.2205
23.7205
24.8597
25.2953
22.7692
23.5405
24.8301
23.0492
21.3626
24.7397
23.5747
24.2888
24.1267
24.6594
26.2319
24.9467
25.2430
24.6084
25.2427
25.9757
25.7970
25.6911
24.3146
23.9595
22.8725
22.5199
24.4323
25.6390
25.6371
24.6819
23.9693
24.2882
23.8946
23.8476
23.9873
22.6290
22.8679
24.3334
24.6412
23.7961
23.6478
23.9159
24.9962
26.1626
23.9864
24.4010
24.5600
23.9414
25.4970
25.7162
22.7055
24.2272
24.6097
23.4915
22.9119
23.5107
23.3479
26.3118
25.3832
24.1640
24.1810
23.9895
23.1305
25.5319
25.6839
25.1864
23.4901
25.5665
24.7377
24.5897
25.0335
24.9947
24.0265
24.9357
23.9703
24.3912
25.3130
24.5300
25.4071
24.6667
25.2074
25.6932
25.9408
25.2491
25.5247
26.1040
25.7991
24.9360
23.7740
25.7620
24.5622
26.4749
25.2841
25.1168
24.4498
24.9145
26.1194
25.3773
24.7668
23.0025
25.0592
23.8901
24.5391
23.2788
23.6532
23.9336
23.1975
24.2040
23.6960
23.4760
22.6161
23.9968
24.9252
25.5893
25.2074
26.4414
26.2546
24.5096
25.3226
25.4595
25.8060
24.9335
26.4367
24.2706
23.6560
24.4498
24.2806
25.4592
24.7870
25.2001
25.0413
23.4057
23.7287
23.9722
25.1198
25.0825
24.7637
24.9891
24.1316
25.4852
26.4240
25.8207
25.3971
25.3382
25.7045
24.5196
26.3897
24.1990
25.4850
24.2626
26.0757
24.6327
25.1301
23.8450
24.4526
25.4075
24.5576
23.8790
25.7491
24.2287
24.9894
24.5763
23.4569
22.6401
24.2635
23.8434
23.9633
23.6664
22.8416
25.4280
23.8311
23.9654
24.7505
25.1673
25.1791
25.2333
24.4391
24.1489
24.0758
25.0095
23.2859
23.0200
24.4896
25.2253
23.9506
23.9004
24.3442
24.9752
23.5699
24.1397
23.0496
23.2612
23.8867
24.2951
24.1460
24.5577
23.0836
24.3425
25.4532
23.6289
23.9990
23.3510
23.5462
24.8890
23.6160
23.3011
23.9268
22.8169
22.5928
25.3938
24.3494
22.9781
21.7817
22.3300
24.8504
23.9170
24.4690
23.2000
23.0988
23.7709
25.4904
23.6930
24.2740
23.1167
23.3368
24.5167
22.4505
24.9892
24.0408
23.9795
23.2048
25.3800
24.8317
24.5010
24.1614
24.2461
23.2442
22.8403
23.8747
24.9436
22.4236
24.7300
23.6523
25.8117
25.8290
24.3379
23.0115
24.2364
24.2490
25.7350
24.5228
24.5074
24.1491
24.1314
24.0942
23.7109
23.0022
23.5606
23.4890
24.3570
22.9340
24.4635
24.0185
23.3339
22.6864
25.0369
22.8684
23.5282
23.8101
22.9604
23.6943
23.2715
24.6794
24.1670
24.6701
24.0678
24.3431
25.5245
24.0148
24.6284
23.5282
22.3043
22.3842
24.5359
24.8075
23.6495
23.6336
23.9386
24.5084
22.3237
24.4141
23.3977
23.3942
24.3853
23.4130
23.7838
23.1524
24.4979
23.6634
22.6827
24.1769
24.0442
24.1244
23.9595
25.0240
23.9647
24.5091
24.4876
23.0858
23.5293
24.1948
23.0234
23.7017
24.8418
24.2488
24.6863
23.6548
24.3381
24.2281
24.7041
24.3026
24.9253
23.2427
23.6075
25.3995
24.2431
23.8771
23.3646
23.7679
23.3939
24.5357
24.6091
23.9062
24.3866
23.7540
23.5118
22.5855
22.9417
23.3984
22.3734
24.6727
25.7643
23.3953
24.9587
24.5364
26.2893
24.2804
26.3253
23.9260
22.9493
23.5448
23.3988
23.1125
23.0183
23.0092
23.3082
22.7711
22.4320
22.8788
23.3745
22.9078
23.3772
22.7458
22.3355
23.5147
23.3720
22.8465
22.6815
23.5825
22.2359
22.9042
23.6287
22.6861
24.5070
22.0667
23.3760
24.6526
22.6524
23.4871
23.7977
22.4321
23.0373
22.5263
23.5355
23.5678
24.0893
22.6646
23.0240
22.1698
21.7318
21.3695
20.8814
21.9947
23.2644
22.6290
23.5407
23.4767
24.4036
22.8349
24.6089
23.0854
22.4516
22.4988
23.8656
23.7496
23.6219
21.9032
24.5813
24.9633
23.7937
24.5687
22.9742
23.4720
23.6062
25.0268
24.5994
22.4222
23.1093
23.0938
23.6811
22.9800
24.0158
23.2517
25.2439
25.6617
22.6632
25.8794
23.8423
23.9761
24.4763
24.3309
24.8759
24.9795
24.6796
24.4554
23.4938
24.5938
25.2728
26.2504
24.9368
26.4409
25.9772
24.6672
25.0050
24.3884
23.3250
24.9376
24.8023
24.3550
24.0202
24.0469
25.4954
24.5163
22.8361
22.5569
23.3027
22.2648
23.3745
23.1203
22.4418
22.6675
22.9881
22.5938
23.6544
22.4099
22.8765
23.0849
23.4009
22.9870
22.5383
23.5682
22.1239
22.5276
23.8206
22.9309
24.0460
26.0160
25.9351
26.1054
25.5832
24.9583
24.5896
27.8227
23.2537
23.0462
23.9056
22.9074
25.5057
25.4053
24.5571
23.7754
26.0987
26.4508
23.5917
24.3505
25.7417
24.7460
23.5460
23.9859
24.2988
24.8459
25.4149
27.0603
27.1026
25.8223
26.9009
25.8847
27.9300
27.6980
26.1509
25.3300
26.1546
25.3081
25.7878
25.6941
26.4987
24.7373
23.4395
25.4389
24.5437
24.5758
25.1487
24.1149
26.7302
24.5597
25.9872
26.5402
27.9677
25.9885
25.4679
25.7348
24.6951
27.0379
25.8100
24.5130
24.4955
23.6056
24.3178
24.7168
24.4709
23.4598
23.7504
24.9650
25.8358
25.4875
25.1353
24.7199
23.6923
23.4555
22.3103
25.1571
25.6429
24.3763
25.1842
23.5002
23.9120
23.4505
25.3619
23.9847
24.6782
24.5310
23.4756
23.3899
26.2136
24.8378
24.7961
25.9056
25.0163
25.6127
25.0067
25.0959
25.7676
25.4777
25.6238
26.8156
26.4545
28.5759
27.5960
25.3102
25.5014
26.5583
27.2348
28.5125
26.9656
27.2007
26.6510
25.9623
26.2927
26.6042
27.1602
24.8457
29.0565
26.4530
27.1679
24.8402
25.6242
26.7387
26.2528
25.5596
26.5003
25.8007
25.3799
27.0894
28.7331
27.6150
26.7070
26.9035
23.4249
25.4723
26.1298
26.5077
27.9150
25.8656
24.7370
23.2946
24.9767
25.0848
23.6761
23.2360
23.7011
21.6945
24.1547
23.7655
23.6576
25.1906
24.3126
25.0531
24.0007
24.9385
24.2572
25.3938
23.4445
22.8565
22.6436
23.0481
23.8426
24.4007
24.3848
26.1556
25.9198
23.6521
25.0422
24.4383
25.0107
24.6240
25.8065
23.9517
24.4750
23.5693
24.8518
25.6478
22.9092
25.2619
24.5010
23.2959
23.9798
24.0335
24.0511
23.8591
24.0354
24.2796
24.4895
25.0918
24.6060
23.2965
23.5957
23.7909
24.4371
23.0295
24.4577
22.1634
24.4294
25.1116
25.0883
26.8947
24.9847
23.8949
24.1748
23.8301
23.6448
23.9710
26.6775
25.0280
26.0642
25.4472
24.7863
24.9723
25.1308
25.0032
23.2743
24.2270
25.5738
25.0672
26.1478
24.2146
25.2295
25.9633
24.4868
24.2889
25.2453
23.8032
25.8593
26.3183
26.7667
26.1710
26.3671
26.7449
25.0853
24.7363
26.3329
26.0959
25.3035
24.1073
23.5974
22.7543
23.6147
24.0658
24.2261
23.9210
26.0199
25.3876
24.9030
25.2169
24.5171
25.2643
25.8133
24.8027
24.8951
24.7130
25.3392
23.9653
25.3584
26.1349
24.7440
23.6402
24.2487
24.4963
26.1137
24.9136
25.7179
26.2990
25.2101
27.1287
23.7237
24.3598
23.3858
24.0920
24.1955
25.8293
23.4097
24.3278
25.2572
23.5601
23.7318
24.6291
25.1840
23.0768
23.8014
24.5175
26.3411
22.9826
23.3934
24.2236
23.5782
23.4896
23.3666
24.9253
23.6478
23.3960
23.9870
25.4069
24.9352
24.6051
23.1936
24.4199
25.5013
25.8016
25.4397
24.8389
26.6221
24.0130
24.2360
24.4895
24.4873
24.1974
23.0776
23.2363
24.0932
23.7906
24.1729
23.4131
24.9973
23.9166
25.2016
25.1424
24.5436
24.8426
23.9440
23.5354
23.9640
24.1508
22.6013
25.1720
24.5088
23.4554
23.6829
22.5937
25.1940
24.5955
25.1774
25.6970
24.9766
24.6722
24.1217
26.1107
27.3321
26.2266
25.7924
23.4562
23.9806
25.0271
23.1110
21.3458
24.6133
23.5018
23.8170
24.0377
24.0676
23.5917
23.5611
24.5003
23.6401
23.5249
22.9421
22.4245
23.4927
23.2628
23.1215
24.8612
22.4538
22.9654
22.1324
24.0367
22.5979
22.6530
22.5805
22.9872
24.0303
23.2522
25.2594
25.1910
25.7902
26.0541
25.5630
25.1628
26.4900
24.7393
24.7006
24.3420
23.6479
24.6367
25.4366
25.4341
24.2207
25.4953
25.1358
24.5067
24.0611
24.2173
24.8458
24.2493
24.7377
23.2562
25.7018
23.1852
22.8805
22.7977
23.4044
22.2124
25.6046
25.6862
25.9063
25.7161
25.0618
25.5703
25.7353
24.1261
26.0458
25.1732
25.4559
25.9944
26.2127
26.3253
26.8554
26.2081
26.7999
25.6997
26.3206
26.5035
24.0151
24.1026
25.4697
23.7958
25.0490
26.1361
24.6818
25.1226
24.0855
24.3399
22.8589
23.8034
25.5206
24.5374
26.1700
26.4578
27.7675
27.0729
26.7485
25.4017
25.5325
26.3567
25.4821
25.2483
25.3517
24.6035
24.5926
23.6528
24.1349
23.9721
26.5811
25.1976
25.5271
25.9734
26.9445
26.1340
26.5262
25.8090
25.8014
27.3760
25.1114
25.6295
25.1938
25.9251
25.0816
25.8340
25.6908
25.8800
24.8844
25.6064
25.2488
27.6124
24.6583
26.7768
25.1721
24.1821
23.8805
25.7805
25.3463
23.0657
24.0495
23.6184
24.0344
23.4186
23.3870
23.1088
25.7314
25.7669
24.6200
27.3545
25.9952
23.0373
24.9733
24.0983
23.8908
24.4257
25.1551
23.8979
22.7116
22.7629
24.3852
23.9219
24.5078
25.8484
25.9574
23.8033
24.4614
26.9375
27.9879
26.8853
25.2276
24.5642
25.4489
23.8933
24.7657
24.2355
23.3519
22.7053
22.9626
22.3953
22.9963
21.6411
22.4006
23.7451
22.6975
23.0148
22.4407
24.4134
23.1681
22.4596
22.5690
23.8971
24.5807
23.6817
23.0063
23.2277
22.9497
24.1847
24.0700
24.5514
26.0024
24.0923
24.0712
24.3057
23.4551
22.7743
22.0609
21.7182
24.4330
24.6155
22.5471
23.4087
24.2287
22.8354
22.7594
24.5544
24.7068
25.4759
23.7687
25.0604
23.1291
23.4230
23.1236
22.7615
24.0136
24.8044
22.9167
22.6799
22.7820
24.7544
22.1728
24.8836
22.8985
25.1189
24.2324
23.9254
21.7858
24.0852
24.1577
25.1896
24.6590
25.2223
24.4212
23.3410
22.9344
24.1137
21.6305
23.7311
22.5566
23.3128
23.0788
23.1890
23.7204
24.4078
23.1334
22.6212
23.2611
23.6119
24.1108
26.4221
26.2078
25.1450
24.0621
24.1271
22.1252
22.9614
24.1954
22.5207
24.0632
24.5072
23.6605
23.9385
23.3687
24.5749
25.5916
23.9629
24.0145
25.2012
25.6593
24.9941
25.4132
26.3144
25.2330
25.5706
28.0250
24.3775
25.6148
26.0597
26.1431
25.0724
24.1303
23.2308
23.7353
22.0715
23.2028
23.6313
23.2189
23.9678
25.2649
23.9560
25.4642
25.1759
26.3225
25.2274
22.2024
23.3329
23.5095
25.8069
26.3576
24.4978
25.2705
28.1233
23.7489
22.6885
22.7754
22.6534
22.7863
23.5739
23.8600
22.5572
22.7498
21.8479
21.6514
22.3022
23.9124
24.2572
23.8281
23.6571
26.9698
25.7895
24.7395
23.9431
25.4156
22.8546
25.3092
23.3082
25.4801
24.4930
24.0056
25.5844
25.9779
23.7112
25.7615
23.9789
23.1974
22.6073
22.9397
23.4442
23.8290
25.1210
21.9847
22.0522
23.7141
23.8973
25.4381
23.7818
22.4146
22.6893
22.4883
23.4828
22.3215
23.1544
25.1904
23.5955
22.0968
23.1665
24.4308
23.7760
23.6469
25.3943
22.5822
24.1139
23.6935
25.0262
24.2106
24.8660
25.9140
25.1959
24.0420
22.5592
23.6685
24.5527
22.5529
22.9157
24.1406
23.1387
24.2699
22.9798
24.7409
26.0253
23.3822
25.7029
22.7924
22.1185
22.8282
22.9345
23.2944
23.9887
25.2853
22.6227
24.5926
24.8939
23.0600
24.3418
24.2449
23.4117
24.3986
24.7920
24.6062
23.4358
25.3080
24.3930
22.7297
22.1675
21.4462
25.0935
25.4357
24.6949
23.0939
24.0388
24.0076
23.3639
24.9699
24.1058
22.7605
22.2855
23.3724
22.7617
23.4712
22.4956
22.4496
24.3589
22.3509
24.4952
25.0575
24.4836
23.5137
22.4114
23.6537
23.9396
24.2013
23.5042
22.7328
22.9585
25.5521
24.9338
27.6681
26.3947
24.8705
24.5955
23.1264
22.5847
24.0808
23.0720
25.9969
25.6097
24.8219
26.5162
22.9261
22.9414
23.8006
24.2507
23.3149
23.3196
22.7132
22.4501
23.4378
25.4726
25.4809
25.5804
25.6720
25.1933
24.3853
26.1061
24.1929
24.4606
24.0175
22.3797
23.0295
22.3263
24.6853
26.3843
22.8882
22.7581
25.0744
24.6784
24.4923
23.2234
23.2885
23.9794
22.2054
21.6892
22.3089
24.6251
24.0991
23.3421
24.9046
23.7845
25.7236
24.3602
24.1632
25.4783
25.7640
23.9888
25.2033
25.2990
23.2624
25.1945
23.9838
24.2959
24.5516
25.6272
23.8199
22.5650
24.3071
26.2920
24.2548
25.0036
