23.4172
23.5044
23.3241
22.8001
24.0940
22.7781
22.2965
22.3181
22.5562
22.2807
22.1436
23.2003
21.9125
21.9645
22.3185
21.2118
22.6527
23.6280
22.8435
23.1224
22.6632
22.6967
22.8681
22.3275
22.8702
22.2736
22.5638
21.9643
22.1366
22.6799
23.2758
23.3854
23.0149
22.2338
22.4406
22.6496
22.9497
22.4933
24.0065
23.7605
22.5451
23.4801
23.9117
24.5182
23.8560
23.1501
23.4939
23.1363
22.8083
24.7153
22.4798
22.9614
23.2727
24.3120
22.8596
24.3905
23.8406
23.6163
23.5587
24.0749
23.5027
23.5172
22.5094
23.5001
23.6485
23.5664
23.4493
23.6431
25.1901
24.0502
23.6240
24.8755
23.9573
23.7164
23.3055
23.6767
22.7933
24.1311
24.5186
24.5034
23.9297
23.4321
23.9397
22.9178
21.9613
22.9118
22.3052
22.4170
22.6449
22.9256
22.9361
23.8268
23.3848
23.1984
24.1277
24.0262
25.4141
25.6855
26.6012
25.6112
25.0745
24.2350
23.6034
22.7389
23.2617
23.6400
23.8595
24.5771
23.9522
23.2573
24.5262
24.2511
22.6396
24.1635
24.0657
23.5618
23.6012
24.3428
25.1685
24.5077
25.9791
25.1244
26.6690
25.2724
26.9488
25.5281
26.2084
26.7454
24.8418
24.6888
25.4019
25.6485
26.1269
26.1120
24.8009
24.6557
25.4813
25.9000
24.8021
25.9280
26.3208
26.5749
25.8194
25.5303
23.4893
24.0988
23.9838
23.6022
24.0828
23.6092
23.6033
24.6214
25.8124
25.4301
24.1774
24.4105
24.3362
23.8093
23.9581
22.7527
24.0243
22.6984
24.3398
23.7336
24.4394
23.5791
23.9591
24.8935
25.9061
25.5304
25.6103
25.5400
25.1410
25.8967
23.9540
25.0189
23.5319
24.2379
24.8352
26.0307
24.4446
26.5750
26.2007
24.9867
25.5145
25.6141
26.3420
25.8340
25.9845
24.5407
23.6133
24.3923
24.8470
25.5044
25.3756
24.4158
25.2523
24.3737
26.1167
24.7917
25.7145
24.6965
24.2895
25.4058
25.3472
25.2791
25.4902
25.4149
26.6656
26.4874
26.8828
25.5435
25.2937
25.7205
26.0345
24.6500
25.5404
26.0839
25.0378
25.1312
24.4482
24.8187
25.5381
24.9483
26.0589
25.8453
24.9866
24.6451
25.0562
24.6338
26.0691
26.0077
25.3088
24.7731
25.8871
24.8931
25.3268
25.5442
24.5388
25.1550
25.8630
25.2618
25.2982
25.4614
25.1930
25.5972
26.4260
25.7869
25.5863
26.0707
27.1074
26.4952
26.3837
27.0606
25.9386
27.2973
25.7729
26.4361
26.4928
27.4986
25.2960
24.9817
25.2614
25.2479
25.4664
27.3302
25.7396
26.7756
25.1490
26.4174
26.9376
25.8559
25.0316
27.0318
24.7572
25.0517
24.7634
25.9461
25.6167
26.0725
27.1564
25.2548
27.0111
25.8039
24.7429
24.0248
24.8877
24.6697
24.5992
24.6754
27.0915
26.8161
25.6137
24.2131
23.1522
23.5922
23.5850
24.6190
24.9230
24.5495
26.3274
25.0190
25.8379
24.3980
27.4581
24.8754
26.8275
25.7546
25.7919
25.1947
24.9649
26.7863
25.9530
27.1984
26.8819
28.9847
28.2488
27.0613
27.6525
26.0998
23.9979
23.6686
23.9421
24.2214
26.1423
26.5224
27.0598
26.6917
26.2769
24.9715
24.4708
25.7696
27.1975
25.9432
26.2601
25.8377
26.3224
24.8575
25.0203
23.9143
24.0366
24.2454
24.4632
24.2468
24.2645
24.3019
24.1347
24.9723
23.5428
23.1070
23.0023
22.5188
23.1362
23.5539
22.5700
23.0274
23.0578
23.6182
22.6568
22.6679
22.7565
23.5374
23.5243
23.2160
23.1926
24.6196
23.2285
22.7764
23.1062
22.6791
23.4499
23.1181
22.8628
22.6358
22.4571
22.9580
22.1677
22.9847
22.7313
22.6461
23.2896
23.9788
23.5185
23.3508
22.4637
23.6366
22.7843
22.3123
22.5044
22.5809
22.2921
22.2913
22.5459
22.2034
23.0679
23.0497
22.8616
22.1588
21.8665
22.3374
21.7779
22.8146
22.4415
21.7926
21.9867
22.3579
21.9042
21.4022
21.8450
22.9492
22.7663
23.4835
23.8272
22.4688
22.4693
22.8603
22.8531
22.6579
22.7367
22.2117
23.8532
23.1738
23.2630
23.7091
22.9211
21.9572
22.9327
23.0489
22.7040
22.7661
22.4399
22.2659
22.0997
23.0618
22.6230
22.5574
22.7876
22.7780
23.1839
23.2965
23.9456
22.7174
23.3677
22.6760
22.4769
23.1463
22.8769
23.0773
23.4392
23.3726
23.3523
22.5275
22.8399
22.7950
23.0253
22.7605
23.0043
22.5592
22.7705
22.6892
23.6847
24.2120
22.7971
23.3805
22.4717
23.0918
22.8247
24.3535
23.1881
22.9695
22.7016
22.3183
23.6190
22.9934
23.3350
23.7056
24.5775
22.4400
23.3864
23.8192
23.9940
23.8249
23.2243
23.4546
23.2244
22.6504
23.5015
24.0077
23.4533
23.3929
23.1865
23.1525
24.3712
23.1289
24.4753
25.0720
24.9959
24.4363
23.3685
24.2093
24.5447
25.0442
24.5491
25.9052
25.1105
26.1239
27.2238
25.0041
24.6804
24.8792
25.0356
24.1661
23.8975
22.6350
23.8618
23.1589
22.4194
22.1292
22.7504
23.4427
23.2527
23.5178
22.4525
22.6305
24.1563
23.0950
23.2190
22.3671
22.4125
22.6796
22.4645
23.3084
23.1775
24.5912
24.4091
25.5755
24.3989
24.3887
24.5454
23.2787
23.3141
22.8701
23.0012
23.3733
22.5810
23.1383
22.0987
22.4542
22.9860
22.9006
22.5443
22.7870
22.0568
22.4655
22.6377
22.0113
21.9108
22.7332
22.4231
22.4886
22.3644
23.3159
21.8133
23.1866
22.9393
22.8021
22.7021
23.3703
23.0431
22.0270
22.0908
22.1579
22.8983
22.5464
21.7951
22.7646
23.3668
22.5987
21.8516
22.9303
22.6784
23.7949
23.4278
23.9006
24.4966
23.7964
23.0184
23.4519
23.1428
23.9472
22.8385
23.1891
23.0078
22.8404
23.8693
23.7559
23.8570
23.5245
23.7360
23.9284
23.5567
24.8818
24.6599
23.6135
23.9090
23.8234
24.5087
24.9682
24.1504
23.0803
22.8855
23.3076
23.9421
23.1585
23.0970
23.4065
23.1835
23.3981
22.7500
23.1395
23.0408
22.7862
22.7238
21.7603
22.5103
22.4050
22.5201
21.1374
21.1341
21.9106
22.5775
21.2969
21.5613
21.7133
21.7689
21.5741
21.0280
22.9635
20.9982
22.6366
22.1401
22.5206
22.7493
22.2847
21.6841
21.2562
21.6741
21.8766
22.5458
21.9377
22.2955
22.2959
22.2085
21.9740
21.9195
22.2417
22.2327
21.9345
22.7218
23.1698
21.8336
22.2622
22.9220
22.7635
22.8530
23.1341
22.9033
22.3387
23.5286
23.2614
23.4194
21.5820
22.2778
22.5887
22.1622
22.9351
22.2488
23.0936
22.3480
23.5715
23.1050
23.3614
22.3745
22.8510
22.4583
22.3842
22.9279
22.9254
22.6866
22.7666
22.6621
22.6796
22.6336
23.2985
23.8646
23.3432
23.6377
24.1368
24.7607
22.6164
21.8567
22.2977
22.7283
21.5963
22.1393
22.6785
22.6065
22.6216
22.8662
21.9614
21.1270
22.1892
22.8901
22.2706
23.5763
22.3513
22.4121
22.5434
21.2275
20.9138
21.2891
21.9592
22.2274
21.0907
22.8601
22.3551
23.3948
22.8299
22.0595
20.9044
22.3281
22.2646
21.8101
22.9381
21.9298
22.7302
23.1041
23.5940
22.9978
23.6131
22.1661
23.0144
23.0910
23.1471
23.7873
23.5601
22.8235
22.8141
22.3616
22.3722
21.8062
21.0377
22.5233
21.7002
21.7005
21.2761
21.9483
23.2554
21.7406
22.1174
21.8770
21.6849
22.0438
23.2907
23.6519
22.7275
21.8976
21.9723
22.1082
22.1097
21.8035
22.1980
22.4764
22.3514
22.1383
22.7676
22.4042
22.8350
22.3713
24.2040
23.3616
23.2260
22.5776
23.5917
23.3043
22.7020
22.9521
23.5433
23.2595
23.6716
22.8830
23.1690
23.4899
22.9797
23.3899
22.9284
23.2483
22.7820
23.5995
22.8256
22.4516
22.9549
22.4040
22.9637
24.1744
24.3936
22.6592
23.6918
22.8534
22.9518
24.1623
23.5307
24.2423
24.0384
23.7006
23.2980
22.6424
22.5817
23.4338
23.6212
22.3197
23.5715
23.3557
24.8422
24.0651
23.5170
23.7971
23.0343
23.8716
23.5903
22.8937
23.0339
22.9608
24.4034
23.8751
22.8619
23.4951
22.3859
22.1441
22.5398
23.0683
22.7576
22.8107
21.8363
23.0580
24.8116
23.5952
24.1369
22.7502
22.2509
23.4191
23.1035
23.0406
23.2002
23.4702
23.0744
23.5169
22.6332
22.9724
23.2050
23.0308
22.8899
22.0902
22.6160
23.3107
23.2992
22.5940
22.7995
23.1278
22.6001
22.8496
22.9862
22.8847
22.2188
23.2329
22.4780
23.3081
21.7253
23.8731
22.8238
23.0838
23.1399
22.5290
22.6605
22.0742
22.6234
22.7409
22.5094
22.6619
22.9684
23.1401
23.6251
23.1979
23.4244
23.0399
23.4983
22.6049
22.2948
22.0691
22.8332
22.0154
22.8489
22.0685
22.6711
22.4885
23.1182
22.7645
23.0814
22.7350
21.8902
22.8341
22.7167
22.6540
23.1278
22.6166
22.6177
22.2387
22.0326
23.1474
23.1849
23.0792
22.9523
22.7267
23.4224
22.7519
22.1522
22.5166
22.3881
23.4443
22.5766
22.5065
22.8287
23.5577
22.6750
22.8376
23.2778
22.5547
23.1556
22.8434
23.1759
23.1701
22.7447
22.2955
22.6005
22.7957
22.3350
22.6918
22.7835
22.8543
22.4696
22.4206
22.8390
22.9633
22.9146
22.0335
22.6913
23.3650
23.3970
22.3586
23.1548
22.4857
23.0811
22.7023
23.0729
22.8490
22.7731
23.1292
22.8147
23.0275
22.4510
22.8372
23.6697
23.2194
23.6658
24.3414
23.3134
24.1332
23.1082
22.6993
23.6477
22.8229
23.3946
22.8711
22.7490
22.9930
23.2835
23.6260
23.1970
22.6284
22.6535
21.5673
21.3139
21.6021
21.8538
21.0726
22.3321
21.3556
22.6129
22.9497
22.5528
22.5583
22.9027
23.1246
23.8329
23.1474
23.8990
22.4585
22.8351
23.3284
22.8194
22.5331
22.4776
22.6533
23.0896
22.5186
23.1050
22.2045
22.5351
22.6267
22.9059
22.8984
23.3327
22.7613
22.1599
22.3400
22.9142
22.6813
22.7294
23.0920
22.9716
23.0827
22.9257
22.9320
22.5809
23.0203
23.4895
22.4773
24.0720
24.1134
24.9735
25.2431
24.6155
23.2148
24.2953
23.6355
23.0878
23.8436
24.5907
22.4732
23.1251
22.5791
24.2286
23.4193
25.2954
25.1099
23.9647
24.6080
24.7148
25.6671
25.7531
24.9946
23.6300
24.1869
23.1975
22.8899
22.1582
23.0970
22.3937
23.0204
23.8418
24.3638
23.7979
23.7362
24.4545
25.1563
22.7223
22.8335
22.4045
22.8492
23.5331
23.3022
24.0447
24.4415
24.0484
24.7313
25.5887
25.5927
25.6060
24.6388
24.4752
24.5011
23.3322
22.4731
23.3815
24.6187
24.5137
24.1340
23.9535
23.1849
22.5872
22.7354
23.5357
22.3625
25.0789
24.2321
24.4959
23.7480
24.2685
24.6184
24.4367
24.3754
24.9610
23.9888
25.2435
23.9490
24.5065
24.3119
24.5458
23.9049
23.9777
26.3034
25.2488
27.3222
25.6826
26.7045
25.0452
26.9908
26.4652
27.7431
26.1206
25.1270
25.3622
26.5999
27.2907
25.9361
25.5788
25.9772
26.5421
24.8318
26.3275
26.9982
26.6716
27.5064
28.9235
27.1077
25.5920
27.3959
25.5422
25.9475
25.3109
25.5239
27.4976
25.8129
27.2007
28.3308
28.1162
27.8825
28.4105
28.2898
27.6326
27.9944
27.2701
26.3012
27.8165
27.2332
28.0242
27.4324
27.7116
28.4360
27.3491
27.8882
28.4579
27.8995
27.3028
27.0216
26.9823
26.7826
26.6097
25.3053
26.1584
26.0792
26.7721
27.2726
27.2287
25.9033
26.0985
25.2423
25.4724
25.5016
26.1958
24.2682
24.9819
24.3793
25.0798
26.0354
25.2100
25.1887
24.8142
24.7259
23.9410
24.3914
26.4381
25.3418
25.3916
27.5634
27.5685
27.2619
29.0785
28.9890
30.3582
29.6387
27.5805
27.8579
28.2861
28.1231
26.9927
26.0312
25.4833
26.5548
24.6910
24.4903
24.9988
23.6949
25.6443
24.9134
24.3902
27.4436
26.0448
27.4246
25.4969
27.5776
28.8275
26.1938
25.9925
27.2917
25.9372
25.3056
25.7494
24.4205
24.6208
24.7391
24.8990
24.1366
23.8203
25.4079
24.3834
23.8521
23.5156
25.3282
25.9402
23.4317
23.0169
22.7670
23.8884
24.3229
24.5204
25.9668
26.1281
24.2374
25.6067
26.1386
25.9077
26.1998
27.0547
27.1141
26.3854
27.2736
25.7913
25.5493
26.3457
26.2015
26.1984
25.1001
26.6222
26.9278
25.3825
26.3843
24.4145
24.1628
23.7499
24.9709
25.4990
25.6542
24.6050
25.2408
25.6232
26.5133
26.9665
26.8326
27.3523
26.4668
26.1882
24.8067
25.2854
27.9906
25.7299
25.1030
25.6483
24.9111
24.4062
25.7495
25.2266
24.7519
26.2398
26.2414
26.1723
26.1274
27.1150
25.4347
25.5749
25.5686
26.8960
24.4284
25.6212
26.4238
25.9850
25.7342
25.6581
26.2352
24.9217
24.8378
25.4783
25.2253
26.4046
26.5723
26.7837
26.3709
26.5869
25.1677
26.0176
25.9661
25.2074
24.5248
25.4620
23.8818
25.5382
25.4003
27.8618
26.2915
26.6230
24.3749
25.1196
26.2888
24.3173
24.6087
25.0551
25.0350
26.3527
25.2893
25.4764
26.3632
26.8633
26.5974
25.1054
25.7849
25.2493
24.9227
26.5096
25.2982
26.4276
27.7959
29.0505
26.9322
27.7255
28.8573
27.0184
26.6169
29.7409
27.4336
27.3792
28.7665
27.9359
26.5939
27.1371
27.4926
26.6361
26.7026
27.9688
29.3547
26.5903
26.9413
26.1014
26.3013
27.3409
26.0858
25.6787
27.1560
26.4331
28.2020
27.6225
29.8133
29.1062
30.2046
32.6366
29.3676
29.2992
28.1919
25.9320
27.2999
27.5540
27.8825
28.9481
30.2008
27.4664
29.0729
29.0891
27.3554
29.3862
28.3251
27.2285
29.0646
28.6106
27.3522
26.4272
28.9297
28.1978
27.9010
25.8328
27.3677
28.2315
27.0088
27.3978
26.4542
26.9858
28.0711
27.6841
27.2428
26.2886
26.1810
26.2430
25.8975
27.5792
28.5501
30.2005
30.6252
29.8127
27.6391
30.4598
30.1157
30.5567
31.1322
31.1735
27.8464
27.2418
28.0442
27.3089
27.5976
27.6303
26.0654
27.5304
26.6450
26.7692
27.3988
24.5553
25.4182
24.5707
25.4663
26.0732
23.8732
25.5000
25.6477
24.5890
24.6979
24.1872
24.5098
23.6810
24.7971
25.5987
25.3144
24.0635
25.0473
24.9351
24.8745
25.3973
24.7607
25.5275
25.3999
24.9397
23.5637
24.5460
25.1905
23.7495
24.2231
23.6144
24.6010
25.6093
25.8180
26.6708
26.3003
24.7738
24.1745
23.6667
23.7434
26.0886
25.2789
25.6441
25.8453
24.7259
26.2883
25.3618
24.8934
25.1139
25.0867
24.5232
24.1569
24.1418
24.2693
25.6401
24.3711
25.1776
23.8386
24.3642
24.1817
24.8572
24.7252
23.6960
24.6935
24.3558
24.0800
24.5675
24.4625
23.8330
24.6063
24.5160
24.0783
24.4033
24.4269
24.8571
24.3020
25.5448
25.2699
24.4859
23.9803
25.1256
23.9001
24.2729
23.6656
24.6318
24.8217
25.0086
24.8782
24.9985
25.0890
26.0180
24.2639
23.6840
23.9232
24.5518
25.8675
26.5664
25.7783
25.8078
26.9371
26.3483
25.3466
25.0232
24.1709
23.8846
24.2445
25.6671
24.7262
24.7970
24.4143
24.7049
25.5308
24.5200
24.1319
24.9702
24.7097
24.5313
24.0844
23.2643
24.6749
25.3515
24.8408
24.0874
24.4926
24.0164
26.0275
25.5881
26.1312
24.7745
24.4101
23.6071
24.5751
23.9504
25.9057
24.6299
24.6470
25.7303
24.5773
24.4648
24.3909
25.2718
25.0010
25.0524
24.4446
24.8710
24.3088
24.7576
24.2547
25.5753
24.4972
25.0943
24.7963
25.2872
24.5879
25.0444
25.2899
24.7492
24.1967
24.5350
23.9690
25.7654
24.2583
25.7387
25.1344
25.0459
24.5148
24.3971
25.6832
24.4381
24.5998
23.9321
24.0996
25.4562
25.3869
25.8848
25.4869
23.7313
24.0770
24.8423
24.8066
24.6926
24.9129
24.6338
24.6772
26.3943
25.9688
26.5574
24.6804
24.3697
24.1577
25.1711
25.2127
26.1547
28.7214
27.8153
27.2470
28.6108
27.4034
26.4660
28.1302
27.4107
26.1552
26.1493
29.1458
26.3647
25.3401
26.7259
25.1532
27.8193
27.4970
25.0979
26.2320
26.2462
27.4365
26.8184
26.8398
26.6820
26.0756
25.8525
25.7049
26.4591
26.4987
26.0324
24.8160
25.0720
27.0330
25.3863
27.6847
26.4265
25.5663
25.6732
25.4423
23.8817
24.9351
25.8104
23.7783
25.1987
25.6143
25.1956
25.5581
24.9438
26.3268
24.7540
24.8696
25.4827
25.4716
24.9927
25.5078
25.6015
25.6804
24.8590
24.5974
24.2010
24.1992
25.6741
25.5075
25.2578
26.1539
26.3800
25.1568
25.3322
24.7557
25.9960
25.5540
24.7480
24.7304
25.0600
24.6493
25.2665
24.7651
25.5664
26.2562
25.2451
25.8939
24.0516
26.5482
26.5540
26.2689
28.2956
25.1375
27.4517
25.5475
24.4850
25.9702
27.2996
24.7849
25.2240
26.2658
25.9076
25.6056
24.1874
26.5242
28.6811
28.3584
26.8776
26.2537
26.5468
25.5094
26.3915
27.3779
25.5082
26.6015
25.2549
25.4727
24.7215
25.5499
27.1488
26.4362
26.0429
28.0913
25.9126
26.9554
26.4713
26.0898
25.7349
26.5828
28.8232
27.4964
26.6975
26.2759
26.4648
26.2237
28.4550
27.3901
26.7419
25.2657
23.7954
24.1040
24.4617
23.1713
24.2337
23.8130
24.0821
24.8189
25.9540
25.3150
25.6982
25.2657
28.1772
27.5763
24.5520
25.3708
25.2979
24.6424
24.4795
27.0506
25.1164
24.0784
25.7009
26.6303
26.5121
26.4444
25.5468
26.1081
25.7061
25.5573
24.5525
25.4802
24.9514
24.9824
25.0113
26.5227
27.4462
27.2895
27.0750
27.4623
27.2149
26.1901
26.0139
27.7799
26.6905
26.5482
27.5474
26.9017
28.1651
26.8656
27.2003
26.7054
25.9534
27.4718
27.1345
28.4517
27.1439
26.9311
26.0735
24.4587
24.7714
25.4322
24.6929
25.0412
25.3305
25.3181
25.3043
25.7609
24.5711
24.6606
25.4107
24.4545
25.2180
25.7228
24.7962
25.9567
25.8763
24.7569
24.3240
23.6770
25.3964
25.0082
25.2030
25.3444
24.7882
24.1432
23.5522
23.6358
23.2456
23.6367
22.9325
24.3686
24.3842
24.2775
23.8490
24.5054
23.9722
24.2549
24.2090
24.9108
25.9568
26.8954
25.4145
25.8596
28.3848
26.7693
26.5623
25.1891
25.7171
26.1263
25.8656
24.1086
24.9782
24.4475
23.7408
23.4223
23.9570
23.9059
23.3574
22.8060
24.2397
23.1114
23.4795
23.3994
24.2224
24.4512
24.8962
23.5733
22.9842
23.2692
23.4688
22.4783
23.2876
23.2679
24.7072
25.0294
23.5747
24.3363
25.5919
24.9375
25.0566
24.8251
24.4297
25.9682
25.5105
25.6031
25.5135
25.8523
24.9088
25.3815
23.4018
23.1623
22.9884
23.8189
21.9398
23.3404
23.7920
23.8748
24.1480
24.9414
23.5155
23.2982
25.5387
23.4914
25.0378
25.3561
23.3694
24.9200
24.8249
25.1350
25.7348
25.4168
24.6611
24.7015
25.0182
25.1889
23.9821
22.8571
25.5527
26.0044
24.8660
25.1176
25.1836
25.5322
25.9766
26.6671
25.7784
26.6022
26.3971
25.3435
26.0900
25.0400
24.8382
25.2082
23.8350
23.5313
23.2230
24.5719
24.4142
25.4316
24.3863
24.4817
22.8629
23.5213
22.6550
24.1806
24.4733
23.9918
25.1489
24.6319
24.4542
24.8903
24.1554
24.4907
24.8665
25.7966
23.9741
25.2197
25.1586
25.3434
25.0578
25.3078
23.4614
24.4981
23.5459
22.6731
23.1043
21.8902
22.9448
22.1657
22.8242
22.2054
23.0812
24.0304
23.2245
23.4855
23.9068
23.5712
25.6283
23.5521
24.3778
24.6573
23.9887
23.6037
23.7004
23.5692
25.6469
25.0842
25.0034
25.5051
25.8570
26.1638
24.5577
24.6281
24.5095
26.4813
26.5768
26.3697
24.8639
25.4031
25.3761
26.1662
26.3510
25.5867
26.2002
26.0105
27.6372
25.9598
25.0197
23.4815
23.9958
23.5539
23.2699
24.9006
23.3060
23.9879
24.8686
24.0738
24.0045
23.8369
24.5319
23.8022
23.5467
23.3244
23.9953
23.7321
22.7399
22.9639
23.1167
23.1731
22.9703
22.9842
22.9242
23.1327
24.0601
23.2472
23.6601
23.9652
23.8135
25.0049
25.2317
25.5153
24.8075
24.4982
26.0119
25.6853
24.8128
25.0769
26.3539
23.8334
25.4460
25.0039
26.2835
27.3401
27.6587
27.5192
25.6852
25.3788
25.3641
24.2612
27.0353
27.8353
27.9785
28.9032
27.3918
25.9174
26.5659
25.3100
25.4010
25.0991
24.3485
25.1640
24.6046
22.7272
22.5913
24.0521
24.4751
27.2940
26.3460
24.8013
24.9811
25.0752
25.1180
24.1965
24.9021
26.0558
25.8714
24.0585
23.2503
23.5031
23.3614
23.8994
24.7764
23.9094
24.6127
22.9436
23.5037
22.2029
23.1012
23.1064
23.4324
24.1040
23.6577
22.8725
22.1259
23.2790
23.2281
23.9643
23.8525
24.3536
24.7611
26.5613
25.7219
25.3708
26.3079
28.7313
26.2966
26.2831
26.1913
26.7194
25.6283
25.8501
28.0932
25.2013
25.5137
27.0304
25.6793
27.7242
27.7515
26.0124
26.4234
27.6746
25.6336
25.5438
24.8451
26.4021
25.7014
24.2339
24.5350
24.7751
23.8808
24.5952
25.4121
24.1414
25.1298
25.0243
24.1968
25.3258
25.7712
24.2141
24.9569
24.3823
23.7705
25.0835
24.1406
24.6697
23.9683
24.6296
24.3252
23.9780
24.3470
24.0749
23.6402
24.8921
24.5501
24.0383
24.8901
25.7133
26.5946
26.1433
26.0502
25.0503
25.6395
25.9934
27.6655
27.5454
25.7699
26.4421
25.1900
24.2008
25.3582
25.3588
25.1532
26.7090
25.5958
25.9777
26.0103
24.4549
27.3664
25.9566
26.6265
25.9307
26.3573
24.7094
25.2293
27.7420
26.9136
24.9710
24.3961
26.2271
25.6585
26.0682
27.4646
27.6725
26.9601
25.9631
25.3950
26.4407
25.9356
26.2128
29.0996
27.5933
27.1080
26.7841
27.9137
25.6052
25.0230
23.1689
23.8742
25.3479
26.1681
25.6895
26.5900
25.8830
25.6942
25.6752
25.1098
25.8192
25.4723
24.6972
23.7335
25.0253
26.1074
23.4163
23.2275
24.0614
24.2692
24.4364
24.0592
23.0173
24.3177
24.4275
23.7998
24.0201
23.7531
23.3800
23.7479
23.2190
23.9013
23.5458
23.6182
24.1060
24.2773
23.5553
23.6795
23.2802
23.7961
23.7592
24.1321
23.8574
23.5033
23.9266
24.2751
23.8742
23.7628
23.7218
23.3812
23.6923
24.4440
23.8102
23.4214
24.1876
23.5443
24.1297
23.6344
24.5820
23.7464
22.6497
22.9829
23.5068
23.4782
22.8800
23.3027
23.2098
23.4865
23.1267
23.3084
23.5704
23.0736
24.1604
23.5514
23.3511
23.4837
22.9758
23.3698
22.4801
22.1200
22.3198
22.6057
22.6007
22.8128
22.8404
23.7914
23.0248
23.2036
23.7613
23.0005
23.6484
24.1173
23.8457
23.6658
23.6027
23.5908
23.8586
23.2833
23.2289
24.1611
23.4451
23.2622
24.6904
24.1017
23.1963
23.6296
23.6144
24.0159
23.7715
24.4480
24.2911
24.6155
23.6236
25.5396
25.2520
25.3595
24.0163
23.1937
24.5552
24.3757
24.7723
24.9644
24.9584
25.0182
25.1980
26.0744
25.3674
25.4510
24.4266
23.8869
24.3454
25.0839
24.5403
24.2336
24.3723
25.3084
25.1116
23.9546
22.7244
23.4410
22.6556
22.1801
21.6012
22.6506
21.8821
21.6358
21.4496
22.2994
22.7777
22.2354
21.9360
22.2120
21.7964
21.3506
22.1589
22.2913
22.0061
21.8107
21.6019
21.8259
22.6797
21.2098
21.9371
21.7700
21.5363
21.7949
21.3105
21.4998
21.5589
21.7495
21.8658
22.1491
21.3684
21.8774
22.2681
22.1375
21.7599
22.3391
22.3058
22.4149
21.7769
22.7072
21.5661
21.1883
22.0447
21.6007
21.7056
23.2309
22.3471
21.5591
21.9015
22.4387
22.6006
21.6578
21.3884
21.2970
21.6796
21.4331
21.1923
21.7123
21.0868
22.5862
22.6914
22.6575
22.2903
23.1803
22.0442
22.6997
22.7994
22.0929
23.1859
21.8527
22.5435
22.4511
21.8925
21.8054
21.5085
22.1728
22.0623
21.9266
22.0062
21.6740
21.7066
22.2148
22.6331
21.9569
21.7059
21.7305
21.6766
23.2820
22.1125
22.3972
22.5468
22.3792
21.9615
22.1120
22.1448
22.6169
21.7862
22.6364
22.3097
22.0239
21.5878
21.7943
22.2348
21.6970
21.7857
21.9865
21.9804
22.0258
22.1450
22.4809
21.8393
22.8449
22.2399
23.8627
23.6907
22.1730
21.9493
23.4089
22.9415
22.5427
22.3870
21.8944
22.4989
22.6330
22.0607
21.8892
22.4057
22.3601
22.4147
22.6482
21.8035
22.8102
22.5182
22.1298
21.9998
21.6689
21.9547
21.1661
21.6263
22.8532
22.2431
23.3077
22.3150
22.3923
22.1494
22.7719
22.7322
22.6409
23.0377
22.9494
21.8649
22.0874
22.1654
22.2858
21.7766
22.3391
23.1443
23.0133
22.5892
22.6756
22.5435
22.2399
22.5688
22.8804
21.8675
21.3490
21.5206
21.5180
21.7612
22.0115
22.5158
22.5677
21.0373
22.3111
21.8595
22.0358
22.6316
21.9972
21.5757
22.2082
21.7145
22.4007
21.7811
22.2007
22.6339
23.3668
22.4515
22.9627
22.3827
21.7148
21.7960
22.3814
21.2870
22.4732
22.4341
22.5142
21.6783
21.8105
22.7091
21.4673
22.4044
23.1215
22.4066
22.4219
21.5570
21.9537
21.7485
22.4394
21.7349
21.8307
21.7721
20.9278
21.4930
22.0192
21.7758
21.1325
21.4846
21.3466
21.7044
20.8281
21.2375
21.1647
21.9683
21.9706
21.7420
22.4010
22.3948
22.5433
22.6906
22.1290
22.0622
21.2460
21.7017
21.7970
21.9964
22.2637
22.2253
22.4346
21.8102
22.7099
22.2362
22.9764
22.2531
22.1105
21.8119
22.7708
22.6893
22.9125
22.0544
21.6633
23.0193
21.7400
22.2916
21.9545
21.7181
21.5153
21.3123
21.8122
22.4125
22.1014
22.0274
22.3910
22.1788
22.7211
22.1104
22.7998
22.6040
22.7655
23.2711
23.6295
23.1942
21.9262
21.4919
22.1017
21.7811
20.9368
22.0565
20.9991
21.4970
21.4682
20.8579
22.2594
22.0208
22.3020
22.7535
22.8971
22.5499
21.6649
22.2243
22.3578
22.5237
22.7523
22.0493
22.5759
23.1113
22.3548
22.5885
22.8535
22.5033
22.6035
22.9715
22.1662
22.5746
22.4521
23.0564
23.4980
23.1793
22.4621
22.2069
22.2790
23.5469
23.4576
23.2771
22.7642
22.9979
22.5100
21.5483
22.1772
22.1699
23.3045
22.9034
22.7102
22.2847
22.2744
22.7234
24.0240
22.4294
21.8060
22.7334
23.1080
22.2831
22.7477
22.7790
22.1140
22.3145
21.6452
22.1897
22.3186
21.7183
22.2215
21.9978
21.8116
22.2723
22.4182
22.0430
22.9121
21.9063
21.9930
22.4276
21.5595
21.9734
19.8720
22.1660
21.9130
21.5349
22.3104
22.2550
22.0610
22.5083
21.5139
21.5559
21.8281
21.6000
21.9914
22.5823
22.1640
21.6717
21.9324
22.1755
22.3763
22.4640
21.7155
22.5332
22.3335
23.2987
22.7714
22.8962
23.0833
21.2542
21.6296
22.2189
21.8536
22.4516
22.1490
22.9536
22.7993
22.8207
21.7713
21.8586
23.0908
21.5418
21.7490
22.3078
22.0784
21.7233
21.6481
22.0197
21.9990
21.5837
20.6211
20.4354
21.3380
20.9192
20.5073
20.5302
20.7042
20.4454
21.0819
21.3406
21.4163
22.0692
20.3038
21.2163
21.3544
21.9392
22.7480
21.3326
20.1839
21.1134
21.5181
21.2762
21.0918
21.1286
21.5019
21.1321
21.6748
22.3478
22.2420
22.4976
20.5841
20.8844
20.9212
20.7101
20.2503
20.7216
20.7372
20.3484
20.5965
21.0893
21.6602
20.7324
20.6296
20.7350
21.1553
20.4361
20.9720
20.4409
20.6812
20.9144
20.6822
21.0007
21.0019
20.2381
20.2088
20.6108
20.6504
20.2996
20.7473
20.3935
20.6521
21.0831
20.4108
20.3967
21.2595
21.0370
22.0222
20.8841
21.6989
21.1248
20.9584
21.2270
21.9272
21.5566
22.0639
21.1948
22.1635
21.8975
21.2854
21.5330
20.9917
21.2468
21.0147
21.9389
22.1277
22.2642
21.0052
22.3567
22.0913
22.2463
23.0614
22.5166
22.5846
23.4466
22.7066
21.7970
23.1469
23.4197
24.8930
22.7904
22.6278
22.0305
23.2560
23.5278
23.8796
23.4080
22.7769
22.0524
22.1162
21.6740
21.7398
20.9838
20.4675
21.2322
21.9702
20.5609
20.5611
22.7875
21.1332
21.7568
21.9504
23.7027
22.6058
21.6856
21.4503
22.4623
21.4370
21.4950
21.6857
21.8044
21.4545
21.9982
22.0273
21.4596
21.8304
21.8171
21.5537
21.3005
20.7360
20.9544
21.8767
22.3336
21.7476
21.7334
22.1754
20.9389
20.9300
20.6524
20.5545
21.8171
20.7347
20.9110
21.5098
20.8116
20.9474
20.9702
21.2474
21.2783
22.2508
21.3943
21.4105
21.5083
20.8784
22.3274
21.5576
21.3298
22.0745
22.2384
22.4110
20.0017
21.3741
22.0529
21.1873
21.3330
20.4132
20.0837
19.9888
19.8235
20.4541
21.1680
20.2885
21.1716
21.0136
19.9588
20.3101
20.3655
20.5714
20.3555
20.5923
22.4203
22.1695
21.6464
21.5872
22.0650
22.1607
22.0623
21.4048
22.2724
21.4223
21.8846
21.1471
21.3140
22.3005
22.0428
22.4389
21.3633
21.3092
21.8851
21.2739
21.1106
21.2117
21.7643
22.4154
21.6192
21.8543
21.6090
21.8934
21.5908
21.8288
20.8169
20.5999
21.4551
20.9998
20.5237
21.0105
21.2676
20.7334
21.6160
20.7411
20.8740
21.6072
20.8978
20.6460
20.8909
20.7992
21.0948
20.4388
21.2348
22.6722
21.1725
20.7577
21.0925
21.2313
21.1947
21.2304
21.2897
20.6122
20.7491
21.4207
22.8957
21.5011
20.7806
21.1699
20.4948
20.8209
21.8613
20.8620
21.1283
20.7370
21.8629
20.7425
21.3839
21.1348
20.4940
21.9378
21.7232
20.7644
20.4003
21.7792
21.0664
22.6407
20.9256
21.9575
21.9375
22.3565
21.7496
21.6973
23.5699
23.4274
23.3101
22.5944
21.9159
21.8307
20.5244
20.9397
20.8323
21.0419
21.6037
21.2781
22.8717
22.7971
22.7555
23.2244
22.1375
22.2773
21.9377
21.9064
21.9426
21.7858
22.2198
22.2187
21.9167
21.3355
21.5425
21.2691
21.5787
21.3387
22.0488
21.4557
21.9580
21.7044
23.2647
22.8525
22.2391
21.7814
20.7893
20.5815
19.8353
21.6102
21.5327
20.8022
20.2503
21.6612
20.6908
20.7294
21.0037
20.6948
21.5439
19.8928
20.8361
21.0223
22.1007
22.2642
21.5583
21.9388
21.7503
22.7933
22.6177
22.5033
22.6109
22.4574
21.6608
21.6167
21.3397
22.4937
21.8773
22.4590
21.4107
22.1782
21.2896
21.2669
22.0755
22.7813
23.1489
22.7867
22.8867
22.6027
22.3799
23.7909
24.1567
23.0646
22.7946
23.5906
24.7406
22.9472
23.1254
24.3022
24.0630
23.2426
23.8845
22.4918
21.8921
20.6938
20.7995
21.6088
21.4713
21.0930
20.9631
21.0982
21.2432
21.1994
21.2053
21.4337
21.2446
20.4335
20.5070
21.2983
21.1658
21.3191
21.0809
21.2102
21.8109
20.7515
21.5029
21.1618
21.3286
21.6410
21.2101
21.3241
21.4893
21.0608
21.9455
20.8536
21.3465
21.3160
20.8578
21.3872
20.9345
21.0526
21.3044
20.8700
20.2053
20.9647
20.7545
21.1066
21.0700
21.2207
21.4094
20.9656
21.3835
21.1335
21.5772
21.4692
22.9362
21.7299
21.2457
21.6255
21.4374
20.8005
20.8203
20.3513
21.2811
21.7130
21.5289
23.2023
22.6099
22.6669
22.0314
22.1471
21.9248
22.1576
22.0767
20.9524
20.2645
20.5348
20.3484
20.7744
20.2267
20.8047
19.7761
20.7970
19.8874
20.5180
20.9729
21.2582
21.5874
20.8471
20.3511
21.9521
21.1618
21.7295
21.9574
22.6974
22.1489
22.0652
22.6504
23.0278
22.5023
22.4399
21.1946
21.5964
20.6150
21.3153
21.7743
22.2410
22.4185
22.1419
21.2029
20.5730
20.3255
20.9139
21.3241
21.2043
22.3338
23.3127
22.1683
23.2902
21.9418
20.7274
20.6617
20.1479
21.4338
21.6591
21.4630
22.0279
21.3651
21.2960
21.3340
21.0559
21.7504
21.4336
20.6181
20.9064
21.6417
22.3243
21.3569
21.4003
21.3766
21.6607
21.8790
21.2882
21.7716
21.8802
22.5875
22.1196
21.4218
20.9581
21.3671
21.6484
21.4801
22.3014
21.7362
22.1478
21.7968
22.1954
22.0470
22.2725
21.4881
22.2621
21.9065
21.3062
22.1032
22.0553
22.0743
22.4356
22.1237
21.7123
21.4996
20.7146
21.9006
21.3530
21.2658
22.3425
20.9364
22.5433
22.2121
21.3416
22.1045
22.0338
20.7725
20.9563
21.5118
21.1943
20.8723
21.2918
21.1614
21.8374
20.2772
21.8895
21.3165
21.4928
21.7174
22.3853
21.8164
21.0901
21.1563
21.2184
22.0598
20.5620
20.9906
21.0692
20.8143
20.5974
22.0128
23.2536
21.6033
21.3241
21.6854
20.5037
21.5341
22.5662
21.7549
20.4042
20.4013
20.0587
21.5883
21.4907
21.9334
22.2278
21.4865
21.7612
21.4391
21.6064
20.4929
20.0662
19.6832
21.9867
21.3026
20.9971
20.9917
20.2455
21.9446
21.1801
22.0682
22.7255
23.2111
22.9780
21.6831
21.6581
21.3341
21.3795
21.6496
20.4983
21.3345
21.0214
21.3025
21.6190
20.9158
21.1919
21.0443
21.3802
22.4821
21.9713
22.1827
20.6851
20.9003
21.1986
20.9141
21.3234
20.9788
22.2059
21.4252
22.3258
20.7088
21.4799
20.9325
20.9333
20.7203
21.1888
21.3745
21.2555
21.8004
21.1049
21.3806
21.8111
21.4113
21.7912
20.6317
20.6663
20.6562
21.2000
21.1850
21.9162
20.7621
21.8806
21.3123
21.7855
20.9974
21.4362
20.6683
21.1625
20.9132
20.8297
21.4956
20.7118
21.8084
20.9526
20.8429
20.6346
21.4080
21.2651
20.8514
21.0847
21.8482
21.3301
21.0615
20.0946
20.8526
21.1859
20.9333
20.3194
21.4099
21.7624
21.5295
20.9183
21.5412
22.6509
21.2742
21.5380
21.0985
21.6028
21.5449
20.7255
20.8992
20.4781
20.3662
20.5883
20.8893
21.6152
20.6262
22.1506
22.5515
21.3098
21.2327
21.3328
20.5861
20.9139
21.8001
21.3355
20.6833
20.2344
20.8175
21.2939
21.2245
20.2469
21.1628
21.3333
21.0052
21.8672
21.8948
21.5800
21.6285
21.2088
21.7986
21.2358
21.1948
21.2379
21.4201
21.3395
22.0081
22.2862
22.0208
22.1163
23.5561
24.0247
24.2113
22.2725
23.9350
22.3023
22.0951
23.1784
22.8764
22.5385
23.3678
23.6303
23.3288
22.7799
24.0182
22.4382
22.1607
22.2178
23.3409
23.7148
23.6900
22.0334
22.1178
21.5354
22.7861
21.5541
22.8707
21.3321
21.2397
22.0592
22.3404
22.4170
22.4671
21.5474
22.9535
22.2213
21.6663
21.9135
22.3310
22.5138
21.6176
21.5391
22.2037
21.9837
21.1543
21.7990
20.3183
21.5643
20.9670
22.1661
21.5868
21.5948
21.8774
21.7691
21.1987
21.7127
22.0848
20.9405
21.5684
20.8018
21.4611
20.9889
21.7110
21.9481
19.9805
22.0069
21.8710
21.0337
21.0327
21.2479
20.7010
21.5125
20.8626
20.9527
20.9430
20.8443
21.0536
20.7648
21.5950
21.8348
21.1127
21.2349
21.0419
21.0401
20.8272
20.2753
21.1634
20.9091
21.7065
19.7489
20.4865
20.6757
20.6433
21.7151
22.9330
20.4852
20.9517
21.2599
20.9904
20.8279
21.0249
21.1930
22.3568
22.2186
21.8201
21.9352
21.8237
22.0792
22.0227
22.2666
21.6389
21.7863
21.4522
21.6164
21.8617
21.8327
21.1838
21.4718
21.7026
21.4288
20.2531
21.6277
21.9746
21.7121
21.8592
21.7760
21.2504
21.5414
21.6336
20.8828
21.8484
21.4821
21.3204
21.4484
21.5842
21.4319
21.8611
22.1116
22.2475
21.6937
21.9756
21.5994
21.9505
22.4912
21.3586
21.4272
21.7178
21.4600
21.2369
21.7859
21.7180
21.2464
21.1833
20.8413
21.5741
22.3270
21.0606
21.7468
22.1760
21.8185
22.1260
21.0267
21.5263
21.3083
21.3313
21.8265
21.3618
21.5050
21.1802
21.0466
21.7820
21.6727
21.0692
21.3538
21.6133
21.2790
21.4227
20.7646
21.8358
22.2528
21.5583
22.0678
21.8915
21.2551
21.8192
21.2158
20.7714
20.4675
20.6864
21.0486
20.2977
20.8522
21.1019
21.2661
21.1756
21.7578
21.5102
21.4064
21.6957
21.1686
21.8499
22.0866
21.5899
22.5955
23.0061
22.6335
21.7133
22.5005
22.1005
22.1678
21.9107
21.9301
21.7608
22.9522
22.4043
22.7065
21.3566
21.3175
21.4364
21.3232
21.1952
21.5037
21.5890
20.9037
21.0574
21.5918
21.0655
20.5061
20.8094
21.0703
21.8218
22.0014
21.4956
21.1047
20.7778
21.4260
21.4803
21.5090
21.5476
22.1341
20.7604
21.3361
21.2446
21.2356
21.4952
21.7997
21.4061
21.2565
22.2974
22.2310
21.1752
20.1651
20.8933
21.2763
20.7329
20.7065
20.2161
20.7559
20.7694
21.2443
21.5035
23.6017
21.3479
20.6154
20.5868
20.6158
21.5980
21.2124
21.1723
20.5812
21.1907
22.1284
21.3530
21.4942
21.8217
21.8223
22.0090
21.4398
21.5853
21.5563
21.6428
21.6463
21.9425
22.4343
22.0381
21.2132
21.7621
21.5684
22.3793
21.5608
21.2413
21.8271
21.4656
21.2606
21.0223
20.8992
21.2194
22.8015
22.1749
21.8235
22.3157
22.9355
21.9894
21.1631
21.1324
20.9240
22.3803
21.0729
21.4212
21.7109
21.7808
21.1384
21.9014
22.1086
22.1697
21.4828
21.8660
20.7843
22.2661
21.7192
21.4887
20.6827
21.5132
21.2606
20.5895
21.7288
21.4570
21.3329
21.9300
21.2654
21.5113
21.0627
21.1539
21.4197
21.9380
21.7033
21.4591
21.5789
21.7977
21.2664
21.8048
22.5604
21.7213
21.6472
21.5321
21.4335
20.5671
21.4223
21.0048
20.6049
21.4180
22.2702
20.4121
21.5493
21.9397
21.1647
21.9398
21.3733
21.2551
21.5484
21.4217
21.1072
20.5692
20.8108
20.6541
21.1114
20.9352
20.8337
21.7067
20.8205
21.1187
21.4165
21.5266
21.7863
21.8670
20.9257
21.3087
21.5429
21.1321
20.9721
21.3422
22.0701
21.7872
21.5163
21.0212
20.9770
21.8057
21.1057
21.0671
20.9199
20.2859
20.6128
22.1433
21.2066
22.0054
21.2642
22.1035
22.1414
22.6435
22.4954
22.7526
23.2527
21.6258
20.7662
21.6193
21.9407
21.2787
21.3759
21.0130
21.6095
21.4815
21.6917
20.8147
20.9615
21.6079
20.7260
21.3622
20.8906
21.0444
21.5156
21.1214
21.0987
21.2240
20.9467
21.0971
21.9593
21.0190
21.3216
20.5134
20.4981
20.8297
21.4610
23.0827
21.2450
22.4844
21.1200
21.1187
21.2719
21.2364
21.6849
20.8711
21.6216
21.9056
21.5066
21.5370
21.1895
21.7388
20.9666
21.4055
21.3822
20.9117
21.3322
20.3509
20.1994
20.5283
21.0910
21.0322
21.0580
20.3465
20.9395
21.0466
21.1010
21.2354
20.7395
21.8444
21.4179
21.7236
21.4899
21.4564
21.4138
21.4826
21.1655
21.4349
21.5632
21.5165
21.1569
21.9046
21.6763
21.0699
21.7105
22.4833
21.9686
22.2627
21.2325
21.7413
21.0882
21.2058
22.0047
21.3580
21.8018
21.4675
21.3643
22.4879
21.6005
22.1040
20.6929
20.9656
20.8135
20.3169
19.5687
21.1185
21.5050
21.5504
21.5314
21.6383
21.2875
21.1907
21.3820
20.8094
20.7814
21.4708
20.6545
20.6549
21.1405
21.8705
20.9337
21.5225
21.0997
20.6040
21.2936
21.3649
23.5279
23.2065
22.5074
23.8797
23.6979
23.5528
22.9504
22.2235
22.5708
21.1395
21.1960
21.8718
21.5992
21.3935
22.2969
22.5861
22.4147
21.7428
21.5105
21.1516
21.5015
20.2470
20.6562
20.8516
20.7184
22.5463
21.2266
20.2551
20.0421
20.5307
20.7985
21.2657
20.7835
20.6408
20.7874
21.5156
20.9131
21.4055
21.0653
22.3574
21.8198
22.0220
21.9063
21.7924
21.0837
21.8154
21.7627
20.9564
20.3665
20.5839
21.2436
20.4689
20.2289
21.3278
20.9180
20.7126
20.6023
21.0665
21.6545
21.0478
21.0002
21.0228
21.4639
22.9616
21.2397
21.6705
22.4461
21.4490
22.6403
21.7119
20.8109
21.0867
20.6716
20.4932
20.5847
20.3422
21.2631
20.3358
21.3817
21.8274
20.5478
20.2762
20.1741
20.4231
19.5659
20.4868
20.1811
20.0639
19.8437
20.1735
20.4214
20.4846
20.6142
20.7183
20.6292
20.5673
20.9968
20.3109
20.4543
20.3868
20.5812
20.4855
20.9629
20.4806
20.8313
20.3109
20.7189
20.0859
21.0539
20.5624
20.7647
20.7827
20.7635
20.5416
20.4991
20.8617
20.7061
20.4492
21.8556
21.1757
21.0950
20.8808
20.1649
21.0460
20.2311
20.4992
20.5739
21.0427
20.6036
21.7349
20.0996
20.2795
20.9284
21.1555
20.9788
20.2350
20.6434
20.4708
20.0992
20.6117
20.6583
20.1579
20.9681
21.3843
21.3217
20.6518
21.1951
22.3403
21.8494
22.5827
21.4076
20.9843
21.9760
21.8048
22.3577
21.8539
21.5132
21.3507
22.0835
21.6937
21.1942
21.5139
20.6069
21.9461
22.5681
21.7048
21.1900
21.4998
21.9682
21.7404
21.1475
21.3116
21.7521
21.2452
21.1762
21.1148
20.9579
21.4560
21.1465
21.1238
21.0810
21.3029
21.6374
20.9780
21.5449
21.9446
21.1100
20.8440
20.6334
20.3945
19.7529
20.3017
19.8954
20.4925
20.4716
20.6616
22.2242
20.8727
19.8689
20.5461
21.1495
19.8190
21.4183
19.4597
20.5470
20.0944
20.4101
20.1694
20.4790
19.8945
20.4700
20.6813
20.8204
20.7849
20.0917
21.5143
20.5516
20.0241
20.3270
20.7113
20.5730
20.8946
19.9468
20.5193
20.9492
20.9518
21.1955
20.6395
21.3083
21.1124
20.9656
21.3740
21.5503
21.4932
21.8695
21.1593
20.9883
21.7668
21.6790
21.2884
21.8036
22.2065
21.5242
21.0624
21.8297
21.4882
21.5750
22.4725
22.2454
22.1158
20.8150
21.5773
22.2847
21.3036
22.9291
21.6804
20.9578
21.5706
21.8308
20.9374
21.1068
21.2719
21.4384
20.5720
21.2474
21.1460
21.2491
21.4817
20.6862
20.9503
21.5775
20.8590
20.8268
21.1798
21.1512
21.5477
22.4064
22.0465
22.6382
22.2621
21.7533
22.2530
22.4220
22.0138
22.5181
22.4153
20.8712
21.5360
20.9976
20.9714
21.4274
21.5064
22.1369
22.1169
21.4085
21.8999
22.5683
22.7795
21.4159
21.3552
21.7274
21.7128
21.5163
21.9427
21.9476
22.1188
21.7814
21.9407
22.0489
22.7895
21.9430
21.5611
21.9846
21.8440
22.0384
22.1416
21.6420
21.9033
22.7978
22.0197
21.9862
21.7649
22.2031
22.1035
21.2492
21.3195
21.2641
21.2950
22.0585
21.6729
21.0510
21.2468
21.4798
21.5590
21.0664
21.0713
20.6717
20.7432
20.8427
21.5342
21.3181
21.6739
21.8624
21.4901
21.3574
21.1690
21.4253
21.4359
20.7308
21.2213
22.5701
21.6391
21.5542
22.0362
21.5796
22.2797
22.3622
22.0288
21.8710
22.8702
21.4801
21.1252
21.6216
21.6442
21.6065
23.1072
21.7619
21.0556
21.1071
20.8465
21.5844
21.9270
21.7018
22.0344
21.5880
21.6246
21.3862
22.4658
21.0805
21.0953
21.2492
21.2994
23.0856
22.3414
22.5222
22.7991
22.4778
22.8369
23.7547
23.0549
22.9167
23.6437
22.8715
21.2013
22.2296
21.9563
20.7841
20.2055
21.9767
22.6735
21.7031
21.2658
20.4814
20.9690
20.3518
20.8415
20.5890
20.7444
21.6157
22.3612
23.0976
24.2354
22.8003
23.4121
23.0980
22.9849
23.0392
22.7841
21.6550
22.4089
22.1065
22.9617
23.1628
22.0557
22.1040
22.3498
22.8907
23.0144
22.4848
22.6068
23.4870
23.3320
23.0439
22.3164
23.1344
22.6215
23.1985
22.5468
23.4251
23.6086
22.8820
23.1863
23.5704
23.2958
24.7128
23.6666
24.0333
23.8700
24.5077
24.4611
24.6217
23.4137
23.9119
23.8141
22.1443
22.0534
21.6498
22.8054
21.7538
21.2166
21.2764
21.6671
21.5908
22.5793
20.7717
21.3768
21.4047
20.1709
21.3165
21.7340
20.7687
20.5716
20.6360
21.4481
20.6948
20.3126
22.0064
22.9927
21.8046
20.8327
21.0295
22.1543
21.3961
22.4602
20.5332
21.5822
21.9973
21.0262
20.3520
20.8318
20.2055
20.8613
20.6906
22.2262
20.7348
20.7226
20.6166
20.5555
21.7234
21.6316
21.0507
21.6296
21.3911
22.7219
23.7866
21.7516
22.1173
23.1505
24.4633
24.3262
24.1339
23.6880
24.5161
23.7360
24.3901
24.5896
24.3596
23.3819
23.0558
24.3696
25.0070
23.8479
24.5748
25.1736
24.0257
22.6877
23.1072
23.3492
22.3211
22.2340
22.5627
22.1942
22.8427
21.8879
22.0268
21.8809
22.5126
22.3176
21.7468
21.3267
21.0316
21.8359
21.0245
21.6418
21.9429
21.2191
21.6031
20.9953
21.6319
21.6060
22.7069
22.1145
21.9472
22.1772
21.3770
21.9169
21.7293
22.3533
22.3420
21.7743
22.0947
22.6053
21.7374
22.1656
21.6209
21.7581
21.4049
21.8780
21.9479
22.8166
22.2666
21.7548
22.4389
22.2350
21.7929
22.2426
22.1489
21.5786
21.9815
21.5534
22.0728
22.0760
21.3894
21.9505
21.5688
22.2173
21.7576
21.8113
21.6729
21.3299
21.4483
21.8260
21.3918
21.6627
22.3847
22.0185
22.0247
21.1873
22.2953
21.6676
21.8361
21.2724
22.0130
21.8409
21.2820
21.5577
21.8876
22.1259
22.1251
21.6250
21.4112
21.7797
21.6808
21.1162
21.7114
21.7872
21.6723
21.5720
21.7988
22.3872
22.1862
22.4495
21.8248
21.4095
21.5622
21.6058
22.1927
21.7714
22.2678
21.8773
22.0932
21.6897
21.9316
21.4530
21.2976
22.0768
21.4340
21.6832
22.3279
21.5142
21.3458
21.0612
21.6235
21.9534
21.7109
21.6977
21.5196
21.5882
21.5985
21.5143
22.1885
21.6113
21.5966
21.6033
21.4715
22.0790
20.5304
21.1586
21.9079
20.9505
21.8570
21.0136
22.2216
21.8513
21.5063
22.6321
21.7259
20.6949
21.3735
20.8254
21.4099
21.7485
22.0664
21.6029
21.0392
20.6055
21.0190
21.4437
20.8371
21.9271
21.8561
21.1646
21.6982
20.7042
21.6469
22.4515
22.2450
20.8761
21.6894
22.3625
21.4875
21.5236
22.9375
21.6263
22.5496
21.9155
21.6348
21.4106
21.4470
21.3424
21.5015
22.2793
21.5435
20.9773
21.1280
21.8408
21.9109
21.6888
21.2846
21.8859
22.2794
22.0033
21.1998
21.4696
21.6703
21.5648
22.0597
21.8796
21.8129
22.4074
21.5752
21.9385
21.5385
21.6034
21.9593
21.5372
21.7907
21.6972
22.0790
22.0338
21.8236
22.1208
22.4139
22.2009
22.0704
21.7581
22.3786
21.3777
22.2570
21.8467
21.0038
21.4722
21.8519
21.7539
21.6612
21.1940
22.0437
22.0774
21.6256
22.0836
21.6174
21.7733
23.2594
22.4849
21.8166
22.2808
21.6260
21.9989
22.1560
21.6047
21.9517
21.8886
22.0506
21.5948
21.7215
22.7988
21.8484
21.4559
21.1533
21.7376
21.9772
20.7818
22.2873
22.2657
21.7123
21.8287
22.2516
21.5375
22.3856
21.4556
22.1346
21.4852
21.2492
21.5162
21.8245
22.4273
21.9362
21.1331
23.1111
22.7192
22.8593
20.8181
21.7936
22.3388
22.0255
22.2134
22.0384
22.5610
21.4806
21.4134
22.4474
21.6870
21.8958
21.5791
21.8804
22.5367
23.0111
22.7715
21.6224
22.8750
22.2466
22.0784
22.0289
22.0374
21.5017
21.4706
21.8411
21.6990
21.3210
21.5740
21.8574
22.0007
21.8228
21.6935
22.2289
21.9013
21.8486
21.4880
21.1754
22.0612
22.2029
21.5556
21.7091
21.2232
21.5379
21.8019
21.8575
21.8838
21.6976
21.4640
21.6802
22.5228
23.4089
22.9004
22.0747
22.1077
22.5528
22.0328
22.6276
23.2713
23.0056
21.9580
22.9653
22.2109
22.7280
23.0410
22.2465
21.9064
22.2029
22.8533
22.5893
22.9983
21.4190
23.6391
23.3181
22.6520
22.7622
23.4682
22.9299
21.8612
23.1307
22.7655
22.5978
22.9763
23.3314
23.7182
23.0999
22.8429
22.0657
21.2152
22.3843
22.5389
22.2228
23.5769
23.0222
21.6287
23.2008
22.2856
23.2409
21.6943
22.0367
22.5977
22.4621
21.9664
22.6996
22.6603
22.5814
23.0425
22.5770
21.6081
21.7733
22.4117
22.8398
21.6782
21.5362
20.7591
21.9534
22.7760
22.1517
22.0037
21.9958
22.2044
21.4522
22.0148
21.5620
21.2164
21.9946
21.7847
21.2107
21.7149
21.8362
22.1141
21.5936
21.2266
21.2850
21.7413
21.3032
21.1998
21.5040
21.5694
21.2959
21.7172
20.9463
21.7975
21.7494
21.8173
21.7943
22.0996
22.1424
21.6873
21.9710
21.6201
21.7317
22.1422
21.8922
21.3951
22.3353
21.7463
22.1757
21.4708
22.2571
21.6707
21.7013
22.4378
21.6526
21.0436
21.9913
22.2207
21.7674
21.8531
22.0933
22.3305
21.4426
21.5335
21.9727
21.6294
22.2012
21.6032
21.4788
21.8394
22.6241
21.9126
21.5059
22.2506
21.5180
21.8632
22.4810
21.8590
22.3966
22.0055
21.5048
22.5220
22.3090
21.4598
21.4930
21.6864
21.7133
21.6906
21.9948
21.7207
21.4526
22.0037
22.1950
22.4665
22.4327
21.9149
21.8274
21.7338
22.0833
21.9933
22.7707
22.3003
22.1510
21.8417
21.7874
22.2437
21.8179
21.9935
21.9333
21.4764
21.2189
21.4636
22.3457
23.5938
22.1470
22.1843
21.5532
22.0606
21.5290
21.8887
22.1725
22.3514
22.4168
21.4155
21.2282
21.0550
21.9006
21.6287
21.4454
21.5691
21.6371
21.2294
22.3563
21.9960
22.4344
21.9033
21.0439
22.0307
22.0030
22.1042
21.6958
22.2462
21.9013
21.2107
22.2665
21.9409
21.8830
21.2303
22.4138
21.5499
21.4344
22.3328
22.6458
21.6808
21.2173
21.7456
21.5302
21.6744
20.9040
21.6154
22.3250
21.5472
22.0018
21.4059
21.7176
22.1578
21.7127
21.7685
22.0317
21.7540
21.2722
21.5352
21.7784
22.1814
21.9776
21.9891
22.8289
22.6390
21.9611
22.4747
21.9555
21.6570
21.8100
22.0125
22.9874
21.1946
21.7001
22.3541
21.4670
22.2033
22.0854
22.4794
21.7356
21.4409
22.5322
21.7643
21.9703
21.8993
21.5479
22.1979
21.7144
22.1119
22.2447
22.5231
22.9682
22.5245
21.8776
22.8172
22.6572
22.6315
22.7540
22.3945
23.7290
24.1237
23.1537
23.4208
23.2488
24.0394
23.3947
22.7838
22.3530
24.1951
22.1089
22.1917
22.0385
22.2915
21.8540
21.9932
22.5185
22.0601
22.8100
22.0276
21.8198
22.3825
21.8190
21.5747
21.5114
22.0815
21.8295
22.1039
22.1827
21.7152
22.0430
21.9176
22.2858
22.5114
22.0948
22.5430
23.3501
22.6408
22.7123
22.2398
22.3302
21.3819
22.3082
22.7681
22.1885
21.6238
22.2904
21.6914
23.0736
22.5898
21.8802
22.2589
22.3490
21.5003
22.0047
21.8573
22.0912
22.8589
22.3892
22.8442
21.6186
23.1482
23.3326
22.2373
22.8356
22.9898
21.7155
22.4525
22.6272
22.1277
22.9177
21.9072
21.9603
22.7379
22.5232
22.1301
22.5458
22.6027
22.8829
22.7073
23.2285
22.8168
22.5369
23.1209
22.2529
22.0806
21.6336
21.6990
21.7519
22.7403
21.9181
23.3695
22.6789
22.7665
22.3610
22.9851
23.2252
22.6789
22.6225
22.2206
22.8954
23.1529
22.3108
22.8910
21.8630
22.9659
23.3759
22.0687
22.7047
22.9862
21.9435
21.8623
21.8075
21.9649
22.2314
21.9736
22.1767
22.8140
22.7131
22.6823
22.3757
22.8769
22.9212
22.8073
22.1978
23.1875
22.6320
22.6555
22.2040
22.4126
22.4749
22.2891
23.1301
21.8415
21.9302
22.1710
21.6878
22.9246
23.1142
23.4865
22.3699
22.7706
22.2805
22.0468
21.8890
21.4944
21.9974
21.5103
22.0945
22.0785
21.8843
22.3611
22.5442
21.9364
22.3633
21.7877
22.2652
22.4175
21.9009
21.7656
21.5117
21.5252
21.5130
21.6751
21.1268
21.7911
21.4948
21.6778
21.6863
21.2608
21.5138
22.0000
22.3597
21.9385
21.9044
22.1368
21.3150
21.1062
21.9363
21.4814
21.7365
22.3934
22.0369
21.5214
21.7610
21.4449
21.3594
21.8373
20.6940
22.2115
22.3088
21.4727
21.9121
21.6912
22.1570
22.4462
21.7598
22.0419
22.1017
21.6171
22.5117
21.4020
21.3988
22.2172
21.5603
22.5572
22.3871
22.1447
21.7134
21.8810
22.1925
22.6436
22.2952
21.6760
22.0367
22.0243
22.1140
21.8324
21.1750
22.5066
21.8942
21.5999
21.9961
21.7570
21.6238
22.5749
22.7025
22.4556
22.3281
21.8407
21.5698
21.2649
21.5976
21.8994
22.5891
21.4287
22.4473
22.5857
22.1605
21.5682
21.8197
22.0346
21.8150
21.9789
22.1150
22.1024
21.8558
21.9801
22.0025
21.8656
22.3008
21.6770
21.5590
21.5407
21.7375
22.0373
21.9119
22.6817
22.3097
22.2647
21.7292
21.6896
22.9432
22.1353
21.4687
22.2499
22.1872
22.3826
22.7407
22.8165
22.6489
21.8763
21.7523
22.3539
21.5427
22.0456
22.4579
22.4067
22.0463
22.0604
21.9234
21.7190
22.6292
22.3846
21.3616
21.8638
21.7079
21.6821
22.4140
21.6889
21.5200
21.2757
21.7621
21.7667
21.1343
21.8687
21.2366
21.6411
21.3795
21.6486
22.5519
21.4377
21.5266
21.1814
21.9122
22.7618
22.0098
22.1414
22.2470
21.5729
22.3605
22.5656
21.8973
21.5895
21.7828
22.2816
21.9518
22.1645
21.8095
21.6607
22.5686
21.7542
22.0436
21.4707
21.7129
21.8987
22.0993
22.2846
22.2316
21.5009
21.9952
20.9082
21.5646
21.8390
21.7082
21.2516
22.4143
22.2280
21.3867
21.6135
21.7295
21.5903
21.6080
22.1061
21.2897
21.1290
21.4403
21.7457
21.6154
21.5354
22.0094
21.9626
21.2544
21.8224
22.0371
22.3469
21.6941
22.2432
21.8673
22.6063
22.4695
22.1765
21.4670
21.1315
21.7813
21.8028
21.5365
21.7666
19.6813
21.3904
22.2546
21.2597
21.7080
22.3936
21.3299
21.5949
21.9392
21.7848
21.4214
21.4143
21.7990
21.6491
21.8000
22.2511
21.5624
22.1570
21.4258
22.0752
21.1728
21.8728
21.3679
21.3530
20.5934
21.7811
21.5318
22.2182
21.3017
21.9024
22.9758
22.1957
21.9207
21.3668
22.2721
22.8385
21.5718
21.8096
22.2334
21.1696
21.6868
22.3107
22.3010
22.5686
22.2347
21.8014
22.2122
22.1580
21.6871
22.2688
22.2633
21.8475
21.8668
21.8185
22.4136
22.4070
22.1507
22.2664
21.6800
22.2276
22.0955
21.4247
22.0711
22.1564
22.2085
22.5140
22.0509
21.2504
22.2655
22.0578
21.9384
21.9773
21.9314
22.0702
21.4176
22.0787
21.9577
21.8531
22.1742
21.6766
21.8657
22.4438
22.6636
21.3513
21.5235
21.9922
21.9534
22.2117
22.5690
22.0461
23.5384
22.4725
22.4282
22.3332
23.3060
21.9665
21.0446
22.1651
21.6938
21.4878
22.2244
21.5778
23.5067
23.2820
22.3860
22.4209
21.9789
22.3103
22.0000
21.2265
22.2059
21.1215
22.5832
22.2056
21.8587
23.0483
22.1399
21.9467
22.5235
22.0478
22.0196
22.0353
22.1336
21.4382
21.6472
22.0340
21.9409
21.7237
22.3718
22.5461
21.5955
23.0572
22.2231
21.7005
22.2060
22.6407
21.6120
22.3491
21.0663
21.6726
22.7258
22.0188
22.3767
21.7029
22.9157
22.3101
22.7222
22.4255
21.0193
22.2670
21.8105
21.4576
21.5499
21.0485
21.5553
21.2220
22.0012
21.4230
22.1422
21.1801
21.9759
21.6973
21.4504
21.7139
21.6538
22.0197
21.8330
21.9022
21.7249
22.4266
21.5135
22.2859
22.1177
21.6321
22.0715
23.0338
22.0211
21.9357
22.5186
22.3295
22.3908
22.4310
22.1141
23.0697
23.2316
22.2291
22.1409
22.1819
22.0517
21.9337
22.0793
22.4042
21.8024
22.0997
21.9751
21.8095
21.8433
21.9193
21.8626
21.5248
22.7589
22.0142
21.8862
22.9239
21.8057
21.5605
21.6621
22.4174
21.9126
22.7371
22.0376
22.1720
22.4818
22.6971
22.1100
22.8219
21.3694
22.1804
22.0040
21.9009
22.1620
21.6703
21.7670
21.6880
21.1271
22.2604
22.1145
21.6214
22.2646
22.1202
22.2571
21.9855
22.0366
22.2291
21.9181
22.4819
21.9204
22.1116
22.2762
22.3093
21.6485
21.9812
21.9656
22.3208
22.2590
22.1479
22.1259
22.6031
21.4760
21.5321
22.0137
22.4201
22.1890
22.0666
21.9457
21.7949
21.5783
22.9815
23.2126
22.2139
21.5395
22.2015
21.5480
22.6958
21.6883
22.2456
21.9271
21.8708
22.6462
21.3354
22.0793
21.1796
21.8480
22.4671
21.3831
22.1701
22.1044
21.8247
21.1764
22.4637
21.6960
21.6229
22.4192
22.9588
21.5595
21.5894
22.2763
21.8031
21.3019
21.7159
21.7977
21.8247
22.3814
21.5424
21.6231
21.5870
21.9962
21.9308
22.2718
21.5194
21.8404
21.8787
21.9742
22.4104
21.5619
22.1861
22.6152
23.3381
22.7430
24.3710
26.6999
26.4526
28.0627
29.0171
27.7182
26.5633
26.8810
26.2903
27.1016
28.6856
27.7363
28.2033
27.8846
26.2262
25.4352
27.6597
27.5383
26.0632
26.3357
26.8068
26.9756
26.3016
26.9109
27.3917
25.2428
24.9139
23.5082
24.0198
22.2861
23.2388
22.6891
23.5684
23.5841
23.3794
21.3634
22.1040
23.3223
22.2773
22.2229
22.0034
22.3082
21.7432
23.1779
21.6329
22.0148
23.0156
23.3053
22.6400
22.1006
20.7695
22.3962
22.7977
21.9063
21.9234
22.9083
22.5714
22.2969
22.3164
23.0831
22.2494
22.1369
22.0739
22.1109
22.7283
21.7198
22.5367
22.1047
22.6017
21.3828
22.7851
22.0172
22.3207
22.4282
22.2826
22.3045
22.6021
22.3629
22.5958
22.9077
22.0302
22.9697
22.4695
22.0255
22.0344
22.5630
21.6712
21.6550
21.3625
21.1930
22.2141
21.9802
21.8347
22.2287
21.9716
21.7913
22.6176
22.1991
21.7609
22.2157
22.0877
21.9725
21.9152
22.8304
23.0161
22.9559
22.4246
22.3671
22.2156
23.2367
23.2764
22.6604
23.7364
23.9527
23.2707
23.6815
22.6036
21.8540
21.8880
21.1875
21.4265
22.0150
22.0437
21.7717
22.8457
22.7703
22.2052
22.4700
22.1821
21.9203
22.0555
22.3404
21.2643
22.3550
22.1725
21.8565
22.2717
22.4059
22.7353
22.5557
23.4487
21.9716
22.9414
22.4594
22.7836
22.2129
23.8259
23.4717
22.5735
22.2271
22.9408
21.8098
23.7650
23.2339
23.7621
23.4766
22.4167
22.7338
23.6316
22.7346
23.2226
22.7047
23.6656
25.4319
23.7688
24.0372
24.3186
23.8059
23.8899
23.9768
23.6380
23.7284
23.9572
24.5199
23.9686
24.3899
24.1239
24.5880
24.0568
23.5590
23.6263
23.4723
24.6570
24.3587
24.2337
23.8882
24.6744
24.5079
23.6485
24.2649
23.8942
24.6177
24.3019
24.8467
23.4723
23.3914
23.7735
24.1346
24.6635
23.6902
23.6883
23.5952
23.1581
24.0649
23.7130
24.4685
23.3626
23.8463
23.7692
22.5674
21.3388
20.0663
19.9059
20.3196
21.2499
21.0619
20.3511
20.6543
20.9724
20.7219
20.8896
21.0556
21.0151
20.4118
20.7512
21.1947
20.0131
20.4324
20.3897
20.9814
20.5651
21.5578
21.0127
19.8135
20.1028
19.5226
19.8935
20.1013
20.3547
20.2760
20.2361
19.9390
20.7003
19.8827
20.3321
20.5290
20.9002
20.2993
20.8139
20.9679
20.7726
20.8050
20.7681
21.0054
20.4096
20.5247
20.3506
20.4936
21.0675
20.1950
20.3412
20.1769
20.6325
20.3184
20.2296
20.1680
19.9861
20.4823
20.3996
20.2548
21.1800
20.7296
21.3236
21.0179
21.0406
19.6595
20.1851
20.6064
19.7578
20.7384
20.8005
19.9905
20.8669
20.5173
20.7940
21.2189
20.3245
20.0141
20.0222
19.7194
19.7447
20.1618
20.5054
20.2644
20.7168
20.4390
20.3560
20.7967
20.8259
20.5242
21.0016
20.5853
20.3352
19.4865
20.2145
20.2987
20.6279
20.4299
20.0944
20.5555
20.5474
20.4992
21.6850
20.6593
19.8239
21.2910
21.3330
20.3977
20.5081
21.0528
20.3595
20.3778
20.4276
20.1473
19.8051
20.4059
20.1120
20.4762
20.0701
19.8163
19.6773
19.9766
20.2015
19.7189
20.0158
20.0762
20.3765
20.7372
20.3304
20.2736
20.4400
20.4744
20.0296
20.0011
20.0104
20.1856
20.0349
20.3807
20.8928
19.9628
20.1767
20.2801
21.1542
21.5981
20.4337
20.7287
20.3713
19.9868
20.0281
20.1480
20.0060
19.8484
20.1878
20.0754
20.2071
20.3208
20.5667
20.3033
20.6414
20.2612
20.5480
20.2272
20.0486
20.3157
20.5773
20.6866
20.5889
20.4782
20.2583
20.5212
20.4236
20.6722
20.8155
20.7646
20.4790
20.3041
20.3682
19.8337
21.0642
21.0163
20.6766
20.1271
20.7403
21.3926
20.4817
20.2317
21.1287
19.9382
20.2233
20.2276
20.3697
19.9973
20.4089
20.2993
20.0612
20.1000
20.3169
20.1341
19.9869
20.8437
19.9418
20.5652
20.4798
20.2700
20.5543
19.8581
20.6437
20.4953
20.7790
20.1946
20.7241
20.4427
20.2495
20.6579
20.5232
20.4184
20.4489
20.2623
20.1105
20.3808
20.9947
20.2834
20.4130
20.5523
19.8195
20.1446
20.5657
19.9525
20.3240
20.8196
20.4846
20.0078
20.3435
20.5177
20.3968
20.7805
20.3767
20.5838
21.0388
21.5224
22.1974
21.1245
22.3060
21.6426
20.6734
20.9377
21.0123
20.9135
20.8608
20.5206
20.7662
20.9095
20.9689
20.7512
20.7779
20.6515
21.0161
20.9993
20.9056
19.9677
20.3371
19.5671
20.1296
20.7113
20.8641
20.4812
20.5977
19.8430
20.6571
19.9015
20.6750
21.0359
20.2346
20.3183
20.5494
20.4415
20.2481
20.1043
20.0965
20.6312
20.7010
19.7152
20.2123
20.6559
19.9681
19.7892
19.9820
20.3839
21.1397
20.5920
21.0337
19.9089
21.0744
19.5253
19.9748
20.5447
20.2363
19.7248
19.6962
20.2800
20.4656
20.4952
19.6646
20.2386
20.5976
21.0570
21.1041
20.6693
20.4132
20.4290
20.2872
20.6037
20.6203
20.7396
20.3567
20.4029
20.1918
21.4666
21.1516
20.2815
21.1691
20.8444
20.8470
20.9836
20.6694
20.5440
20.8866
21.0374
20.4709
20.5820
20.5119
20.4502
20.5819
21.2043
20.8412
20.8756
19.9366
20.4890
20.8554
20.7671
20.6730
20.4570
20.5782
20.8999
21.0762
20.6613
20.9165
20.6665
21.0789
20.2908
20.5571
20.6484
20.7119
20.9590
20.6390
20.6737
20.4636
20.2796
21.0147
20.2339
20.8568
20.5242
20.5390
20.0389
20.4418
20.7980
20.2910
20.2654
20.5031
20.2393
20.4414
20.0801
20.3811
21.3476
20.3029
20.0964
20.5478
20.4266
19.8624
19.9269
20.6949
20.1144
20.7999
20.6489
20.9570
21.4030
20.0212
20.9223
20.4483
20.0888
20.7333
20.4659
20.6644
20.5685
20.2061
20.9221
20.4112
20.8399
20.4484
20.4521
20.4813
20.3774
21.1731
21.5889
20.5710
20.9141
20.5318
20.7935
20.2847
20.7164
20.6373
21.3821
20.3440
21.0754
20.7073
20.2174
20.7712
20.3912
19.9597
20.7494
20.9159
20.6563
20.9207
20.1596
20.4966
20.9006
20.6602
21.3974
20.6650
20.3784
20.5473
20.5372
20.7442
20.7013
20.5942
20.5706
21.5329
20.7929
20.2848
20.5767
20.7357
20.8344
20.5695
20.0138
20.8127
21.3073
20.9022
20.6685
20.1777
20.4999
20.3700
20.7989
20.5483
21.0830
20.1576
20.1338
20.1506
20.3574
19.8539
20.4191
20.0423
19.9887
20.4246
20.6103
20.6764
20.2037
20.3231
20.6263
20.0218
21.0024
20.6624
20.3518
20.6837
20.1689
20.5375
20.1621
20.6776
20.5984
20.5439
20.4858
20.5250
21.1901
20.0915
20.2235
20.5519
19.9637
20.3413
20.2248
20.5067
19.8558
20.1462
19.9105
20.1182
20.6229
20.5963
20.8533
20.2895
21.0451
20.2980
20.7899
20.4438
19.7853
20.7823
20.7822
20.0345
20.4311
20.9622
20.6556
21.3684
20.7183
20.9478
20.7280
20.5473
20.8045
20.2917
21.3524
20.8005
20.9459
20.6923
20.7418
20.8060
20.7985
20.7617
21.2600
20.7305
20.2943
21.2415
21.1421
20.6181
20.2022
21.1711
20.5578
21.0203
20.1036
20.1405
20.5160
20.4067
20.2163
20.4367
21.9277
22.3722
20.9120
20.9676
20.9762
21.8706
21.2680
20.1884
20.9272
20.2763
20.1739
20.8556
20.5602
20.5165
21.9992
20.6890
21.5386
21.1131
20.9790
21.3118
20.9004
20.4859
20.8435
20.8039
20.5412
20.1055
20.6406
21.3453
20.5690
20.0317
20.3134
21.0075
20.0872
22.1156
21.3077
21.0068
21.5338
20.9317
20.7412
21.7425
21.4957
21.9849
19.9055
21.2636
19.7988
21.1922
20.2303
20.5005
20.6478
21.6388
22.4774
21.8955
23.3614
23.7035
24.5018
23.6812
22.8465
24.4268
23.6822
23.2894
22.5864
22.8166
25.9782
25.3758
24.2162
22.4977
22.7124
23.0952
22.1321
21.7861
22.7635
21.7933
22.1087
21.8842
22.6241
23.6721
23.5760
23.3601
23.5732
23.5583
24.0239
23.6182
23.1062
24.0123
23.7185
23.4026
23.0660
22.8705
23.2487
24.7982
23.5631
24.1439
23.9974
22.8407
22.5617
22.9517
24.4405
24.1519
23.6194
23.8733
22.3286
22.9982
22.8511
23.2389
22.8697
22.6099
23.3823
22.8865
22.8345
23.2732
23.0977
21.0735
22.4941
22.8140
22.9657
21.8092
23.7870
23.1557
22.5373
22.9612
22.6966
23.0772
23.6030
22.7669
23.9731
24.3636
23.5904
24.0037
22.9437
21.7035
21.6726
23.0237
22.5887
23.2279
24.1323
22.2963
22.1675
22.0299
22.0457
21.8966
21.6390
22.2151
21.6410
21.2789
22.6772
22.9529
23.6245
23.4877
23.6680
22.5484
22.0703
22.7780
23.0792
22.7772
22.8580
23.8504
23.5103
23.0336
22.4020
22.9562
22.8004
23.2917
22.9739
24.2369
22.7128
23.6653
23.1582
22.8226
23.8919
23.8858
24.3947
22.9210
22.9294
26.1257
25.5566
23.9654
23.9805
23.2080
23.6043
23.4112
24.3692
23.1397
23.2627
23.6923
23.3607
23.7463
23.0858
22.9725
23.8685
23.6146
24.0697
22.2524
23.2203
23.3433
22.7784
23.5829
24.1050
23.4104
24.2059
23.7947
25.1714
24.7933
23.0030
23.8608
23.7314
22.9522
23.6220
23.4757
23.7976
23.7614
23.4216
24.0439
24.1164
24.2337
23.6024
23.6859
24.5659
23.5418
24.5260
23.3320
23.0041
20.7556
20.7023
20.9130
20.8352
20.0131
20.8809
20.2466
20.4150
20.4325
20.3144
21.0741
20.7460
20.4504
19.7143
19.6328
21.2937
20.2672
20.5705
20.9933
20.8268
20.7277
20.6448
20.7582
20.9313
20.1508
20.7783
20.0270
19.8201
21.2691
20.7547
21.0321
19.8061
20.7199
20.4751
20.1438
20.7273
20.5095
20.5960
20.6848
20.1274
19.6163
20.2433
20.3302
19.9216
20.4801
20.4757
19.8566
20.8235
20.5512
20.0857
20.8812
20.2973
19.3803
19.5622
20.9322
20.4612
20.8350
21.6591
21.2887
21.5160
20.7882
20.3773
19.5051
20.6366
20.6557
20.6610
20.5749
19.9899
19.9858
20.2048
20.3825
20.2668
19.9911
20.4184
20.2995
20.3111
19.6931
20.5404
20.8552
21.1393
20.4916
20.5819
20.4273
20.4102
20.4595
20.3186
20.5079
20.5059
20.6125
20.6097
20.9474
20.5041
20.9609
20.5632
21.2663
20.5061
20.9711
20.7881
20.3803
20.5931
19.8737
20.3342
20.1720
19.8690
20.6103
20.5656
19.3001
19.6210
20.2887
20.6507
20.5064
20.6229
20.3415
20.1002
20.9813
21.1219
21.3090
20.3063
20.4879
20.5101
20.8308
20.9571
20.7110
20.2530
20.6663
20.6582
20.5311
19.9683
20.1776
20.1256
20.6137
20.5859
20.2275
20.9352
21.1578
20.1834
20.2575
20.4218
20.8758
20.3830
20.6289
20.5985
20.6626
20.9647
20.7664
20.1838
20.5624
21.1433
20.3360
20.0310
20.9722
20.5971
21.1670
20.1657
20.4176
20.1043
20.4650
20.9196
20.3568
20.5325
20.4180
20.4587
20.3502
21.5088
20.6327
20.4053
20.0041
20.7905
20.4033
19.7904
20.5935
20.5992
19.9755
21.1372
20.7217
20.6690
20.2186
20.4402
20.6185
20.3123
19.8862
20.2496
21.1020
20.5267
20.1649
20.1982
20.8957
21.1661
20.5155
20.3511
20.3806
20.2235
20.7819
20.3960
20.4971
21.2965
19.8039
20.8590
20.7738
20.9470
20.5838
20.9921
21.0853
20.5494
20.9726
20.4148
20.5633
19.9074
20.6264
20.7169
21.0414
20.9622
21.4036
20.1053
20.2399
19.8144
20.7203
21.3789
20.8403
20.6965
20.9061
20.8505
20.8068
20.8556
20.7870
20.6954
21.0157
20.9859
20.2174
20.9534
20.5364
20.8822
20.6556
20.1951
19.8444
20.4817
20.2955
20.3753
20.5528
20.5178
19.9105
20.2599
21.0419
20.4542
20.4173
20.5835
20.6902
20.0437
20.3889
21.1111
20.5169
20.7327
20.9422
20.4559
19.6556
21.1277
19.9837
20.5962
20.5388
21.1809
20.6641
20.6780
20.6924
20.4437
20.1832
20.7270
20.1060
20.9466
21.2713
20.0313
19.6985
20.7171
20.8853
20.3617
20.3919
20.1853
20.4121
20.2197
20.4932
20.9956
20.6946
20.6107
20.0208
20.5112
20.3994
19.9249
20.1671
20.9562
20.1714
19.5687
20.1387
20.7596
20.2986
19.0670
20.2169
19.9628
19.5541
19.7539
19.9406
20.2903
20.2920
20.2951
20.5534
20.6367
19.9407
20.7769
20.2402
19.9668
19.9532
20.8127
20.2403
20.7888
20.8746
20.2893
21.0039
19.9339
20.2621
20.8972
21.0509
20.8802
20.0295
21.0032
20.8832
20.7345
21.0821
21.1740
20.5218
20.8033
20.6884
20.4415
20.1613
21.1841
20.4559
20.9411
20.4867
20.7123
20.9119
21.0556
20.8279
20.4604
20.7981
20.8163
20.6064
20.7602
20.7121
20.3837
20.5688
20.8981
20.6114
20.7990
20.3561
21.1491
20.9793
20.3147
20.1407
19.9459
20.1470
20.7271
20.6077
20.4464
20.2618
21.1856
20.8045
21.0468
21.2472
20.6890
20.4599
20.7534
22.3512
22.6349
23.5913
22.9924
23.5006
23.0441
23.2282
23.2150
21.9279
22.1487
22.4346
22.4141
22.8015
22.9064
22.2006
22.3597
22.7473
21.9384
23.3955
23.4578
23.1632
22.9379
23.1187
23.5911
22.5253
23.7104
22.5217
22.7336
23.0076
22.6663
22.3021
21.7311
22.4315
22.4515
21.8438
22.6426
22.7632
23.0604
22.3654
23.4256
22.6869
21.9888
22.6961
22.2262
22.4116
21.4574
22.0174
22.1102
22.1539
22.7636
23.4401
22.4489
22.8600
22.9903
21.1870
22.3160
20.9984
22.1704
21.9806
22.4479
23.3640
22.0353
22.9108
23.0240
22.4036
22.7251
22.7152
23.0170
22.9585
22.4769
21.7702
23.2703
22.4080
22.6303
22.2547
23.9320
22.5333
22.6398
23.3353
24.2963
22.6420
23.6807
22.2898
21.8867
22.3459
22.0055
21.6300
21.6386
21.7804
21.2108
21.3455
20.6794
20.9941
20.5688
21.5497
20.8996
20.3761
20.4633
20.4063
20.8230
20.7524
20.1376
20.7392
21.4875
20.2290
20.2422
20.5870
21.2274
20.3062
20.4385
20.5003
19.9883
21.1397
20.4309
20.7784
19.8726
20.5784
20.3899
20.6852
19.8374
19.8211
20.2852
20.1250
19.1718
20.2004
19.9205
20.2900
20.5745
19.5433
19.9275
20.5066
20.5873
20.2059
19.5706
20.3359
20.5987
20.6046
20.6902
20.5718
20.9685
21.0431
20.8842
20.9077
20.3520
20.3417
20.4543
20.6137
20.7450
20.1108
20.5918
20.6061
20.4555
20.9944
20.1601
20.1135
20.6891
20.6449
20.2153
20.3659
20.4725
20.1538
20.0934
20.2752
20.4663
20.3410
20.7802
20.6311
20.3012
20.0472
20.5047
20.4986
20.4779
21.0293
20.6806
20.0618
21.7047
21.2900
21.2874
20.5412
20.4086
21.1081
20.0448
20.0759
20.0371
20.5555
20.7902
20.3484
20.5648
20.3980
20.1616
20.3085
20.2953
20.8235
20.7031
20.0090
20.6200
20.8910
20.1988
20.7063
20.2253
20.7050
20.8876
20.4947
20.6919
20.4163
20.2460
20.1220
20.0941
20.3495
19.8159
20.1455
20.2961
19.7261
20.5042
20.4330
20.0855
20.0637
20.0722
20.8963
21.2283
21.1288
21.0361
20.5156
20.6432
20.5688
21.0103
19.6225
20.2104
20.5081
20.7330
19.9154
20.4862
21.1360
20.6031
21.1224
20.2596
19.5534
20.4627
20.1402
20.6822
20.6838
20.6455
20.0804
20.4134
20.1970
20.3773
20.9992
20.8100
20.7141
20.2251
20.4344
20.9948
20.5241
20.3954
20.7673
20.1551
20.5418
20.2820
20.6693
20.9984
20.8994
19.8008
21.0331
20.6575
20.8386
20.2367
20.5215
19.7455
20.3539
20.1790
20.3745
20.4670
20.4172
20.7013
20.5642
20.6600
20.7074
20.1999
20.7039
20.5056
20.7833
20.2672
21.0347
21.0080
21.0936
20.3944
20.3909
20.2077
20.3301
20.8516
20.5014
20.9053
20.7837
21.2131
20.7957
21.0636
21.3689
20.5670
20.2505
20.4581
19.9961
20.7124
20.6083
20.0733
20.3340
20.6218
20.8416
20.7818
20.2995
20.1273
20.2255
19.6245
20.8164
20.5227
20.4799
19.9949
20.6131
20.1705
20.9447
20.0113
20.3462
20.9080
20.8326
20.3747
20.7976
20.9123
20.2634
20.0553
20.0968
20.2860
20.2525
20.6269
20.8496
20.2338
20.8258
20.1387
20.1737
20.1618
20.8175
20.9366
20.5347
20.2186
19.9329
19.8230
20.1478
20.5410
20.4545
20.2822
19.7706
21.3727
21.2793
20.9662
20.2718
19.5569
19.8677
19.7627
20.2390
20.4562
20.9482
20.8312
20.7977
20.8927
20.4444
20.2134
20.9004
19.9177
21.0274
21.3107
20.8802
20.6294
20.8208
19.9178
20.2551
21.1445
20.7557
21.3363
20.8798
20.8765
21.1068
20.5425
21.2210
20.2141
20.5203
20.5273
20.7384
20.2625
20.7597
20.4788
20.7231
20.9924
19.9260
21.1887
20.8967
20.7546
20.6921
20.3619
21.1146
20.4316
20.3297
20.3610
20.6054
20.4453
21.6107
20.7475
21.8475
21.3919
21.3151
21.1104
20.8069
20.9990
21.4474
20.7850
20.4871
21.0145
20.1475
21.2252
20.9730
20.5329
21.2779
20.8587
20.9433
20.6501
21.0844
21.2358
20.4958
21.0692
20.8143
20.7241
21.2691
20.6641
20.6810
20.3342
21.0314
20.8977
21.4206
21.5524
20.9346
20.7295
20.8666
20.6567
20.4099
20.9544
20.3711
20.4793
19.8289
20.8338
19.8939
20.5005
20.0244
21.0690
21.1607
20.6359
20.6379
20.4694
19.7710
20.9422
20.6237
20.8392
20.7606
20.9234
19.8842
20.5931
20.7009
20.7736
20.2116
21.0270
20.1762
20.9078
20.9733
20.2452
20.5837
20.3819
20.7128
21.1661
20.2201
20.6044
20.3340
20.2170
20.0813
20.6598
20.8652
20.7550
20.6369
21.0165
20.7360
20.7651
20.6481
20.5323
20.6059
20.0622
20.4618
20.1930
20.4120
20.2198
20.0301
20.2848
20.3426
19.8463
20.3764
20.8968
20.5814
20.6453
20.5045
20.2948
20.7404
20.6689
20.6793
20.1804
20.5770
20.8536
20.7581
20.1092
20.8574
20.2023
20.4374
20.8221
20.5845
19.9170
20.5811
20.7667
20.7864
21.4601
21.1293
20.8168
19.8979
20.3392
21.0152
20.7601
20.7121
21.0279
20.4843
20.4730
20.7161
20.4871
20.2942
19.9349
20.7364
20.8163
19.6875
20.2966
20.4355
20.1137
20.1169
20.8010
20.2293
20.2461
20.1918
20.7802
20.9147
20.7349
19.8927
20.5058
20.1611
20.8367
20.9074
20.2274
20.3011
20.3329
20.2888
20.9808
20.5701
20.0916
20.8884
20.7885
20.8903
21.5052
20.8670
21.1373
20.9010
20.8527
20.9301
20.3885
19.7088
20.1902
20.3408
20.7638
20.5911
20.5561
20.5374
20.3437
20.2914
20.8494
20.5831
21.0904
20.5000
20.8590
21.0053
21.3669
20.9629
20.1792
19.7446
20.8176
20.6839
20.5854
20.9807
20.5708
20.4384
20.1303
19.8015
20.4758
20.2541
20.0972
20.9758
19.8188
19.8901
19.5858
20.0847
19.2460
19.5537
20.4467
20.0497
20.1788
21.0438
20.0290
20.2268
20.8619
20.3371
21.1640
21.1225
20.7204
20.9576
20.1454
20.1107
20.2318
20.8890
20.4039
19.6297
19.9742
20.5980
20.6533
20.9002
20.5798
21.1034
20.9930
21.0653
20.6262
20.7459
20.7469
20.5502
20.5279
20.0631
20.5840
20.4082
19.5999
19.8878
20.9272
20.5866
20.9106
20.0220
19.9586
20.3101
19.7470
20.5794
20.2910
20.2022
20.6073
20.3820
20.2413
20.2308
20.3471
20.4455
19.8328
20.7593
20.4296
19.6978
20.1552
20.6767
20.8853
20.1509
20.3431
20.1633
20.1391
19.8361
19.8016
20.5405
20.0029
20.1795
20.1102
20.4012
19.9745
20.9604
20.5163
20.1958
19.6299
20.0826
20.1536
20.2531
20.5875
19.8544
20.5009
19.9285
19.8859
20.0006
20.1609
19.8939
20.1089
20.2025
19.8888
20.3904
19.9381
20.4376
20.0039
20.2393
20.0490
20.1823
20.5889
20.3568
20.3633
20.0474
20.4534
20.4870
20.1258
20.0920
21.3586
20.3983
19.8230
20.2017
20.9805
20.1337
20.7775
20.2167
20.9237
20.0195
20.8332
20.2295
20.8108
19.9342
20.0935
19.9823
20.4236
20.1909
20.5977
20.9113
20.4755
19.8208
20.4735
21.0176
20.7124
20.8133
20.2700
21.2943
20.4437
20.0721
21.0294
20.1401
20.1859
21.0154
19.7321
19.7662
20.5719
20.0494
20.0141
20.2478
20.1926
20.1067
19.9415
20.2688
19.9851
20.1218
20.3345
20.2382
20.0946
20.0808
20.2480
20.5909
20.1584
20.5537
20.9204
20.7399
20.8157
21.0321
20.0676
21.3386
21.0806
20.5813
20.6188
20.3182
20.1334
20.4696
19.6546
20.1486
20.6023
20.1647
20.5165
19.6812
19.9451
20.2846
19.7878
20.1253
20.2976
20.8816
20.6279
20.2641
20.2107
20.3579
20.6968
20.0610
20.2243
20.0994
20.3422
20.2466
19.7091
20.9815
20.5359
20.5440
20.1281
21.3512
20.8084
20.4090
20.5345
21.1800
20.8219
21.1451
20.9587
20.6818
20.5067
20.3698
20.4479
19.5360
20.2857
20.7017
20.9082
20.9787
20.6511
19.9783
20.5381
20.6659
20.8346
19.8999
19.6809
20.7965
20.4644
20.6397
20.5462
20.5940
20.6517
20.2582
20.6811
20.3796
20.7660
20.8644
20.6325
19.9396
20.5481
20.6879
20.0770
20.8420
20.1714
19.9200
20.0434
19.9296
20.6032
19.2489
20.1323
20.0976
21.3499
20.5552
21.0915
20.8588
20.7945
20.7990
21.0234
20.6224
20.7350
20.3749
20.3244
20.3258
20.3920
20.0304
20.4895
20.0205
20.2413
20.2833
20.5926
20.4666
19.8420
19.8252
20.1343
20.1788
19.7804
20.3795
19.9255
19.9688
20.3386
20.3288
20.1461
20.3883
20.6888
20.6298
20.7940
20.0603
20.0777
20.8500
20.6665
20.5559
20.7159
20.7550
21.0960
21.2369
21.3906
20.2221
19.9014
20.7204
20.9357
20.8866
20.2663
21.1337
20.4884
20.7077
20.4613
21.0324
20.1937
20.6930
20.1809
20.4796
20.4793
21.0281
20.7336
20.7743
21.1499
20.5891
21.4107
21.5374
20.9042
19.8870
20.7675
21.0197
20.6542
20.8992
20.6478
20.4869
20.6333
21.0176
20.8922
20.7423
20.7192
20.8125
20.7141
20.8972
20.2090
20.5175
20.8388
20.2909
20.4253
20.1024
20.6227
20.7999
20.5063
20.9448
20.1189
20.8556
20.2029
20.2233
19.8543
20.0953
20.6542
21.3238
20.9911
20.8674
20.7543
20.5571
20.3161
20.6703
20.8142
20.7937
21.1332
21.1749
21.8214
22.4981
21.9789
22.7367
22.2390
22.8491
22.4107
21.9202
22.3416
22.2827
22.2810
22.2515
21.6825
21.8994
22.7830
21.6297
22.7564
22.1155
22.5901
21.9138
22.7498
22.9078
22.5685
22.5224
22.9662
23.2946
23.1276
22.7446
24.0043
22.0790
21.4844
22.0161
20.3937
20.9104
21.4125
21.2986
20.2573
20.5934
20.5108
20.2228
20.5493
20.1993
20.4518
20.6128
20.1167
21.0935
20.4945
20.5350
20.8139
20.5890
20.5186
21.1668
20.3947
20.3898
20.3559
20.6991
20.6988
20.0972
20.2245
20.5562
20.3491
20.5388
20.1383
20.6508
21.0138
20.3380
20.8922
20.2347
20.7754
20.8605
19.8594
19.8896
20.5677
20.0325
20.3406
20.8815
20.8646
20.9343
21.4066
20.2772
20.6904
20.1578
20.5597
20.3172
19.8983
19.9881
20.0239
20.7264
20.5135
20.9091
21.0252
20.7332
20.5102
20.2654
21.1518
19.7906
20.3442
20.1765
19.1824
20.3471
20.3008
19.4101
20.6755
20.7448
20.4907
20.4632
21.1632
20.8222
21.1667
20.2785
20.2237
19.8436
20.5928
19.9090
19.9301
20.7766
20.1105
20.3305
19.9321
20.5900
20.1499
20.7786
21.0221
20.5914
20.7234
20.3039
20.4136
20.6211
19.9333
20.6965
20.3244
21.1794
20.5890
20.5535
20.7121
20.3509
20.3461
20.2553
20.1712
20.5191
20.0095
20.3280
20.4242
19.8274
19.6568
19.9545
20.1521
20.3927
20.4185
19.7911
20.3524
20.8959
20.0251
20.6090
20.4406
20.2848
20.8099
20.8421
21.2340
20.0691
20.8431
21.0762
20.6296
20.7594
20.8016
19.9197
20.3994
20.5810
21.2586
20.4313
20.7582
20.9851
20.0847
19.7130
19.8559
20.6239
20.5655
20.9849
20.4194
21.1450
20.6021
20.7844
20.5156
19.9584
20.3954
20.7041
20.6291
20.1464
20.6282
20.8278
20.7916
20.6466
20.5820
20.3595
20.2033
20.4231
19.8635
20.0671
19.9313
20.2681
20.0180
20.9539
20.9145
20.2414
20.1405
19.7654
21.1297
20.2949
20.2954
20.5935
20.7902
20.1997
20.9455
20.7942
20.9347
21.1977
20.1181
20.5482
20.5074
20.8894
21.0424
20.4996
20.7451
20.9657
20.6341
21.3752
20.5103
20.2983
21.1794
20.8678
19.7503
20.4331
20.8634
20.4391
20.0955
20.8570
20.2208
20.2515
20.8544
20.3131
20.3236
20.6519
20.3966
21.3985
20.9966
19.8235
20.5733
20.5395
20.9086
19.8998
20.7933
20.3999
21.0228
20.5136
20.6117
20.6452
20.7383
20.5408
20.7828
20.8686
21.0301
20.2967
20.5803
20.7480
20.9474
22.2471
20.6864
20.7306
20.1238
20.1024
20.5861
20.3105
19.6296
20.4074
20.2471
20.3249
20.1204
20.9479
19.8389
21.0754
20.8553
20.5674
19.9697
20.5575
21.0336
20.2410
20.3356
19.7026
20.4916
20.4944
20.5777
20.7194
20.5548
20.5202
20.0947
20.6247
20.6547
20.4162
20.3424
20.4043
20.7499
20.8182
21.0051
20.0620
20.3768
20.2432
20.1437
19.9310
20.2401
20.2500
20.0142
20.6460
20.7939
20.5312
20.5405
20.9656
20.5484
20.9919
20.0007
19.9197
20.7386
20.2615
19.8503
20.9494
20.1209
20.4293
20.5654
20.3967
20.2021
19.9112
20.1763
20.0412
20.8988
20.6021
20.2113
20.2482
21.1249
20.7117
21.2649
20.5272
20.8236
20.4381
20.7626
20.1581
20.3764
19.9294
20.2031
20.4886
20.8650
20.2252
21.0348
20.7169
20.2623
20.3581
20.1690
21.0738
21.0625
21.1849
20.8611
20.1395
20.6546
21.1981
21.3674
20.6532
20.6442
21.2517
19.9592
21.0841
20.8204
20.8218
20.2042
20.2489
20.3175
20.2716
21.6391
21.0088
20.6187
20.8030
20.8017
20.4512
20.6017
20.8094
20.7536
20.5373
19.9914
20.6797
20.7293
20.8252
20.2168
20.8037
20.4882
20.8586
20.0047
20.2395
20.6428
20.4386
20.9814
20.4323
20.1202
20.3536
20.6155
20.1316
19.7887
20.5348
20.3888
20.2823
21.2258
20.5170
20.7243
20.7303
20.7892
20.5169
20.6051
20.7608
21.2490
20.5446
20.1756
20.0831
19.6811
20.6543
20.8398
20.3013
21.4121
21.3842
20.5678
20.3270
20.2745
20.5490
20.7269
20.7808
20.8192
20.7281
21.1155
21.5564
20.4156
20.3843
20.2681
20.4705
20.4161
20.5631
20.5269
20.8110
20.8670
20.6547
20.8161
20.2169
20.4136
21.0500
20.6184
20.7294
20.8082
20.8796
20.8562
21.1003
20.4520
20.6763
20.3197
20.4307
20.7237
20.4653
20.3648
20.7080
20.5459
20.2149
20.3645
20.7839
20.2104
20.3506
20.0039
20.0301
19.8199
20.9664
20.3243
20.8620
20.9623
20.6027
20.5099
20.7401
20.5903
19.9596
20.6486
20.4256
20.0313
20.2399
20.4771
20.3613
21.1786
20.8128
20.6698
20.9009
21.2232
20.6633
20.5722
20.4034
20.5694
20.9217
20.1656
20.3171
20.2166
20.6289
20.6026
20.2019
19.9770
20.4706
20.4890
20.0510
20.5010
20.6549
20.6785
20.5222
20.7612
20.5366
20.6205
19.9748
20.8498
20.5737
20.4010
20.2294
20.6476
20.4414
21.0892
21.4360
20.6928
20.1955
20.6728
20.2902
20.1168
20.2875
21.0255
20.3214
20.4816
19.9201
20.5890
20.0745
21.2989
20.4888
20.8805
20.6996
20.1338
20.3507
21.3124
20.1860
20.8192
20.6480
20.3276
20.3629
20.0808
20.6482
20.6409
20.3712
20.8627
20.2967
20.4744
20.6872
20.1078
20.8130
20.5128
20.0687
20.5937
20.0918
20.5291
21.1569
20.8725
21.2335
20.6371
20.5165
20.4515
20.8531
20.6640
20.5911
21.2472
20.5161
20.7986
20.2324
20.9089
20.8550
20.5763
20.8902
20.4747
20.6539
20.6605
20.7230
20.5411
20.4565
21.2292
20.2993
20.7819
20.3447
20.9256
20.4152
20.5350
20.0008
20.3493
21.0470
21.1979
20.6966
20.8876
20.6379
20.9392
20.5632
20.3023
20.5118
20.9259
20.9994
20.6507
20.5817
20.9437
19.9431
21.0313
20.8252
21.2491
21.5186
20.6024
21.0345
20.2401
20.7334
20.8799
20.5480
20.8268
20.3215
20.5767
20.8092
20.9855
21.3824
19.9771
20.7698
20.9776
21.1641
20.4663
20.4069
20.3165
20.3145
20.0916
21.0559
20.3453
19.2863
20.6540
20.5795
20.4340
20.0358
21.1868
21.4557
20.5920
20.7463
20.7660
20.5481
20.8053
20.6662
20.7528
20.2367
20.9264
20.3335
20.2250
21.1239
20.7846
20.4317
20.1044
20.3545
20.4239
20.4286
19.9999
20.1317
20.2774
20.9423
20.3236
20.4008
20.5265
20.3816
20.5175
19.6868
20.4072
20.2420
20.3058
20.3856
20.4063
20.6062
20.7588
20.9783
19.3407
20.6383
19.9532
20.4046
19.9572
20.3053
19.8994
21.0186
20.7416
21.4889
20.5267
19.2940
20.3570
20.6426
20.2202
19.9418
20.4192
20.1853
20.2977
20.5586
20.9869
20.4977
19.6753
20.9071
20.7678
20.6639
20.7456
20.3008
20.7377
20.6894
20.7161
20.4692
21.2432
20.8776
20.5490
20.4967
20.5263
20.9512
21.1213
20.7019
20.8502
20.5009
20.6543
20.4121
19.9114
20.2287
20.5592
21.4914
20.7281
20.2783
20.5518
20.5917
21.1742
20.3694
20.3005
20.1499
20.6588
20.6040
20.7903
20.3479
20.3942
19.7664
20.1744
20.2390
20.7953
20.6440
21.4940
20.6698
20.2979
20.9605
21.4505
20.4382
20.2553
20.6728
21.3154
20.1763
20.3902
20.7634
19.9683
20.0007
19.9437
20.5280
20.2647
20.6977
20.4861
20.7396
20.3969
20.9221
20.5744
21.0617
19.7933
20.3946
20.4092
20.5625
21.0894
21.0759
20.3102
20.6526
19.8969
20.9908
20.5821
19.8331
20.7901
21.0438
20.9851
19.9451
20.8096
20.9114
20.4793
20.1376
20.3189
20.4766
20.3699
20.6155
20.2319
20.8833
21.7043
21.0493
20.9624
20.8295
20.6375
20.6186
20.9413
20.1582
19.7745
20.9052
20.8823
21.1677
20.6508
20.7102
20.4056
20.8458
19.9562
20.8614
20.1873
20.5517
21.1432
20.8410
21.0058
20.3822
20.2680
20.3621
20.8953
20.8773
20.3132
20.1679
20.8765
20.9182
20.7775
20.6993
20.8752
19.8947
20.5461
20.7017
20.3128
20.8239
20.7486
20.5251
20.5989
20.5860
20.6310
21.0044
20.5157
21.2406
20.2473
20.8086
20.9524
20.9472
20.6725
20.9385
19.9733
20.2146
20.9157
21.0379
20.6690
20.3277
20.4356
21.0754
21.0365
20.5799
20.8432
20.7362
20.8567
20.9529
20.3691
20.1870
20.8431
20.6497
21.3125
20.6675
20.1972
20.9953
21.1791
20.4832
20.3182
20.5188
20.5839
20.5692
20.7234
20.7999
20.4219
21.2576
21.1859
20.9441
20.4602
21.2310
20.0711
20.6723
20.5013
20.8565
20.0789
20.8320
20.7091
20.8130
20.3476
20.5206
21.1328
20.9808
20.4969
20.7804
20.9375
20.0908
20.7244
20.7493
20.5546
20.5179
20.9501
19.7293
20.2004
20.5117
20.0619
20.4630
20.1491
20.4900
20.5191
20.3428
20.5919
20.6987
20.7559
20.3551
20.3458
21.0921
20.5625
20.4328
20.7969
20.5261
20.3114
20.4361
20.3349
20.5236
20.8718
20.7254
20.1172
20.5549
20.1703
20.1819
19.9063
20.5763
19.7876
20.9240
19.7866
20.0065
21.4296
21.2566
20.7525
20.7442
20.5790
20.8634
21.3597
20.2563
20.2624
21.1477
20.3797
20.8342
20.0215
20.2086
19.8996
20.7333
20.1108
20.5095
20.5616
20.7033
20.3200
20.1019
20.6235
20.7488
20.1481
20.8592
20.1520
20.6954
20.6263
19.9997
20.7559
20.5539
20.9471
20.4504
19.9975
20.7066
20.1493
20.7504
20.3143
20.0216
19.8254
19.8421
20.7791
20.8488
20.0824
20.5232
20.4750
20.5607
20.4863
20.7100
20.8502
20.4939
20.8598
20.0795
20.5199
20.6880
20.5276
20.0388
20.4254
20.9246
20.4823
20.5500
20.9871
20.9165
21.3946
20.3611
20.3946
20.6377
20.6315
21.1488
20.3188
20.5644
21.6174
20.1138
20.8790
20.3308
19.7656
20.2757
20.3845
19.7395
20.3067
20.4020
20.7979
20.0549
20.5754
20.7439
21.0618
20.9966
20.8453
20.7092
20.1554
20.9679
20.3035
20.6100
21.2294
20.4497
20.6061
20.2834
20.2166
20.3457
20.3964
20.6797
20.3161
20.4301
20.1102
20.3935
20.5821
20.3044
20.1031
20.0364
20.6245
20.5236
20.7533
20.7733
21.8762
20.8542
20.0690
20.4845
20.4778
20.1465
20.4435
20.7184
20.7927
20.3253
20.5651
20.7203
20.1697
21.3377
20.8784
20.5149
20.6305
20.3181
20.0699
21.0207
20.6322
20.6954
20.4812
20.1571
20.7933
20.5557
21.0149
20.3306
20.7873
20.2467
20.4055
19.9902
20.8466
20.4244
21.2515
20.4371
20.4152
20.4918
20.6672
20.6879
20.0437
20.8507
20.5482
20.6649
20.5782
19.8677
20.0388
20.4197
20.4282
20.5223
20.7245
20.6894
20.0995
20.5425
20.2042
19.6096
20.7827
20.0320
20.5646
20.1052
20.6914
20.2714
20.7197
20.4466
20.1212
20.8552
20.4808
20.4630
21.3535
20.3034
20.0482
20.8955
20.6824
20.7184
20.4138
20.6671
20.3237
20.1787
20.1500
20.4075
20.3935
20.7468
21.1354
20.5019
21.1614
20.8487
20.6102
20.4763
20.5744
20.4485
20.6794
20.0623
20.6074
20.6304
20.6284
20.3757
21.6717
20.6022
20.7283
21.2699
19.6684
20.8737
20.0744
20.4670
20.8404
20.5818
20.5661
20.5978
20.7320
20.6598
20.6251
20.7120
20.1714
20.0919
20.8796
21.0528
20.7375
21.0463
20.6399
20.3179
19.8887
19.9324
20.3080
21.0308
20.0380
20.3424
19.8227
20.1239
20.0625
20.7849
19.9535
20.9598
20.8700
19.8661
20.6476
20.4305
20.4437
20.8204
19.9396
20.4884
20.7072
20.8194
20.7837
20.8711
20.8890
20.5769
20.6136
21.4842
21.0262
20.2364
20.8363
21.3989
20.8042
20.6300
20.6468
21.1225
20.1487
20.3722
20.5186
20.7128
21.0538
20.1877
22.1519
20.1317
20.3683
20.1663
20.4173
20.8479
20.5345
19.9292
20.4254
20.1450
21.1158
20.4463
20.1889
20.9913
20.6239
20.3894
20.4948
20.5249
20.2229
20.6559
20.5607
20.5713
20.3925
20.8616
20.1485
20.5295
20.0362
20.4417
20.3731
21.0822
20.6216
21.0050
21.0594
21.2293
19.8651
21.0568
20.1039
20.0999
20.2684
20.0096
20.1570
20.6708
20.6314
20.8045
21.3355
20.1220
21.2377
20.4537
20.3447
20.4798
19.6073
20.6984
19.7619
19.9929
20.3636
21.0101
21.1936
20.0873
20.7639
20.6564
20.9632
20.7686
20.8666
20.2446
20.8247
20.6599
20.5824
20.7654
20.2611
20.0985
20.5890
20.9102
20.6314
20.4758
20.9193
20.5118
20.4331
20.9893
20.8053
20.7708
20.5554
21.0844
20.4840
20.9877
20.9991
20.9611
20.1535
21.1646
20.5773
20.3482
20.7459
20.2651
19.9277
20.6182
20.0504
20.3102
20.7307
19.9893
20.0758
20.4926
20.3388
20.9250
20.3052
20.2377
20.3293
20.7525
20.6879
20.7011
20.6266
20.5533
20.5773
20.8094
20.9135
20.2587
21.2609
20.2539
20.4710
20.8550
20.2507
20.9529
20.7766
20.8636
20.7657
20.7200
20.6909
21.0630
20.4197
21.0605
20.3498
20.7555
20.9013
20.4798
20.8370
20.7727
20.7701
21.1693
20.6740
20.8489
20.7514
20.4619
20.7224
21.0035
21.0119
20.5688
20.6799
19.5970
19.9231
20.4267
20.4785
20.0155
20.2025
20.4372
20.3095
20.1126
19.7714
19.9861
20.6933
20.5731
20.1345
19.9615
20.7270
20.9943
20.9404
20.5330
20.5947
20.4719
20.4390
20.0748
20.8526
21.0139
21.1459
20.2782
20.2968
20.5266
20.6968
20.3177
20.7450
20.7048
20.5086
20.5806
21.1110
20.2116
20.6600
19.8260
20.5679
21.0277
20.4679
20.8171
21.1818
20.2553
20.3972
20.2234
20.0716
20.7620
20.8557
20.0327
20.7439
20.9319
20.0549
20.2449
20.4189
20.8511
20.6175
19.9949
20.4977
21.1611
20.6007
20.6493
20.6744
20.8312
20.5900
20.9945
20.9346
20.1771
21.3427
20.9748
21.3457
21.2478
20.3727
20.8596
20.5386
21.3743
20.4754
19.9223
20.7950
20.6369
20.2642
20.8259
20.0138
20.2385
21.2447
19.9885
21.0207
19.7334
19.8291
20.5366
20.3045
20.8769
20.8780
21.1914
20.8404
20.7185
19.7011
19.9050
20.2741
20.7725
20.9148
21.0050
20.2403
20.7232
20.5327
20.8348
20.1009
20.1751
20.1829
19.7531
20.5335
20.2313
20.3494
20.7965
20.4347
19.8887
19.5160
20.8779
20.4691
20.7876
20.6751
20.1661
20.9783
19.9067
20.3496
20.6761
19.8649
21.2891
20.3294
20.5370
20.1599
21.1592
21.3158
21.1448
20.3052
21.2503
21.3785
20.3147
20.8274
20.8014
20.7229
20.7775
21.0243
21.0761
20.2698
20.9126
20.0947
21.1145
20.0782
20.2927
20.4006
20.7233
20.6447
21.2094
21.0907
20.5798
20.7863
19.6417
21.1284
20.1888
20.5663
20.9144
19.9031
19.6475
20.7781
20.6382
20.1845
20.3136
20.5669
20.3419
20.5977
20.5477
20.2064
20.9454
21.0756
20.1735
20.6377
20.5222
20.5570
20.3788
20.2666
20.5435
20.5474
20.3683
21.0490
21.0997
21.0094
20.9513
20.8724
20.6847
20.5903
21.1357
20.9131
20.4471
20.6033
21.3254
20.9124
20.9240
20.7614
21.0529
21.1227
20.6833
20.7147
19.7347
20.2840
19.9717
20.6008
20.2767
19.8554
20.1780
20.1473
20.6371
20.7435
20.6727
20.5294
20.8321
20.3637
20.9397
20.9493
20.6420
20.3397
20.5719
20.5375
19.9468
20.2095
20.6738
19.8155
20.1815
20.3966
20.3987
20.5388
20.5871
20.8267
20.4919
20.8730
20.7670
20.5671
20.1522
19.9998
20.2870
20.4820
20.6463
20.6192
21.2175
20.7315
20.4502
21.1511
20.7397
20.6537
20.4410
20.2614
20.6780
20.3229
20.6735
21.0954
20.9798
20.3532
20.1743
20.6651
20.2774
20.7735
20.0224
20.6429
20.2142
20.1261
20.7383
21.1440
20.9631
20.5715
20.4063
20.7181
20.3435
20.7104
20.8958
20.3063
21.1042
20.1808
20.3527
20.6771
20.0296
20.6318
20.3314
20.8288
20.5799
20.8781
20.7871
20.3454
20.1405
20.6464
19.8338
20.2470
20.3510
20.9123
