28.7518
29.4187
29.7913
29.4335
30.3998
29.9203
29.5090
27.4812
29.5532
27.4438
28.8103
29.3797
29.4470
28.7087
29.7566
32.0377
30.2531
28.8370
26.9520
28.8614
30.3239
30.0991
29.3572
32.0625
31.0878
28.3483
30.8720
30.0219
29.8681
30.5240
29.8492
32.1414
30.6648
29.8833
30.8341
32.5222
31.9679
30.5309
30.7361
29.8251
27.5834
29.6945
28.5848
27.8571
27.7964
30.4256
28.9091
30.7641
32.6454
30.5624
30.0189
30.9630
31.0830
29.9996
30.5938
28.8141
30.3291
26.5939
27.8482
28.1046
28.6777
28.9713
28.1257
28.4309
30.5656
29.6366
31.1735
30.5992
29.1306
28.0567
29.4003
26.4827
29.9828
28.2572
26.8376
28.7622
29.9965
30.1411
31.1339
29.2862
31.1239
29.9801
27.8378
28.9115
28.9164
28.4193
30.7209
31.9254
32.0334
30.2725
29.9228
30.8530
30.7234
32.0605
30.4760
30.2649
30.3255
29.7992
31.4486
31.6349
31.3769
28.9026
28.1125
30.0404
29.9530
33.0636
31.3545
28.2728
29.3011
26.3631
27.9718
27.5308
29.7478
31.0389
30.8813
28.6363
29.1465
29.2825
29.6567
28.9480
30.0183
28.5907
31.4658
29.9238
31.3893
29.1395
29.1630
28.4912
31.6973
30.0373
32.5319
28.9805
29.0448
30.7557
30.9977
30.6546
33.0227
30.5220
29.4181
32.9633
30.7223
29.2178
28.2789
27.6828
26.9928
25.0143
27.3982
27.9431
27.9356
28.1926
25.3190
28.3433
24.7151
26.6143
25.7757
25.5029
27.1765
26.4507
26.1359
25.2291
28.1829
29.3925
27.8467
28.2417
28.2236
29.8258
29.0718
28.9551
27.7139
29.0266
29.0121
28.6875
28.4512
27.6380
26.3618
27.2681
27.3031
28.2785
29.6343
29.6598
28.3146
30.9721
28.2091
27.4574
28.2665
27.6505
29.5393
27.6396
28.8376
29.2785
28.1173
27.9618
27.2697
28.1033
28.3468
27.6309
26.2890
29.6150
28.0767
29.0937
30.0202
28.7182
30.1858
28.8653
29.3383
29.2634
29.9737
28.7432
30.0413
27.7316
26.2621
28.1114
28.6261
27.5704
29.7704
29.2203
29.9530
27.5957
29.3365
28.4352
27.2736
27.1955
26.1495
26.9465
25.5704
27.8810
27.8786
24.9251
25.3218
26.8057
26.8378
28.5178
25.9445
27.9905
27.0332
26.1095
26.8870
28.1729
29.3526
29.3805
28.3921
27.4285
28.5938
30.1169
26.1941
28.5429
28.8559
28.8070
31.2310
29.6922
28.8775
27.8730
27.2925
26.2040
28.9402
27.2232
27.8658
25.3410
25.2423
27.9117
28.4957
28.0019
26.9567
27.0529
27.3721
29.8501
28.8758
24.4094
27.3691
26.3485
26.5258
28.8521
29.5046
26.9021
27.5346
27.2653
27.1444
25.6372
27.7574
29.0916
29.4404
28.4189
26.5231
27.9667
26.9776
27.1092
26.1252
27.1362
26.7296
27.5335
26.2103
30.1033
27.8415
26.3764
28.6340
27.1672
27.1816
29.2282
27.9756
28.8293
29.1170
27.8849
28.4370
30.3205
28.8720
29.0955
29.3776
30.7684
29.4630
30.1734
30.6046
29.5619
29.4652
32.4148
28.7729
28.5003
27.2731
25.9498
27.6758
29.3239
28.5142
27.2293
29.1155
28.4647
27.3974
26.8257
27.6946
28.1223
27.3472
28.9775
29.7369
29.0753
30.9150
28.9307
27.2695
28.3418
27.4603
27.2060
29.1251
30.4533
29.9498
29.1739
25.9403
27.8088
28.0603
27.0885
28.3587
27.7923
26.6512
29.4636
28.7314
27.3776
26.3880
26.8876
26.6774
26.4504
24.7878
27.5732
24.5832
24.9075
26.5485
25.4104
27.8446
29.4747
30.4383
30.3960
30.0365
28.2398
32.8906
30.4839
28.2965
31.4872
31.3618
28.8124
29.9783
30.8859
27.4802
30.4857
29.6099
29.0152
30.7314
27.8943
27.7267
27.9383
30.0795
29.3948
29.4323
31.0988
29.7526
28.9295
31.1812
28.5248
29.4070
29.5425
28.4957
26.9223
28.7885
29.5791
28.1181
28.8691
28.5983
29.2260
28.5527
28.5753
28.1286
29.6203
29.7437
31.7156
31.7453
30.9770
29.3075
28.9715
27.9760
27.0585
28.2052
28.6833
29.4683
27.5905
29.8279
28.6849
29.0382
27.1645
28.3014
30.2259
27.7563
29.4867
29.9552
28.7479
28.5323
28.6072
27.8654
27.8404
31.7885
29.9728
31.4075
31.5465
29.9076
29.9030
31.5778
30.5844
28.9264
27.4573
30.0904
29.0382
27.1120
27.7244
28.3114
26.8868
27.1984
29.2219
28.3684
28.5722
29.6028
29.7232
29.5066
30.1291
29.0412
29.0990
31.8096
29.2728
29.2814
29.0159
28.5694
29.1000
28.2978
29.8836
29.9767
28.5988
29.4381
30.9578
29.9494
31.3131
30.3875
27.0306
28.9227
29.5051
30.4772
28.5589
29.7561
29.2733
31.7258
29.7911
29.0500
29.9293
29.1213
30.1965
28.1129
28.5098
27.3120
28.8444
30.7189
29.1757
29.5431
30.6028
28.1969
31.0859
28.1484
27.5197
29.7519
30.7752
28.9972
30.4349
29.1661
30.4200
29.9198
27.0502
29.0525
30.1234
28.9839
30.8241
29.0895
28.6257
31.1705
32.3523
28.1257
30.3028
27.7209
30.3603
29.5005
27.9100
29.6462
28.4856
29.0681
27.1663
26.2320
26.5120
26.9514
28.6710
30.4125
31.0511
30.5483
28.6829
30.7971
27.7666
28.0600
28.7453
28.2432
27.2269
28.1574
28.3003
27.2038
29.3266
27.9322
27.1635
25.3779
26.4321
27.6246
28.0324
27.5009
28.5963
27.0872
28.2683
28.8048
26.4486
27.8586
25.0573
27.0010
28.3052
27.7698
27.8286
28.3074
27.5087
26.3647
27.0011
28.7172
27.8726
24.7108
24.0598
25.0748
26.4259
28.2853
27.5680
28.7927
25.5624
25.5908
26.6011
24.8503
26.2309
26.0630
27.0510
27.0008
27.4717
26.6934
28.6295
26.2786
25.9707
27.1006
29.0278
30.3735
29.5521
29.0750
29.5690
27.1200
25.4369
27.1367
28.4768
28.9271
26.5431
26.9095
27.6226
26.5405
25.1935
29.7269
28.0809
27.7547
28.2884
28.2309
28.9850
29.3536
27.6520
29.3794
30.0581
30.7963
29.7999
27.8504
29.0341
27.9034
29.8002
27.6312
30.7573
30.0580
30.0004
30.8535
29.7689
27.4152
29.2777
29.5058
30.1252
29.3629
30.0704
27.6527
30.9793
29.2220
30.1519
28.5363
26.4906
27.6980
26.6590
26.0512
28.9779
28.3074
27.3807
28.1112
29.5310
29.1628
29.4176
29.0016
28.5832
28.1003
27.7364
29.2617
27.4986
28.4550
31.0238
30.5508
29.5006
27.2959
29.7472
29.5706
25.9916
28.0459
27.8492
27.6732
27.6899
26.9272
27.8409
27.9023
27.7176
27.6138
27.5150
28.7315
29.5529
30.9780
32.0889
29.5553
29.7223
27.1683
28.9305
26.9045
26.5396
25.6365
27.0563
26.7810
25.9023
25.9113
25.6690
28.6904
29.2056
26.2491
30.8707
28.9634
28.2555
28.4461
28.4781
26.8934
28.2061
27.9439
27.9718
27.6522
26.8912
29.2682
28.0845
27.2345
25.4585
28.8869
28.4139
29.2345
31.1841
28.7483
28.1938
28.7631
29.2085
28.1398
29.7003
28.1508
26.9745
26.3230
28.1907
28.0475
28.6267
28.4658
28.7470
27.4989
29.1458
28.5245
29.0757
28.2789
30.6014
27.2131
28.4632
28.6339
29.6824
29.6664
30.0041
28.9699
31.9379
28.7805
31.3910
29.7057
28.7900
30.1029
30.3029
29.3019
30.9118
29.7160
32.0092
30.6459
29.9232
30.0667
28.8817
31.2871
29.9097
28.6126
29.5949
30.4282
28.8174
29.0236
29.4092
29.2831
27.8244
29.8502
30.6081
30.3054
31.4156
29.7873
31.3914
29.3430
27.0267
27.4808
30.1371
27.8909
28.3447
31.2823
28.4711
29.2374
32.1750
29.3240
30.0986
30.2248
31.2681
29.6364
30.3244
31.2077
29.5465
31.0261
29.9713
30.4854
31.3119
31.0048
30.0990
32.8470
29.6647
30.9080
31.7064
30.0790
31.7903
27.4537
30.0932
29.3897
26.1097
27.9266
28.9280
29.3397
28.1294
28.9950
26.2588
28.5366
29.2001
28.0375
27.1669
27.6437
27.7926
26.8535
28.9178
28.4853
27.5061
26.6768
26.9871
26.0494
26.5522
25.8662
26.2352
29.0818
26.1222
27.2316
27.0689
27.4590
28.3801
27.7822
28.4012
29.2046
28.3980
30.2273
29.3436
28.1805
28.6558
28.8735
25.7918
26.6241
28.1881
26.5763
28.4848
29.0932
29.2926
28.7546
29.0054
29.5126
29.2705
29.7761
29.7358
29.3240
26.8227
29.6142
30.2425
32.5494
29.6981
29.1666
29.5333
31.7851
28.6752
27.9333
29.6130
29.7576
32.8237
32.2318
31.7141
30.7415
29.5985
30.2371
29.7050
29.7463
28.3578
29.4707
28.5063
26.2385
26.1807
29.4489
27.5373
28.4842
25.8161
26.0497
28.4999
29.6529
27.6074
28.2298
26.4855
26.4902
28.5826
27.1197
27.8271
28.2738
28.1878
26.5990
28.6598
28.6819
28.9382
30.3521
28.9598
26.6928
29.8201
26.4605
26.7591
29.4201
28.6467
26.4910
26.4485
27.6997
28.4422
25.3458
28.2443
30.1498
30.7816
29.0622
27.8811
28.7916
30.6786
28.7565
30.4191
27.7326
29.5615
28.4823
29.4716
29.9293
28.9586
29.6559
30.4043
28.4288
28.7432
27.4143
29.4109
27.8470
28.6332
27.7275
28.3775
27.3121
29.8030
28.6211
29.6936
29.7332
29.8454
28.8006
29.0391
31.3173
30.1540
29.2009
26.4554
26.8429
26.2101
30.0923
28.0850
26.5723
27.5895
28.6718
26.3942
25.4715
27.3695
25.8522
27.8829
28.2836
27.5454
28.9827
29.3891
29.3506
27.9111
28.7959
26.9208
26.7251
28.7061
27.2578
28.9496
27.1367
31.2398
29.9310
28.1232
28.3178
30.7811
27.3589
25.7810
24.7583
24.3261
27.9298
25.7418
26.3876
28.6255
26.3977
26.9791
28.0225
28.8133
30.0487
28.9266
27.0842
26.7377
25.8954
26.3561
28.5439
30.0788
28.6938
29.2491
27.2807
28.8132
28.8861
26.8953
27.8814
29.5042
26.2152
26.8667
27.3281
25.4847
27.5644
26.8443
27.5340
26.1550
27.7008
27.9501
28.0260
26.8612
29.0110
28.6991
26.9954
26.5056
26.2041
27.0060
27.5148
27.0208
25.8066
24.6718
25.5769
26.8734
26.0107
27.3734
26.2977
29.2506
28.8254
27.8029
28.2950
29.9197
29.0324
28.9210
31.0872
29.5832
28.4106
29.3040
27.8144
31.3077
27.7927
28.0095
28.8131
29.7788
28.7244
26.2937
26.6058
27.2726
25.5457
29.7070
27.4059
27.7931
28.9266
27.4725
26.5508
29.2208
27.5093
27.3279
27.8543
28.5731
29.9836
28.9257
28.4885
28.2590
25.0246
24.5586
28.9989
28.7829
27.5060
25.9466
27.4850
29.4862
31.6745
31.0140
29.6524
27.4259
31.5152
29.2349
28.7581
26.6846
25.0376
25.5122
25.0898
28.9483
30.3554
28.0476
26.2119
25.8623
27.4577
29.1372
29.5439
28.8999
28.8341
28.8767
27.9648
28.1583
27.6140
28.7562
29.6776
29.4080
29.7096
29.9010
29.9756
30.6609
31.1262
30.0696
28.1811
30.0206
29.9948
28.0947
29.0321
30.4013
31.0320
34.3163
32.2169
29.0176
28.0513
30.4382
31.1775
28.7742
28.9810
30.6682
30.8550
27.6256
27.6987
27.8294
31.6606
28.5178
28.4644
27.6498
29.0262
26.9009
27.5117
27.4978
27.4131
28.7212
28.8245
28.1407
28.7405
27.6099
29.4672
28.1768
29.1417
28.9450
25.4019
27.1442
28.8294
27.1473
27.2623
27.6880
28.1121
29.5345
30.1972
30.2478
27.9728
28.6469
26.8154
27.4737
27.0983
27.2141
26.3307
26.6598
27.5797
28.4060
26.8092
29.0280
29.7413
27.1682
29.0108
26.6561
26.7594
27.9842
26.6067
24.3399
25.5738
27.2218
25.5037
27.3905
27.1966
27.7643
28.2103
24.8908
25.7169
23.2010
24.7924
27.0450
25.0918
27.3798
27.6708
25.9319
25.2807
25.4391
24.8304
28.8209
27.4524
28.1583
26.7070
26.1833
27.4404
26.9556
28.4314
27.9217
30.4213
31.0856
26.0495
27.4001
28.7066
31.6248
28.0376
27.3600
28.9787
30.6616
29.1768
29.8020
27.7410
29.1493
28.2698
25.6499
26.5386
27.2659
26.0716
24.9540
28.1213
26.0821
23.7886
26.2468
24.3752
25.0533
28.4523
27.2402
26.6604
26.4297
27.8165
29.0510
27.9730
26.3530
27.6549
28.1498
30.8262
30.0827
27.4653
29.7370
29.2451
29.5233
27.8812
25.7110
26.3644
24.2660
26.8254
31.2774
30.2070
27.3454
26.2374
24.9455
25.0850
26.5410
28.5144
28.0433
28.8835
25.5186
27.4473
27.4091
30.6290
28.4923
28.7669
25.6134
26.0188
28.2904
24.8445
25.9402
25.8820
25.4442
26.6684
28.0233
26.5436
30.0352
28.5643
27.7598
29.5180
28.0625
28.1902
29.5104
28.2682
26.9436
27.9358
26.8375
30.3917
27.8220
27.0830
27.6366
27.5774
29.1148
29.1884
27.8155
27.0988
27.6498
28.8840
26.3375
28.5236
27.4950
28.4671
26.2547
27.9452
27.7069
26.6831
26.8615
27.5387
26.1822
26.1368
27.5703
27.4535
27.1784
28.5395
28.4901
26.0514
26.7264
26.9948
27.4709
26.2141
25.7083
24.9746
25.2474
25.2517
24.8273
25.8747
25.8870
25.4902
27.4365
27.5348
26.0743
26.4894
27.0358
25.4770
26.7173
27.9903
28.3838
28.4940
29.6667
27.4303
28.5810
28.7915
27.1062
27.7472
29.6961
26.7336
28.3739
26.7741
27.0330
26.3274
30.7611
29.4522
26.8708
28.5251
27.7276
28.0473
28.7010
28.9376
29.0710
31.2806
28.0447
31.3941
31.5596
30.3482
28.6855
28.3236
28.9207
29.2730
30.6467
27.0954
27.2402
28.0499
28.4237
27.0870
26.9537
28.6666
30.1889
28.8832
28.3327
27.7799
27.9370
28.2048
31.1817
30.7717
29.9251
26.7769
27.8680
25.5439
27.7588
28.4524
27.4406
27.6157
27.4925
28.8310
27.6355
27.6457
26.0899
27.7005
27.6482
28.3358
30.5270
27.1823
28.4813
28.8299
27.2350
25.1759
24.2122
24.0977
26.5848
25.2163
26.6036
24.2066
25.2995
25.1897
25.5307
26.5461
30.2232
27.4074
27.4262
25.1089
26.0540
24.6336
26.8603
26.6589
27.6323
27.6378
28.7503
26.3953
26.2249
25.6019
25.6284
27.0346
27.2947
28.4651
30.1616
27.7037
26.5566
27.7023
26.7602
27.3797
25.3004
28.5546
25.9189
25.7970
27.0366
27.2563
26.7848
25.5138
26.2060
28.8129
28.2093
27.2521
26.5387
25.8869
27.2144
28.2998
25.5216
26.4361
26.5066
26.5179
26.1907
26.6203
28.6654
25.8798
26.0515
28.4667
26.4921
28.4213
28.9901
29.2412
28.4449
29.4177
26.7111
29.7442
27.3184
28.6038
27.6756
26.1519
24.7319
24.0946
25.5121
27.0705
28.3805
27.3155
29.1003
29.7829
27.4468
27.3894
30.5011
29.2594
30.7029
28.7158
29.7594
30.1177
28.8040
27.5028
25.8025
25.8711
25.7082
25.6857
27.6159
28.8236
30.8644
28.6942
27.9302
29.7849
30.3969
26.3010
28.4505
25.9884
27.5989
28.3058
26.3411
29.3670
28.6802
28.2854
23.4318
25.2403
23.8286
25.7615
25.4909
27.2248
26.3324
27.7400
27.5806
25.0780
25.0369
28.1946
27.0815
27.4997
28.9891
27.9154
27.7162
27.5176
27.5590
28.1196
24.8445
25.2208
27.4297
28.3365
28.7694
27.8360
27.7178
29.3400
28.7341
30.8922
35.4532
31.5693
29.2082
28.1388
26.8080
26.8239
28.7812
25.9060
23.5051
24.2928
26.8664
27.4641
28.7492
27.3283
27.9072
28.6064
27.5111
28.6223
29.2595
28.4938
30.5576
29.4182
29.4684
29.4808
25.2338
25.2387
28.9653
26.3946
25.9560
28.0685
27.0521
28.1884
30.6991
29.8555
29.9786
27.7942
27.7261
27.2054
27.4955
28.0426
28.9079
28.1161
27.3132
29.6377
30.8612
27.4836
30.0475
27.8141
29.0180
27.1676
30.6410
29.4268
28.8490
28.0343
29.4344
26.3415
30.6084
29.5508
27.9916
27.7096
29.2041
29.8814
30.7849
31.7367
30.1610
31.9744
30.1883
27.9925
31.1586
28.7603
31.4092
29.9047
28.0326
24.6700
24.9725
26.9382
28.1274
28.9470
26.7746
29.2458
29.0874
30.4191
29.1887
29.5873
32.8233
30.4349
30.2490
29.5061
28.2822
29.2560
31.0124
31.3736
29.6482
28.4629
32.0473
32.3073
30.5407
30.6037
30.2784
31.0800
28.9315
28.0137
27.8925
28.4187
30.8020
28.2682
29.2592
25.5483
28.0233
30.2068
26.7943
30.7106
30.0576
30.0841
30.1942
28.7202
28.7853
28.0371
28.8148
28.6795
27.3313
31.6183
30.6754
30.5285
29.9680
27.3118
26.2072
27.2543
28.0880
28.3453
25.5309
22.6526
26.5528
23.9892
27.5175
28.4746
29.3648
29.6890
32.2812
32.6845
32.3021
30.9280
30.4875
31.5250
31.0537
27.8395
29.9962
29.5163
29.2628
31.0194
31.7980
30.8836
30.6865
29.7150
31.2171
30.1029
29.7013
26.6020
29.1453
28.3307
26.9134
29.0683
26.7221
28.5676
30.4010
26.8337
29.7621
27.0014
27.3904
29.3153
31.1863
27.3876
28.3806
25.5561
28.4333
28.5072
26.8793
29.9909
28.4745
27.5547
28.6006
28.4752
29.5088
30.0537
27.7712
28.3138
27.8146
30.6172
31.4799
29.6776
32.5014
32.1384
30.9448
29.5379
28.9646
33.3977
30.9789
29.1670
28.7672
27.7494
29.6949
30.3559
27.6888
28.5624
30.1591
28.0005
28.4286
27.6661
27.3806
24.9392
23.2687
22.9395
25.2756
28.9529
31.3252
31.1168
27.5914
25.7669
24.3556
25.1081
26.0866
27.6621
25.9391
24.4822
25.6308
28.6624
25.5978
25.5305
25.0566
26.7083
26.0650
26.8817
29.1894
26.9891
27.3287
25.7838
27.3677
29.6179
28.3791
26.8086
27.3030
24.8000
27.1788
25.6192
25.7562
26.0430
27.7232
27.2866
26.3306
26.3615
26.0176
27.6240
26.3141
28.7825
28.1683
27.4349
27.7182
26.3123
25.6570
24.3461
23.6432
26.3281
25.3198
26.1462
24.1770
26.9902
25.1173
26.5717
26.3326
23.6272
25.3305
26.7389
27.3650
24.4743
26.7846
26.6189
27.6631
26.9212
24.1598
25.9153
26.1028
25.7411
28.1299
26.7884
27.2630
26.2673
26.6733
25.2064
26.0992
25.0517
24.6032
23.4434
23.3844
23.3417
22.9905
25.0743
24.3496
25.8215
24.7599
25.0546
25.9924
27.8171
26.9877
27.4296
25.6291
23.6475
25.1755
24.1691
25.7658
24.0772
26.7449
24.1852
25.6697
27.2701
26.6497
27.1978
26.4750
28.3101
26.4131
27.3038
27.4693
25.6326
26.6907
26.1050
25.3659
23.1353
23.8166
25.2131
24.4964
26.2544
27.6310
25.8537
26.6019
24.6322
23.3625
25.7875
26.2578
29.0564
29.4792
30.3802
27.4899
25.8779
25.3002
23.7701
26.6743
24.3360
26.2628
24.1405
24.6346
25.4031
27.0493
25.6987
26.3178
24.5022
24.4990
21.9746
23.5776
23.5791
23.3867
22.9238
23.1172
24.8301
25.4478
26.4012
23.7496
21.9565
23.9605
22.9978
24.0435
22.9249
23.1221
24.7660
24.4446
25.6643
27.2684
25.1108
27.1814
26.2414
23.8830
23.7014
25.9409
25.1162
23.1894
24.1450
24.9594
23.0421
24.7425
23.2021
24.6823
22.3228
24.3656
22.8634
25.3429
26.0363
25.8014
25.5415
23.9193
25.9915
24.1652
25.4918
24.3878
24.2679
23.8004
22.7953
22.0392
24.3205
23.0836
22.1779
23.9984
22.0247
23.4791
23.1792
23.8036
23.0332
23.7936
21.9384
22.1136
21.2322
22.4621
22.5374
23.3720
22.3895
22.4037
21.4341
22.7525
22.5821
22.4504
23.4227
24.5277
24.3843
24.3185
23.3231
24.5524
23.5847
24.3806
24.1432
22.3005
23.2324
25.4083
25.7500
24.2388
26.5022
24.8587
25.1789
25.9581
23.8993
23.2572
23.6367
24.6886
22.8964
22.9380
23.0945
25.3166
25.2044
27.7724
22.2609
23.9829
23.2921
23.1452
24.9348
26.3718
25.3040
24.0360
24.3907
21.8518
23.6464
24.1844
23.4573
23.3520
23.2386
22.7484
23.2116
23.3899
24.5938
22.9850
23.2985
22.0657
22.2025
22.9551
23.3041
23.3929
25.6748
22.6141
23.5037
25.4595
27.3624
24.3181
23.1336
22.8002
23.6593
25.1912
25.2080
24.7686
27.7850
23.0295
26.6541
25.4718
24.9000
24.2772
24.5305
23.4187
25.2145
25.7435
25.0704
26.9068
26.3744
26.0569
25.1400
24.9293
25.1069
25.5091
23.5872
26.3172
23.6149
22.5490
22.9746
24.9909
22.8565
23.5531
22.8712
22.6842
24.2036
23.0526
21.5272
25.9826
27.1053
27.2933
26.3394
28.0296
27.5584
26.1345
24.3121
26.4501
25.0219
24.8998
26.0647
27.0165
28.5065
26.0505
27.5758
24.8456
24.5835
23.6649
22.8906
25.5778
22.6371
25.1633
27.0172
26.7456
24.0877
24.1262
22.7366
24.7065
25.9494
25.1680
26.8852
25.3308
28.7449
27.0940
25.4499
23.9164
23.4558
24.4772
25.6915
24.9462
27.8801
24.2445
24.6349
24.5103
24.7009
23.4880
26.9264
24.2212
25.7544
26.1875
26.6736
26.3320
22.9450
24.5420
24.4524
26.1721
26.6940
27.4395
25.4074
25.1845
26.1313
27.2186
25.1542
26.2074
24.5958
25.9773
25.3700
25.3279
23.6565
24.7860
25.2545
23.6571
23.9744
23.9287
22.1309
22.5628
23.3055
23.6950
24.5270
26.6272
26.4207
26.7486
25.0543
25.6656
26.4417
26.2617
22.7536
23.3045
25.0913
23.8951
26.4453
27.1835
25.1716
27.1122
25.9261
25.9308
25.4874
24.7692
24.5771
28.5953
29.0725
28.7721
24.8963
25.6658
27.0017
25.0499
26.6715
26.7748
28.0464
26.8200
24.6760
25.4164
28.0016
24.9581
27.6543
25.8867
25.7988
25.6581
25.5587
23.5725
25.2370
25.4043
24.9245
27.1971
28.9864
26.8619
26.0485
25.8837
22.4525
24.3769
24.1323
23.4957
25.3359
26.9187
27.0967
26.2926
24.1107
26.0131
25.5447
26.3261
26.4103
27.3617
27.8655
25.6685
26.6931
26.3238
27.7272
27.6829
28.8523
28.3056
27.0614
26.4891
27.1100
28.6760
27.5575
26.6055
28.3572
30.2910
26.7947
25.9113
30.0716
27.5424
25.1876
24.5606
27.4328
27.6902
24.7639
24.4365
26.3001
25.7626
24.9173
23.2346
24.4992
24.7709
23.9464
26.5874
26.1776
26.5119
26.6726
26.7956
25.4105
26.7204
25.2308
24.5892
24.1418
23.8419
25.5928
24.6944
24.7302
26.4231
25.0958
26.7065
24.2627
24.2790
24.7060
27.1603
26.1274
30.1235
26.4088
25.1134
25.6396
25.9035
24.1520
25.3417
24.7162
23.7552
24.1393
24.5019
24.2114
25.2169
26.5627
24.2453
25.8852
25.7113
23.6211
24.7873
24.7950
27.8933
25.3208
22.8385
24.0155
24.1263
24.7419
27.1563
26.1381
26.6305
23.9333
25.2670
24.8981
23.9456
24.3147
23.7470
23.7858
24.1355
25.6007
26.9867
27.4574
26.3376
26.4849
26.4732
27.7988
27.0341
25.4927
26.5803
21.9779
24.6852
25.7020
28.5748
26.3417
25.4296
26.4556
26.5113
29.0575
27.5775
25.5568
27.2599
23.8373
26.4269
26.1132
24.7309
25.7359
23.0795
23.0413
23.8379
23.0477
23.7545
24.9631
22.9027
24.6989
22.4240
22.5459
23.9545
22.9450
23.3244
22.9508
21.6667
23.4707
23.7782
24.3755
24.4311
21.6545
20.7137
22.9071
22.2985
22.0107
21.8439
23.0025
23.7335
24.1021
25.0739
23.8765
24.0544
23.9251
26.5033
25.7047
25.5363
24.2462
22.4549
22.1484
22.9039
24.7244
24.4629
26.8460
27.1502
25.6659
27.1821
24.4087
24.5661
23.3943
23.5574
26.2138
25.4003
25.2991
25.7920
25.5204
23.8310
25.5265
25.2593
23.4791
24.6303
25.7587
24.8103
26.5901
26.3250
26.8896
24.3538
26.4393
26.4730
25.5316
24.8558
24.7445
26.2609
25.4437
26.9753
26.1558
25.1649
24.3969
25.2104
26.1306
25.4378
27.7409
25.7493
27.0590
24.0722
24.6149
26.1456
25.1517
27.2563
26.4917
27.3491
28.0037
28.9530
25.0643
26.1135
24.8231
23.3565
23.0978
27.3462
26.1959
24.0091
26.8063
23.2870
24.3316
25.5085
24.3823
24.3352
24.7268
22.2276
24.0597
25.0837
26.1606
25.5111
27.5783
25.6342
25.2717
26.2621
25.1542
26.2003
25.1188
25.0027
26.4629
27.6605
28.6230
26.8759
26.4704
23.5783
24.3412
24.9137
25.6010
22.8229
23.7979
24.4385
29.0612
26.1088
27.1341
25.4276
23.4425
23.4080
24.6283
22.5655
23.2908
24.1107
23.9494
24.9151
24.4387
24.1544
24.5948
26.0022
26.8918
23.7575
27.3142
26.4411
25.6280
23.6978
24.4255
23.8408
24.3930
24.7207
25.4278
25.2990
25.8443
25.3876
26.6826
24.7057
24.7131
27.1664
24.6567
26.8175
26.8557
27.6030
27.2812
28.1948
28.7300
27.3172
25.5857
23.9618
21.3747
25.3245
23.1500
24.0112
26.7861
26.1022
27.2750
25.7591
25.3105
26.5445
23.6353
25.4065
26.0683
26.9004
25.1734
25.9625
25.1754
27.5552
26.1098
25.2091
24.7841
28.9868
27.9637
26.5243
24.2321
27.0600
27.0095
27.3210
25.4597
26.3926
26.5561
24.9509
23.9286
23.2107
23.5902
24.2142
25.4032
24.9662
27.4830
23.3344
21.5213
23.4976
24.7417
23.3488
24.5256
23.4864
24.4682
23.9267
25.1444
25.7572
24.5661
27.1338
25.7723
24.1888
26.1997
23.5657
24.7980
22.9203
25.0236
25.8676
26.0776
24.9227
23.8819
24.4139
24.8382
26.9611
27.4075
26.7593
27.8644
24.4842
26.5331
26.6300
24.9018
25.5755
23.9052
25.4303
25.4664
24.2893
24.1571
27.6574
28.2152
25.1744
27.3504
26.8699
26.0622
24.5495
26.4910
24.6468
25.2562
25.3305
25.4470
27.1613
25.3274
25.4583
24.2864
25.3868
25.3937
26.4845
25.6121
25.8202
25.4919
23.9174
23.3861
26.4532
26.4156
26.1252
26.1492
25.8773
26.2078
26.6511
24.3892
28.1661
26.6466
24.9808
23.3765
26.8296
24.5216
25.4510
24.0850
25.0952
24.3403
24.8562
27.1492
25.1638
27.4514
28.2483
27.9814
26.9630
27.9983
25.2596
26.4257
24.4695
25.8054
25.2248
26.4847
25.8911
27.2611
27.0828
27.7957
26.8845
25.3091
26.4731
24.7193
25.6920
27.2459
27.0243
25.5974
26.0206
26.5455
25.5653
25.8372
25.6315
27.9296
27.8057
26.0040
26.1730
26.2268
24.3626
25.2040
25.6873
24.8603
25.8333
25.3479
25.1100
24.9388
24.3475
22.5111
24.7941
24.4055
24.8501
26.2421
25.1472
25.1474
23.5323
25.1732
24.5908
25.1192
26.5720
25.4393
24.7099
25.3399
26.9611
25.3069
25.6452
24.0459
23.8023
23.5702
25.2740
22.4022
22.8833
23.9788
25.3455
24.2620
23.4102
24.6399
25.1347
25.9009
24.8512
24.4976
24.3211
23.1307
23.8377
25.0751
22.7330
23.7804
25.8598
23.4403
24.3507
27.1383
25.3152
25.2257
25.6169
25.8266
23.7116
26.0732
25.4406
23.9981
24.5075
24.8324
23.3969
23.9477
24.4477
26.4768
26.3345
22.9406
25.4874
25.3789
24.3259
24.4767
25.1156
23.5589
24.8276
25.0197
24.2670
24.9244
26.1791
25.3267
26.5365
24.7108
25.5600
29.1543
25.4240
27.0336
25.7170
25.0476
25.1028
24.5878
23.4742
28.2586
25.7119
25.4805
26.2156
26.3851
28.2960
26.6945
25.4337
25.4558
29.4377
26.3464
28.7076
25.6875
24.0076
24.3218
23.8686
26.4011
25.0514
25.6076
26.8695
25.3308
26.5073
23.9557
26.7927
26.1676
24.9907
26.3700
26.9617
29.0140
24.4912
23.9419
24.7239
23.6303
24.5298
23.8409
23.6512
25.0506
23.1021
23.6785
24.7799
24.2668
24.6659
25.9358
24.4706
23.2568
23.3489
25.9598
25.8543
25.7557
24.0788
25.9314
25.4439
23.6744
22.9197
23.5715
25.2478
22.1708
23.1197
25.3954
23.8882
24.7303
26.0845
23.0561
21.9113
22.3732
23.7115
24.9231
23.8338
26.7448
24.6513
25.3977
26.9376
28.3554
27.9338
26.7126
25.4668
22.7011
25.9472
26.2827
26.4690
23.3657
27.5744
27.6429
24.7005
24.8508
23.9912
23.2317
22.8339
23.8555
26.8551
26.3214
27.0134
24.2695
23.8718
24.7285
22.4831
24.6063
25.3187
22.0717
22.3296
24.7704
24.3063
26.9328
24.7702
26.3001
22.7930
24.4805
24.5336
22.9278
23.4995
24.9075
26.2421
23.7405
21.9018
25.3962
22.6983
24.5815
24.0002
23.2153
25.0543
22.9847
24.1427
26.2641
24.4825
23.1987
26.0729
25.0899
24.0684
24.0902
24.2523
23.0482
23.3455
24.5727
27.0947
25.9307
25.8214
26.1883
25.9871
26.0614
26.6265
26.8286
26.1358
26.9792
24.5080
26.3833
26.3355
26.5825
27.5298
24.9311
27.6523
28.5189
28.3981
25.4679
27.6359
23.1651
25.4212
27.6682
26.2884
26.6073
24.2832
26.2350
28.6917
26.9072
26.6770
26.9916
24.9879
24.9400
25.7142
23.6473
25.5880
25.3183
24.2336
23.0095
26.1898
28.1924
27.6536
27.1446
23.5415
24.7597
27.2222
24.7409
25.5648
24.8500
24.3714
26.2099
26.6854
28.4089
25.1524
28.4553
25.0705
24.4145
24.1506
25.6518
25.2060
25.8438
24.5559
26.7065
24.4974
24.8094
23.4477
25.1913
24.4639
24.3572
24.4107
25.7357
26.4492
25.7202
26.3767
26.7965
27.1945
25.9176
26.6430
26.9336
30.3492
25.5014
26.4325
23.2278
24.1135
23.7516
24.5966
23.2847
23.4501
22.4864
26.2634
25.8437
24.2492
25.6712
24.3831
24.5102
23.3002
25.1061
23.6040
25.5588
25.8465
25.3267
25.6121
25.7252
29.3923
30.2826
26.2344
28.1331
25.7405
23.5650
24.3928
25.6159
25.4610
26.0654
24.8722
27.1438
27.3844
26.8905
25.9111
26.0868
25.8165
26.1464
26.2682
27.0954
25.7073
24.7180
23.8069
24.0133
25.9949
27.2932
25.3841
24.2699
25.1722
24.3826
25.5521
22.3098
22.6507
24.9487
23.1270
25.1586
27.0747
26.2178
24.0092
24.4872
24.5357
24.3665
26.1098
23.1929
24.6447
23.4818
25.1495
24.0956
24.3344
23.8045
22.7226
22.5648
24.7772
25.8083
25.3394
26.0718
25.0301
26.4739
24.1719
22.8857
26.9724
24.5878
24.7824
24.8305
22.2860
22.1879
23.5507
24.0378
24.7496
23.3240
24.0050
25.0029
24.4524
24.1131
24.5438
24.2696
24.2126
24.6236
24.2319
23.4825
24.5856
23.6667
24.8214
23.4659
25.7843
24.2605
23.5432
26.9580
22.9736
24.6907
24.4509
23.7081
23.7552
25.8240
25.3615
25.1406
24.1327
22.8143
24.4399
25.0257
23.3844
22.6031
26.3579
23.0073
23.8705
24.2900
25.0863
25.9173
25.2586
24.8310
26.9184
24.3808
24.6545
26.0087
25.6638
24.5918
27.7332
26.3493
26.2264
24.3357
23.9521
23.5193
24.4898
24.7880
25.6233
24.5420
24.2011
25.1865
25.1294
24.9918
25.2952
25.2762
24.7004
24.5196
26.7175
24.4313
28.7154
26.1047
25.6201
23.4490
25.6428
24.6252
24.1290
21.6551
24.9588
24.1888
22.0866
23.1539
24.9872
23.7458
23.0089
24.8501
26.3868
24.9939
24.4327
27.3285
26.4414
24.9907
26.9572
27.4252
26.0988
23.6647
25.1903
25.8406
25.1648
23.6715
26.1811
26.5152
23.4864
24.2162
27.6903
22.6288
21.3142
22.1591
25.0377
26.3520
25.3350
24.0203
27.1067
24.5548
25.4829
24.4859
22.6840
24.2360
24.8472
25.5184
28.6642
25.5249
27.0055
25.8366
23.4091
24.3515
25.8542
24.4460
23.7777
24.2874
24.0578
24.5605
25.1946
24.1292
23.9828
22.1227
23.3875
25.7920
26.7784
24.1452
26.9220
24.2698
26.0570
24.9194
24.3184
25.2068
26.0100
25.1113
25.4588
25.2620
26.1448
24.8840
27.4214
25.9426
26.1277
25.8005
24.9533
25.0887
26.5992
25.4051
25.8140
24.7528
24.8067
24.8835
26.5345
25.0970
26.3859
23.4380
24.8429
24.9357
23.4415
25.3931
25.5576
24.7050
24.8210
27.5916
27.1433
26.2363
26.9707
25.1402
25.7464
24.8747
26.4197
24.3876
25.6021
23.3643
23.8537
25.9402
24.3980
28.5247
26.5523
27.2464
24.7119
24.6942
25.2623
21.8758
25.6297
25.4974
25.8224
26.3527
24.7896
26.9603
25.9932
24.5451
24.8500
22.6350
24.6300
25.3331
24.6300
25.4712
24.6697
26.4582
27.5642
24.7727
24.0590
27.2470
25.9321
27.4267
26.8145
26.5321
26.3748
24.8341
27.9191
27.8222
26.3590
26.5456
26.4030
26.6325
25.5850
27.0406
23.6105
22.9449
25.7697
25.8822
27.1620
26.3544
26.3220
27.2460
25.9557
26.9013
23.6778
26.5026
26.3615
25.7186
24.4774
25.1450
25.2748
24.2520
25.0728
24.4458
25.0432
26.2615
23.8168
25.2471
25.8345
25.9413
25.9794
26.9005
24.7592
25.1909
24.4647
22.6471
21.5802
23.8476
23.3618
22.3314
21.8744
24.1863
21.2091
22.7670
24.0323
23.5417
25.7735
27.9345
25.2013
24.1312
25.5556
26.4644
28.0303
25.4996
24.9319
24.3113
22.8214
26.5783
25.3616
24.1193
23.6142
26.3845
26.8562
27.1558
26.9441
25.8437
26.0252
26.3464
24.1648
24.4917
23.9437
23.4993
23.9078
26.6117
26.9327
28.6499
25.5091
24.3678
25.1907
24.0815
24.2336
24.8460
23.7863
25.3406
25.4795
25.2252
23.6603
23.5235
23.7737
24.8134
24.5053
25.2214
25.5941
24.5445
25.3908
25.8677
23.2658
23.2439
23.9616
24.6782
23.7285
24.4275
22.4879
24.6639
26.0200
25.6316
25.7446
25.6809
25.2949
22.0835
23.5897
24.2856
22.0100
25.9376
27.3294
27.7188
26.0378
27.6877
26.5271
25.0224
23.0067
24.3483
25.6372
24.1754
24.4470
22.7787
22.5332
22.8965
21.6771
22.4120
22.7759
22.0767
24.6425
22.7583
24.8498
23.9493
23.4830
24.0317
26.4006
24.5258
24.7010
25.2599
24.7633
24.7721
25.9933
26.0315
25.8419
23.9969
24.3543
23.5543
24.6692
26.5169
27.2131
26.5128
26.0909
25.9177
26.2938
25.3424
26.5454
26.3287
24.8690
24.8858
27.3500
25.4804
24.0389
25.1829
25.0398
25.7047
26.3302
24.2798
26.0824
25.7181
24.0036
23.6878
25.7145
24.9354
25.4324
26.8710
24.6791
25.1105
24.0588
25.0765
23.1590
22.2658
23.5151
24.6526
25.6559
24.2966
26.0089
25.3932
27.7798
26.6351
24.5275
23.9271
21.8922
22.7735
23.6652
25.2191
24.6042
26.7541
26.5787
25.9371
25.5312
24.2078
23.1725
24.9152
25.5983
26.6783
26.7443
25.8382
24.5739
23.2122
27.3807
26.7641
27.6836
23.2053
26.4643
27.1182
25.7117
26.9057
23.5242
27.0852
27.8788
26.5235
23.1009
26.1637
25.4605
26.3796
24.5722
23.7148
23.4324
26.6332
28.1250
27.4569
28.9269
25.4286
24.1702
25.0314
24.1901
23.7886
22.8030
26.1671
25.4854
24.0718
24.7546
25.7859
26.2378
25.0005
24.3396
24.4783
24.0165
24.1761
25.6569
26.5383
25.8048
21.7823
23.3056
24.9166
24.9348
26.4374
23.0606
25.0977
24.6667
27.4298
28.4121
27.6274
27.8347
27.9626
27.4948
25.3167
26.9928
24.7855
25.9204
26.1046
24.2010
23.3506
24.4042
22.5267
26.5649
22.3550
21.7354
21.4546
21.5027
22.0885
26.1550
25.7264
23.6864
25.7468
23.5459
22.0921
20.6392
23.5315
21.0375
22.9777
23.8682
27.9430
26.7610
26.1354
26.9742
23.0058
24.5791
23.6182
24.2681
26.8733
28.2879
25.6730
25.7872
25.4395
28.1927
26.5619
26.1115
25.8539
23.7192
26.5301
24.9660
24.3685
26.2954
25.0849
25.8452
26.4111
26.2956
26.3386
25.4339
23.8440
24.5135
24.7191
26.2582
25.1172
24.7172
25.9599
26.5902
24.4722
24.8653
25.8188
24.2207
27.6636
25.7797
25.4413
26.7586
24.5952
30.7734
27.3966
27.0573
24.0696
25.8569
26.6750
29.0260
26.9490
28.1145
30.5581
25.8627
28.1820
28.3068
28.2557
30.1583
30.0306
28.2731
28.6959
29.3587
25.9410
29.1266
28.8747
29.0018
31.2795
30.3100
26.6050
25.2323
23.6406
24.0509
23.5342
23.6193
23.6676
24.3451
25.0678
26.8347
25.7636
27.1156
26.9771
27.7690
24.8701
26.4295
26.3413
24.4453
25.5384
24.9096
27.1528
30.7292
29.1700
26.9464
25.8167
29.3923
26.5364
28.5377
30.2172
29.9206
32.5152
32.5256
31.1384
32.9305
29.7535
29.1606
27.3879
29.4767
27.9170
28.9877
31.5924
29.6538
28.6287
30.4497
30.6047
30.4639
31.7099
29.5751
28.8177
31.2100
32.3855
33.1006
31.5443
30.6699
32.4058
30.7411
30.5592
28.9925
29.1474
28.6865
27.0382
30.1303
29.7263
31.4424
29.6392
31.0262
29.1241
29.5384
28.0229
30.7713
31.6901
31.4556
30.4077
29.0560
30.2822
28.7331
29.5876
29.0630
27.7999
29.7683
27.1042
29.7982
28.5220
27.8653
28.3261
29.2091
32.0603
32.4451
31.2032
31.6817
31.7140
30.2234
31.6527
30.0397
28.9090
29.4821
30.1855
27.7720
28.6701
29.5656
28.3252
28.9037
27.8814
28.8268
27.5181
27.1360
27.8109
26.9964
29.0811
31.0199
26.0202
28.8466
30.1551
27.5633
29.7904
26.4184
27.1659
26.7329
26.3437
26.4879
27.1167
28.3926
30.2490
30.4064
28.7431
27.6506
28.0728
27.0608
25.6180
26.6254
24.9557
27.0755
27.6460
25.0369
25.2632
27.5653
25.9297
25.8899
25.6024
27.8302
25.8841
26.5742
26.7571
26.7926
28.0992
25.6573
27.7921
30.8992
27.8062
27.6898
28.1331
29.4846
30.7367
29.7536
27.2537
26.2669
27.4465
28.0526
27.2482
27.2807
27.6599
27.4671
27.3591
28.4559
26.2988
27.9588
26.2120
29.8839
30.2300
27.7394
30.6820
25.1752
23.8578
25.2546
24.5403
24.8811
23.9811
25.1108
27.9397
26.3529
25.5398
27.3748
28.6365
28.0746
28.4732
27.2318
26.0639
26.0584
25.3855
26.3452
27.4552
29.4517
27.3773
26.5566
27.1674
26.0590
27.3691
27.1631
28.1227
27.6989
28.8703
27.4385
31.6923
30.2392
29.7844
28.6851
29.3579
29.7289
29.7479
30.1819
29.2711
27.5801
25.9752
27.7267
29.0406
28.0440
28.4455
28.3023
26.8508
28.6163
27.8224
25.5538
27.8103
26.9104
29.9727
27.9333
29.2291
28.0331
28.0858
26.3231
26.9487
27.9917
27.2042
25.5505
26.7146
24.7147
24.7809
26.0627
26.4350
25.9759
27.3055
26.5207
28.6134
26.7621
26.2139
27.2452
26.7764
26.4111
25.6457
24.8190
24.4422
27.1274
25.3826
24.1251
23.0255
24.3237
26.8825
26.1857
24.8853
25.2899
27.3484
24.1328
25.7564
26.1057
25.4621
25.5855
24.5324
25.7958
24.8993
28.1594
24.0683
26.0335
28.2173
27.2110
29.1019
24.7568
26.5940
25.4404
24.5415
23.6431
23.4077
23.7008
24.9987
26.2760
24.4160
25.1541
24.1292
25.5704
26.3398
25.5504
26.2789
27.0849
25.7962
27.4048
26.6093
28.7851
28.7031
28.1499
26.4726
24.5625
25.3346
26.2151
23.8136
25.9235
25.1048
25.1857
26.0092
26.5885
27.0849
25.0971
23.9487
22.4935
22.9644
24.7730
24.1490
24.8857
23.7960
24.2553
27.0749
25.0766
25.0971
25.9362
26.7794
25.8626
27.5249
23.9112
26.4472
25.7618
26.0239
27.0397
26.7142
26.3315
26.6728
28.0880
28.4072
24.3237
27.1165
25.1263
27.2129
27.8540
25.9356
25.2507
25.3043
26.0987
26.9907
26.1245
27.0562
25.9451
26.8279
26.0261
28.0243
27.2408
28.4201
28.0933
25.5129
25.6524
27.1332
26.7276
27.6953
29.0697
27.8690
28.9379
29.4139
29.9083
29.1265
27.4004
27.8765
29.0931
26.3922
27.1445
26.3031
27.7882
27.1768
26.7364
26.7629
27.6788
25.5996
29.3481
27.4646
24.9480
27.0956
25.3447
24.9475
26.0726
27.2474
26.0176
29.3962
28.2626
28.4268
28.4044
27.7834
24.8072
26.5931
27.6219
26.3118
24.2153
25.2431
24.6593
26.0048
27.0010
26.1141
26.2699
23.6714
26.2102
26.3696
24.9172
26.0909
25.5390
25.5395
24.3776
27.0076
27.0559
26.9567
27.6233
27.9129
26.7880
29.2362
27.6348
26.4684
27.7729
28.8569
28.8753
29.8348
28.3645
31.0914
31.4078
30.4594
26.8514
25.7312
25.0336
27.9141
26.2234
27.6340
28.4160
27.8804
27.0223
26.8293
26.0268
25.8377
27.0733
27.6152
25.9666
25.6180
25.3181
27.1458
25.1749
26.4664
26.4345
27.9472
28.6203
27.3775
26.5006
27.3699
26.4137
28.6656
25.9144
25.3977
26.2440
25.9173
26.2852
25.7057
27.3337
26.1314
25.7439
25.7875
24.8381
24.2628
24.6116
25.3867
25.4160
28.5615
27.2149
30.2548
29.8937
28.7451
28.8864
28.5709
30.1161
27.6406
29.1203
30.3551
29.6743
28.1189
27.5203
28.7773
26.0400
27.8457
27.8438
28.1483
26.5738
28.1655
27.7179
28.7014
26.4238
26.4106
27.9205
24.9941
27.6306
26.9409
27.2811
29.2728
31.7920
30.0816
28.4695
26.6495
28.2696
29.6263
30.4571
29.7861
28.6103
29.1486
27.2512
28.8497
30.6950
28.7506
28.4058
30.3205
31.7870
29.5497
28.2413
29.6204
28.0979
28.7475
30.1791
30.6536
28.8022
29.3308
29.2851
27.9537
30.7548
30.1503
30.8342
29.0951
31.8588
29.5562
31.6533
29.2726
30.7935
28.6628
32.0468
29.8803
32.5037
31.6316
29.9446
30.0861
31.1948
30.7809
29.5285
28.8707
32.1360
31.0545
32.0261
30.7605
32.3455
31.7555
31.7203
30.1094
30.0098
30.1345
29.4952
27.8289
28.9646
27.5034
27.9022
29.4696
29.1883
28.3510
28.8365
30.7684
26.5457
27.0940
28.9745
28.6294
27.3666
27.0264
25.1464
25.2426
23.9732
25.7775
26.7101
26.8562
27.6787
28.3628
28.5613
28.1076
25.3156
28.5687
28.4990
27.7124
27.2643
25.8671
26.8057
27.7304
28.7117
28.6968
28.5328
27.6788
26.3719
25.2528
25.5405
26.3549
26.2806
26.9180
24.6373
25.4978
26.5640
25.0322
26.6497
23.8821
24.8704
26.5327
24.7619
24.9575
26.7714
27.3960
26.2392
25.1935
26.7624
25.3228
26.1991
27.8153
28.1058
28.3216
27.5636
26.0951
27.7575
26.4972
26.0689
25.4318
23.6946
25.8361
24.3047
26.1347
26.6756
24.5628
25.2495
24.7638
25.3744
25.7788
26.9061
27.3397
26.2148
27.2987
26.7462
28.3551
28.4375
27.3590
27.0979
25.5474
27.7127
26.5441
28.8248
26.1894
28.2925
28.0529
30.3593
28.2938
27.2768
28.0188
29.3559
29.2449
25.8496
25.9654
26.7020
26.6354
28.2958
26.9575
23.8537
26.4775
26.7886
27.5326
25.9366
26.9274
27.9145
28.6691
26.1682
26.5826
25.4371
27.9288
27.7748
26.9273
27.2128
25.1701
27.3703
27.6537
26.3801
26.4003
27.5098
27.6091
27.2834
28.6959
26.2412
28.0873
30.2459
26.8411
28.1772
27.9961
28.1767
26.5874
29.9031
29.5431
28.9898
28.0630
27.6166
25.7019
26.8429
27.3735
26.0249
24.6941
24.2852
27.6990
25.5785
26.8069
26.0744
25.6790
26.8144
27.4507
27.6856
26.5874
27.1862
26.7112
27.0693
28.0554
27.9481
28.1399
25.8622
26.6191
25.7252
26.1730
25.8525
26.0447
26.0157
26.0567
27.4668
26.3989
26.0463
25.6876
25.5418
25.5647
26.7845
25.3554
24.2886
25.6414
26.3077
24.0626
24.3764
24.9750
24.8996
25.9836
24.1511
25.4594
26.1611
26.4445
27.8440
26.5097
26.1031
25.4298
27.9215
27.6925
28.1101
26.3036
26.2025
26.8227
27.4110
28.6990
26.0388
25.7719
26.6263
28.3385
26.0280
24.5504
26.7617
27.9886
26.2285
26.7182
25.8950
26.4520
25.1484
25.1500
24.8878
25.0910
25.7291
25.6666
25.9571
24.9201
24.4014
25.4654
25.6799
26.2872
25.9467
25.4668
25.3016
25.4969
25.0729
23.2273
24.0039
25.0524
25.0864
27.8030
25.1594
26.7952
25.3310
24.4143
25.2444
26.3997
29.0144
26.8567
27.6581
28.8098
27.4688
28.6783
28.9385
28.6480
28.3582
26.8865
28.5054
26.2964
27.5544
27.2730
27.9315
27.3278
27.6081
27.9606
25.5274
26.7816
26.1116
26.9976
29.7653
27.5400
28.1390
28.3960
28.4043
28.1355
27.2354
28.5264
27.9177
30.8251
29.6626
28.0206
27.7364
27.0862
29.0876
30.2480
30.1144
31.1416
28.8230
26.4619
27.5024
29.2350
28.5038
29.5026
28.5464
28.0185
28.3543
27.7118
27.7350
27.8976
24.6603
25.6820
26.8499
25.4266
27.5132
25.9633
26.2006
25.1303
26.1119
25.8972
28.8194
25.6131
28.2497
25.9453
25.6965
26.3255
25.6188
27.1028
27.0922
27.7062
27.8114
27.3209
28.4469
27.9834
27.7256
27.4161
29.2986
29.8400
28.3887
26.3729
28.7671
28.3775
27.0173
27.0595
27.0094
28.0056
31.2769
30.0073
29.3420
29.1928
26.9040
25.8017
28.1196
28.0369
27.4651
28.3814
26.0207
25.3378
26.9067
27.5006
26.2678
26.7821
26.7577
27.4769
27.7822
27.6533
25.1954
27.8769
24.5040
25.9457
27.4333
28.0207
28.4355
26.1413
24.4468
25.7186
25.2409
25.2090
25.6594
26.9165
27.5065
27.3545
25.8239
27.0967
26.8522
25.2363
25.1294
24.4812
26.0595
27.5263
24.4091
26.1655
24.1202
25.9074
28.2411
25.6231
27.0464
30.0112
28.7922
28.5514
26.6505
27.5210
28.3799
24.2660
24.7124
25.5638
25.5452
26.3769
27.5108
25.8004
28.3663
26.9163
27.0556
28.4517
28.0689
26.8722
26.4582
26.4315
28.9387
26.4212
25.9134
27.5529
26.9580
27.4497
26.8895
24.6221
26.7374
26.7329
31.1066
26.0065
25.8252
27.4830
26.1350
26.3071
25.8129
25.5133
26.5459
27.4729
25.1521
24.2955
23.4995
26.5701
25.2290
25.0440
27.1745
24.8368
25.2109
24.8466
26.5127
26.7907
25.1534
26.4237
26.3596
26.1895
25.4486
26.7694
26.2222
29.6365
28.4663
26.4686
28.3611
25.9199
27.2091
28.1807
27.1341
27.0274
28.0587
24.8787
26.8716
26.0022
28.1458
28.7086
28.5930
27.0132
27.1260
28.3333
27.7193
25.1441
25.6437
26.0844
25.3429
26.4908
26.3785
27.5157
27.1639
27.5309
26.6029
26.4066
26.3372
25.8407
25.6561
26.7419
27.1084
25.9396
27.4740
26.9921
23.6698
24.6740
27.5499
24.6968
26.1052
27.1002
25.5980
26.7282
27.2418
27.4374
27.5808
27.5126
26.2258
25.5645
24.1701
24.0586
26.3231
24.6995
23.6242
27.0854
26.1649
25.8667
24.4206
24.2885
26.3322
26.0526
23.5809
26.6840
24.9516
26.8208
24.9821
26.9098
26.0174
27.7086
29.0270
26.5320
24.7274
25.4797
24.5271
24.6031
25.4559
24.7491
25.1619
27.5091
25.6042
24.7005
24.8743
24.7313
26.8871
25.4231
26.8279
28.5359
26.6483
27.3074
26.2011
24.5561
26.8606
26.4985
26.9782
26.4093
26.5482
26.3758
24.7284
24.3063
24.1512
26.1765
24.5457
24.5512
22.7652
24.4015
26.1357
29.0499
28.0830
26.9417
27.8238
28.8656
28.5374
27.1262
27.1068
26.6775
25.2840
22.5083
25.3694
24.9532
25.5532
25.3927
22.6224
25.3578
26.1655
26.3998
24.2488
24.1207
23.9379
26.2043
27.2355
26.7895
25.2155
26.5103
27.0846
25.5783
24.1998
27.2886
27.2640
29.0682
27.5878
28.4539
28.2283
27.2112
25.4192
28.1183
27.9315
25.0720
26.5610
26.0309
27.6586
27.2823
26.1094
28.9261
28.7686
27.7009
25.5838
28.2252
27.2517
28.5384
28.0856
25.0897
26.2544
27.6112
25.2564
26.0935
26.5194
26.3033
26.4445
25.8960
25.2185
26.3068
28.1590
27.1431
27.6577
25.1650
27.8363
27.0831
28.5424
27.3142
26.4266
27.8714
28.3788
25.7242
26.9257
27.1314
27.2999
28.1280
25.9277
25.2606
24.8381
26.3267
27.2759
25.5601
27.7288
27.5026
27.2623
26.5502
24.2755
25.9277
27.0898
26.6562
28.5613
27.4551
24.8391
25.1193
25.2523
23.8759
25.4178
25.8950
26.6773
23.6506
24.2659
24.9973
27.0682
25.5593
26.9712
26.1190
24.3659
27.2061
26.2704
28.9438
27.2277
26.9084
27.2628
24.8505
25.7361
26.9887
26.6540
29.1043
26.8865
27.4278
29.1677
26.0034
27.3075
27.8466
28.9609
27.7817
25.5210
25.2277
27.7180
27.6505
26.6533
29.6533
30.4168
27.8757
27.8225
27.6046
27.3542
27.8713
26.2304
26.0709
26.0567
24.5360
25.5241
24.3654
25.9859
23.7105
23.8748
24.1956
26.2015
28.3536
26.1712
25.9973
25.5779
25.8548
25.9884
25.6180
25.4396
25.1427
24.0306
23.6311
24.2368
23.4610
23.5022
23.7374
24.8419
25.7444
25.7037
26.9193
26.8320
30.1891
28.5538
27.8368
27.7311
27.0230
27.5012
28.8847
26.1418
24.8998
27.7692
25.6174
27.2943
26.4865
26.5233
26.3818
25.2571
26.4090
26.4415
25.3580
25.9032
25.0583
25.6674
25.3191
24.7607
28.1259
26.1884
27.0586
25.7645
26.0602
25.3752
24.1259
25.1458
24.5348
27.5412
26.2518
26.5889
26.4050
28.4654
24.7208
26.5142
28.1007
28.6441
26.2987
25.9516
28.6572
26.0320
26.5020
25.0201
26.0868
25.1795
25.8770
26.8682
25.2846
26.8821
28.2013
26.3754
27.0484
25.1700
24.3585
26.6254
26.1118
25.1439
25.3827
28.9381
27.6112
27.9616
27.2837
25.8087
28.1108
27.0893
26.8108
27.6211
26.3086
27.3821
26.1422
26.3933
26.5738
28.2427
26.1934
28.4356
27.1800
25.6283
27.7284
25.8758
24.8936
26.8278
26.8588
27.1877
28.3844
27.4796
26.8052
26.5070
25.9467
25.8545
26.0046
25.3117
26.8090
26.3613
26.8260
29.2815
27.5748
28.1565
27.1989
29.6781
25.2114
26.6224
25.9721
26.5397
27.6371
27.9509
27.8283
26.3636
28.8524
27.1779
28.2818
25.8459
26.0525
26.5050
25.4245
26.1424
26.5852
29.3430
27.8950
26.0814
28.4251
28.9667
29.2741
28.9470
29.1002
28.6941
28.9839
29.3790
31.9234
30.7576
27.3951
27.7823
25.6559
26.8080
25.3704
27.4322
27.4752
28.0066
26.7388
27.7678
25.7463
28.0841
28.2743
26.6557
27.1845
29.1524
26.6945
27.1545
25.2214
25.2845
28.0749
27.8672
27.3894
28.6155
27.2821
24.1595
24.2692
28.2684
25.0026
26.8804
24.8221
29.2594
28.7999
30.0435
29.4727
29.2443
27.0716
26.7461
27.6468
28.2750
29.8881
29.3645
28.7048
28.6242
30.2820
27.9956
24.7324
26.4266
26.5476
25.8977
24.3404
24.5084
26.4032
26.2515
27.7235
26.8791
25.7265
26.9719
26.2729
25.0905
28.7521
27.9776
26.4229
25.2247
24.4710
24.4792
23.8638
24.2198
27.0084
25.8675
23.8531
24.7347
24.3771
24.8044
23.4262
25.4096
25.1049
25.8933
25.3189
27.0790
25.9267
30.0340
29.5054
28.0467
26.5941
25.8288
24.7348
26.9049
25.4541
25.6733
26.1453
26.0354
28.4326
27.8126
27.8671
24.4981
26.6996
26.2410
25.5177
24.8094
24.4546
26.0348
26.3783
25.5467
25.5868
24.0492
24.3545
25.4506
25.5883
28.0838
28.9332
27.1971
26.9468
27.1347
28.6323
28.6919
27.1910
26.5135
27.6171
24.3821
27.2356
26.4033
26.2634
23.9110
23.8606
25.0907
27.4815
28.7023
27.4354
25.2093
26.5271
25.7311
27.8366
28.3389
27.1516
28.6296
28.1595
25.8799
26.8324
26.1618
27.8153
25.7990
26.4230
27.6740
26.9294
26.7169
25.8949
27.3378
27.7520
28.7866
27.3010
26.8381
26.3246
25.9789
25.6107
25.6106
26.1196
27.0572
24.3597
24.4929
24.1924
25.0181
26.1705
25.1340
24.9590
27.7235
27.8320
25.2577
28.5941
25.4816
25.7986
28.1861
26.9142
28.4743
28.9428
27.0115
24.7393
25.8033
27.3584
28.7805
28.4100
28.8991
29.7476
30.1549
31.1754
29.9130
28.9287
28.0234
25.0746
27.4795
28.1678
27.0975
27.4986
28.1497
28.2976
25.5969
24.5280
26.4899
26.3219
25.2897
29.7193
29.5987
30.6790
29.1431
27.3825
28.1013
29.9805
28.9688
30.2152
27.0216
26.3144
24.9577
27.7791
28.1247
28.4958
27.0028
26.4993
27.5604
28.8788
27.7841
29.5254
30.7033
27.0076
26.7282
28.5040
26.4544
26.0796
26.2722
27.2846
27.0856
28.2139
26.9793
27.0491
29.3491
28.0202
28.1379
29.3210
28.3267
27.1754
27.6796
27.6245
26.6815
28.1249
28.7412
28.5148
28.9440
26.6186
26.1136
26.7273
26.0697
28.1075
26.4697
26.5705
28.1291
27.0584
26.7172
26.5684
27.3167
26.8839
27.1819
25.7174
26.2457
27.6984
26.7988
27.9417
28.1027
25.7577
26.7349
28.1848
25.3583
26.3040
30.1847
28.6060
29.2126
28.4323
28.8899
29.5236
31.4750
26.1564
27.9733
28.8693
29.3412
30.2359
30.3044
28.1449
30.6521
27.5565
27.5839
26.8385
27.6660
26.3412
28.2132
28.0602
30.1398
29.3320
28.9612
29.7876
31.0424
29.1134
28.4278
29.6041
27.6834
29.6130
27.1335
28.0178
27.5723
27.1791
28.1493
27.8309
27.8132
26.8104
27.3647
28.4342
28.5957
27.4067
27.3859
27.9542
26.6117
28.0803
25.6504
27.7509
26.6676
28.1571
26.8374
25.3206
25.8443
26.6696
28.1034
30.0798
27.3728
27.6004
24.6508
26.5639
27.5122
27.1374
27.8531
27.8203
29.2790
26.7816
29.2418
28.1493
29.1621
30.2514
28.8551
28.8091
27.6330
29.6088
27.4536
29.1584
28.2497
28.5922
28.1504
28.7254
30.3747
31.7189
32.4458
29.2439
31.0654
30.5487
29.8648
29.1410
30.9296
28.4719
30.6146
31.0687
30.0411
30.0568
29.5448
27.8844
29.0025
30.8490
30.9003
28.2988
28.8708
28.7619
29.1105
29.3623
28.7308
28.8253
27.9699
28.3600
28.0112
29.5684
29.3747
29.2289
29.0261
31.6948
29.1425
31.4640
31.6647
32.0027
31.6326
32.0010
32.3123
29.2173
30.4279
31.4778
29.2858
30.5090
27.5956
26.7006
27.4125
26.6964
29.2280
28.2698
30.8692
29.1627
28.5315
29.8469
28.0735
29.4989
27.1758
30.3644
26.6570
28.3028
29.5662
29.7080
28.8430
32.4122
32.7022
32.3522
32.0460
29.3432
29.6640
28.1565
28.9769
27.3402
27.6523
28.4896
28.4543
27.9917
25.4409
26.9924
27.6859
29.4966
28.0429
28.2779
27.1207
30.6536
30.5703
30.5322
27.7808
29.2939
28.8074
26.7728
27.3908
27.6581
27.9986
29.9464
28.0095
27.9877
31.3020
29.1105
29.4669
26.8989
29.0304
29.2326
28.7785
28.5505
28.6676
31.0762
28.8017
27.1497
29.0738
28.8624
27.7520
27.4865
28.8495
26.8423
27.1505
28.5260
27.8893
27.8285
30.5402
26.1867
26.4452
26.7509
26.4827
27.5255
26.0656
27.2390
25.8548
26.2821
26.6582
27.3942
24.0125
26.8944
27.6364
27.6899
24.1919
25.0341
26.4875
24.3515
28.1419
28.0146
29.5918
25.9520
26.3084
27.6087
26.2714
27.9604
27.8423
27.7082
28.5763
26.7789
28.2592
28.8642
28.4136
25.9571
26.2624
28.6760
25.1911
24.5645
26.7410
23.9329
29.6252
25.5214
26.8351
27.0206
26.9714
26.5739
25.0433
23.5885
26.3081
25.2382
27.5434
29.0114
27.5138
28.5261
27.3500
27.0846
27.1906
28.2797
27.8383
27.2897
26.0295
25.6809
27.1642
27.1000
25.9734
26.6559
26.2261
27.5757
26.2670
27.2145
25.5933
24.3806
23.8752
24.1026
25.2138
24.5772
24.9279
25.9182
27.0549
27.8827
27.0965
24.6417
25.9307
24.9751
27.0404
25.6029
25.5987
26.3599
25.2355
27.7415
27.8281
25.4824
25.8719
25.0328
25.7012
26.1133
25.6993
27.9224
28.5870
27.1376
28.0362
27.1093
25.3257
25.5928
26.5237
27.5709
26.3186
24.8262
27.0438
28.5869
28.0466
26.9413
28.3223
26.5767
24.2772
25.7413
26.2278
26.7635
26.9236
27.1283
27.8749
27.0576
27.1237
27.0292
27.5620
28.8936
26.0745
27.8430
28.3274
26.7679
26.9598
26.1576
27.3158
26.8774
28.3166
27.5247
26.7001
28.2116
28.8046
27.5947
26.2361
23.7388
27.3157
27.2246
27.7870
26.0038
25.5342
27.5199
30.0895
26.3232
27.0712
26.3982
26.2435
26.8184
30.3519
27.6183
26.2423
26.2890
27.7985
24.9696
25.0572
26.3098
26.8667
28.1997
25.7606
27.1930
26.8837
24.1452
22.2776
24.8245
24.8391
26.2049
26.4369
23.7945
25.3302
25.1995
26.4290
27.7460
28.7112
26.6801
26.4304
25.6614
25.6206
24.7859
26.5913
25.5599
26.8469
26.9317
26.7171
26.9484
27.7868
27.6917
28.0316
26.7863
29.2028
29.3807
29.6346
27.7900
28.8234
29.6687
31.6971
29.3995
25.0215
25.8035
25.8408
27.4502
28.4741
27.1633
28.1426
30.5762
29.4517
26.6676
28.3425
27.2675
26.5744
27.6079
26.6523
26.6232
25.2583
25.5377
25.4659
27.3582
26.5199
26.2568
26.4039
25.0716
25.3619
26.3936
29.3699
27.3001
26.7199
26.8720
24.6348
24.2453
23.8345
25.2013
26.6557
26.4126
25.1901
26.2036
25.8747
27.2502
23.6575
26.2531
25.8645
25.6327
24.5933
26.7321
25.7399
26.8023
26.4430
24.7002
27.9092
26.4907
26.9137
23.4396
25.5581
25.3281
24.7869
24.1785
26.1304
25.3792
27.7370
27.2168
25.5636
25.3630
24.1177
23.0348
26.2521
23.6536
25.4777
25.6074
23.9255
23.4479
26.0289
27.6457
26.5290
24.7417
25.1903
24.7867
23.6691
25.0553
25.4872
25.7073
26.1694
28.2613
26.3546
26.9860
24.9982
26.8609
26.5555
26.7827
26.2102
25.0089
23.7356
23.9613
25.0077
26.3182
28.0074
24.7731
26.0343
27.2080
25.2796
24.8787
25.3038
25.1118
25.6270
25.5837
23.5052
25.8287
24.0946
24.8685
25.7164
27.3390
26.6571
27.1752
24.7818
26.3035
25.0203
25.1052
25.7054
24.2138
24.8236
23.3716
23.4797
23.3957
24.8003
25.2746
24.3504
25.1142
24.9392
26.1549
25.4870
23.4933
27.0537
25.8490
23.7051
23.8941
23.8784
22.4090
26.0224
23.6329
25.4109
25.9516
25.1469
25.8870
26.4820
27.0343
28.2544
26.0200
25.5000
27.5079
27.2791
24.9436
25.2028
26.0536
24.3656
26.0659
25.9626
24.7858
25.1281
26.1946
27.3311
27.6829
28.0675
27.9721
27.4450
25.3633
23.3983
24.5417
25.0501
22.6748
25.4764
26.9113
26.8012
26.4689
29.9253
28.1711
27.4213
28.8312
28.1213
25.1776
26.6109
29.5651
25.8294
27.0455
29.4114
29.3092
27.8992
27.1522
28.7439
28.1627
27.2516
26.1882
26.6283
25.7250
25.8251
26.6411
26.8069
27.3639
27.9766
25.8928
23.7434
25.0983
24.9029
28.2451
26.3459
27.5920
26.7056
29.3054
27.4409
26.4646
28.8149
27.7875
25.3511
28.9871
28.4222
27.7864
25.0218
28.0821
25.8650
27.5106
28.0464
28.2008
26.3934
26.1736
28.3074
28.5949
26.3634
29.0760
27.8203
26.0538
25.6164
24.0152
24.6308
25.5648
26.5488
25.2979
24.2541
25.0561
24.9338
24.7274
24.7255
26.2643
26.5485
24.8657
25.0043
25.1795
24.8405
26.5638
27.3703
26.8723
26.5633
27.7012
26.3636
25.8244
25.9854
27.8380
24.8641
27.5837
25.1781
25.2073
26.9665
21.6801
26.6505
24.0785
24.2362
24.9521
27.2347
26.7868
24.7553
24.6364
26.3027
25.6243
27.2478
28.5887
25.5281
27.0748
27.0531
29.1370
28.8521
25.4622
26.7784
24.9640
26.6219
24.6264
26.8232
27.8165
28.4080
28.1800
26.4043
27.5283
27.1223
28.0840
27.4498
28.1823
24.5420
26.5833
27.3111
28.9172
25.7713
26.9954
27.3963
26.1223
26.2376
26.6806
27.5869
28.5729
27.2677
29.8416
26.1222
26.1345
26.4192
26.8251
26.3850
25.4887
26.4277
28.8837
28.3614
27.1904
27.7038
27.9357
24.4040
25.5212
25.8394
26.8106
25.0544
27.7669
24.5056
24.3343
26.7856
23.5747
25.8728
26.1744
25.5897
26.0856
22.8859
23.1404
25.6182
24.4836
23.1415
24.6971
25.9721
28.7057
27.3652
27.9837
26.5590
26.2314
26.5745
26.9611
26.0152
27.8383
28.8322
30.2093
28.9899
27.3586
26.9967
26.4397
25.5171
27.1337
25.4879
27.1324
25.6381
26.8238
28.9758
28.8258
28.3794
27.1077
24.2449
27.6189
26.6856
26.8509
26.4630
26.6814
25.7855
25.5199
26.1215
26.1702
26.2737
26.9231
28.3677
27.8793
26.1638
26.4181
24.8537
26.2447
26.5319
27.1776
26.7814
24.5738
27.1120
28.1409
29.3672
28.2100
28.8951
27.9855
26.2611
28.4218
27.7671
26.3385
28.5290
26.2087
25.1689
25.2424
26.0889
26.8573
27.8613
26.9766
24.9242
26.2004
28.6237
28.1965
30.0167
27.7060
27.4504
28.8482
26.8789
27.0068
29.1315
27.3288
27.0566
27.7488
27.7291
29.8045
29.0061
26.9728
25.7150
26.7557
26.3023
25.6095
27.9645
26.8186
26.9452
26.2974
24.4888
25.0308
26.7668
27.8307
27.6062
28.5497
27.3461
28.0160
28.1738
27.7746
27.9068
27.6498
26.6114
26.0554
26.3412
27.5860
29.7404
29.6900
28.1497
26.0329
26.2237
26.8809
26.8595
24.7222
26.4536
26.2189
25.8501
28.1161
26.9348
24.5988
25.3086
25.2999
24.4154
23.5722
23.3151
24.2725
26.2766
27.0266
25.6164
27.3429
24.9555
26.1545
28.0256
26.5601
27.4152
25.3575
27.6286
25.7287
26.3849
27.0191
28.9205
25.8429
26.1002
26.6936
26.2480
26.8894
26.2098
28.3236
27.4940
26.1547
25.5492
28.0344
26.2426
28.2075
28.8239
27.6251
28.5069
29.0966
28.0843
30.1140
32.1272
28.8710
31.0735
27.6666
30.2782
28.9339
28.6640
29.8134
30.9580
28.4200
27.3669
27.6568
29.5876
28.9364
28.6843
28.9545
29.0043
28.5326
25.7949
25.9391
28.0941
27.7951
28.5145
28.7957
27.6074
28.6995
29.3883
28.1912
29.5352
28.4985
30.1315
27.8694
26.6069
25.6165
26.7234
27.9892
26.4323
27.0321
24.6180
25.0355
22.8933
24.8045
24.6115
26.4285
26.3354
26.1085
27.1786
27.8501
24.6075
25.3377
27.8737
25.9550
25.9629
25.3916
28.4069
25.3820
24.4341
24.9950
25.4920
25.9915
25.0150
27.4362
25.8310
26.7883
26.0875
25.4295
25.4772
24.7010
26.7593
24.9177
29.2270
27.1146
27.8380
24.4218
25.1842
26.8890
26.2147
26.1717
27.5417
24.6904
25.7089
25.0709
24.1851
27.7675
26.2915
26.5965
24.4918
25.6524
24.3131
24.7800
25.2743
26.2682
25.7623
28.0190
27.1611
24.5965
25.1796
27.2837
24.1550
23.2873
25.6578
24.8715
24.3896
24.8035
25.4968
25.6171
25.4966
25.4491
25.5559
24.4264
25.4177
26.2818
27.0558
26.1906
24.5188
26.5092
25.6649
26.2407
26.5531
27.0517
27.6856
28.2415
26.1802
29.6403
28.4634
25.7710
25.7699
25.0297
25.9231
26.0405
25.0149
25.7180
26.6959
26.7672
26.4035
27.3057
24.7747
26.4740
26.8834
26.7011
23.7347
25.5053
26.0263
24.7773
24.9946
25.5819
23.7059
26.2394
23.3895
26.1253
24.1828
25.2913
25.5968
26.7825
24.8030
24.6879
26.1655
25.1541
25.3143
24.4225
23.3541
26.5254
26.4598
26.7204
27.7787
25.4152
26.5047
25.1135
23.4473
25.3738
26.7145
25.9894
26.8521
22.7308
26.0939
26.4302
25.1726
25.4082
24.5687
23.8847
25.3400
25.1562
28.5682
25.7284
24.7779
25.3438
25.4795
26.7247
27.2272
26.7660
26.9695
24.2393
22.8591
24.4875
25.8886
24.2619
27.1373
25.6255
25.5042
26.3147
25.2757
27.7029
28.1349
30.3259
28.2730
28.6303
25.6039
25.3751
25.0110
26.3954
24.3590
25.8397
28.6463
26.4776
27.2182
26.4316
27.1280
26.6752
27.1499
25.2666
25.2585
24.1739
24.9935
28.0883
27.7089
25.0121
25.7395
26.3421
26.8885
27.5689
26.6371
30.2340
29.4185
27.3445
28.3174
27.8332
27.5276
25.7055
26.7625
28.9264
27.3101
27.9333
26.6127
27.4153
30.6839
29.0952
25.4372
28.5767
26.2102
27.3652
26.9623
27.5376
27.9418
27.4651
25.9150
26.6147
27.2203
26.3401
28.0624
25.4431
23.9272
26.3092
30.0953
26.4318
29.2930
29.2010
28.2987
28.0420
28.0479
28.4030
25.1041
28.0317
26.0863
29.1676
31.0041
32.3801
32.2932
28.5716
28.9326
28.3396
26.8247
27.9147
28.3105
27.1185
28.9645
25.2992
28.5067
28.3226
28.9362
29.5314
32.6728
29.3736
31.1264
31.3089
28.4740
29.1423
29.8679
30.4940
31.1442
30.6574
31.1590
29.3837
27.8547
26.8153
27.7589
26.6791
26.4980
26.8311
24.6417
27.1015
24.7208
25.2513
26.9346
26.8632
26.3451
25.8928
24.8478
26.8536
25.3947
26.1796
26.4774
25.1761
28.3856
24.6947
29.0872
24.7814
25.9172
25.6201
25.5662
24.5250
24.9890
28.1796
27.2023
27.6531
28.7751
26.2816
26.9803
24.7052
25.2565
26.1585
26.0534
27.3458
26.1734
27.3817
25.1683
26.1545
25.1168
24.3143
24.7018
25.2508
24.9628
24.6768
25.7357
28.2752
25.2595
27.4789
25.7032
24.5060
25.6373
24.9251
25.9796
26.0502
23.1843
25.3855
25.6413
26.4626
24.5749
26.5695
26.0080
25.2148
25.0130
26.7902
25.5771
25.9044
26.8418
26.1843
25.9638
25.3290
26.2600
26.4298
25.1419
24.3727
26.7011
26.6494
25.3048
25.3082
25.3416
26.0491
24.8576
24.5990
26.0792
25.5367
27.2362
26.9902
25.3052
26.0327
27.4521
26.0387
26.0983
27.2391
26.4222
25.8339
26.6521
25.0350
26.4614
26.5820
26.8495
25.0780
26.0211
25.5292
24.6748
24.8761
24.9020
22.1058
22.4207
25.2213
24.7112
27.8101
25.1146
25.6384
25.1564
26.3791
25.6095
24.3265
24.7671
24.6836
22.6746
24.9748
26.0254
25.1982
24.2258
23.6159
26.5474
24.8216
26.9366
26.4196
25.3207
25.3206
23.2740
25.1986
24.1478
25.1626
25.5524
27.7059
26.0353
24.5236
25.6505
27.6688
26.4626
26.3019
26.8822
26.2905
26.1549
24.5849
25.0601
25.2801
24.1714
26.5822
24.4905
26.9878
27.0263
25.7756
25.8523
26.8601
25.7330
24.7703
25.0338
25.3162
25.5317
24.9859
23.9502
25.2236
25.1238
25.3825
25.1584
26.8671
26.6598
26.4806
26.9203
27.8914
26.1420
25.4575
25.7629
27.9487
25.9305
26.7553
27.1952
26.4937
27.0405
27.0076
27.8748
27.2750
27.0037
28.1598
27.6733
30.9372
28.8039
26.4610
25.2187
27.4656
27.1987
26.0692
27.4063
26.0179
27.5200
25.5469
26.4996
27.6945
25.8267
25.8822
26.8718
25.6610
27.0649
25.6632
26.5528
26.0707
26.9009
26.4059
27.4846
27.0687
25.5049
28.7029
27.5687
29.2295
28.1454
29.4532
25.9307
26.4142
24.9453
25.2811
26.9415
26.7303
27.4448
27.3658
26.3984
24.2444
29.2877
27.1911
27.3010
24.6858
26.1612
28.2760
25.8310
26.2249
26.7570
24.4725
25.5032
27.2017
26.2485
25.5758
27.2705
23.6641
24.2051
25.0101
24.9616
27.0880
26.6705
26.4299
27.1477
27.4538
27.5208
28.5327
25.2594
25.7328
27.1540
27.5291
26.2914
27.3108
27.2291
27.0626
28.0028
26.6039
28.4630
28.6586
29.0634
28.9501
30.8721
27.4545
28.8871
30.8161
29.7541
28.4908
28.3529
29.9144
27.0787
25.7755
28.1664
26.6403
26.1335
24.5781
25.7105
23.8507
25.2076
25.2642
26.2926
28.4127
27.8407
24.8501
26.7475
27.3769
27.4412
26.2172
27.1474
28.7402
27.1855
27.5464
26.1699
23.7285
26.5856
25.7427
27.3692
28.5058
26.7576
29.9102
27.6743
26.9783
30.6414
27.9833
27.1073
27.2112
26.3803
26.4308
24.7907
26.1288
24.4877
25.7944
24.5991
25.9244
28.7210
27.7794
25.0278
26.8585
27.8556
25.7525
26.3285
28.1666
29.3591
27.3081
26.4748
26.5630
27.7004
26.3479
25.2866
27.0558
26.0004
25.2609
24.3454
24.9834
25.5653
24.2021
23.0319
25.2013
25.0229
24.5252
24.3744
25.4492
25.4253
25.3000
25.5709
26.7078
26.2232
27.1897
28.0379
27.1222
26.6174
25.0329
24.3061
26.8096
25.7889
26.1253
25.3753
26.5979
26.1642
27.4148
27.7592
27.3257
25.5457
26.4192
26.7789
25.8718
23.6121
24.5366
25.5876
27.0100
27.5567
27.5718
29.0342
28.3376
27.1282
27.2465
23.0285
25.6655
26.0568
26.5239
27.2010
27.1566
27.5643
26.8382
26.5037
26.2087
24.5999
25.8807
27.3696
27.1146
26.7047
25.4362
23.6923
24.6069
25.1061
24.7949
26.2905
26.0135
27.3658
28.3868
25.6689
24.5293
24.8913
22.8577
26.0612
24.3232
25.0018
25.3581
26.7819
24.4025
25.9953
27.4204
28.0875
27.0820
25.3934
27.1569
25.7083
26.4140
28.3140
27.1717
28.1816
27.6545
27.6478
27.2923
26.8166
26.0479
27.4890
28.1876
27.1524
27.5504
27.1495
26.6542
28.3486
27.6807
25.7855
25.6404
27.7289
26.1210
26.9657
26.6783
25.6671
25.0987
26.7979
27.1073
26.9116
27.2437
25.8985
26.2160
25.0539
27.5344
27.3861
25.6197
25.1117
25.9400
26.1792
24.8851
25.3411
27.1951
27.4146
25.2284
27.5261
27.2101
28.1379
26.7260
25.3000
24.9073
25.5542
24.4487
26.0810
23.3964
25.9033
22.5587
27.4354
24.0353
25.5375
25.0377
24.9150
24.2890
24.2562
24.7014
25.6790
28.2623
27.0177
26.0659
28.6040
26.7073
25.8647
24.0250
26.4198
26.6078
24.5022
24.0787
24.8076
25.9205
24.6742
25.2184
24.9673
25.0210
25.4712
27.1261
23.7946
25.9845
25.7221
26.8267
26.6989
26.4907
24.9168
25.4210
26.9929
26.5613
26.5933
25.2985
25.9272
26.2966
26.3908
26.6600
25.7341
26.8719
26.8688
26.6418
25.6975
26.4806
26.2929
26.9586
26.3857
28.4969
26.2519
25.4145
26.3603
27.2330
27.9298
28.7705
31.5756
28.9598
28.8648
27.4314
29.2872
28.2796
28.5655
27.2171
28.9419
29.3947
28.9403
28.1152
28.1336
28.7606
29.6709
29.1690
27.7038
27.0651
25.2562
27.3905
30.2637
28.1332
29.1097
27.7634
26.9288
28.1264
28.2959
27.9001
28.8820
28.7414
28.6528
26.4021
25.8568
28.0220
27.1730
28.3190
26.6833
28.5131
29.8565
27.2708
31.1168
27.8435
29.8364
26.0784
27.1623
27.8492
29.0645
28.0814
28.6765
28.0212
30.2847
28.0089
29.8009
29.0675
28.1600
27.6063
27.5935
27.5400
28.0151
29.4015
30.8615
29.9255
27.7473
26.7785
27.9932
26.3170
28.5523
27.1435
31.5052
30.6093
29.8880
30.4104
29.6491
29.6838
28.0848
27.9921
29.0616
31.2813
28.4001
27.3469
28.6253
27.6814
28.9202
26.7068
28.8244
28.5095
28.2970
28.1050
26.6101
27.9013
28.5845
28.5645
28.2981
26.4640
25.9266
27.5467
27.6021
27.1926
29.2668
29.5799
29.9068
30.1207
28.3272
28.2365
25.0698
26.9085
27.3860
29.0832
26.5437
26.4278
29.1909
25.8905
27.5313
28.0472
28.7094
28.1281
28.3203
27.2816
26.5344
28.7733
30.4684
30.5356
27.2474
27.6962
26.2356
26.6311
29.0657
30.4761
28.1579
31.0104
27.5960
26.8907
30.8437
27.3293
28.4191
26.4652
29.9561
31.9573
30.5532
29.3934
29.9705
29.0100
29.8460
31.6678
29.4020
26.3516
27.8993
29.7707
28.3391
26.2377
26.8472
28.2302
28.0410
26.8018
25.7471
28.0794
26.1193
26.2648
28.7677
27.3872
28.1587
26.9549
27.2492
27.2448
27.0583
28.1281
28.7236
27.7450
27.5716
28.4350
30.4435
28.8626
28.4289
27.1489
26.7669
26.5518
27.0341
26.8180
27.6918
26.7754
27.3857
26.1548
27.8682
26.8644
27.7715
27.1183
28.1849
25.2093
25.0411
26.9255
28.4802
31.1440
26.3026
28.6325
28.4092
28.4170
26.7577
28.5124
29.9976
29.2474
29.4893
27.0969
30.6269
30.1400
26.4876
26.1500
28.3871
26.0149
29.1717
28.3105
30.0273
27.6495
29.5765
26.8634
29.7658
28.0164
28.3368
27.7326
28.7951
29.9679
28.6007
30.0716
27.6051
28.8037
26.4519
28.7642
27.7265
27.3981
29.9455
29.0056
26.8600
27.5580
26.7224
28.9776
26.2809
26.3736
30.7044
29.2614
27.4298
27.4025
28.5090
27.3307
29.3272
29.9558
27.4133
28.9586
28.1163
27.6470
28.5320
25.0146
25.6829
25.9488
25.8201
27.5954
25.8155
24.6935
28.5807
26.6118
28.0709
27.3423
28.1853
31.9183
29.8733
27.8685
31.0408
28.7639
28.7486
28.8180
26.0728
27.0882
26.6911
28.8760
27.8312
28.7540
25.8329
25.3222
27.4080
28.0720
30.3307
28.4732
28.5583
30.4556
28.5301
27.9478
28.8410
29.4421
29.2611
30.1616
31.3209
28.4958
30.7659
29.8877
30.4200
28.3519
27.9358
28.6801
31.1888
29.9701
30.9847
29.7411
32.3149
31.6705
32.3563
29.9854
31.9742
31.6341
29.6706
29.1994
27.9363
28.8383
28.5056
29.7715
30.4977
27.9192
25.8063
30.5444
29.0773
29.9533
28.9601
30.8137
29.6050
28.8973
29.0404
27.7419
30.4066
29.3727
30.7076
29.7504
29.9800
29.7828
29.4353
30.4939
30.2543
27.1446
30.6814
29.0203
29.3195
29.6931
30.7718
32.5937
31.0363
32.5365
32.6518
31.9499
31.6701
32.5140
31.7042
28.9946
27.3466
29.9250
29.2975
30.3693
28.6645
28.6870
28.7063
27.2195
27.7110
28.8522
30.8168
29.3903
26.8430
27.9039
30.5001
29.2519
30.8885
28.8512
28.7013
28.3288
27.5606
29.4559
28.0466
28.1684
26.8111
26.5122
25.5356
26.2027
25.5642
25.3922
26.6603
25.8327
26.4770
27.1868
27.4085
30.1804
28.7343
32.2229
31.8559
30.5067
31.4696
30.4746
29.5904
27.8252
30.0040
30.0135
32.5503
31.6567
31.1169
31.6988
31.0013
30.0415
28.4072
28.4955
29.0679
29.8798
31.0756
31.4941
29.0104
26.8314
27.7190
27.6041
28.2690
28.7196
26.5304
27.0024
28.4180
25.9192
27.3669
27.2855
26.8005
26.4679
27.4392
29.8398
28.5895
28.9298
28.8882
27.4103
27.0736
26.2619
29.5028
27.4276
28.8850
30.2950
27.7338
25.9056
29.5017
26.9902
25.4005
28.0076
27.8711
27.5183
25.6238
25.9333
27.6729
25.5177
27.9505
28.2583
28.0220
29.2049
27.5233
30.8091
28.7115
30.6779
29.6890
26.9961
28.0598
28.6757
27.5939
27.5388
26.7617
28.6352
25.3671
25.5066
27.7223
29.5686
27.5492
28.0118
28.1439
29.2076
29.0182
27.3537
25.4871
29.2180
30.6575
28.9903
29.8043
26.2463
27.0808
27.9366
26.1588
28.2549
26.6751
27.4607
24.7251
25.5118
27.3059
28.3201
28.3033
28.4192
26.9949
27.0795
29.3983
27.2450
27.4233
27.2547
27.1750
28.2055
27.5161
28.8449
28.8563
30.0810
27.3728
28.4428
29.2780
29.1227
27.7982
28.8253
28.0826
29.5727
26.6225
27.7440
29.4557
27.9245
26.5130
29.0564
27.6072
27.6971
27.1231
27.6577
29.5258
27.6416
28.9691
29.5436
29.0164
27.2401
28.9600
28.3229
30.1689
30.1810
29.3615
30.2174
29.4912
28.0257
27.9900
30.5878
28.2050
29.3227
30.1851
26.8509
28.1711
31.3558
28.1293
29.0736
29.8393
30.0293
26.1412
29.1088
29.3974
29.2092
27.5199
28.2607
28.7918
26.1734
24.3891
27.6667
26.8001
25.5473
28.4356
29.5062
28.6462
27.7625
30.9074
30.0140
28.0654
28.9784
25.4719
27.4566
28.6136
30.8010
29.0539
28.0777
28.0483
28.9966
27.7804
31.5105
26.4046
25.4783
26.8783
24.9046
28.4363
28.6483
25.9258
28.2466
26.7132
26.9785
25.3310
24.8550
26.9729
25.3212
25.5479
28.1497
25.5014
25.3908
26.9292
26.3662
25.8843
24.5606
25.2505
27.4198
26.7085
25.3225
24.5635
25.6878
24.6375
25.5543
27.4064
27.8201
27.0968
28.6775
25.3920
27.3624
27.1884
25.7445
29.1157
29.4334
28.7608
28.2675
30.0630
27.2183
30.1349
27.6432
28.4287
30.0355
30.6231
29.5921
28.3818
32.2148
26.9986
28.1105
27.5731
26.5703
26.6841
27.5774
28.2683
27.2300
25.6439
27.1996
26.9136
28.0544
28.0321
25.6234
28.9071
27.4736
28.1575
25.8913
27.1469
28.8556
30.1126
27.8476
27.3514
24.7075
25.5448
25.3116
26.3815
27.0762
27.2373
27.3184
26.8360
27.3591
26.9456
26.7880
26.1208
27.2013
27.2736
25.2008
24.7115
25.1053
26.2686
25.7906
26.8562
27.3706
27.8907
25.9174
28.4932
29.4166
29.2590
30.5191
28.2861
28.3795
26.5973
25.4227
25.7462
25.8941
26.1405
25.6984
26.5877
28.6036
28.4377
29.0390
27.6145
24.4780
26.5207
28.1844
26.9421
26.0210
27.6169
27.9377
25.1322
25.9100
25.3320
24.6521
27.7254
29.1861
27.5112
26.8992
27.3960
27.3741
29.4193
29.4693
28.4687
28.1900
26.9611
26.3951
28.6303
27.7752
26.1459
24.7426
27.2856
26.5920
26.9563
26.6028
26.4755
27.0340
27.2120
27.0376
29.0843
28.5907
26.0132
26.9843
27.4611
26.4283
26.6713
27.5734
29.2226
26.6549
26.4613
27.1868
28.7648
26.7511
28.9933
27.4266
27.3566
26.9674
26.7032
28.3109
28.9993
28.3438
29.8448
27.8945
28.9196
28.9602
27.5534
28.0265
29.4517
28.2571
28.9531
28.6865
28.9181
28.5637
29.1763
31.2037
28.0940
28.3123
29.2555
26.7913
28.4247
28.5117
28.7742
27.8761
27.0977
27.2867
28.5875
30.1477
28.1161
27.5752
27.0449
27.7720
26.3897
26.5744
25.0813
26.4004
27.0613
29.8301
28.7498
27.1796
28.5374
28.3446
27.4107
27.2285
26.4863
27.2445
26.3959
27.0284
28.1427
30.1498
26.7968
27.4426
27.1124
26.6940
26.6460
25.6834
26.7058
28.9996
28.5463
26.8348
26.7121
26.8172
30.0265
27.9378
25.0017
26.8569
25.6424
26.3556
27.9947
29.2564
26.5030
28.5666
26.9968
26.1552
26.4234
25.9162
28.4998
29.3756
29.5204
28.5745
31.6456
28.0823
28.6663
29.7050
25.5825
30.4363
28.1429
29.7653
28.0167
28.6657
27.4168
26.2497
28.8495
28.2126
26.1006
26.0814
26.7418
29.1088
27.1410
26.7958
26.7608
26.6896
26.9215
28.0093
27.4582
27.4610
26.2317
26.2974
27.0750
26.9827
26.3912
25.6440
24.8693
25.0600
24.0989
25.6225
26.8446
25.2877
25.9928
25.0946
28.1062
26.8995
26.6448
26.4657
26.5766
26.8264
26.6265
26.9537
28.2303
29.0906
28.6856
26.1253
28.5847
26.7516
24.2415
26.3875
27.5410
26.4321
27.3606
26.4241
28.5643
25.1436
26.1263
27.7486
27.8137
28.8828
27.8532
28.4521
29.1117
29.3703
28.1566
27.0309
29.4500
27.5460
28.8547
26.8288
26.8295
25.9157
26.4807
25.9679
26.8772
29.3267
26.5918
28.1126
24.7491
26.6591
27.3175
27.0162
26.5008
27.6277
25.9497
25.6344
25.8482
27.7991
25.6766
24.3518
26.2415
28.0733
27.1200
29.7614
28.5946
28.9664
27.6916
28.3180
29.5135
31.0837
29.9292
27.4076
26.1723
25.1123
26.1003
25.4972
24.4495
26.4139
26.0292
26.0989
25.8802
25.2406
23.8886
25.7462
24.7069
24.9699
26.7716
25.8125
24.3018
25.9375
22.9671
25.8777
24.3798
26.2728
24.5815
25.6437
24.1082
25.2484
24.8882
23.3070
24.7381
24.1789
24.8539
25.0792
23.7345
23.6379
26.4298
27.1432
25.7263
27.6626
26.5073
26.0463
27.4987
26.5019
26.5618
24.4278
23.4683
25.0336
26.2807
25.1811
26.1323
25.1279
29.2600
27.4594
26.3837
25.8351
24.7659
26.8778
25.6081
26.0062
25.4712
24.3302
25.5505
25.8829
24.4248
26.0042
22.6642
25.1247
25.4661
25.2491
25.4085
24.3439
23.7087
24.9935
25.9902
27.0777
26.4926
26.1607
26.1490
24.7877
25.0963
26.6399
25.5006
27.7966
25.3938
23.3162
25.9865
23.5180
27.8505
24.5641
24.6964
24.7857
26.7517
28.6915
25.5258
25.8505
24.4349
24.5074
25.6526
25.6468
24.3170
24.4403
23.2030
24.8578
25.1653
24.0693
24.7610
25.3832
24.5556
24.1232
23.5654
25.2171
23.9986
23.8685
26.2228
25.9892
25.4440
24.6206
26.3925
23.8615
24.3269
24.6371
26.3640
26.9503
26.0196
26.4580
27.4325
25.8028
26.2796
27.0362
26.8503
26.4112
27.4034
25.6968
27.4615
25.8240
26.8462
24.3159
24.8719
24.3802
25.8840
26.1988
25.6099
25.0536
26.0800
25.2101
24.9350
25.0241
25.6024
25.9862
25.7164
26.1813
24.0997
24.6540
25.4664
25.0504
24.8085
24.4196
25.8364
24.8092
25.5390
25.7323
24.0353
26.8900
24.6524
25.1029
26.0173
25.1828
25.3835
25.7203
26.3254
24.4933
24.3179
25.4257
24.5334
26.0812
28.0359
23.5206
26.3208
25.6557
25.8245
28.0129
25.5670
24.4907
27.9576
27.6405
27.3772
25.1345
23.8499
24.6041
25.7514
26.4659
23.7716
25.6005
24.5400
27.6337
25.4515
23.7607
24.2206
22.8327
25.4242
24.4856
25.3337
26.2238
26.2270
25.5582
25.9034
25.5166
25.9386
28.0082
25.7756
26.3458
25.6452
25.7811
25.4458
25.3719
27.8475
25.4207
23.9999
24.6670
25.9965
25.7074
26.2739
25.1933
27.8739
27.7208
26.1363
26.8394
27.0710
26.7824
26.5131
24.4655
25.1685
24.6048
24.4330
25.6935
25.4758
27.5242
27.2194
28.2060
26.4436
27.2525
27.6523
26.7807
26.5164
25.3804
25.7763
25.8351
25.9430
27.5892
27.2446
27.7842
27.0308
28.5025
24.9864
27.9928
27.1214
24.8626
25.4233
25.0475
25.8457
26.6785
24.9040
24.5554
25.8555
26.4742
23.5629
26.0159
25.5956
27.0350
24.7387
26.0465
26.5257
25.8928
27.5087
26.1439
26.8511
27.0140
25.7212
25.0999
26.2196
24.2050
25.5905
29.0198
27.2398
26.8985
27.6250
23.9078
26.4279
25.9772
26.9574
26.3608
25.5112
25.6135
24.4808
26.2701
24.6174
24.6648
25.9502
26.4923
26.3620
24.7922
26.4069
25.4730
27.2984
27.2666
26.0273
25.5760
24.1363
24.9940
26.0996
27.4975
26.1736
28.1020
28.3953
26.1615
24.0785
24.1127
25.4717
26.0428
27.8911
25.5270
25.5981
26.5998
25.7252
25.9097
23.7787
24.5788
25.1534
25.1599
26.1061
25.9405
26.5176
25.0780
26.0329
26.6664
27.8908
26.9466
27.7352
26.1676
26.4915
27.0789
25.1554
27.1878
26.8142
26.3423
25.4646
26.7385
28.1066
27.5596
27.0568
26.9109
27.3611
25.2363
27.4591
25.8367
25.0317
26.3618
27.3715
25.7332
25.1470
26.0749
24.7382
27.3344
26.0115
24.2865
24.8121
23.9410
25.7752
25.3238
25.6332
26.4130
25.3221
26.1265
25.7523
26.5030
26.1724
25.5898
25.5542
26.2827
25.3458
24.4168
24.0263
23.6450
24.6611
24.4306
24.9639
24.8264
26.2628
24.4725
26.8413
26.2159
24.3861
25.7505
23.8093
25.1477
24.1155
24.4924
24.2369
25.9791
25.4064
26.9976
27.1954
25.4067
24.2914
25.2295
26.6910
26.2796
25.3541
26.3445
25.4798
25.4634
26.0195
29.0680
28.4048
25.9801
28.2350
28.4680
27.8263
25.0324
27.1648
26.4595
26.4807
27.6760
26.4153
27.4176
24.8100
27.4290
25.1144
26.8794
26.1184
24.8567
25.9598
26.9727
24.4879
24.8984
26.6555
25.9986
24.1980
26.9303
26.1383
25.5564
27.1120
25.9541
25.6768
24.3006
25.7603
25.7475
26.0099
26.9846
24.1888
25.3286
25.8632
23.2793
25.5271
27.4889
25.5901
23.9254
24.4232
23.4923
26.8050
25.1823
23.3543
24.0956
25.3893
25.9884
27.4409
26.6188
25.3457
25.0336
23.3797
24.9881
23.0295
24.0849
22.5200
22.7041
23.2709
25.2759
23.9708
23.1411
23.7960
23.8596
21.6391
23.6776
24.2932
25.6947
25.1697
24.7112
24.2351
24.8711
24.7693
25.7288
25.9962
25.2606
25.4393
25.4136
26.0989
26.2214
25.1030
24.2122
25.6648
26.7875
26.2233
24.1768
26.4844
23.7005
23.7925
24.0301
23.1940
21.9944
23.5547
25.8285
22.7556
24.6156
24.9521
24.6872
23.8396
25.2376
25.2146
24.5963
26.0928
24.7893
23.1527
25.3872
25.5723
23.8844
25.1461
24.3860
26.0730
26.9760
25.6885
24.1819
25.5165
25.0854
24.3536
25.3792
23.8705
24.2364
24.7199
25.3606
25.3040
24.6237
27.0102
28.6260
25.3953
26.4630
25.0610
27.1732
27.1072
26.1498
24.9722
25.8654
26.8906
26.5558
27.3350
26.4706
26.1226
25.5507
25.6136
26.5507
26.3674
26.4703
27.3090
27.6629
27.3468
26.4786
27.4251
26.9140
27.9954
26.6210
26.0883
27.8078
26.8685
27.4116
27.2371
28.3612
27.1706
28.4764
24.9263
26.1411
26.1425
28.5307
25.0850
26.1255
26.9526
27.0973
26.5745
24.8184
26.6413
25.6577
26.5978
26.3050
25.3001
26.7872
26.7014
27.1955
25.7923
25.6484
25.6268
26.6979
27.2214
26.6383
25.4154
24.2553
25.5099
25.2525
26.5659
24.3288
24.3017
27.5226
28.4882
31.0224
29.3118
26.8722
26.9151
27.7031
27.7642
25.0710
25.0481
26.9027
26.5783
27.3016
26.6799
25.7213
26.3129
27.1296
26.6639
26.0358
28.4217
26.3973
26.7721
25.1764
28.6526
29.3652
28.7900
27.0493
26.7959
25.0055
26.6741
27.5671
29.2158
27.9957
28.7823
26.0140
24.8755
26.4270
23.9305
28.9572
29.6691
28.6594
28.8615
27.6730
28.9794
26.9429
27.6071
28.2398
30.5196
26.6370
26.8437
27.0364
28.3387
27.1909
26.1506
25.6388
27.3319
27.1099
28.9795
27.8409
29.7132
26.5552
26.9126
26.1781
25.6691
26.0471
26.2014
28.9275
27.6059
27.7301
26.4856
25.9959
27.2752
27.2623
26.6014
26.4781
27.0928
28.6704
29.3869
28.5423
26.7479
26.6013
27.3603
27.0797
26.3186
24.5153
28.1576
27.2801
27.4447
26.0411
26.8803
26.9854
28.6581
26.4026
27.1474
25.0694
24.2843
25.7598
28.4340
30.1218
26.6669
26.3005
24.9789
25.9915
26.2781
28.5467
27.8382
28.1961
27.8884
29.7595
25.5146
25.3413
26.3229
26.6764
26.6103
27.1011
25.5625
26.9083
27.5764
28.9392
27.0084
23.6730
23.7856
25.5475
25.3565
24.3246
23.4879
26.1589
26.1442
28.3024
27.5699
25.5791
24.4926
26.5278
25.4426
23.6591
24.8519
23.9529
26.3007
26.7147
26.5313
26.8063
25.6874
24.0575
22.8823
25.4517
24.9462
26.2601
26.2713
25.9628
27.4828
28.0151
27.3835
27.5998
27.2772
27.2168
28.1823
25.2730
25.8704
24.3445
25.6508
26.5149
25.2389
25.8184
27.0000
27.5801
27.4591
27.5159
26.4623
26.9126
27.0830
30.2309
27.4383
28.0898
27.6767
28.4556
26.7611
28.2948
28.4579
27.3306
26.9455
27.5166
26.3153
24.9726
25.1508
26.9810
27.4095
26.2378
27.5251
25.7248
27.6339
28.9391
26.8860
28.6157
27.2995
28.6748
26.3849
27.4816
27.9086
28.6911
27.8830
30.6614
28.9960
26.0563
29.9978
28.2762
28.3956
26.0429
28.1040
28.9201
28.3022
30.8162
30.8538
32.4870
31.7478
29.7977
27.5175
27.0265
26.4270
28.4039
29.8881
29.2554
27.0711
26.1287
27.3781
31.1633
27.0714
29.0470
27.4652
29.0138
26.6639
27.6285
29.2911
28.6599
28.4933
27.8387
30.3122
28.2660
26.1399
27.3593
29.3089
27.6299
24.6545
28.5247
28.2548
28.4928
26.4671
28.3688
29.0586
27.3108
26.5072
28.8601
24.5794
27.7784
26.4675
26.8618
28.2221
28.7352
26.2776
27.4620
28.9158
27.6196
25.4699
29.6028
26.9070
28.0355
27.3838
27.9775
29.0609
28.9004
26.1795
25.8225
26.6615
27.0270
26.4084
27.9663
27.7518
29.5949
28.1188
27.8143
26.1957
27.8038
26.8523
24.4384
25.8704
25.6055
26.3521
27.0480
26.6971
27.5375
30.4840
29.2407
30.4390
26.4841
27.4839
27.3248
28.6905
27.3093
27.2266
30.2388
28.6498
28.0705
31.2276
26.8767
29.1583
29.5338
29.1694
25.7196
28.3764
25.5159
25.4950
25.4978
27.2371
25.8413
25.9836
27.4434
26.5556
28.6377
28.5566
29.3703
31.5551
29.3415
28.5061
30.0603
26.4940
27.1855
26.9870
27.5952
26.3028
26.4733
30.5224
28.6780
27.4403
30.2354
29.1743
28.1967
30.3448
29.1391
27.9168
29.9157
27.2005
28.6167
26.4321
26.0811
27.9196
26.4950
27.4088
26.9956
26.8963
27.3052
28.4068
28.1171
29.3925
30.4239
31.4793
29.4239
30.4914
28.5233
28.8075
27.7046
28.9692
27.6276
28.7279
29.3721
27.4246
25.3109
25.6787
25.8613
27.7812
25.5548
23.8218
28.6839
30.0412
31.3955
29.5396
27.9181
26.2401
23.8324
26.8925
25.8840
28.6245
27.7158
24.9341
26.0363
25.7482
26.9443
25.8614
27.3351
28.4381
27.7788
28.5169
28.4119
27.2558
26.9293
27.7731
28.4575
26.9061
27.4708
27.6705
27.9787
24.8942
27.6249
30.1902
27.9006
25.9194
27.7354
29.3020
27.9573
28.9816
28.4751
30.4188
28.6001
29.8530
28.9317
28.2870
26.3609
28.7493
27.8415
27.5924
25.4420
27.4213
27.8035
25.7019
26.0505
26.5507
26.3587
25.8927
26.9547
28.4101
30.4254
29.5587
28.0272
27.1757
27.3052
26.4923
25.9434
28.8743
29.4737
26.6244
27.2392
29.7854
27.4426
27.2438
28.6541
25.8341
24.9012
24.7347
22.2809
23.6825
25.5373
26.4172
25.1395
25.1027
26.3863
24.5820
25.6643
25.2609
24.4348
25.7776
25.1460
27.2802
27.7900
26.9754
26.7106
26.0947
25.1899
24.1959
26.8211
26.6495
27.5041
27.2700
25.8160
26.5076
27.7142
26.4082
25.8212
27.2852
27.9501
26.4308
25.2932
23.7471
24.5663
24.8315
26.1730
25.2964
22.6197
25.7757
25.1838
24.5792
24.0426
24.0306
25.0146
26.6789
25.0342
26.2727
27.3885
26.0131
25.4563
23.4976
24.9071
23.4779
25.3715
27.2931
24.6833
24.4719
26.5951
26.0136
25.6288
25.7080
25.5878
23.3624
25.4921
24.6264
22.7802
25.3986
27.8974
26.5785
28.2248
26.9356
27.3826
26.2951
25.9614
25.9923
25.0963
27.8092
25.3716
26.6423
25.6028
24.0222
26.1782
29.2767
25.7734
23.4580
25.0133
26.0066
25.6378
27.5261
26.2032
25.0781
26.0525
23.6794
23.1136
24.1657
24.8648
27.3295
25.3855
24.9044
24.5684
25.8467
25.3438
23.8630
23.4751
23.2764
24.9656
24.7543
24.1065
24.8211
26.2042
24.1463
26.4982
25.2886
25.9828
27.1787
24.6638
24.8508
23.7296
26.4997
27.9121
26.3810
26.8976
26.7228
26.3200
26.2383
27.2430
25.9580
25.3343
26.7565
25.4643
24.2376
26.0510
24.6504
25.1308
24.6024
25.4172
26.4531
26.5890
25.0403
24.8612
26.0318
25.6584
25.1853
25.1722
24.7366
24.9165
24.6520
26.0269
26.3480
26.8890
26.7983
25.2143
26.7015
27.1405
27.9421
27.0512
25.8520
25.6225
26.9861
26.0561
25.1714
26.0123
26.2626
25.7974
27.5602
26.9246
28.4207
27.8944
26.4930
26.5950
25.4583
26.7090
24.6264
27.3179
27.4012
26.0433
24.4123
25.3065
24.9014
25.5877
25.4819
26.1422
23.5621
25.8507
25.1035
23.7362
25.3153
26.2064
28.1648
27.7920
26.9167
27.0171
25.3415
28.4797
26.4854
26.2829
26.2734
25.3274
26.0786
26.1314
25.5147
25.6822
26.8693
23.8923
25.7206
26.6912
26.7200
26.5218
23.6917
23.8441
23.0017
24.5651
24.2195
26.2007
25.7601
24.9282
24.4337
26.7783
24.8986
26.8011
24.8360
27.0066
24.8654
24.1533
25.1427
24.5419
28.3488
24.6706
24.1207
25.7938
23.5438
25.3461
25.2310
26.3074
25.5865
25.7201
25.4992
25.5265
25.7782
25.4509
25.7942
25.8623
27.0988
27.8992
26.2020
26.7128
24.9686
27.5011
28.6012
28.8572
25.0740
26.6194
27.2300
26.6467
26.5602
25.6011
24.6861
25.4474
24.5153
24.1698
26.5393
27.7788
24.3610
25.4003
26.9705
25.0174
26.7323
26.8425
27.9175
27.8078
26.3644
26.2096
27.2432
28.0326
26.7734
26.0531
25.8653
25.4564
24.8306
24.1144
25.3610
26.9254
24.9513
26.4133
24.6125
25.3019
24.5281
25.8162
24.4781
22.9085
25.2721
27.0701
26.0019
27.3581
27.5911
26.4421
26.5963
24.6129
24.0886
26.2945
26.7678
27.2098
26.3042
28.6192
27.4834
28.2450
27.8094
29.4756
29.0068
25.3952
26.7078
27.7071
29.5853
27.6802
28.0651
29.9363
30.9753
28.4537
26.4045
26.1724
27.7644
27.5089
28.8066
27.6775
28.2324
26.7511
27.5287
27.7000
28.9329
27.2322
26.9326
27.0081
26.4725
29.1204
25.4156
27.8546
28.7051
29.5899
28.1512
28.8926
28.9773
30.0270
28.8053
28.5860
27.9956
27.8337
28.1186
28.0700
29.8535
28.2179
27.3457
26.8936
27.4320
26.7532
28.0686
27.2630
29.3020
27.3146
26.9286
28.1684
28.2493
26.8228
28.0848
25.9595
26.1763
27.2894
29.0043
30.6041
29.1969
28.6795
28.1676
27.9381
28.6913
28.3582
26.8314
27.7535
28.3251
28.5892
29.1534
29.9021
26.8627
28.5952
26.9415
26.9991
26.8207
27.8749
27.9884
28.2940
30.0473
29.2136
29.3196
29.7207
29.0459
27.8860
27.5571
28.4750
26.0299
28.3533
25.9563
28.4956
29.0340
31.8571
28.9940
28.3085
30.1547
29.1968
27.5819
28.6919
29.0671
28.7753
30.8661
27.4554
25.4432
27.3182
29.3492
26.1127
27.2330
30.8531
25.8475
27.0772
27.8303
29.3066
30.9060
29.8293
28.8598
27.3455
30.4670
28.6225
28.2130
30.1090
30.9817
29.2508
29.4469
31.3645
30.3331
29.3674
28.7539
28.7188
28.3793
30.5328
31.3012
29.7257
30.4584
30.7736
29.8733
29.5104
28.8251
29.9814
29.4597
30.1425
28.9076
28.3356
28.1720
28.6487
29.7580
29.3809
28.4855
27.2962
27.2980
27.8983
24.7927
24.8836
26.2762
28.5452
27.6913
29.9826
27.6341
28.5320
27.9465
28.5634
27.5069
28.7078
29.8513
27.0591
28.2310
28.5970
29.4327
26.6710
26.0640
27.9540
25.9711
28.5343
26.9064
28.4877
25.3244
26.0478
25.9063
28.7681
28.0213
28.0254
27.3407
27.0746
25.5200
28.0793
29.5993
27.9416
27.8236
28.1984
28.7007
28.1114
27.4886
28.1732
27.8883
26.1468
26.2967
27.2016
25.6929
23.8900
27.1756
27.8804
28.0848
25.0530
26.4252
23.2288
25.0303
23.4577
26.4065
27.0984
27.4962
29.4178
28.0450
27.8491
27.2872
28.0586
26.4044
28.1866
27.1118
26.4436
27.0418
26.9960
26.1041
27.9905
25.6983
25.3655
27.1213
25.6650
25.9746
26.1441
26.0606
24.1914
27.6836
28.5265
27.9028
28.4113
28.3243
27.3524
26.6851
25.6693
27.9712
27.4431
27.0079
28.5964
27.4936
24.5634
25.8109
26.0420
27.4583
27.4361
28.0023
25.9834
24.7934
26.4943
25.2595
26.9528
26.2075
29.6609
26.1709
30.7401
30.1998
30.0439
31.4025
31.4317
29.3700
29.5346
29.2196
29.6449
30.6484
29.3416
27.4997
26.3798
28.9761
27.8580
27.9270
29.1829
28.0367
28.4082
26.8228
29.3811
28.2949
27.9350
27.5896
28.8834
28.6447
29.6062
27.8473
29.3840
28.0999
27.4490
28.7225
27.8036
28.4064
26.5003
26.9636
29.1538
28.4940
27.8404
28.6826
28.8446
26.8330
26.1369
25.1837
25.9326
26.4324
25.9236
25.7811
27.1438
27.1772
27.1590
26.9474
25.7611
26.8185
26.0056
25.9595
26.2489
27.4379
26.5536
26.5327
25.5482
27.6047
25.6637
26.2804
25.1862
26.0676
24.6316
26.4795
25.8950
26.1347
28.9495
26.2358
26.9288
28.3618
25.2928
26.7662
25.3572
26.2541
24.9513
25.4513
25.1852
29.1143
27.1289
29.7232
26.7272
29.2854
27.4821
25.4742
26.5412
25.7872
27.1220
25.3821
28.0789
27.6471
28.2100
27.1063
28.8774
27.2560
28.1126
27.2862
27.1105
27.6278
27.5948
28.3987
27.9393
28.6032
26.6811
26.2452
26.3489
28.8664
28.9928
30.8145
28.9138
28.1691
28.8139
29.7616
29.3452
30.3417
28.5181
30.7836
33.2253
32.5701
30.5061
30.2580
27.8810
29.0609
28.5892
27.2390
28.7579
28.5553
30.4332
26.5585
26.7946
29.3441
29.3447
30.6159
30.3166
30.7065
28.4049
29.6324
29.9765
29.0815
27.5856
28.7560
30.2464
29.3529
28.7721
27.8158
