26.4435
25.9784
27.2603
26.5772
26.1871
26.6161
27.7145
27.4784
25.5503
26.5474
25.4231
25.1561
27.4138
26.8780
27.6619
26.6678
25.4646
26.2834
26.7437
25.9174
25.3360
25.9304
27.4705
28.2722
26.9710
27.8468
27.4668
26.6233
26.5771
25.8893
26.1648
25.7968
25.3107
25.1619
24.8789
25.1762
27.1743
26.5167
27.5768
27.1487
26.4278
27.2876
26.3142
25.8702
26.1907
26.5475
25.9275
25.9439
25.7155
27.5173
26.0246
26.0984
26.7024
26.3363
24.6463
26.8358
28.0885
26.2846
27.2172
27.0468
26.2530
26.1554
26.1209
25.4057
26.0160
25.2925
26.0065
27.5665
26.3823
27.2401
26.5427
26.4041
27.2958
25.9565
24.3539
25.4242
23.5606
24.5779
24.1161
25.0049
24.8659
22.9271
24.7060
25.9328
26.0497
26.1606
25.7676
25.0928
25.7021
24.2491
24.9247
25.0879
27.0499
25.6177
25.9943
26.3192
27.1705
27.3700
25.7273
25.9655
26.7176
26.1881
26.7935
27.1338
27.2649
26.6383
26.1516
26.1118
27.3434
26.8398
26.7772
27.2443
26.9190
26.5457
26.7135
27.9523
29.2964
28.4058
28.1336
29.8356
27.4778
28.2170
27.9132
26.8888
26.2304
26.9204
26.4084
27.8835
27.8777
26.2798
26.0117
26.0818
27.2653
27.5491
28.9347
27.6763
25.9127
28.3050
26.4899
26.5033
26.4122
26.7196
26.8030
24.9723
24.7836
26.3317
26.5734
24.8404
28.3090
26.5241
27.1899
26.6078
27.7901
26.4636
26.1831
25.1320
25.0993
24.8501
24.6669
23.9855
23.5149
24.6445
23.2722
24.2689
24.9302
25.2217
25.4150
25.0476
25.2565
24.9553
25.4673
25.7679
25.4317
24.6404
25.0961
24.9634
25.7973
26.5425
25.9647
26.2840
24.8389
26.2705
25.4427
25.5848
25.8185
24.7051
25.9407
24.8906
24.9055
25.6190
24.5976
24.8204
24.5646
24.6589
24.7983
25.2926
24.7885
25.6327
25.3669
25.2958
24.4064
24.8357
24.9459
24.8488
25.2708
25.7255
24.5934
24.4815
23.6455
25.1297
24.5181
24.9643
24.8458
25.1644
25.7042
24.8971
25.7315
25.4339
26.0374
24.4449
24.7492
25.5728
25.4905
25.8653
25.3798
26.0020
25.5735
25.4025
24.7209
25.9849
25.2567
24.0331
25.0708
24.9955
25.3686
25.1020
24.5871
24.5129
25.2499
25.0764
23.6537
25.2813
24.9778
25.3095
25.4276
25.5368
24.9028
25.3438
25.3581
25.7602
25.2957
24.6452
25.6721
25.0310
24.7920
25.1800
24.7389
25.4682
26.4107
25.3487
24.9335
25.4749
26.2138
25.7576
25.2810
25.8657
25.2528
26.0364
24.7683
26.2043
24.0875
24.3141
26.0117
26.6601
26.0646
23.7410
24.3910
24.8023
26.0997
25.8834
25.9345
25.9726
25.1235
25.6912
26.5300
25.3345
25.0644
25.3004
25.9531
25.9230
25.3271
25.8120
24.0539
23.5571
23.5999
24.4493
22.6160
24.0661
23.7448
24.3722
25.4634
25.0466
24.8294
25.0829
24.8154
24.7382
25.2079
24.5336
25.7274
24.0120
25.5407
26.1103
25.5768
25.6105
25.1178
24.9320
24.9042
25.0850
25.3604
25.0217
24.4028
24.4424
25.0335
26.5900
26.1455
26.3686
25.9874
26.0221
26.3200
25.8727
24.6672
24.6889
25.1439
24.6609
25.8936
26.0547
25.3222
24.4599
24.4626
23.6966
25.0953
24.9759
25.1958
26.0755
25.4799
24.9120
25.3698
25.2397
26.2527
24.0543
25.9110
26.6849
25.4722
25.3525
25.1517
24.8972
24.9022
24.2400
25.3103
23.9495
23.6020
25.7628
26.4325
25.2389
26.3369
26.3163
26.5358
25.2763
26.4690
25.0509
25.0303
24.5353
24.4913
25.0491
24.7905
25.2143
24.4545
24.9548
25.8945
25.3076
25.9420
24.7265
26.6116
26.4322
25.6350
25.0970
25.3330
24.3627
25.1809
25.1224
23.8946
25.8601
26.4013
25.1292
24.5393
25.4653
23.4074
22.9471
23.2349
23.7879
25.3160
24.6673
24.8090
23.9838
25.3359
24.6218
24.6082
25.3141
23.6678
24.8219
25.0169
24.1646
25.6734
24.5350
23.1444
23.8720
24.3893
24.0380
24.3961
24.0043
24.1102
23.3844
23.9381
24.7579
23.8291
24.9045
25.0087
25.4097
26.3716
24.7957
24.4874
25.7305
25.5137
26.5776
26.5079
27.3466
25.6416
28.4490
27.0522
26.0958
27.4629
27.0929
27.0177
26.2522
27.2262
27.4713
28.5278
27.6295
28.8044
28.0126
27.3514
27.1080
25.6764
26.7223
26.2270
25.9982
27.2353
25.6981
27.6755
26.1321
24.6742
25.0989
25.4316
24.2566
23.7220
24.5613
24.2314
24.5347
24.8887
25.8947
24.3757
25.3284
24.4183
25.4679
24.8657
25.6693
25.7594
24.4470
25.1008
24.8176
24.7950
25.5066
24.9630
24.3472
26.0338
25.1818
24.8263
24.5056
24.0753
24.8063
24.0385
23.2464
26.0199
26.8101
25.9494
27.6856
26.5437
26.4925
23.9259
26.3673
25.4683
25.9669
27.1760
27.0758
26.0063
26.6873
26.8790
25.6541
25.2748
24.9976
24.4940
25.2946
25.9851
25.4463
24.5184
24.9250
26.4454
25.2861
25.7082
25.4470
25.3347
26.4105
23.0579
24.0118
24.1044
24.4942
23.9791
25.1307
25.2019
24.2065
24.9166
24.8393
24.8818
24.5716
24.2336
24.3654
24.8058
23.4176
24.6412
23.7539
23.3499
24.7827
24.0604
24.4676
23.8773
24.6397
25.4122
23.9739
23.5748
25.1608
25.1579
24.2207
24.5960
24.7385
24.9455
24.3068
24.0002
24.3367
23.7231
24.1124
24.3145
23.7896
24.7210
24.4459
25.0630
24.2623
24.9690
24.5959
23.7517
23.9358
23.2739
23.2520
23.9158
23.1641
23.3213
22.7469
22.6372
22.5770
23.1214
22.9073
22.9456
22.2494
23.4750
22.3773
22.1265
22.0867
21.4550
22.2765
22.5736
22.1324
21.5140
21.6123
21.4306
22.0216
22.7621
22.6251
22.2079
22.0893
21.7900
22.1384
22.8968
23.1202
22.5080
22.3223
22.7924
22.7811
23.1077
22.2063
22.5071
22.0762
22.2941
21.9250
22.0521
21.8447
22.1515
21.7458
22.3864
22.6365
22.4880
21.9498
22.0372
22.1073
22.1325
21.8048
21.9167
22.3050
21.7302
21.7931
22.5881
22.3518
22.5357
22.0034
22.3413
22.8205
22.2786
22.7302
21.8470
22.7080
22.5086
22.4949
22.1425
22.2576
22.0257
22.1704
21.3888
23.5565
21.7243
22.5051
22.1439
21.6975
22.6061
22.1953
21.6884
22.3735
21.9250
22.6391
22.9121
22.4838
22.8576
23.0526
22.7124
22.1283
22.0155
21.8665
21.9111
22.4613
22.0542
23.2798
23.6080
22.2833
22.6142
22.8185
22.8888
22.6528
23.1039
22.5476
22.5478
23.2093
23.1886
22.8866
22.1564
22.4448
22.5842
22.9540
22.4704
22.8527
22.3547
23.2790
22.3724
22.3052
22.0506
22.4733
22.5624
21.9573
22.6570
22.5119
22.4933
22.5754
22.1069
23.1045
22.5763
22.2053
22.7313
22.7746
22.7884
22.4886
22.8620
22.3868
22.2762
23.3297
23.1894
22.0474
22.8331
22.6601
22.4701
22.8324
22.5691
22.7924
22.7614
22.6737
23.3966
23.1979
23.6110
22.6756
23.0756
22.6536
22.8828
23.0084
21.8989
22.6088
23.6423
22.6659
22.7399
22.4642
22.7267
22.3559
22.3435
22.8050
22.6796
22.7389
23.2704
22.9166
22.6676
23.4630
23.0955
23.2517
22.6378
23.2743
22.6645
22.7902
22.2721
22.7565
22.5904
22.5468
23.1104
22.8575
22.7895
22.9366
23.0254
22.7722
22.8163
22.4118
23.3421
22.6838
21.9380
22.0654
22.4175
22.8519
22.1326
22.1082
22.6880
22.1023
21.7963
22.4296
22.4249
22.1987
22.2907
22.7685
23.0984
22.7017
22.4747
22.6169
22.4351
22.4841
22.1837
22.4353
22.5850
22.4966
22.9895
22.8919
22.6149
22.4589
22.7703
22.6039
22.4790
23.0764
22.6618
22.1684
22.6745
22.2199
22.0599
22.2383
22.3359
23.2055
22.6706
22.5042
22.9105
23.2406
22.5075
22.5290
22.6674
21.6427
21.6193
22.7403
23.8715
23.0653
22.6182
23.5202
22.9444
23.4609
23.2117
22.6836
22.5550
23.0408
21.5332
22.3752
22.7647
22.3801
23.0915
22.8326
23.2037
23.5239
22.5802
23.3325
23.1290
23.5528
22.5488
22.7622
22.8656
22.3642
22.9998
23.5368
22.8717
22.8373
23.1825
22.9875
22.1674
22.4667
22.6939
22.6486
22.8120
21.7698
22.2448
22.4908
22.6862
22.8184
23.0359
22.3179
22.7727
22.5803
22.5268
22.3244
21.8680
21.6471
21.8006
22.3559
21.8510
22.1265
22.4363
22.2294
22.4302
22.5395
23.2810
22.4727
22.3608
21.9731
22.5363
23.0924
22.2229
22.5051
22.2068
22.5006
23.0670
22.7465
22.9966
22.8528
22.7937
22.5317
22.5390
22.5044
22.6565
22.6153
22.8377
22.8079
22.8828
22.7964
22.9512
22.5971
23.5121
22.6936
22.5375
23.1034
22.3710
23.7156
23.0104
22.2717
23.4850
23.3431
23.0814
22.5223
22.8873
22.9850
23.0337
22.8256
22.9477
22.2584
22.4444
22.7233
22.3427
22.3522
22.8010
22.6398
22.5384
23.1609
22.7867
22.6525
21.8697
21.6745
23.4294
22.3634
21.9861
22.2634
21.8109
21.7950
22.6731
22.4814
22.8763
23.4860
22.9012
22.2837
21.9147
22.2890
23.3219
22.5527
22.0866
21.5900
22.8780
22.6605
22.5592
21.9738
22.4637
22.1260
22.3685
22.6958
22.0048
23.0785
21.7039
21.9588
22.6684
22.3745
22.1314
22.2807
23.2180
22.1287
21.8721
22.1227
21.9077
22.0681
22.2313
21.6188
22.5793
23.2080
22.4819
21.5576
22.1878
21.7230
22.2424
22.3359
23.3930
23.4735
22.6662
22.5161
22.9706
22.3506
23.5994
22.5354
23.4083
22.8521
22.8024
22.3590
21.9638
22.3030
22.9960
23.0423
23.5583
22.3934
23.1440
22.9032
22.3819
22.8520
22.2564
22.2264
22.8718
22.6739
23.3939
22.4448
22.9666
23.4625
22.2116
22.3663
22.7158
22.5348
22.1771
22.3135
22.1280
22.3132
21.3643
22.2531
22.1789
22.3268
22.5044
22.8013
21.8145
22.6242
22.5556
22.3799
22.9848
22.8983
22.5527
22.8719
23.0073
22.5790
22.6517
22.8575
23.6248
22.8527
22.7673
22.9344
23.3835
22.9448
23.2157
22.8433
22.3910
23.1232
22.6850
22.7556
23.0323
22.5179
22.0477
22.3240
21.9925
22.6990
21.1056
22.2819
22.1878
22.7572
22.2460
22.5689
21.9578
22.0031
22.3896
21.9951
23.0644
22.4178
23.2125
23.2229
22.8524
22.9494
23.0010
22.6714
22.1768
22.7763
21.8758
22.9109
23.1758
22.5711
23.6030
23.2490
23.1679
23.3615
22.7121
23.5351
23.3258
23.2015
23.4337
23.3748
22.2295
22.4763
23.0744
23.6135
24.2597
23.4323
23.3951
23.3704
23.5369
22.6765
22.8606
23.7764
22.5613
23.3335
23.0977
23.2300
23.4175
22.4956
23.1316
23.2184
22.0906
21.9278
22.3778
22.9445
22.4220
22.5573
22.4156
22.3452
22.3099
22.0496
22.1369
22.3496
21.6408
22.3955
22.3630
22.4092
22.7442
21.7474
21.7953
21.9191
22.4446
22.9988
22.4976
23.2285
23.4601
22.5968
23.1063
21.9259
22.5632
22.6959
22.3918
22.7414
23.7975
22.5560
22.1724
22.2090
22.4605
22.3242
22.3479
22.5792
22.7608
22.1498
23.6174
23.1720
22.7269
22.4322
22.8367
22.7938
22.8457
22.8713
23.1446
22.6841
22.6940
22.5457
22.7800
22.1096
22.7519
22.7813
22.4983
23.0851
23.1886
22.6704
23.1372
22.7738
22.8743
22.7253
22.8868
23.2264
22.3039
22.8157
23.1780
22.4467
22.7768
22.3355
22.3436
22.3580
23.0438
22.0423
22.5615
22.0673
23.2204
22.5445
21.8048
22.4432
22.2794
21.9565
22.6756
22.8941
22.5618
22.7235
23.2696
21.8125
22.7618
23.2519
22.0607
22.7512
22.6712
22.2572
22.4842
22.1138
22.2595
22.0614
22.7107
22.8081
22.9508
22.7168
22.0464
22.6621
22.9927
22.4825
22.2925
22.1208
23.2757
23.6446
23.4017
23.3194
23.1235
22.4754
22.6185
22.9617
23.2847
23.0713
22.2335
22.1297
21.7885
21.5788
21.9603
22.4449
21.9130
21.8765
21.5854
22.0379
21.8277
24.1262
23.1178
22.7852
22.9340
23.5427
23.0875
22.8553
23.0985
22.9589
22.8598
22.7929
22.2555
22.2641
22.9890
22.6899
21.9598
21.9823
21.8659
22.6703
21.4008
21.6780
21.8850
21.5096
22.2628
23.2688
22.6091
22.2152
23.2648
23.3199
23.8355
25.3880
25.6002
23.4089
24.0466
25.6720
25.4989
24.8196
25.2637
23.7006
24.5822
25.3092
25.1313
25.3129
24.6823
24.8407
24.5342
24.4909
24.3751
25.2524
24.7892
25.1294
25.1125
24.4290
23.3637
22.8640
23.2782
22.8288
22.8987
22.6720
22.9359
24.0362
23.8578
23.5982
24.2476
25.0088
23.1295
22.8694
22.8545
23.7295
23.0912
23.4708
23.6811
23.5337
23.4730
25.0156
25.7816
25.4615
24.5706
26.0440
25.7538
23.9529
23.4414
23.7777
25.3478
25.5477
25.2516
25.2189
24.3602
24.0466
23.2745
23.7607
23.4304
23.2842
22.9441
22.9560
24.5269
24.1837
24.3391
24.6482
24.7579
24.6683
24.5317
24.1131
25.6621
26.9463
24.8151
25.6754
24.8112
24.1810
25.0816
22.8698
24.3395
23.3793
23.4897
23.2330
23.5003
23.4997
23.4088
23.3528
24.4753
25.3084
26.2806
25.2665
25.5255
25.1790
25.1176
25.9850
25.5669
25.8340
24.9901
25.4065
25.2601
25.2634
25.3223
24.8328
25.5889
25.0872
25.4373
25.0913
25.1902
25.4127
25.4985
25.5371
25.6329
24.9906
25.4147
24.7730
24.5290
25.3644
25.5129
25.3758
25.1902
25.6022
25.3219
25.4916
24.8728
25.6624
25.1202
25.3791
25.7438
25.2506
25.6424
25.5032
25.2915
25.0553
25.1451
24.9348
26.0822
25.7499
25.9368
24.7730
25.5151
25.1291
25.5852
24.8047
25.0956
24.8285
24.4533
25.3107
25.1017
24.3357
25.4826
24.8421
25.2877
23.8959
23.9519
24.5092
23.7307
24.3529
23.6537
23.6270
24.8685
25.0070
24.4739
24.2714
24.8774
25.7234
25.3602
25.7506
25.6130
25.2053
24.8231
25.4099
24.4038
23.0986
23.4049
24.3863
24.0346
22.9973
23.3941
23.3460
22.5894
22.2800
22.6357
22.8128
23.1194
23.3481
22.7087
22.5123
23.2008
22.3462
22.6116
22.8297
22.5445
23.2133
23.4638
22.9607
22.0868
23.2011
22.8625
22.6592
22.7040
22.6360
22.8481
23.2387
23.4909
22.9993
23.4344
22.4906
22.5097
23.2271
22.9419
23.3410
23.1847
23.1565
23.1614
22.6144
22.5789
21.9951
22.7042
22.2530
22.3473
22.8209
23.1021
23.6315
22.9499
22.5940
22.6599
23.2457
22.8554
23.4387
23.2379
21.8523
22.6597
22.3053
23.3921
22.8114
22.8087
23.2512
22.6502
22.0916
22.7340
23.0965
22.4526
23.6444
22.4396
22.4441
21.3265
21.9271
22.3477
22.6797
22.8516
23.4088
22.9877
22.2835
22.9566
23.0965
23.0474
22.6201
23.9289
22.6232
24.0719
24.5159
23.3535
23.2654
23.7216
22.0425
22.2767
22.7522
22.9730
22.7522
22.3813
22.8682
22.7840
22.9985
23.1256
22.7361
22.4981
22.8010
23.5307
23.0438
22.4873
23.0385
23.1887
22.3232
22.5788
22.5803
22.3752
22.1208
22.6503
22.8352
22.6341
22.3197
22.7977
22.7398
22.1638
22.3960
22.4403
22.5202
23.1491
21.9689
23.1518
23.4196
23.2711
22.8653
23.3047
23.3608
22.6090
22.9890
23.5348
22.9499
22.9858
22.7954
23.0072
23.4177
23.0548
23.1364
23.4927
22.6423
23.3657
22.9945
23.1591
23.2748
24.0480
23.3651
24.1227
22.8968
22.7676
22.7231
23.1172
23.5858
22.7998
23.6634
23.2940
23.1148
23.1053
23.2840
23.0132
23.4572
22.4477
23.4062
23.1694
22.9880
22.6655
23.5943
23.1216
22.5798
22.5630
22.3930
22.4320
22.1514
22.5687
22.5031
22.6775
22.6136
22.7758
23.5053
22.6596
22.2357
22.6099
23.5047
22.6802
22.9162
22.8408
23.0717
23.0787
23.1138
23.1557
22.6634
22.9139
23.4552
24.1599
22.8419
24.7092
24.2924
24.7806
23.5205
24.0950
23.3398
24.3551
22.7954
23.6440
22.8982
24.0974
23.5209
23.3470
23.4284
22.1050
22.7229
22.5100
23.0994
22.1692
22.8735
22.3993
23.8029
22.7576
23.1866
22.8679
22.6482
22.8854
23.3057
22.6224
22.6188
22.7805
23.5708
23.4828
23.6047
22.6075
23.1215
22.0953
23.2545
23.4487
23.0306
22.9993
23.8685
22.5671
22.9081
22.9214
23.0649
22.7993
22.9276
22.7613
23.9622
23.6764
23.2194
23.8361
23.0699
23.8779
23.7855
23.0134
22.1770
23.4413
23.3645
23.3257
23.3013
23.0582
23.0564
22.6641
22.8482
23.4109
23.3059
23.2880
22.9410
23.7261
23.5420
23.3448
22.9583
22.4273
23.2123
23.3623
22.2173
23.6052
24.7006
23.3580
24.1157
24.8882
25.9516
25.2125
24.8804
24.1768
25.1046
25.7197
26.7771
25.2869
25.5815
25.7269
24.4336
24.0293
24.3594
23.4314
23.2191
23.2274
24.3691
23.1415
23.1514
23.3066
22.4851
22.4564
23.0422
22.5807
22.4715
22.5913
22.3877
22.1175
22.1112
21.9890
22.9016
22.5726
22.2003
21.2191
22.1734
21.5131
22.2887
21.9102
21.7749
21.9077
22.2080
22.0999
22.3315
22.4033
22.8281
22.3542
22.1218
22.3367
22.0914
21.7617
21.9835
22.1694
21.6743
21.9102
22.2488
21.5670
22.3509
22.0776
22.3048
23.4883
23.7195
22.9648
22.6400
24.2321
23.6557
23.6668
22.6091
22.7757
22.0751
22.3357
22.5554
22.2015
22.5348
21.8112
21.9995
22.0590
21.9726
23.1027
22.9165
23.0477
23.5709
22.9157
23.5712
22.4885
22.5521
22.9249
22.1808
22.5040
22.9707
24.1647
25.1405
23.7128
24.2029
24.3042
22.7708
22.8534
24.4098
24.2032
24.2011
23.4967
24.8360
24.4819
24.5682
24.7449
24.1511
23.4026
25.0052
24.7555
24.8423
22.9962
23.2174
22.4906
22.6616
22.9826
22.9044
23.5463
23.2728
22.9813
24.1675
23.9287
23.7718
23.7055
23.3926
22.6675
22.8871
23.2870
22.6704
22.7623
22.7974
22.8066
22.5095
23.2170
23.5770
23.4946
23.6154
23.6115
22.9639
23.0609
22.8282
24.0622
23.3914
23.2671
22.8207
23.5985
23.7030
22.6635
22.0235
21.3418
22.9593
22.5307
22.9881
22.0560
22.9450
22.7442
22.2316
22.6634
22.2763
22.2458
22.5320
21.6463
23.6415
22.3994
22.8775
22.0277
22.7828
21.5843
21.6615
23.9550
23.7600
23.3957
23.4268
22.0183
22.5219
21.6451
23.3672
23.2861
23.3358
23.4389
22.6090
23.0532
23.2809
23.7126
24.0683
23.2313
23.8767
23.6086
23.9159
23.2882
23.9553
23.2319
23.2007
23.0376
23.7020
26.0519
25.5235
25.5329
23.7267
23.7623
23.5698
22.8386
22.8611
23.1901
22.7484
23.6622
23.7327
23.3600
21.9604
22.3337
22.2982
22.7354
22.6608
23.0715
22.4345
22.3974
22.6744
22.1285
23.1503
22.0248
21.7110
22.4397
21.7428
23.1551
23.1947
22.5640
22.9080
22.6811
22.2744
22.6903
22.5714
22.4203
22.3373
22.6056
22.3333
23.1020
21.9740
22.2945
22.6932
22.7603
22.9917
23.0056
23.8805
23.4641
24.1196
22.4278
22.6141
23.0855
22.6233
22.3208
22.7082
23.0654
22.9034
22.1911
23.4906
24.7547
23.7888
22.4543
23.0065
22.7786
21.2700
22.3065
22.4797
21.6183
22.8597
21.9305
22.5483
23.6752
23.4474
23.3332
22.8798
22.5759
22.4289
22.2814
24.1912
22.9506
23.3504
22.8848
23.6225
22.4609
22.5020
22.0826
22.3867
22.6314
23.9346
22.8266
21.6169
21.7974
22.1299
21.9143
23.0783
22.5760
23.0810
22.9576
23.3947
23.1457
23.4517
21.9934
21.8711
22.6030
22.5455
21.7270
22.1101
21.8174
22.5739
22.2785
22.9973
22.7731
23.3360
23.3892
24.5165
23.0479
22.8612
23.0053
23.8545
23.7331
25.2004
24.5781
25.5511
25.2304
24.6830
24.8166
24.8794
24.9984
25.2353
22.8894
23.7159
23.4673
22.4476
22.8247
23.4435
23.9495
22.8350
22.2731
22.7179
23.0260
23.0875
23.7840
22.8325
22.1234
23.1252
21.9345
22.4876
22.9334
22.8336
22.9013
23.2233
23.8594
23.5032
23.1230
24.0242
23.3831
23.3324
23.2015
24.1569
24.5052
24.7828
24.3637
23.7372
24.9969
23.9190
25.5070
25.4292
25.6919
25.5881
25.1711
25.7087
24.9246
25.2050
25.7167
24.9100
25.1370
22.4707
22.2128
23.2887
21.8753
22.4587
21.8484
21.9483
22.3737
23.7284
25.2386
25.1848
24.5598
24.2880
26.2589
24.5862
24.3880
25.1726
26.4777
25.2079
24.9844
24.6897
25.3323
24.2147
24.8306
24.9415
25.3766
23.9948
25.6562
24.7307
24.5154
24.5648
24.1762
23.9395
24.0491
24.8070
24.1865
24.4066
25.1436
24.1683
24.6295
24.0550
24.2936
24.9663
23.6795
24.1507
24.4908
24.1217
23.5188
24.3927
25.5091
24.6691
24.7623
25.2641
25.5733
23.2262
24.7747
22.7043
22.9477
22.8161
23.0081
22.8114
23.0871
23.0558
23.0469
23.0735
23.5256
23.9051
24.2509
23.5228
22.6368
23.4632
22.3616
23.3346
22.8677
22.9545
23.1555
23.4910
22.9875
21.7520
21.2709
22.2199
23.4488
23.3335
24.0593
23.5158
24.3408
23.2556
23.9263
23.0788
23.4479
24.0912
24.1300
23.2693
23.7060
22.5654
22.6980
21.8738
23.0173
23.7574
23.8609
23.6875
23.3829
22.9958
22.9733
23.5051
23.4030
24.2505
25.1663
25.1793
24.5447
23.9004
23.4956
23.9516
25.2788
23.3182
23.3425
23.8439
23.5124
22.5778
22.6798
23.4483
23.7076
24.9207
25.1631
24.6734
24.8500
24.6693
24.8681
24.6762
25.6994
25.6987
25.7295
23.8915
23.8936
23.5302
23.4926
24.5356
24.4667
25.2261
26.2210
25.0409
25.5708
24.8435
25.1456
25.2292
24.6921
24.9359
24.4166
25.2293
25.6448
25.4763
25.0881
24.2812
24.6210
25.2810
25.3607
25.5207
24.6777
25.1206
23.9330
24.4994
23.2794
23.8143
23.8879
23.2605
23.7583
23.3190
24.0549
23.4726
23.1770
22.8435
23.4637
23.4314
23.6314
23.4956
23.9198
23.1171
23.4066
23.0356
22.9051
23.2321
23.6628
22.5686
22.8387
22.9605
23.2407
23.6783
24.0961
22.9185
24.1228
23.9249
22.6531
23.4885
23.0024
23.6807
23.5903
26.0163
25.0894
24.8540
25.3528
25.5826
23.9309
25.7772
24.8076
24.3566
24.3834
25.3161
25.8254
26.1078
24.9684
25.9510
25.5617
25.5043
26.6276
25.6704
25.8723
24.3343
26.6182
24.4987
25.1906
25.9882
26.7933
25.5102
26.0343
27.5960
26.4003
26.8012
24.4483
24.7509
25.9438
25.8963
27.2817
26.0626
26.4409
24.7999
25.5439
26.4311
25.7624
25.7780
26.1915
24.9439
24.9517
23.9409
22.7619
25.4114
25.2612
24.2413
24.8001
23.1670
24.4250
26.2716
25.1760
24.0112
23.9532
24.1758
24.4273
24.7850
23.7941
24.2801
24.0600
24.5314
24.4394
25.1702
25.3297
25.9694
25.4867
25.0693
25.0987
25.7113
24.0240
24.3979
24.4258
24.7666
25.8884
24.7360
26.1468
24.4455
23.5876
22.9389
23.8156
23.1220
22.0346
22.5690
22.7499
22.9949
22.4715
22.3179
22.6430
22.5428
22.5940
23.6220
23.0339
22.6161
22.4536
22.3612
22.0525
22.7813
22.0743
22.5975
21.9302
23.1554
22.7185
22.4778
22.0695
22.9335
22.3319
22.1557
22.7818
23.0961
23.3674
24.5450
24.5191
23.2644
24.2408
24.1334
23.0157
23.9505
24.4857
25.5391
24.7247
24.2865
25.6910
24.7192
24.2107
25.6086
25.6116
25.1721
25.3788
25.8662
24.7408
25.7769
25.4011
25.5219
24.6179
25.1104
24.3815
24.2820
23.8206
23.0963
23.4328
24.1149
23.2650
24.5595
23.9680
25.5773
24.5185
23.8274
23.4472
24.0420
24.3124
23.7306
24.9316
24.8061
24.3147
24.5960
24.4733
24.3221
23.9810
24.9236
24.3144
24.7174
24.5518
25.3457
24.0463
24.1797
23.6449
24.0450
25.2845
23.9331
24.8158
23.2116
24.0163
24.1139
23.3079
24.0726
23.9351
23.4136
24.9843
24.3715
24.4533
24.7761
24.2951
23.9132
23.9905
24.8856
24.5551
25.7934
25.9821
25.0944
25.3780
23.6217
24.1649
23.9914
23.5230
24.0166
23.8309
23.4790
24.2499
25.1676
24.7567
25.3309
24.6049
24.5539
25.2349
24.8943
25.2143
24.4182
24.0231
24.1394
23.9505
23.9601
23.8242
24.5739
25.2623
24.1920
25.4621
24.0500
23.9178
23.5361
24.4000
24.1490
25.3160
24.1335
24.6219
23.6538
24.4341
23.8002
23.7570
23.6127
23.7443
24.0630
23.8534
24.3616
24.3639
25.2697
25.1559
25.9048
25.7402
26.4441
25.1386
25.7367
26.1841
25.5021
24.1419
24.4380
26.1971
25.1150
24.9299
26.5858
27.0377
28.6362
27.8825
26.3755
26.0445
25.0945
26.0715
25.2916
25.8807
28.1016
28.0631
27.3760
25.4413
25.5530
25.1599
26.3040
25.5065
24.1497
25.8731
25.2828
27.0653
27.4973
24.3597
24.1489
24.2251
25.2884
23.7528
23.8599
24.0153
24.1424
23.6671
23.7316
22.8522
22.6287
22.8570
23.2435
23.3219
22.8757
23.1447
21.8012
21.6850
22.4420
22.2578
22.7944
23.1602
22.6067
22.4006
22.3452
22.3739
22.6001
21.6981
21.7485
23.0079
22.7094
22.4759
22.6029
22.1194
22.8327
22.6518
22.6276
22.3808
22.0162
21.9806
21.4918
22.5296
22.6385
22.8020
21.5359
22.6936
23.0899
22.3435
22.4206
22.1778
22.8639
23.2650
22.6811
22.0480
22.5732
23.3330
21.8672
22.0744
21.8516
22.9407
23.3906
22.2343
21.8784
22.3554
21.8140
21.9592
22.2149
22.1718
21.9035
22.4881
21.7483
22.1284
22.6083
22.8428
23.3246
21.9929
23.2521
22.6512
22.3917
23.0423
22.9735
22.4038
22.0052
21.7813
21.9389
21.7074
22.2056
22.7683
22.8628
21.8365
22.1624
22.3990
23.0471
22.7680
22.0850
22.1416
21.8995
22.4326
21.8755
22.4963
22.4520
22.3552
22.3073
22.2914
22.0233
21.1392
22.1366
21.9639
21.8039
22.0205
21.8699
22.5391
22.7587
22.8615
22.1711
21.8216
22.4337
22.3338
22.0095
22.4037
22.2057
21.8579
22.1207
21.6103
22.0169
22.6960
22.6782
21.7653
21.9900
22.6448
21.6136
21.6752
21.8746
22.1511
22.9406
22.5120
22.4391
22.1942
22.4934
22.1432
22.1939
22.7957
22.6283
21.7955
22.2053
21.4574
21.6919
21.9193
22.4697
22.5889
22.2414
22.2719
21.7521
22.2762
22.4302
22.1294
21.9110
22.0790
21.8118
22.7359
21.8410
22.9149
21.6146
21.5098
21.9340
22.4480
22.1975
21.5606
21.7960
22.1334
21.6354
21.8094
22.0528
22.0852
22.6757
22.4716
22.7356
22.8593
23.2848
22.2460
21.7099
22.1034
22.3105
22.0391
23.0532
22.6104
22.2094
23.0003
22.8483
22.8252
22.3433
22.4101
21.9459
22.4759
22.4771
23.2848
21.8476
22.1397
22.2032
22.0915
22.1728
22.0227
21.8094
21.8388
22.0946
22.1279
22.0367
21.6885
22.4061
21.7097
22.7878
21.6847
22.0271
22.0558
22.0609
22.1790
22.2670
21.9821
21.9761
22.0417
22.1922
22.1302
22.2737
22.1964
21.4078
22.4852
22.1874
21.7725
21.8238
21.6872
22.2871
22.0037
22.3442
21.9207
22.2718
21.7043
22.8197
21.9842
22.2808
22.0894
22.3998
21.9761
22.2163
21.9017
22.2240
22.0297
21.4252
21.6881
21.3726
21.8663
22.1522
22.5623
22.7042
22.3224
22.3651
22.3400
22.3993
22.6779
22.5608
23.1101
22.5841
22.7329
22.6783
23.3365
23.9487
23.0573
22.8971
22.8153
22.6027
22.4873
23.4848
22.2783
23.3188
23.3205
22.6177
23.1700
22.7693
22.9771
23.1452
22.9796
22.8418
22.8443
22.4364
21.9891
21.6262
22.0315
21.9542
22.3237
22.6491
22.0770
22.1682
22.4706
22.8666
22.8166
22.1752
21.6301
22.0197
21.8880
22.1510
22.0483
21.9716
22.1293
21.7877
22.4214
22.6383
22.3202
21.7912
21.8954
22.1340
21.6523
21.3657
21.8630
21.9623
22.7092
21.9914
22.3623
22.2770
22.5704
22.4597
22.5384
21.8137
21.7044
21.9671
21.6215
22.5874
21.9821
22.6033
21.8742
21.4477
22.9594
22.3395
23.4068
23.4063
23.0104
23.2724
23.4143
23.6500
23.1117
23.0301
22.8285
22.9223
22.3090
22.3779
21.7454
22.5289
22.7028
23.0349
22.7801
22.7005
21.9634
22.1401
22.0356
22.2199
22.8565
22.3956
21.8801
22.3126
22.0025
21.7283
22.2515
22.4872
22.5541
21.1756
23.0752
21.8072
21.0201
22.3930
22.4023
23.3158
22.0176
22.3359
23.1244
21.8003
22.3670
22.1768
22.3805
22.8015
22.9342
22.6749
21.7778
22.9491
22.6916
22.5763
23.2719
23.2342
22.7785
22.8238
23.2012
23.1150
22.8272
22.2794
22.8574
22.9958
22.3664
22.5156
22.5604
21.9603
23.3224
22.3094
22.8988
22.7362
23.1604
22.5887
22.5655
22.3920
22.2484
23.3342
22.9892
23.2119
23.9669
23.2208
22.7872
22.8359
23.4379
23.8745
23.1081
23.3005
24.2033
23.2223
23.2061
22.9478
22.2405
22.6587
23.4745
22.3817
23.1675
22.7571
22.6858
22.9580
22.3458
22.4332
22.9548
23.3635
24.1015
22.4283
22.8256
22.7845
22.2898
23.4692
23.7703
22.9684
23.9149
23.0852
23.9205
22.6202
23.4523
23.4954
22.5748
22.5250
23.2307
23.7524
23.6929
23.3550
23.4382
22.8667
23.1505
22.4544
22.7004
22.1097
22.1984
22.0380
21.6859
22.7412
22.5126
22.8521
23.0140
23.0434
22.4119
22.3035
22.7687
23.7824
23.3035
22.1688
23.4949
23.6384
23.6163
22.7453
23.8268
22.8580
23.5224
23.3601
23.4855
23.1159
22.9244
22.1605
22.2701
22.0491
21.9412
21.9161
21.3259
21.8461
21.3312
21.9774
22.9392
22.5397
22.3485
22.8113
22.9284
22.1186
22.5200
22.9869
21.9779
23.4842
23.6658
23.5528
23.3858
24.1399
23.3680
23.7357
24.1107
23.5372
23.5418
24.0316
23.3547
23.1637
23.7811
22.9323
23.1984
24.1477
23.3424
23.7713
23.9725
24.0738
23.9658
23.7645
25.2457
24.1119
25.2512
23.0241
22.9538
23.1172
23.5431
24.1610
23.0622
23.1089
23.0290
23.5356
23.7802
23.4664
23.9527
23.2242
22.9981
23.0096
23.7031
24.5936
23.3881
23.1070
22.5118
23.6137
22.8483
22.9442
23.3328
23.2971
22.9299
23.5511
22.7517
23.0582
22.6418
22.3973
22.5586
22.5513
22.3187
22.0577
22.1960
22.3108
21.6318
21.8178
22.8204
23.1834
22.8935
22.5455
23.4923
23.7027
24.6183
24.3174
24.1223
23.7499
23.7154
23.6211
24.0593
24.1738
22.7350
23.1365
23.0696
23.3804
23.7834
23.8404
24.4406
23.3634
22.6741
22.6845
23.1808
23.8865
23.4405
23.7887
23.1457
23.8223
24.8524
23.6292
23.8330
25.1319
25.3330
26.2761
27.5242
25.6096
26.9279
25.7408
27.3825
27.3201
27.1962
26.1157
25.9518
26.2156
25.5082
23.7330
23.7700
24.5643
24.7292
24.3370
24.4722
23.4659
23.0564
23.1449
22.0480
22.4605
23.3376
23.0987
23.1054
23.2019
23.1806
23.3959
23.7704
24.1875
24.1302
26.5367
23.2616
22.7010
22.9398
23.2778
22.5156
23.1970
23.5696
22.5294
23.5413
23.4992
24.1391
23.7308
23.2369
23.4714
23.7886
23.5970
23.0617
23.2567
24.0086
23.5019
24.0060
23.3158
22.5586
23.0447
22.7731
22.8924
22.8212
23.8824
23.4396
23.5466
22.9102
22.0379
23.2612
23.0562
22.9641
22.7195
23.0569
23.0290
22.9806
22.8787
23.4002
23.3942
23.9733
23.7044
23.5584
23.0096
22.9410
23.6376
24.3719
22.3132
23.5921
25.6382
25.3124
23.1500
24.4166
22.6248
23.1601
22.8018
23.4050
22.5885
22.9052
22.4164
23.3201
22.9930
22.7665
22.6075
22.2820
23.2859
23.2900
22.8685
22.7315
22.1902
23.1943
22.6740
22.5886
23.1600
22.7899
22.4171
23.1661
22.6688
22.4044
22.6229
22.7475
23.4503
23.3671
22.6808
22.2696
22.2195
23.4692
22.7608
22.4354
21.9316
22.3009
21.9567
21.3279
23.0340
23.0202
23.4089
22.6989
22.3964
21.9498
23.0221
22.4027
23.2664
22.4986
22.7785
23.4338
22.3530
22.2100
22.6495
23.1027
23.5705
23.1794
22.1920
22.2054
23.8460
23.5253
23.4826
22.7333
23.7552
23.5309
23.4551
23.2801
22.9535
23.4704
23.4746
23.0838
22.9444
23.3333
22.8038
24.0702
23.2667
23.5314
25.3327
25.1374
26.0479
25.9967
25.7034
24.0760
24.0748
22.8848
23.2702
24.3008
24.1320
23.7765
25.7840
24.6035
24.1969
22.2004
22.1426
22.2880
22.9519
22.6768
23.4386
23.4126
24.6712
24.7445
23.8628
22.4757
23.4032
23.2808
23.4827
23.8034
23.2282
24.5553
22.6159
23.5262
22.8284
24.2061
23.8956
23.1990
23.5813
23.5945
23.0459
22.4208
23.2623
23.9453
22.6021
23.7955
23.1550
23.4747
24.5719
23.8548
23.6063
22.9956
23.1201
22.0314
22.1841
22.2602
22.5863
22.3867
22.5903
24.1936
25.6671
24.2223
23.8581
23.9198
24.5933
24.4598
24.0202
23.9157
24.0602
23.6040
24.3725
24.9149
24.2313
25.0421
24.5250
25.1311
26.4062
25.2571
25.3163
26.4004
25.4187
25.0739
25.3793
24.7970
25.6290
25.4002
25.1093
24.6619
25.3928
25.6986
24.9693
26.2900
27.2630
27.8813
27.4559
27.6745
25.9017
25.4392
27.4019
26.5941
24.5383
23.8277
24.8713
25.4352
25.7127
26.5012
25.8244
25.6566
26.4365
27.5420
26.9119
27.8779
29.4412
29.1617
27.6959
26.5826
27.0715
26.4798
26.3853
25.5599
26.0780
26.4686
26.9963
25.1424
26.3868
25.6187
26.4453
27.0419
28.7934
27.8469
28.8226
28.6321
25.7678
27.8744
26.8035
27.8129
27.2864
28.0603
27.2054
27.7108
27.0199
26.5584
24.9080
26.2787
26.2777
25.8964
26.7775
26.5608
27.1048
27.2067
26.5127
26.2013
27.5911
26.7605
27.4436
27.9482
27.5891
26.8766
26.3312
26.8987
26.7088
26.1770
25.8464
26.4053
27.3684
27.1792
26.7411
27.9884
26.9868
27.2136
27.0175
27.1906
27.1718
27.7200
26.4454
26.7506
27.5499
26.1059
27.9431
26.8890
27.2416
26.7209
27.4717
28.1835
26.8418
27.3108
26.5639
26.0579
26.1172
27.4053
26.8453
27.9683
27.1945
28.4522
26.4816
27.0934
27.8046
26.3418
26.8614
27.9158
26.3936
26.4028
26.4251
25.6194
25.8017
26.3753
25.4118
26.8385
25.4024
27.2023
27.1288
25.8555
26.0458
26.7819
25.9876
27.3404
26.6877
28.4842
28.1599
27.9558
25.1588
25.9339
26.0495
26.0423
25.5154
27.4302
26.9820
27.3258
26.7025
28.1552
27.8047
26.6072
27.4499
28.0086
28.3237
27.9436
29.2814
25.5342
26.9794
27.8819
27.6190
27.4458
27.6713
29.8440
29.2866
29.0134
28.7527
27.3766
27.2157
29.1123
27.6943
27.2137
29.5315
27.8631
27.2956
27.8167
27.8178
27.6477
27.3796
28.6207
27.8684
26.7973
26.7571
28.1419
27.6890
29.4987
28.6506
28.7666
28.0235
28.7172
27.0280
26.2856
27.4419
27.5936
27.1346
26.9116
25.9693
27.2436
27.3910
26.6701
28.9164
27.2243
27.8129
27.1502
28.0912
27.4437
27.3477
27.4258
27.4064
27.5990
28.7502
29.4865
28.6699
29.2241
28.8156
28.6858
27.4206
28.6541
29.1429
29.0134
28.5297
28.3080
29.0854
27.7952
28.4565
27.7761
28.9789
28.9788
28.4900
29.2854
29.3523
29.4989
28.6405
27.7508
28.5070
26.6283
27.9934
27.4101
28.3525
28.5050
28.6602
28.1986
29.2022
27.4943
27.7189
27.0380
27.9720
25.2639
24.5308
24.6285
25.9579
27.1860
27.5207
26.1842
26.6739
27.0070
27.2959
28.3412
28.1134
28.3532
27.2640
27.4615
26.9094
26.8800
27.2281
28.1540
26.9694
26.6892
25.3200
25.8625
25.6863
25.3392
27.9144
26.9377
26.9221
26.9075
26.7820
26.4686
26.6180
25.7579
27.4490
26.9442
26.3165
26.5305
27.7948
26.9202
26.1999
27.7881
26.0534
27.2814
28.2627
28.3810
28.1870
28.4866
28.1976
28.0671
27.6282
28.8521
26.0632
27.5101
27.6550
27.4081
27.7855
27.4583
27.5111
26.2668
28.6360
29.3790
29.5541
28.5428
27.7785
27.7534
28.1332
26.9184
25.3869
25.4977
28.1459
27.9771
26.1376
27.7965
26.4557
26.8634
26.7705
26.8556
25.3799
25.1721
24.7902
25.3123
25.9287
25.5254
24.8399
24.6792
24.6439
23.9875
25.9422
25.5466
24.8982
24.7240
26.0470
25.8317
25.8992
27.7986
25.0795
27.4532
25.4838
26.2642
27.4269
27.0916
26.8704
27.0012
27.9562
25.4177
26.9205
27.1877
27.2691
30.2034
30.2740
28.4767
28.1436
28.4262
27.1769
25.9588
26.6045
26.8996
26.5524
27.7182
28.4619
27.2822
27.3252
27.1892
27.5273
26.4010
27.6731
27.3448
26.4785
25.5307
26.0882
25.3263
26.0595
26.8708
26.3763
24.5609
25.2459
27.4920
26.4737
27.3889
25.8960
26.0511
25.8225
25.2882
26.0468
26.1659
25.9040
24.8319
26.0760
26.4352
26.5340
26.1561
26.2694
25.3292
26.3944
24.7665
24.4259
25.0287
24.5764
25.0983
27.2967
26.3020
26.3236
26.3348
25.8152
26.8018
26.5479
26.5230
26.1708
28.4455
28.6820
26.5343
26.7543
25.4181
25.3065
27.4638
27.7037
27.6692
28.5012
26.3745
28.9591
26.2101
27.9114
25.9110
26.8514
26.9075
25.2674
25.8203
26.3295
26.4693
26.9123
25.7252
26.6030
26.5103
26.8829
26.6617
25.8983
26.2117
28.4807
27.0898
26.1001
27.5846
26.4788
27.8653
28.7044
30.0796
28.9009
27.5830
29.1469
26.2413
26.5916
27.4463
27.8613
27.2193
26.9548
27.1013
28.5946
29.6081
29.1843
30.1522
28.8821
29.1224
28.5538
27.1571
29.4132
27.4225
28.3732
30.6930
29.0176
28.7221
27.1024
29.9094
27.8778
29.3255
29.5317
30.1379
28.8503
27.2555
26.4149
26.1667
29.9799
26.4037
28.1140
27.3403
26.1075
27.1211
26.1730
26.1060
25.8646
24.8656
25.5435
25.6388
25.9323
25.5241
26.3211
25.9169
26.6812
26.7223
25.7331
26.5844
25.6632
26.2201
26.2689
27.0533
26.3385
27.0422
27.9442
27.9062
25.1654
26.3096
26.3413
26.1578
25.8308
25.4494
25.8672
25.5161
25.0447
28.2410
26.1090
26.7274
26.5373
26.3287
25.8673
24.9906
25.6206
26.2381
26.8991
25.5902
26.6550
26.3987
26.5946
26.2092
27.1629
26.4260
26.7259
26.1178
26.6288
25.9807
26.5931
26.0668
25.2365
25.6563
25.6037
25.6150
26.6637
25.9017
26.3967
26.5076
26.3353
25.7380
26.0247
25.1735
25.4756
26.3251
26.8005
28.1793
28.1468
27.8619
27.9985
26.3771
25.5186
27.8978
27.1238
27.1445
28.5796
25.9878
27.6923
26.5057
25.6873
25.6991
25.2889
26.9843
26.6151
26.6512
27.9270
26.9725
26.9867
27.3514
27.1648
27.1917
25.6888
26.7208
26.9999
27.8491
27.9298
27.0520
28.9914
28.2666
28.2126
28.9429
29.0268
28.6659
27.2779
25.5311
25.5500
27.2349
26.8618
28.0034
27.3032
27.7602
27.3904
28.7488
29.1707
27.8895
27.6740
27.1666
26.8302
27.9583
27.7751
27.9876
28.4947
29.1040
28.1663
27.4489
25.7855
25.2622
26.0542
27.2953
26.4530
27.4591
26.0556
25.8075
26.7932
26.9885
27.1343
26.8954
25.7738
25.6267
25.8101
26.2054
26.5655
25.3841
24.8605
25.6755
27.2550
25.7059
25.4868
26.0754
26.1149
26.0525
25.2255
24.9584
25.1102
25.1743
26.2102
25.4315
27.0847
26.4299
26.6568
27.1608
26.0238
27.5424
27.0955
30.3803
28.3156
28.4865
27.2973
28.4612
28.1254
27.3991
27.5064
28.7674
28.2213
28.7177
28.9794
28.1329
28.7633
27.2434
27.0011
27.8109
28.1216
28.1055
27.6667
26.4514
25.8333
27.0004
28.4818
27.3783
28.9539
27.2515
26.0318
27.1228
27.2645
28.0863
26.6987
26.7034
26.8935
26.8529
27.8526
25.5376
27.5236
26.3220
27.5834
27.7015
25.9896
25.9032
26.9254
27.2734
27.1449
26.9062
26.3911
26.3803
25.8178
26.3791
27.7461
25.9982
25.4480
26.4118
26.4600
25.9494
26.2972
25.8190
25.5747
26.0990
25.7967
25.4060
27.5907
25.1265
25.2010
25.5495
25.8003
25.4847
25.6852
25.2541
25.1674
25.6339
24.9521
26.3392
25.7452
25.8650
25.8253
25.2247
25.8028
25.1441
24.5227
25.4293
24.9680
26.0012
25.4219
24.9764
25.2911
25.3093
25.2826
25.1120
25.0064
25.1595
25.1493
25.1306
24.8506
25.3624
25.6245
25.9504
26.4214
25.5295
25.7877
25.5686
26.0345
26.4897
27.7067
27.0223
25.4554
27.0401
26.4223
26.7794
25.5771
25.2907
25.5967
26.7963
25.4408
24.8031
26.6172
26.8364
26.0652
26.5875
25.9360
26.0611
26.5974
25.1582
25.9145
26.8069
26.9103
26.5854
26.6543
26.4010
25.0941
25.4251
26.1649
25.6532
25.6201
25.3270
26.1525
25.7762
25.2010
24.7591
26.3707
26.4915
26.7794
25.1628
25.5946
26.3470
25.3351
26.1414
26.7097
26.2447
25.9708
26.2800
25.5020
25.4951
27.0853
25.5114
26.1753
26.6253
26.1608
26.2146
26.5720
26.0368
27.0367
27.0669
26.6249
26.2274
26.9831
26.7662
27.5314
27.9536
26.7748
26.1476
25.7567
25.1042
24.8954
25.0058
25.1995
25.6746
25.2093
25.9220
25.0417
24.7183
25.2271
24.3115
25.0780
24.6082
24.8503
24.5286
24.3166
25.6066
24.5063
24.4363
25.6495
25.2869
24.3466
24.8742
25.0280
25.1763
25.0381
25.0541
24.7148
25.2613
24.9472
25.0258
25.2899
24.9419
25.6435
24.7367
25.1024
25.6669
25.5820
25.7348
24.9225
24.5914
25.6770
25.8741
25.0693
25.3005
24.9888
26.2608
25.4798
25.3451
25.9672
27.2289
26.1849
26.5219
25.7014
25.3365
25.7755
26.0212
25.7121
25.8986
26.5158
25.7094
26.4097
26.0101
25.7660
26.0834
25.8663
26.8444
25.7313
25.5034
25.5232
25.9035
26.0413
25.5960
26.5734
26.0117
26.4011
25.5144
26.1250
25.4375
25.5003
26.3402
25.5154
26.0718
26.9147
25.9793
25.5352
26.5355
25.5711
25.7975
25.5620
26.2668
26.2162
25.6378
25.1739
25.5603
25.5896
24.7958
24.7742
25.0647
25.8320
26.1959
24.9152
25.5976
25.8756
25.9341
26.1433
25.4304
24.8504
25.5776
25.4577
25.3192
25.3904
25.8548
24.7120
25.9607
26.2906
25.3802
24.8309
25.1495
25.3907
25.4955
25.2829
25.1785
25.6440
26.0318
25.9020
27.3106
25.9275
25.0079
24.9845
25.4315
24.9423
24.5825
25.1208
24.8067
25.0220
25.6710
26.3625
25.5008
26.1351
25.7435
25.8235
25.9812
25.1238
25.0415
25.0283
25.3422
25.2245
25.4837
25.0884
25.9654
25.0603
25.1436
24.5326
25.8888
26.3871
25.3833
25.9655
25.5758
25.7962
25.3929
25.0807
25.6833
24.7220
24.9705
24.5795
25.0705
25.0270
25.7332
24.9450
25.5353
25.3035
25.3036
25.1232
24.5274
24.2351
25.9264
25.2581
24.1385
24.4391
25.0078
24.3049
23.7540
23.6554
24.6086
24.9692
24.7954
24.3586
24.1844
23.8040
23.6028
24.9168
24.9197
23.5537
24.4108
23.8739
23.3318
23.3922
23.8665
23.1180
23.7606
25.4130
24.2120
23.9968
23.8504
24.4806
25.0559
26.1712
25.2077
26.0667
26.1830
25.2962
26.1755
25.0901
25.8653
26.5165
25.8793
25.4078
23.9823
25.4529
24.8046
24.7167
26.9940
25.7638
25.9520
25.4551
25.9608
25.7924
24.7627
26.8382
24.5387
25.3485
28.1207
27.1087
25.2211
26.1657
25.9086
25.3644
25.7693
26.0428
28.7434
28.3838
26.1536
25.7923
23.4480
22.9204
23.4945
23.6262
23.3967
23.8944
24.9755
23.8476
23.9989
24.3157
24.5838
23.4426
24.0633
24.6200
24.1149
24.2107
24.5584
23.8742
24.3705
25.3628
24.8319
25.4963
26.3237
25.7775
25.9234
25.4425
26.8528
27.3164
26.2089
26.5510
26.6271
27.6080
25.8940
26.7797
23.0755
22.8270
23.0880
22.7806
23.0200
23.1024
22.0379
23.5750
22.3700
23.8580
23.1287
22.6570
23.1486
23.3924
23.5742
23.9036
23.1232
23.3399
23.0675
22.8769
22.7893
23.0936
24.9897
23.9643
24.9850
25.3196
24.2522
24.2593
23.8090
22.6631
23.7307
23.4686
22.7152
23.3678
23.2822
23.4443
22.5655
23.6573
23.2057
22.9315
24.0028
22.9848
22.4141
23.5225
22.8311
23.2833
23.6811
23.7178
22.8885
23.5220
23.3830
22.9776
22.0265
23.5298
23.4383
23.6892
23.6562
24.0050
23.1335
24.1213
23.0606
22.5045
22.9927
21.6062
22.5541
22.5929
23.2376
23.5467
23.1910
23.3929
22.7585
22.7213
21.9844
23.1175
23.2403
23.2833
23.4633
23.3201
23.4750
24.3089
24.8640
25.2402
24.7934
25.5454
25.8755
26.4617
26.3769
26.8633
26.4857
24.9026
24.7307
23.8979
23.9592
25.4721
25.6482
23.5719
25.9018
25.8631
26.7218
25.9358
25.6342
24.2079
24.7950
26.5106
25.8199
24.4039
24.7319
25.5861
26.2409
24.6742
24.1048
23.8900
24.6606
25.6870
25.0405
25.3367
25.0985
25.0236
25.0863
26.6799
25.0913
26.4097
26.8268
26.6271
25.8708
24.7191
27.9734
27.0658
26.1389
26.5297
26.0611
28.7783
29.0932
28.1321
29.4089
30.4715
28.4260
29.3326
28.0275
27.0445
26.9248
27.4204
27.7042
26.0010
26.5106
25.7242
26.4169
26.0744
25.9286
26.1850
25.6830
26.1963
25.3366
24.5323
24.5042
24.6492
24.0711
24.6039
25.0912
24.4677
24.4870
24.0486
24.5026
25.2152
25.0883
25.4569
26.1361
26.8577
25.1572
26.0400
25.3388
25.5323
25.4108
26.1372
25.6923
24.5518
24.9101
25.3935
24.9765
24.8680
25.5695
26.2689
25.0384
24.8508
26.4664
25.5981
25.8068
24.4940
25.1576
25.1533
25.8087
25.0784
24.7059
25.7490
24.3446
24.1941
25.9759
26.2790
26.1696
26.5267
26.1051
24.2500
23.5140
24.2051
25.3855
24.5762
26.1108
25.1130
25.6941
25.5814
25.0149
25.7246
25.8593
26.2763
27.1729
27.1072
27.6299
27.0237
26.1451
25.9872
25.4261
26.6226
26.5337
25.6548
25.6667
26.1257
24.6533
25.5919
25.1481
24.4346
25.6585
24.5362
25.2761
25.8532
25.8239
26.3913
25.8113
25.0172
25.4099
25.8112
24.7866
25.9353
26.2790
25.2754
26.3371
24.7769
24.7777
25.1379
25.0577
25.1153
25.1145
25.6241
25.6140
25.6244
24.9292
25.3158
24.9945
25.0625
25.5484
25.1478
25.5040
24.6554
25.9937
23.9870
24.2898
24.3668
24.3156
24.4439
24.2785
24.1542
24.2176
24.5031
24.9381
25.3657
25.4072
25.7186
24.2536
25.6079
25.5908
25.3865
24.8422
24.7605
25.0305
25.6891
25.4676
24.9457
24.8634
24.0687
25.2217
24.5734
25.2616
24.6041
24.5609
24.8677
25.4601
26.2361
25.5448
25.6654
25.8477
25.3513
24.5214
25.7671
25.5156
25.6724
24.7306
25.6449
25.2490
24.7311
24.5638
25.2287
24.3006
24.8335
25.4979
25.1707
25.2934
25.6753
24.8196
24.6635
25.6226
25.9761
25.6310
26.3613
24.7444
25.1224
26.5562
22.8162
24.2202
24.3655
25.0614
25.4013
26.4280
25.7496
25.4835
25.9216
26.4932
24.9882
24.4230
24.4973
24.7892
26.1315
26.6892
27.8481
27.3540
27.7663
27.2589
27.2156
27.0213
27.4381
28.2883
27.8545
27.1578
25.7735
25.2061
26.2410
25.3845
26.0967
25.4103
25.3600
26.4542
26.9772
26.7404
26.1670
27.5396
26.1688
25.8106
26.8883
27.4551
26.5516
25.3856
24.3595
24.9538
25.1397
25.2796
25.9465
26.1487
26.1583
26.0245
25.6853
24.9289
24.7896
26.5119
25.9179
26.6975
26.3793
25.7366
25.0576
25.4173
25.2667
25.7401
26.3830
26.7270
26.6467
26.3208
25.1772
25.5857
26.2972
26.0787
24.8008
24.8720
25.4557
24.9872
25.3230
24.4680
24.9194
24.4027
24.7239
24.8810
26.0220
25.4955
25.3124
25.8465
25.4124
25.1655
25.8069
25.7787
25.9333
25.8564
26.0462
25.4078
24.8024
25.2593
25.2055
25.8022
24.9981
25.2653
26.0298
26.6178
25.6600
25.4422
24.8583
24.9623
25.3839
25.1858
24.3262
24.7525
24.5324
26.1101
24.9735
25.1801
24.9196
26.0297
25.8548
25.2315
25.2886
25.2926
26.0028
25.5035
25.5263
25.6540
25.8979
25.4000
25.7615
26.3794
25.5073
26.0761
26.3110
25.4014
26.0155
27.0432
26.2478
26.1256
25.8742
26.3775
26.2055
26.6030
26.0650
26.0774
25.7898
26.7006
25.9858
26.8970
27.1135
25.9917
26.7708
26.2999
26.6281
26.9332
27.8298
26.7685
27.0605
26.1798
27.7397
27.4412
26.2185
26.2500
27.7610
27.2080
26.7495
28.2448
27.4722
27.1912
27.6148
27.5464
27.7948
27.8052
26.5043
26.7701
26.1855
26.6254
26.7006
26.7764
26.6734
25.7374
26.3162
26.7065
26.7035
26.4914
26.3173
28.1454
27.0427
25.8867
24.8520
25.3271
25.0503
26.2362
26.2551
26.4872
25.1365
26.9997
26.1096
26.3337
25.8609
26.0569
26.2392
27.5230
27.6808
29.0493
30.1289
26.1915
27.0942
27.2062
28.3719
27.7586
28.1464
27.0072
26.9344
26.3312
27.0446
26.7239
27.3421
26.0710
26.5188
26.4442
26.0022
25.9138
26.5399
27.0570
26.7680
26.8405
25.9973
26.6595
26.5464
25.7257
26.2745
26.3112
25.9388
26.0986
26.4896
26.1886
26.7665
27.0602
26.2149
26.5305
25.8923
26.2956
26.2683
27.3842
27.4358
27.6007
27.1988
27.5410
26.2613
27.3952
28.0118
28.5008
28.0053
26.8348
27.7903
26.3217
26.3564
27.6156
28.0626
26.2816
26.3976
27.7067
27.1564
27.5728
27.2999
27.4650
28.5267
28.3348
30.3838
27.6025
28.5651
30.6999
28.9898
26.9497
29.4860
27.8509
28.7330
28.3125
29.0659
27.6324
28.6354
27.3824
27.4724
29.1531
27.3699
26.9533
27.5102
26.5004
26.2179
26.9636
27.6796
25.5609
26.8431
27.2316
26.2659
28.0338
29.0369
28.2050
27.2581
27.1663
28.8695
29.3340
29.1194
29.5516
27.6055
27.9303
29.0395
29.1430
28.1787
29.1685
30.4048
27.3758
27.9795
27.7063
27.0284
27.4864
29.3936
26.9602
30.6312
28.7286
28.7562
28.6658
26.3269
26.3822
28.0748
26.1993
24.5303
23.5243
25.8848
26.6818
24.3399
25.9184
26.8868
24.9311
27.6923
27.8590
26.1671
28.2012
26.7815
25.2194
24.2796
25.3217
24.7427
25.9054
26.0588
26.6462
26.7407
27.4930
26.6758
25.4199
26.4608
24.3604
25.3685
24.0401
25.5022
28.4143
26.7824
27.0521
27.2141
26.3343
26.4587
25.2817
25.6121
27.0485
26.1734
25.0660
24.5449
26.7265
26.3248
23.6832
26.2081
26.6240
26.5726
26.3950
25.9891
25.7367
26.6714
26.7569
27.4884
26.1020
26.8782
25.2898
26.3818
25.7526
25.8281
28.5422
26.8733
26.6907
27.0284
25.2369
25.6085
25.2198
26.8639
27.1972
27.9284
27.9161
24.6160
26.2621
26.4632
25.3312
23.3256
24.2291
25.3632
26.6632
25.4678
26.6677
24.5232
25.9039
26.4044
23.5317
24.0831
24.4441
26.0598
26.2381
27.5382
26.0483
25.9136
25.4930
25.8642
25.0701
24.9811
25.6159
26.1407
25.0384
25.9139
25.1062
25.6048
27.2530
26.7464
27.2760
27.5181
29.7535
28.8461
30.6661
28.8534
30.1714
29.2201
27.5723
25.7495
28.1310
29.4182
29.1355
27.6711
27.9637
28.3882
27.4930
29.3775
29.0085
28.8453
28.7541
28.1470
28.5527
26.7113
27.2395
29.2244
27.2936
28.5330
28.8503
26.3645
25.8952
25.9870
25.6794
27.6814
27.4034
25.6126
25.3156
23.0449
24.6796
25.3950
24.5363
26.0925
26.3541
26.0048
26.2745
26.4624
25.5312
23.5143
26.6033
24.6938
23.9669
26.5030
26.2039
26.5047
26.6573
25.2445
27.4707
26.5522
27.0318
26.2492
25.8698
26.8470
27.0976
26.7862
27.2410
27.0864
26.2503
29.2086
28.3731
29.2812
29.2907
28.4531
26.4884
26.8740
28.0401
27.5489
26.0768
26.8778
27.4734
24.9671
29.5045
28.1186
29.2252
26.3988
26.5319
27.4355
26.5673
26.9042
26.1770
26.8145
25.3760
27.7653
27.4954
26.4351
26.1508
27.4266
27.0660
28.0370
26.0700
26.1807
27.3387
25.6988
25.6907
26.2509
25.6770
27.2932
27.3122
26.6054
25.4083
26.2731
26.7648
26.3717
25.7236
26.3434
26.4689
26.2354
26.6344
26.7084
25.8365
25.4798
26.2913
26.9436
27.1076
27.3151
26.2472
26.2490
24.5585
26.2990
25.4973
26.8335
25.7816
26.4612
26.3315
26.5200
25.8641
26.5456
25.8433
26.9743
27.5670
26.5047
26.5999
26.9968
26.8367
27.1087
26.2015
26.1229
25.5990
26.4997
25.7804
25.4813
24.8660
26.0972
26.7644
27.0191
26.9035
27.9358
24.5773
25.1766
25.6080
24.3988
25.0481
25.1512
25.8333
25.5489
23.9924
24.7234
24.8900
24.4058
25.6149
25.7806
25.8422
25.5663
25.4916
24.7512
24.6831
24.8212
24.8294
24.5600
24.4568
24.8449
25.3175
25.0102
25.7821
25.0370
24.4146
24.6903
24.7103
24.6830
24.4813
24.9725
24.3723
24.2971
24.1729
24.5913
24.3659
25.1036
25.6488
23.8176
25.0798
24.8216
23.4252
25.6736
25.3859
24.6856
25.4332
25.3289
24.4021
24.6144
25.2018
25.2343
26.5037
25.8105
24.7474
25.0882
26.1204
26.2060
26.3116
25.7022
25.3461
24.8886
24.0531
22.7681
24.4126
23.7172
24.8547
24.8895
23.9943
24.3938
24.2280
24.6790
23.3393
24.4562
24.5956
25.0804
25.1264
24.7443
23.7321
25.8637
24.4061
25.4384
25.4767
25.9615
26.1986
25.9397
26.1074
26.2794
26.3506
26.1133
25.9329
25.5639
27.4878
27.0444
25.3651
26.5046
26.1096
26.4139
26.6867
26.6739
26.0678
25.2843
25.2540
26.3594
24.7159
25.3510
26.0473
25.2005
26.7059
25.9875
26.7657
25.6923
26.0640
26.1372
28.1456
25.7711
26.2376
27.5384
25.6987
26.9451
27.1328
25.6719
26.9855
28.0325
24.7500
24.4333
26.0138
27.2674
27.1350
27.6528
28.8766
27.2114
26.0007
28.5890
26.3019
26.8753
27.9286
26.0191
27.3275
26.6550
26.8571
27.6237
25.3964
25.7025
26.7855
25.4850
25.2571
25.6805
25.4457
25.9876
25.6360
26.9045
27.1066
26.7891
26.0425
25.3744
25.6875
25.7612
24.8601
26.0305
26.2345
26.4338
27.3311
25.6170
25.6510
25.9052
24.8456
24.0516
24.0216
26.0926
26.5194
26.0596
25.0603
26.0580
26.0183
25.5306
26.0557
26.7545
26.2416
26.3669
26.6642
25.7005
25.8635
26.0464
27.0226
26.0834
26.7781
26.3531
26.2251
26.0442
25.3829
26.0322
26.3209
26.9820
27.2325
25.8875
26.3724
26.5121
27.4718
27.1238
26.2395
26.1399
25.6360
25.2738
25.1241
25.9717
24.8079
25.6717
24.9532
25.7826
25.6552
24.3309
25.2800
25.5104
25.6372
25.6210
25.3653
25.9844
25.4004
25.8992
25.3719
26.1387
25.2463
26.1356
26.1720
26.4467
25.6799
26.0691
25.2487
25.7296
25.7642
24.7964
25.0942
25.2418
25.8337
25.1872
26.0708
25.7019
26.7364
26.5659
26.4536
26.5969
26.5667
27.1445
26.7727
25.3268
26.0211
26.2749
26.3445
25.5712
25.7517
25.3975
26.4307
25.5273
25.1670
26.6508
26.6305
27.5110
26.9702
27.2548
26.7182
28.2029
27.5924
27.5485
28.1369
26.9699
27.3951
27.2227
26.9512
27.8011
26.0767
26.1978
26.0796
25.6984
26.0250
25.4418
25.2332
26.3053
26.8936
26.3303
26.2519
26.8428
26.5690
25.6158
26.1115
25.9904
26.2280
25.6258
24.8746
26.8254
25.4920
25.1066
25.6529
25.6975
26.0243
25.2220
26.3325
26.2752
26.4542
25.7372
26.2504
26.2476
25.7544
25.9159
26.3532
24.9611
23.4445
24.8378
25.3656
25.6437
26.0294
25.8466
25.0866
24.7126
24.5793
23.5875
24.2865
24.2401
24.4989
25.4071
25.9298
24.4977
27.9637
28.2377
27.4884
27.4329
28.1136
27.1558
27.8324
28.9408
27.7012
27.5196
28.0905
27.4531
28.0367
26.2499
28.3044
27.8218
27.0272
26.7556
27.1658
27.0106
26.9215
27.1344
26.1733
28.1720
25.2952
26.4554
26.1994
25.8670
26.1845
26.4699
25.9970
26.3624
26.7607
26.2406
26.6784
26.3659
26.0065
26.0046
26.3044
25.8520
24.8206
26.5031
26.4134
26.3840
26.2914
26.3777
26.0290
26.5478
26.7165
26.8686
26.7442
26.0940
25.8541
27.4311
27.1227
26.6094
27.5726
26.9861
26.5497
27.1232
26.8304
27.6652
25.9599
25.1608
25.4118
23.9382
27.9764
26.9904
28.8097
28.3147
28.2350
28.1398
26.0306
25.7876
27.1725
26.4292
25.0370
24.7880
26.2681
26.2834
26.5238
26.7508
27.1567
25.9874
25.5472
25.3136
25.6218
25.7328
25.4345
25.5647
25.7148
25.6234
25.7263
25.2360
25.9346
25.9432
26.4535
29.1576
26.0143
28.4324
28.4038
27.7030
27.7169
26.8191
28.4141
28.7555
27.6762
27.1840
28.3333
27.6456
27.4025
26.6009
26.3107
27.0670
27.1536
27.0149
26.9942
26.1708
25.9095
26.7484
25.8059
26.8323
25.9454
26.2027
27.9395
27.4740
26.4670
24.8757
25.2819
26.6976
27.1891
27.6645
27.6194
26.5805
25.6304
26.7420
26.9889
26.8988
26.5190
26.8412
27.1340
27.0388
26.9745
26.9296
26.5307
26.9349
26.4466
26.2623
26.2793
27.6882
27.0710
26.8131
27.1102
26.7186
26.4594
25.1476
26.3554
26.7478
26.8046
26.7844
26.0756
26.4107
26.1369
27.4581
26.5484
25.8556
27.2015
25.9935
27.0676
26.2904
26.2520
26.3963
26.8858
26.1893
26.3612
26.5285
26.3763
28.1211
27.1857
26.9756
25.8467
25.9723
26.5134
28.2156
27.0963
27.3754
27.6165
29.2623
27.8473
27.8497
27.8457
27.3466
26.8430
26.8934
27.2996
28.3573
27.1686
28.2084
27.8756
27.8391
27.6390
26.1272
27.0093
27.1361
27.1428
26.8766
28.8968
27.3624
27.0696
26.7747
26.5417
27.2845
26.0842
26.8340
25.8626
26.7540
25.9941
27.1579
30.1558
26.9014
25.5109
28.3672
28.5627
26.2848
26.2538
26.8307
27.4488
27.0838
26.4627
25.4903
25.5606
25.4007
25.9691
25.1325
25.6114
25.9701
25.5099
25.8527
24.7061
25.0185
25.0931
25.8319
25.6210
26.5411
26.2774
26.3567
26.4264
27.6420
26.0473
26.2650
26.4435
27.6093
26.4164
26.1759
26.5801
26.6384
27.3700
27.2448
25.3683
25.8331
27.7670
26.6947
26.8303
26.6475
29.2478
28.1094
27.9255
29.0012
27.8068
27.1321
29.6622
29.7077
27.0655
28.0423
27.6894
27.8256
27.1168
26.4225
27.1993
27.1710
26.8628
27.5310
27.5235
23.7472
25.9207
26.7176
26.0303
26.0665
25.8016
25.6388
25.6687
25.8632
26.3762
25.5662
26.1273
25.6199
26.0751
26.2301
25.9648
26.3772
26.5331
25.9102
25.3282
24.8408
25.8997
24.8171
26.1544
25.5260
26.5483
27.4280
26.4338
26.0287
25.9910
26.0997
25.4771
25.8688
25.6206
25.3117
25.6994
26.3367
25.0527
26.4880
25.7190
25.7432
25.0661
25.0862
26.5426
26.6536
26.7506
26.6456
26.4239
26.6957
26.8010
27.6409
26.4787
26.2789
26.1026
26.6909
28.1181
27.5894
26.5120
28.8192
28.0331
28.6227
27.4329
30.1003
27.6897
27.8276
27.1746
28.5190
27.9467
27.4893
27.2000
27.2488
27.9345
28.7860
27.8994
28.1513
28.0312
27.9000
27.1909
27.0888
27.2009
26.8873
26.6048
26.6314
27.8413
27.7228
27.7530
27.6775
27.6988
28.0182
26.5443
27.3401
27.9163
27.9520
29.0905
27.6477
28.6374
29.2998
27.1989
29.1535
28.7041
28.0406
28.5096
28.7247
29.4404
28.1000
25.0048
27.2651
28.2562
27.6416
28.6425
28.2457
26.9493
28.9792
28.7418
27.4857
27.5184
28.0229
27.9815
27.7171
27.3437
27.7043
27.9251
29.1160
28.0057
28.4166
26.8619
27.9431
28.2997
26.7840
27.2505
26.9513
26.4397
26.7185
26.6685
27.5968
26.7199
28.0332
28.0240
28.4416
28.9183
29.0793
27.5041
27.5656
28.5242
27.4258
27.1504
26.3437
25.4836
26.6386
28.4113
26.5325
26.4946
27.5128
27.1788
24.6965
27.9899
27.6608
25.9841
27.8480
29.0017
27.2099
28.6762
27.4508
26.9253
26.5011
27.1782
26.2371
27.4547
26.7869
27.5193
27.1470
27.5153
26.3563
26.3824
26.1272
26.4047
26.1565
25.4497
27.8866
27.2737
25.5121
25.2725
28.4163
26.3606
27.5727
27.4457
27.7552
26.9885
26.9665
27.2210
26.6909
28.0111
27.7105
26.4808
26.0856
26.7416
26.6425
27.2582
25.9796
27.0399
27.6889
25.3769
27.7738
26.0529
26.8641
25.5773
26.8571
27.0691
25.0042
26.8008
26.5010
25.5163
26.0599
27.0919
26.4517
29.3197
30.5026
28.5823
29.9188
28.1658
27.2833
29.2323
28.4508
26.2614
28.7591
30.1308
29.4594
29.9183
28.3744
28.7241
29.7661
29.3505
28.9007
28.1260
30.2892
27.9317
27.5996
25.7454
27.5091
30.1540
29.3072
29.4990
28.1889
28.3359
27.9621
25.6690
26.1059
25.0310
25.2619
26.0767
26.6487
24.9421
24.5388
25.1373
25.9144
26.0476
26.5614
26.1568
25.8372
25.7837
25.4610
24.3262
23.5084
25.6146
26.2286
28.0227
27.1806
26.0156
26.0632
25.7123
25.6804
24.4522
25.3962
26.1574
27.0402
27.6383
27.3907
26.8350
28.2883
27.9432
27.5845
27.8469
28.6815
29.0777
28.4808
27.6722
26.3538
27.5724
27.5118
27.7520
28.1077
28.3424
27.5255
28.4514
27.3005
28.8860
26.8480
28.0799
27.3619
26.7003
26.0930
26.0864
25.6497
26.1077
26.4278
26.6001
26.0388
26.2425
27.0761
25.8959
26.0340
25.9384
27.4852
26.5692
25.9357
27.9526
26.9208
25.9887
25.1908
25.2678
24.9454
27.6630
26.7601
26.2564
26.7160
26.1311
25.3919
25.4000
25.3874
25.2144
25.8119
25.2394
25.9854
26.0752
26.3021
26.2797
25.4506
25.6320
25.6183
25.6687
25.5815
25.4658
25.6478
25.9371
25.7304
25.1087
25.7019
25.9371
26.0188
25.4244
25.2193
26.0775
25.8401
26.1289
25.5251
26.6419
25.7551
25.4236
26.6229
25.6424
26.5131
26.0599
25.6448
26.0476
26.5535
26.4379
26.3971
26.4250
26.8278
27.2857
25.9788
25.5146
27.7287
25.4737
26.2629
26.3546
25.7385
26.5650
26.5676
25.9619
26.5266
26.4385
25.6664
25.3152
26.3988
24.7881
25.5974
26.0012
25.0744
25.2227
26.4119
25.1624
26.2010
26.8216
25.9339
25.4532
26.3647
26.4155
26.4448
26.0996
27.1423
27.3606
26.6797
26.3185
26.5209
26.1951
25.7956
26.4290
26.4706
27.0776
27.5240
26.6623
26.4925
27.0564
25.6803
25.4481
26.1813
26.3546
25.2514
26.0245
25.0795
25.9187
26.2000
25.8676
25.5056
25.2005
26.2089
25.5762
26.3279
26.3632
25.9514
26.5877
25.9980
26.0413
26.8485
26.7902
26.9157
26.8984
26.8725
25.9282
26.4159
25.8907
26.9859
25.9680
25.5276
25.3661
26.2525
26.0884
25.1856
25.2179
25.2955
25.1493
25.9512
24.6182
26.0763
25.8608
25.1746
25.8416
26.5396
26.8199
29.0129
26.5378
26.1886
26.5855
26.5751
26.8530
25.9160
26.6478
26.3636
27.6706
28.0500
27.0402
26.2772
25.7831
24.7985
26.1917
25.8255
25.5621
27.2490
25.9883
25.5406
25.5702
25.9388
26.5026
26.5558
26.4858
26.2347
25.5878
25.4190
26.0354
26.4040
27.1376
26.4516
26.2052
26.9054
26.3874
27.3395
26.3208
26.3185
26.7875
25.9103
26.4140
27.6271
26.7735
26.5366
25.9154
26.5915
26.1354
25.2704
26.7280
25.5969
25.5903
25.5770
25.6958
25.7057
25.7382
25.4641
26.1045
30.5418
30.0367
28.4818
28.4018
27.0562
27.2668
27.4305
27.5747
25.8354
27.0131
28.1017
26.4144
26.4751
27.2461
26.2586
26.9548
26.8639
26.1045
26.4997
25.0256
25.7842
25.7184
25.8258
25.9805
26.0946
26.0565
26.6577
26.4303
26.3646
25.5623
26.5129
26.2581
25.9491
25.5098
25.8833
26.7766
26.7952
26.2699
26.5961
26.4726
27.1540
26.7325
26.6931
26.5195
26.9393
26.3258
26.3125
25.7089
26.4984
25.8624
26.0406
26.8884
27.8918
25.6792
26.7480
25.4029
25.9879
26.4022
26.1919
27.1710
26.5279
25.7713
27.1933
25.6289
26.7070
26.6980
25.5500
27.7960
26.3849
27.6151
26.7893
25.0478
25.4220
25.5909
25.8881
25.4599
26.5389
25.9720
25.9036
26.3172
25.6663
25.7536
25.9690
25.2499
25.4323
26.5894
26.6371
26.4934
26.2324
24.9098
25.2153
26.0806
26.8029
26.8715
24.9126
25.3389
25.9000
26.8336
28.6494
28.4290
27.6419
27.6849
29.7717
28.7346
29.6161
28.7762
27.2110
25.9551
25.7562
26.1362
25.7807
26.9186
26.1091
27.8285
26.1730
26.2061
25.5836
26.9698
27.2707
25.9893
25.0383
24.7331
23.7922
28.3770
27.1567
29.0322
27.0223
26.2736
24.1474
23.2570
24.1559
23.5440
23.2809
24.5374
23.7482
24.0490
24.6033
24.3682
23.7700
24.2684
23.9671
24.3423
24.2826
24.7153
23.8118
24.0551
24.0201
24.4765
22.9940
23.7169
23.8729
23.6266
24.0565
23.8952
24.6477
24.4113
24.3119
23.6685
23.7402
23.1751
24.2661
24.0361
24.3968
24.2660
23.9934
23.6052
24.6792
23.9196
23.8016
24.2756
24.1628
23.8915
24.5624
24.3947
25.2343
26.5502
27.7009
26.2543
28.9696
27.4878
27.3283
27.8771
26.5653
26.4907
26.4833
26.8166
26.6940
27.3832
27.2172
26.0049
27.4493
27.3901
24.5045
27.3659
25.6955
27.8731
26.2991
27.0523
26.9461
26.7137
26.6400
27.1761
27.0795
26.7377
26.3707
27.0588
24.8015
25.3093
25.3152
26.0366
26.8179
27.2892
27.2829
28.5072
25.8128
27.2439
27.4242
26.3692
27.2480
25.8768
27.1903
27.5109
26.0339
28.6003
29.0218
28.4336
27.4581
26.9403
26.4444
26.3263
28.1831
29.3211
27.6581
29.0297
30.5386
27.8553
27.2451
27.5004
26.1198
27.1128
27.2897
28.6771
27.6107
28.6695
27.1598
28.3852
25.8229
26.3646
25.2847
28.1722
28.5635
27.2572
27.9530
30.1231
27.7373
28.2552
29.2459
27.2336
28.4149
28.7431
26.6070
26.4658
28.1476
27.7413
26.2401
28.2636
26.7955
26.3577
26.1664
26.5656
27.0254
29.0012
26.4487
25.7088
26.4233
27.1610
27.4389
25.5265
27.0318
28.5166
28.6962
29.9076
29.9380
30.3137
29.5303
30.1059
29.9440
31.2330
28.6134
28.7453
29.2369
28.8316
29.7779
28.9095
28.4379
27.2773
29.5708
28.7535
29.0541
28.5340
27.9398
26.7415
27.1543
26.8082
27.2641
28.6432
29.7841
29.9322
29.4800
29.1099
25.8116
26.1963
27.3697
27.1236
27.8270
27.2601
25.3351
26.5399
26.7516
27.7426
26.7785
26.8529
25.8705
24.7357
26.0896
24.7801
25.8056
25.4309
24.8124
24.7171
25.5033
26.7623
26.8862
27.5464
26.8352
26.8471
25.7254
26.5390
28.0837
27.4496
27.2929
27.5501
26.5397
26.5927
27.2720
26.9335
26.4225
26.3954
26.6952
26.3323
26.2577
24.9123
26.0710
26.4233
26.2993
26.0290
27.1555
26.5345
26.0807
26.6897
25.6961
26.0810
25.6649
25.8519
27.0408
25.8849
26.4842
25.4061
26.5961
26.2410
25.6206
25.7784
26.3995
26.0546
25.5359
26.5079
25.8866
26.4253
25.9620
25.6616
25.4616
24.9257
26.2520
27.0304
25.5757
26.8773
25.7005
27.8667
26.5136
26.3845
25.5379
26.2442
26.5820
27.4209
26.1063
25.5489
25.1687
26.1303
25.4368
25.4114
25.7054
26.2757
25.7261
25.5890
26.2691
26.5733
27.1658
26.7794
26.7826
29.6050
28.0003
27.3176
25.5890
27.6902
27.9741
27.0240
28.3509
26.6533
26.5768
29.1626
24.7248
24.3622
24.5514
24.6135
24.6244
24.6076
24.6809
24.8033
24.8412
25.4180
27.7026
28.0012
26.9531
27.1966
27.3089
25.4852
26.7483
27.1501
26.3733
25.6383
27.4306
26.8814
27.7496
27.1734
27.0717
26.7670
27.5036
26.9118
26.4670
26.1921
27.0832
27.0408
27.8371
25.5119
25.8008
25.1207
25.8790
25.9778
26.5699
25.9020
25.5128
25.9044
26.0896
26.3585
25.3100
25.6841
24.9177
25.6659
25.8261
25.3051
26.7640
27.1158
26.3621
26.0981
25.5843
26.3537
26.4636
26.6158
26.9951
26.2840
26.0913
25.7764
24.4641
26.2612
25.7825
25.6128
25.8302
26.5134
25.4911
28.1750
29.4461
26.9535
25.9597
25.6897
28.6201
28.6811
27.4855
28.3975
26.6052
26.3109
26.2577
23.3300
26.8282
28.2789
26.7712
26.2556
27.1483
26.0697
26.3725
26.9159
26.0077
25.5746
23.8168
24.9237
24.8182
24.7490
26.8203
27.9381
29.8315
29.4904
29.6131
27.9512
26.7748
26.9899
26.0533
26.9292
28.2904
27.6828
26.0824
26.3877
27.1243
27.8581
27.5542
27.2072
27.8493
27.8956
29.8050
26.8350
26.3061
25.6511
26.9536
28.4353
25.0521
26.9575
25.7980
29.1423
27.9639
26.9827
27.2087
28.8110
28.0546
28.2068
26.5505
27.4931
27.9327
27.3417
26.4397
27.5856
26.9367
26.4026
26.0081
27.6863
25.7158
27.1983
26.1354
26.4386
25.6661
26.4118
26.0374
26.3087
25.8265
25.9738
25.8614
27.0716
29.6514
28.2109
29.3011
29.7580
28.6954
29.9951
29.0073
29.7402
29.4187
31.6881
30.2248
30.0054
28.2415
30.2015
26.8214
29.4241
28.0960
29.5703
29.4705
29.6474
29.6125
31.1616
31.1607
31.5785
31.4959
29.2939
29.1026
28.1284
28.4363
29.8713
28.3050
28.7626
28.0003
29.1399
29.0412
28.4581
30.9233
29.7785
31.0999
32.1071
31.0659
31.8039
31.1126
30.1384
30.8600
29.8966
28.5506
26.8940
26.6194
26.7234
25.3545
25.4463
26.8254
24.9879
25.9913
26.5940
25.9116
25.4266
25.9648
26.2304
25.9217
25.5302
26.2772
26.9108
26.3389
24.4946
25.6985
24.3963
24.6270
27.0472
28.3795
26.9809
25.1737
24.6824
24.4714
25.6970
25.4452
25.8977
24.3550
24.3277
24.3029
24.1209
24.1829
23.6498
24.3014
23.6527
24.2620
25.1926
24.4418
24.4988
23.8651
23.6468
23.8143
23.6359
24.4579
23.8476
23.3376
23.7169
23.6528
23.8782
23.7303
23.6405
23.9794
24.6344
25.1894
25.3657
26.4065
25.7024
27.2208
26.2013
26.6707
26.1995
24.9726
25.0211
26.0179
26.2760
26.1167
26.0392
26.1985
26.5584
26.1527
26.3505
28.1560
25.9951
26.3395
25.6201
27.3209
26.3020
25.2223
26.4458
25.7330
25.1866
25.8923
25.8104
25.8613
26.2064
25.5372
25.3379
25.8446
25.5590
24.3373
25.2001
24.8998
24.6913
25.4716
25.7382
26.6026
26.5470
26.5645
26.2876
25.6799
25.3934
25.5754
25.1452
25.9504
25.3728
25.2673
25.3176
25.5382
25.4252
25.6306
24.6037
25.2782
25.3745
25.9706
24.7222
24.9311
25.5375
25.8562
25.6685
25.7721
26.0998
26.5940
25.8556
25.0151
26.1816
26.0081
25.3890
25.5766
25.9489
26.9744
26.0989
25.4657
25.5734
26.0727
26.5031
26.0319
25.5740
25.3823
24.4441
25.0617
24.7908
24.4792
25.9630
25.2670
25.0347
25.3107
25.0499
25.4414
25.6819
25.9645
25.9745
26.1498
25.8739
25.9175
26.3347
25.8817
26.3352
25.4704
25.2448
25.3221
25.8387
25.9126
27.1479
27.1361
26.6563
25.7854
25.8420
25.9123
26.6191
25.2213
25.7016
25.5124
25.9596
25.5535
26.3171
25.4580
25.4833
26.1110
26.1775
26.8195
26.0223
26.0148
25.6950
26.3432
26.2088
25.7882
26.1687
26.2189
27.3092
25.5618
25.6100
26.5573
27.2497
26.5342
26.2525
26.4088
24.8605
26.2110
26.1136
26.0630
27.1942
26.1892
25.1323
25.6362
26.2055
25.5839
25.4226
24.6401
25.6801
25.4111
25.4198
24.8439
24.4153
24.6409
24.3306
24.9576
24.7930
24.5863
24.0437
24.9135
24.7709
24.1865
24.8947
25.2179
25.5597
25.1497
25.1065
25.1203
25.7014
25.2854
25.2427
25.3010
25.5373
25.5998
24.3073
24.4284
24.9520
25.4117
24.7991
24.1981
24.6680
26.4373
25.1187
25.8859
25.1543
26.4680
26.3675
25.6378
26.7287
25.5057
25.0069
26.0847
27.0510
26.0114
26.1331
26.0038
26.5077
24.8315
25.7077
25.6316
25.0015
25.4898
23.6969
25.2523
24.1160
25.2477
25.4611
25.3753
25.3747
24.8452
25.6052
27.3380
25.5126
25.3925
25.1532
25.7944
26.0006
25.2987
26.3251
26.5567
26.5474
26.2144
26.0010
26.0087
25.8338
26.7830
26.2393
26.0583
25.7697
27.2872
26.0429
27.6454
27.0544
30.3929
29.9844
28.4607
26.4066
26.8157
25.7370
26.6803
25.8997
27.3603
26.7556
26.8749
27.7416
28.3273
29.4116
28.2828
26.4409
25.2443
25.8330
26.2251
25.5371
26.4747
26.0353
25.1897
24.9211
25.9206
25.8198
25.6460
25.6406
26.3801
25.7111
25.5573
25.3762
26.3121
25.7845
26.3135
25.3315
25.2486
24.8769
25.7639
26.4637
25.9417
26.8593
26.0656
27.0537
26.2298
25.9797
26.3543
26.9368
25.5807
26.4114
26.0287
26.2181
25.4264
26.2023
26.0579
26.9298
26.1282
26.7116
25.8980
26.8336
26.3841
25.9298
25.1987
26.3924
25.8906
25.7567
26.7313
26.6078
26.1970
26.4650
26.1245
25.5125
27.2002
26.5672
25.8897
26.7280
25.5532
25.5555
25.7649
25.7432
26.3873
25.9658
26.2058
26.3305
25.4607
27.0812
26.2609
26.1382
26.7757
26.4653
25.7303
24.9871
25.1890
25.0240
25.9616
25.7998
25.1022
25.0046
24.6867
24.3063
24.6820
23.6040
23.2684
23.8063
23.2995
24.2910
23.7302
23.7419
23.7530
23.3661
24.7742
24.9293
24.3971
24.5782
25.7090
25.4315
25.9138
26.5898
26.4031
25.7831
26.1804
25.8032
25.8832
26.8260
25.7102
25.8637
26.6001
25.9133
27.2514
29.4966
28.0419
27.9976
28.1815
28.4430
26.8734
29.7420
29.0399
28.6785
28.2881
30.2381
29.2811
30.4428
28.9609
29.0860
28.6097
26.4449
25.9491
25.7228
25.8867
27.8657
27.5856
30.1249
30.5555
30.3555
27.3256
27.3150
29.3168
29.2730
30.6353
29.2004
30.5679
30.8843
29.3619
28.6073
26.8332
26.4141
26.6822
27.2412
26.3179
27.3633
28.2631
25.6494
25.4164
27.0760
28.2303
26.5820
26.1777
28.4148
28.4861
28.1706
29.2792
29.3169
28.1720
29.5857
29.1012
26.3086
26.5695
28.7110
26.9798
26.8677
26.9950
27.8059
27.7170
26.5507
26.0090
25.0436
25.6198
27.3727
26.3858
26.7363
26.6488
27.7084
26.1121
26.3719
27.5261
25.9815
25.5610
26.1722
26.2076
25.6938
26.2665
25.8991
26.8462
24.5703
26.2555
26.5713
26.1256
27.8791
28.6853
26.3789
27.1036
29.1403
27.9106
27.7897
26.3574
26.4935
25.7755
26.8405
25.9262
25.2746
25.4772
24.9758
27.6960
25.2287
24.5519
26.7249
25.9925
25.8983
25.9600
25.5858
25.7889
25.8350
25.7984
25.8431
25.9219
25.3158
28.0416
26.0868
25.3185
25.5765
26.5507
26.3892
29.4560
27.4125
27.4525
27.6581
27.2261
27.0301
27.2391
27.3554
26.5434
25.4379
26.6160
28.7280
27.5068
24.8511
26.2725
24.9634
24.0230
24.3507
24.0005
26.4571
28.6765
27.5257
27.4431
28.2259
27.1422
29.1418
28.8850
27.7586
27.7898
27.9299
27.5101
25.7790
26.0654
27.0445
25.6425
25.5982
27.1875
27.3656
27.3873
27.9470
27.0977
27.8290
26.8917
26.8979
26.4542
29.1368
26.2414
28.3378
28.6587
26.3691
25.4661
25.9593
25.9470
25.3891
25.6283
25.2120
26.2345
26.1314
27.5292
26.5061
29.0906
32.2340
28.5616
27.8410
26.7739
26.8912
26.3578
24.9299
26.0711
25.9487
27.9015
25.8006
27.0312
24.2780
25.8866
23.4045
23.6854
25.2004
24.5014
23.7965
24.7009
24.2188
25.2428
24.6508
24.2897
24.8746
24.3004
24.4089
25.2867
25.1063
25.6292
24.2643
24.9431
25.7838
25.3955
25.0643
25.0171
24.5310
23.9025
24.8728
24.0101
24.2147
23.2554
23.4369
24.6922
25.0160
24.9351
24.4563
24.0828
24.9865
25.3937
24.9376
25.0627
25.3261
26.6428
23.5209
25.4228
24.9842
25.8771
25.5090
23.9330
24.7018
24.4751
24.7296
24.7274
25.6632
25.8367
27.6044
30.2868
30.0993
27.1047
28.4458
27.2452
27.2162
25.4642
25.7321
29.0904
27.0633
27.5316
26.3491
27.2501
26.5125
25.0888
26.1837
26.6221
24.7934
25.5713
26.0769
28.0622
26.2851
25.9589
24.9937
26.1592
26.3633
25.7038
26.1511
26.0051
26.5014
25.3370
26.1570
26.4479
26.3304
25.8924
26.2663
25.6762
26.6724
25.8415
26.2249
26.0968
26.6718
25.4813
26.8694
26.1097
25.0730
25.9358
25.6678
26.6143
26.9007
26.1485
26.1042
26.8205
25.9580
26.4343
26.0913
26.5388
26.1057
25.5763
27.0988
26.8281
26.7214
25.8810
25.9167
26.0249
26.5181
26.6090
26.3756
25.8159
27.0335
27.2788
26.0568
26.9860
27.5976
26.1683
27.3041
26.9714
27.4313
26.6032
27.3970
27.3258
26.8527
26.7311
27.5208
27.3561
28.2653
27.2417
27.9015
27.0014
27.8175
27.7627
27.6059
27.2802
27.3981
26.7722
27.2602
26.7781
26.7980
27.7213
27.5784
27.1445
26.6070
27.8253
27.7460
27.3978
26.9700
27.0033
27.2377
27.6888
26.7781
27.4813
25.8113
26.7730
26.3982
26.3899
25.7806
26.9832
26.7467
27.6033
25.4229
25.2680
25.1817
26.2790
25.5628
28.2027
28.1800
27.5889
26.3605
25.5364
25.4621
26.0446
24.6627
23.5253
25.2805
24.9080
25.9100
26.8668
25.4301
24.7465
24.9998
25.0321
25.4441
25.0254
25.7834
25.8260
25.6572
24.8147
25.0986
24.3376
24.8457
24.2721
25.0425
24.4901
25.8399
24.9091
24.7820
24.8736
26.6469
25.4868
24.0315
24.4044
24.8328
25.2932
24.0169
24.3307
24.7672
25.2235
24.5258
23.9549
25.6383
26.5423
24.3594
24.1607
24.1355
24.0307
24.1851
25.5326
26.8302
25.8334
24.9164
24.6647
24.9242
23.9506
25.3079
25.0779
24.7583
24.5566
26.6613
26.6545
25.4003
24.6981
24.3259
24.0395
24.0729
24.2140
24.1495
24.0373
24.3222
24.9670
24.9796
23.0749
23.4388
23.6447
25.1327
25.6941
24.5073
25.8558
23.5148
24.3800
24.1361
23.7963
24.7418
24.7842
23.2992
23.8671
25.0852
24.2910
23.7145
24.2210
23.2002
24.6710
24.1518
23.7900
23.5156
24.4740
24.5763
24.8972
24.4914
25.6334
25.0781
24.1309
24.7550
23.9033
24.3003
25.0624
25.6857
23.8132
24.5933
25.3509
25.4833
25.4530
24.4297
24.4177
24.8461
24.7688
24.9555
25.9950
24.0320
26.4209
25.2946
25.9469
24.4594
25.3782
24.9366
25.4922
23.0984
23.2987
23.5099
23.1208
23.2437
23.0328
23.8262
23.6821
23.7432
23.8845
23.1221
23.5827
23.8083
23.7716
23.5612
23.6045
23.1334
23.4591
23.1667
24.0166
22.6340
24.2658
23.7197
23.7449
24.7134
24.1227
23.5318
23.1388
23.2196
23.2900
23.3640
22.9605
24.0278
23.8637
24.3048
26.3176
25.2805
24.3783
25.7997
25.0697
27.4714
26.7442
25.8068
25.6497
26.4474
28.0622
29.9589
27.6709
25.6561
25.8535
26.0963
27.0855
26.5292
26.1675
26.4475
27.2464
27.2618
28.2521
26.8424
27.5161
28.5094
28.5568
27.8477
27.6012
28.8341
29.2794
28.8771
29.4948
28.6614
29.3840
27.5142
27.4660
28.6404
26.5203
25.9859
26.3533
26.0112
26.4445
26.3645
26.4577
26.1828
26.1992
26.0002
25.2560
25.8673
25.3299
26.1734
26.0568
25.9567
25.8465
26.8431
27.1218
27.2932
26.7045
26.5983
26.1119
26.3275
25.6882
25.3954
25.9477
25.4053
25.2310
26.5029
25.0921
26.1608
26.3876
26.5382
26.0992
26.7281
25.3444
25.5480
25.8449
26.5045
25.4769
26.3315
25.5904
26.3813
26.6955
25.4674
25.8729
26.8476
26.4054
24.7352
26.8711
24.5651
25.0511
25.8507
26.4008
26.3621
27.3127
26.0272
26.4671
26.6733
24.4904
24.6755
29.6626
27.7439
29.3473
27.4183
27.0154
25.1433
27.3939
26.0614
26.1019
25.6740
28.0829
28.2627
26.9639
27.3798
26.3127
28.0203
26.0939
26.8889
26.2720
26.8984
28.1897
26.4970
27.6022
27.1684
26.6546
28.5309
26.6099
25.8601
26.7534
26.8297
26.0231
26.4071
28.5422
26.9587
27.1823
26.3023
26.7097
27.0070
26.5750
27.1474
27.4446
26.6657
26.2180
26.9015
26.6649
27.4494
26.4689
26.5325
27.0678
26.6621
27.1244
25.4882
26.2251
24.8768
24.6463
25.9376
24.3457
23.9585
24.3424
26.3171
25.8884
26.2144
26.7109
26.0092
25.8769
26.6509
26.1217
26.5306
26.3113
26.3795
25.9402
26.6466
25.5034
25.2455
25.1489
25.6225
25.1827
24.6090
24.9426
24.2713
25.6576
25.4220
25.5140
25.6083
25.8211
25.1453
24.0125
24.0432
25.5969
25.6093
24.9316
24.4131
24.8084
25.2400
25.7414
25.5208
25.9746
25.5061
26.6101
25.6111
26.1915
27.1548
26.0920
24.8087
25.1384
26.3978
25.6929
25.0776
26.4514
25.5762
24.5648
25.7172
25.7894
26.4552
26.1816
25.4760
25.8206
25.6196
26.5657
26.6282
26.3743
26.1527
25.9845
25.6886
25.9472
26.2785
26.8602
24.8887
25.1738
25.7247
25.9742
26.0236
26.5871
26.4167
26.0645
25.1431
25.6953
26.6463
26.5821
26.8477
25.4882
26.5164
25.6351
27.0634
26.3994
27.1498
27.1332
26.2144
26.1172
26.3943
25.9959
25.2399
25.5951
27.0352
26.7099
26.2729
26.2865
26.2867
25.5521
26.2969
26.6094
26.1456
26.0640
26.5767
26.4721
26.3828
25.9381
25.5266
26.2346
25.2811
25.9266
25.5268
25.0684
24.4955
25.1995
26.2162
26.7161
25.8473
25.8527
25.2308
27.7924
26.6038
27.0558
26.3411
26.0881
25.7993
25.5100
26.2547
25.5659
24.8940
26.0662
26.4070
25.8198
26.8126
25.7683
26.2658
25.7550
26.2478
25.9202
26.4113
26.1553
25.9831
26.3748
26.9470
28.2078
27.8021
26.9032
26.9032
26.2290
27.0149
26.1930
26.2964
28.1384
28.2842
30.1432
28.7823
28.3421
27.7331
29.1665
29.0396
28.6867
26.2691
27.2627
26.7659
27.3316
26.7113
26.1560
28.3676
27.4588
29.0606
28.3162
27.2535
26.7420
27.7416
27.2283
25.9403
26.3063
26.4587
28.0187
27.9605
27.6580
28.2952
30.1897
29.2911
28.8588
27.6542
27.4790
27.6546
26.7138
26.8401
28.3700
27.8218
26.4159
26.0115
25.5036
27.7146
26.8936
26.5250
26.5581
25.5737
27.4515
26.4078
26.4312
26.2641
26.7224
26.0641
26.8660
25.5590
26.3792
28.4409
27.0580
25.2542
25.8718
25.6037
25.2734
25.0467
24.9434
26.5266
27.3934
26.8600
26.7393
26.9748
27.5368
27.9628
27.8444
28.0190
28.1588
27.4298
27.4476
28.4462
29.6452
28.5117
28.5355
26.7709
27.0968
27.3276
28.0379
27.1993
26.8878
27.1307
25.8751
25.0011
25.2077
26.5427
25.2331
26.9231
26.8102
26.3626
25.2659
25.8911
26.1589
24.9938
25.6983
25.3492
23.3912
23.9686
27.1154
24.6600
25.4720
27.5429
27.8617
27.5303
29.1662
26.3293
25.4603
26.2856
28.6685
27.4843
27.3661
24.2318
26.4154
26.2279
25.2737
27.0228
29.2011
27.7989
27.8112
27.1000
26.1142
25.9222
27.0835
26.0027
25.7522
26.0079
25.8406
24.3683
27.1950
25.8287
25.5840
26.0218
24.7745
26.9178
25.7656
26.3941
27.3830
27.0279
28.0989
28.1147
27.8425
25.0898
27.5578
26.4224
25.7461
25.3448
25.7971
26.3803
25.5776
29.6348
27.7161
27.1409
26.6567
28.9140
28.0820
31.2568
30.8911
28.2832
27.3983
26.8306
26.2396
25.9589
26.8985
27.4029
29.4912
26.9993
28.3894
27.3726
27.7432
25.5258
26.8365
26.6376
26.2186
27.1589
26.6636
25.4947
25.2462
25.6020
25.5678
27.4094
28.0042
27.1370
26.9342
26.3935
26.0839
25.8369
25.3383
26.2104
28.0803
27.1425
27.1858
27.6658
27.1583
29.1907
27.1753
28.6735
27.1433
27.1633
28.0073
28.0880
26.5695
26.2005
27.9777
27.5992
26.9102
25.8416
27.9718
30.8250
28.3529
29.1340
27.2148
27.1222
28.6220
29.2113
27.5023
27.8752
27.3776
28.2095
28.3197
27.9649
28.1731
27.5423
27.1103
27.5265
27.6948
26.4066
27.2431
26.8715
26.3302
27.0810
26.8413
27.1938
26.9915
25.9141
26.1716
26.7236
26.9578
25.4304
26.3044
26.2636
26.2276
25.1624
25.0191
26.8448
26.3303
26.6950
25.7739
26.6389
26.1204
25.9104
25.7024
25.7937
26.2187
26.0248
25.3817
25.8576
25.8668
26.0874
24.3185
23.6954
24.9940
24.3132
25.9410
26.7254
26.6632
26.8551
27.2744
25.8421
24.9503
24.5625
25.1314
25.1488
23.8183
24.7723
24.5470
25.7716
25.2435
26.9182
25.6059
25.2016
26.5365
26.5969
25.7238
26.7930
25.2095
26.2451
25.5452
25.8676
26.3645
26.3065
25.7596
26.3677
25.8963
27.3595
26.7724
26.6153
26.4130
26.6054
26.6026
25.7620
26.3447
26.1488
26.2774
26.0763
26.4067
26.5110
26.1719
26.9020
25.5309
26.0023
26.2958
26.0601
25.5429
26.6241
26.7156
25.5792
25.5459
27.1086
26.2469
25.9980
26.0362
26.2573
26.8142
26.5329
26.4756
26.8196
26.1048
25.8150
26.6053
26.0212
26.1128
25.6375
27.0276
26.6224
26.5795
25.8746
26.4158
26.8889
26.6758
26.5953
25.5422
26.6067
26.9144
26.6331
26.3150
27.0803
25.5431
25.8531
26.1471
25.5429
25.5179
26.2655
26.8594
25.4089
26.4244
26.2748
25.5956
26.0913
27.0886
26.7071
26.4319
25.4054
26.5762
25.7850
25.8021
27.2600
27.9473
26.9829
27.4294
25.7275
26.3942
25.2819
25.2083
27.3787
27.8052
26.2816
27.4233
26.2938
25.2813
26.6668
29.3984
26.4851
27.0684
26.5796
26.9755
28.7810
28.2196
28.3643
26.6618
26.3786
26.3812
26.8089
28.5068
27.8894
26.5910
28.4871
27.6209
27.1714
26.7111
26.3460
27.3755
26.6695
25.9610
27.0069
26.4866
26.8879
27.3059
26.2517
27.5808
27.1532
26.1409
28.1118
27.0096
24.9476
26.7713
26.0273
25.9057
27.2706
28.6176
26.5639
26.0974
26.7070
26.0788
27.6502
27.2017
27.1542
27.7959
27.8722
26.6156
25.5770
26.9894
27.6301
25.6992
26.3015
25.6630
26.0639
26.3810
27.8219
27.7566
27.2120
27.0152
28.2968
27.3646
28.1539
27.4700
26.9966
29.1318
27.7721
27.3350
26.9233
26.6177
26.2467
26.3879
25.6480
26.5121
26.4922
25.4398
27.2347
27.0606
27.1875
26.8129
27.5010
28.4931
25.9812
26.8758
25.6369
25.8551
26.2177
28.3159
26.9768
27.1255
28.5157
27.1001
26.6114
28.5112
28.7937
27.6081
25.9010
26.1349
26.4397
26.6426
26.9025
25.9496
26.4705
26.8256
26.5292
28.4110
29.6520
28.5009
26.6958
27.4183
28.2887
26.1972
26.4167
26.1386
26.2335
26.5825
27.9029
26.4899
26.5888
27.1098
26.0798
26.6035
27.7868
30.4422
28.7907
25.8294
28.0689
27.1902
27.9008
30.1345
28.4560
28.3593
28.2072
26.6165
27.5672
27.1373
25.6849
26.1300
26.2308
26.2226
26.6625
28.0264
28.0917
27.6204
26.7505
27.2005
26.5066
26.5608
27.2254
26.4294
26.1261
26.2493
28.5355
26.0417
26.6825
26.5341
27.2958
27.9343
26.2577
25.7757
26.3466
26.9430
26.4931
28.2291
26.8268
29.2311
27.9448
28.7631
29.5873
25.5519
27.5736
27.5917
27.7521
30.9174
31.5733
29.7248
31.0006
28.7226
30.6208
29.0650
29.6511
30.3171
29.3350
28.9649
31.0515
30.5975
31.8429
30.4022
29.9032
27.6142
31.2065
31.2346
33.2150
32.7628
31.6931
29.4486
28.2075
27.7993
28.7681
27.9862
27.0353
25.7122
26.1308
27.1310
27.2134
28.5188
25.8374
26.5585
28.4231
28.2539
27.2315
29.3344
27.4058
28.6662
26.2644
25.9125
25.9910
25.6390
26.6491
28.5299
25.9224
26.1067
28.8768
26.6079
27.7976
29.2967
26.7027
27.8151
28.4759
28.2485
29.3652
29.2465
28.9851
29.1756
26.5324
26.6179
25.9408
26.7795
26.5695
27.8657
27.5210
27.3848
28.7484
28.6977
25.1821
26.2950
27.3745
27.9010
27.5119
27.4244
27.1690
27.6037
26.6390
27.7413
28.8362
30.1744
29.5671
28.7506
28.3909
30.6230
29.4179
29.2071
27.5424
29.0028
28.3244
29.7052
27.8653
27.3084
29.4216
27.6395
27.6081
27.9911
27.8695
27.7628
27.6679
30.0260
27.5894
26.9101
26.9593
26.8872
27.9467
26.4221
27.6343
27.3065
29.4399
29.0429
28.8425
28.3986
29.7403
29.5180
28.2248
26.8200
28.7688
28.8008
29.1328
27.5676
27.1102
29.7072
27.9072
29.8493
28.3645
29.4971
27.5346
28.6712
28.1708
27.4235
26.9487
26.4728
27.3140
26.8116
27.3408
26.5555
27.7386
27.8122
26.7841
26.8263
27.8628
26.2208
28.7103
27.6420
26.5193
27.0312
26.1116
27.5871
25.8462
27.1982
26.6980
28.1149
28.3064
27.1249
26.6304
26.9498
26.7109
26.5435
26.7112
26.8560
26.5411
26.7720
25.6305
25.1264
25.3457
25.8399
27.8036
26.3993
27.5671
28.8982
27.4991
27.0306
28.0874
26.6674
27.4510
26.5801
27.1546
26.9776
26.7907
27.4538
27.0484
29.0872
27.7315
26.3869
26.7929
25.2987
27.0057
27.8642
27.9353
27.1393
27.9552
26.3012
26.9397
26.5457
25.7836
25.2628
26.0154
27.0914
28.8195
29.1914
28.1334
28.2026
28.3132
27.3943
26.7199
27.1682
29.7006
27.9123
27.7994
28.3711
27.0475
27.9239
26.6701
27.9992
27.1701
28.5883
27.3346
27.9357
26.6104
26.9486
25.6455
27.0387
26.6933
26.2659
26.6104
27.0182
25.7071
25.9831
26.9725
28.6941
26.6211
27.4551
27.2303
26.7458
27.8056
26.3684
25.8532
26.2817
27.0814
26.9468
26.9109
27.4351
27.1431
27.1320
25.6786
26.3505
27.0662
25.4276
26.1443
26.6745
25.4365
26.7847
25.9975
26.9670
27.3661
28.0286
27.7168
28.3629
27.5221
27.9354
27.2454
27.3231
27.0535
26.2494
26.1949
28.2976
27.1446
27.0515
26.3922
27.7708
27.8281
27.9499
30.3016
29.9337
26.5768
27.3376
25.5908
26.8333
26.9297
24.9354
23.2901
24.7225
24.6257
26.3556
25.5292
25.0643
26.1202
26.9261
25.8143
25.9461
25.5508
26.7092
27.4090
26.4842
26.2028
27.5276
26.7215
27.6144
28.7096
29.0742
28.9039
26.2782
26.9297
27.1048
27.7717
25.1357
24.5358
25.1052
24.5076
25.6144
25.7758
25.6816
25.5130
26.1833
25.4654
26.1124
25.4746
24.4907
24.8167
24.6007
24.5399
24.7555
23.6713
25.1934
24.4226
25.0915
25.3293
24.0123
25.6633
24.5648
24.6316
25.4764
25.5965
25.3929
25.4259
24.5374
24.3378
25.3175
26.0688
24.3986
24.5755
24.8350
24.8134
24.9079
25.4754
24.8116
24.6106
24.8836
25.8268
26.0856
24.7239
25.0380
24.6367
24.6506
24.5047
24.5336
24.7830
25.9037
24.9151
24.8595
24.8992
26.3048
25.3734
25.3383
24.6850
24.8260
25.0098
24.7533
24.0240
24.8853
25.1891
26.3187
26.4581
26.9374
27.2200
28.5220
31.3485
29.2542
28.5934
28.2047
27.2881
25.8962
24.9164
27.5106
28.7054
27.5689
27.5265
27.8720
28.6010
26.7686
27.9363
26.8450
26.8700
26.4279
25.2334
25.5093
27.5184
27.9748
27.9871
26.0129
27.0070
27.3258
29.7062
29.9610
29.3173
27.0020
27.5621
26.3296
25.8122
26.9902
25.0940
27.6342
26.0366
27.5387
26.2805
26.0481
27.5211
25.5291
25.1787
27.2811
26.8794
26.6590
28.9232
28.6455
29.9645
29.7463
28.9937
29.1050
26.2040
25.5232
26.9495
25.9271
27.7799
27.3432
27.4814
30.0722
27.8559
28.7730
26.5367
26.7862
26.9123
27.3419
27.1358
26.5563
26.9798
26.4190
24.7634
26.4265
26.6705
28.0458
27.7734
28.3077
28.7365
28.3701
29.0863
29.2842
31.2753
28.0543
27.7602
26.7377
28.1344
28.3902
27.6793
28.4380
28.7813
27.4170
27.2455
25.4189
25.4921
26.6703
28.6108
28.0190
26.4615
26.7223
26.7151
26.2293
25.5164
24.3147
25.9422
26.1988
25.9916
26.6552
25.9114
27.1365
25.4424
25.6303
25.3233
26.5980
26.0228
24.7409
26.1454
26.1839
25.0400
23.2847
25.2062
23.9264
25.0053
25.0377
25.8067
23.9178
25.0975
25.1932
25.9656
25.5778
27.5183
26.7860
25.6411
27.2379
25.5353
25.8687
24.6508
25.6794
24.4495
24.9639
26.7072
25.5662
24.9545
25.2228
25.8282
24.4640
24.9048
25.9845
26.0022
25.9276
25.5361
26.0578
24.9571
28.3673
26.6794
26.1936
24.6408
26.9527
27.8344
27.2577
24.6259
25.7627
23.5174
25.1278
25.5135
25.9127
25.0294
25.3444
24.4503
25.6050
24.6128
25.6847
25.8592
24.5785
25.5463
26.1399
27.0620
26.2877
26.4381
26.0358
25.2619
28.2742
25.6010
27.8033
25.9254
27.2291
24.7566
28.4423
27.7755
28.2345
29.4325
29.0899
27.2246
30.3902
31.3285
29.5945
27.0986
30.0906
27.6924
25.4392
26.5211
24.8650
27.5420
25.1649
26.1817
28.7040
25.0870
26.1572
24.3900
25.5215
25.4820
26.1784
26.9326
25.2157
26.1197
24.9535
25.5214
25.8717
26.3520
27.0459
25.9908
27.0981
27.8834
27.6053
27.0277
25.7111
25.7564
25.4084
26.0652
26.4341
26.0281
26.3470
24.9458
26.7132
25.6629
25.6003
28.6198
28.4689
29.1289
27.9555
28.0571
27.7148
28.2342
27.1597
27.2367
26.6191
28.9129
27.8708
28.6666
26.7002
28.0170
27.6672
29.5936
29.3317
29.4902
26.6142
27.6188
26.9952
26.0324
26.3256
26.5873
27.1026
25.0079
26.2276
27.0455
26.5030
26.0614
25.6242
27.1536
26.1164
27.8670
28.9200
27.5671
29.0408
29.1023
28.0584
26.5201
26.4247
25.4619
27.7205
27.4828
26.4345
26.8882
28.2099
27.6483
29.3027
26.5081
26.0979
28.0980
28.3805
27.8677
27.5138
27.1806
29.5784
26.6369
28.9303
26.9036
26.6292
26.7751
26.1347
27.2870
29.6868
25.7635
26.5034
27.5073
26.4758
28.3903
24.8682
26.2312
26.4397
27.8278
28.0259
27.6948
26.7067
24.6509
26.4656
27.1348
27.4201
27.4599
24.9984
26.4802
27.8654
27.6527
26.4514
25.6575
28.0496
27.5776
29.8159
25.8313
27.7624
26.9000
26.2209
26.6003
26.5788
24.5935
24.7405
24.2308
26.3579
25.8730
27.2371
28.3106
28.9910
28.3666
26.7209
26.1736
24.5167
25.8096
26.5925
26.6963
27.4234
25.5982
25.2514
26.7600
25.6412
26.4085
26.2179
27.3997
25.5498
26.3959
26.8459
26.1569
27.2513
26.5927
24.7692
24.3440
25.1500
24.9508
25.1307
25.3262
26.5904
26.2941
24.5690
25.4684
25.4946
25.5980
25.7929
26.6065
25.9017
26.3554
26.1659
26.4465
26.9993
26.9647
26.3000
27.6290
25.7354
27.6097
27.7830
26.8129
27.6243
26.3582
24.3303
26.7572
27.4393
26.8927
26.7352
26.9352
27.3920
26.9274
25.7941
26.7881
26.2507
26.9243
25.7906
