27.8426
27.3273
28.2122
28.4404
28.4754
26.3679
26.4932
28.4722
29.5285
29.1601
28.2165
27.5321
26.7729
26.5919
24.4302
25.8028
25.1752
23.6735
23.4380
24.8222
26.4169
25.1751
30.0201
29.3278
30.4174
29.5451
26.7980
28.9567
25.9656
28.0945
28.3197
25.5152
25.6767
24.8542
25.2592
27.4954
25.5266
26.6161
27.8592
28.6127
28.0306
28.3538
28.5746
25.1003
26.2058
26.9934
27.7086
28.7281
27.9693
29.0097
29.0396
27.8627
29.3950
28.5423
30.5586
27.6622
29.5687
31.3234
30.4054
28.0877
29.5303
28.1122
26.2418
26.7697
29.1172
29.1557
28.4546
27.7038
28.7987
29.5366
28.0781
26.7194
27.6152
25.4526
27.3518
26.3136
26.8782
28.0745
28.7015
27.9239
27.7080
25.5060
27.2834
25.8822
25.9435
26.4116
25.4694
26.6304
25.9328
26.3131
25.0972
25.6722
26.1970
26.0806
26.4125
27.4033
29.1803
29.1893
29.8641
30.2300
31.4652
29.0890
28.0130
29.7131
29.2069
26.2846
28.8171
27.7158
27.3662
27.3682
29.8786
28.2423
28.2674
32.0221
32.6778
31.7283
33.9941
29.4729
29.6533
27.9251
29.1231
26.9000
27.5947
28.2108
30.7042
29.9637
28.4741
29.1869
30.3824
31.1463
30.8618
28.4688
28.2444
28.1662
26.7422
27.2890
27.3178
28.9458
27.4490
25.9062
25.7253
29.9591
29.6973
31.3347
28.9744
26.8739
27.3361
30.4269
27.9495
23.9296
25.1522
26.8545
30.5093
29.7931
28.3300
29.1792
29.8959
28.5160
28.5857
28.6489
31.2851
30.5929
31.9780
31.2763
31.2522
29.2671
28.1138
28.8534
27.6955
29.9642
29.0229
28.9318
27.1566
28.0787
29.2811
28.4206
29.0760
28.5409
27.8130
27.9142
28.9802
27.5065
29.9259
31.1497
26.7952
27.1075
26.4257
28.0641
28.0979
27.9240
29.3970
28.2524
26.4492
25.2394
25.4318
28.1580
26.7384
29.3878
24.7678
25.5858
24.8966
24.8751
28.0638
27.2425
26.8086
27.5475
27.5158
27.4532
25.1189
28.6833
29.4820
29.9306
28.2673
30.3028
27.3808
29.0016
28.7152
28.0024
30.6441
28.9058
28.9802
26.6054
29.3015
25.5191
26.6764
27.4606
27.1598
25.5519
26.1170
24.2318
26.4960
27.3298
25.4007
26.9843
26.7855
27.4868
26.6125
24.8661
27.4814
27.6055
29.2819
28.4892
28.2923
26.6663
26.6807
26.0429
25.0459
28.7821
29.8731
29.2537
31.0058
30.4943
31.2971
30.2554
28.4600
26.9399
28.2351
28.5699
29.4389
27.7355
27.6952
29.0882
28.4051
30.1522
31.1094
30.5753
30.4286
30.6239
30.2554
28.3883
27.5116
30.7126
28.8541
31.8647
29.5730
28.9267
29.9571
25.5129
28.3853
26.1116
29.3981
27.9222
30.1859
27.3060
30.0321
29.8871
30.1187
29.4767
28.0714
26.7985
30.8263
30.2062
30.3494
29.6065
29.2462
30.4323
31.2800
29.2145
28.3544
29.0462
29.5158
29.1644
29.0683
29.0764
28.6914
31.5143
27.7389
29.3129
30.2401
28.7448
29.6533
28.6021
28.8253
28.4667
26.6151
25.6975
26.9190
29.9515
27.6877
27.6635
27.0619
31.9229
30.4358
28.3610
29.2934
31.4457
29.7454
30.1694
28.7841
28.8986
29.3055
28.2801
27.6761
27.6903
26.3769
28.2618
28.6436
26.2721
28.1799
25.8774
28.5802
25.9011
27.4995
27.9436
26.4852
27.9985
25.2438
27.2040
25.3406
27.5242
29.5608
27.8200
26.0097
24.9811
27.5484
26.0573
26.1422
27.1780
25.9599
24.2028
24.7540
28.5865
29.0921
27.7163
27.5939
27.4228
26.1203
27.2977
26.9654
26.8667
27.2322
27.1078
29.8052
26.0781
28.8740
29.7023
28.3927
30.7142
28.4325
28.5564
26.4558
28.2911
27.6684
26.6303
29.0355
27.4199
24.2440
26.2629
25.7158
28.4897
25.4993
26.2978
28.4273
27.1048
25.7732
24.7025
25.7719
27.5389
25.0392
26.9587
26.5899
26.0539
28.2470
28.9553
27.8031
27.5511
26.6821
25.0937
25.3548
26.0177
25.2707
23.2517
23.9370
24.1739
23.7379
24.0747
22.8648
24.5383
26.1174
27.6069
25.9662
27.4249
26.0557
24.8932
22.7566
23.3255
25.3671
25.6136
27.1302
25.3646
27.6684
28.5490
26.0211
27.5014
28.9881
27.7319
27.4460
28.8831
26.8375
25.2224
25.2293
25.9133
26.0600
24.2743
22.4936
26.4237
26.7051
29.0484
26.9728
27.1190
26.8114
27.0447
24.6728
26.2115
27.4793
26.8436
26.0825
27.8418
27.1441
27.2838
28.3870
25.5533
26.6885
29.0958
29.2808
28.6925
28.6364
25.9137
27.8800
26.4706
26.8436
27.5739
28.2539
27.4158
27.5634
25.0490
28.4616
26.9435
27.1402
26.3809
27.4625
25.4004
26.2642
28.7471
26.6535
27.0988
27.9714
27.9663
25.3278
27.1857
28.9444
26.4698
26.9012
29.0904
29.3678
28.3672
26.1932
24.5982
26.0032
25.4933
27.8078
26.3948
27.8211
30.6715
29.6830
26.6886
26.0616
25.8651
29.5556
30.6226
28.6655
28.0675
27.6533
28.7857
30.2033
26.6100
28.0290
27.4988
29.1598
30.1069
28.4897
26.9464
29.6166
29.9234
32.0807
30.6091
27.8871
30.4423
29.4856
28.6799
28.2263
30.7287
26.5588
27.0517
29.4525
26.8984
25.0469
25.8211
26.4949
26.9449
24.4419
25.1626
26.2971
25.4857
25.8816
26.3746
26.8893
27.8634
29.5554
27.7852
25.8557
26.7024
26.8364
25.7886
26.3568
25.8403
25.9482
25.9761
25.8676
28.3022
26.9004
27.0637
26.4140
24.5584
24.1703
27.6980
27.3551
28.4191
26.1217
27.3120
28.1813
25.2259
26.2679
25.4175
28.3162
29.4671
30.7158
28.6139
29.5163
26.9602
27.0671
24.1934
23.7929
27.0260
26.5726
26.5776
27.5931
27.7203
29.7569
26.7452
27.1889
28.1068
26.0662
26.4050
26.6225
27.2262
27.1107
24.6947
24.1997
25.8553
26.7541
27.2026
28.1282
27.5819
24.7010
26.6040
28.6183
26.6606
24.5425
25.5735
27.1528
26.0417
27.7158
26.1895
26.6016
27.0883
25.6220
28.9247
27.8812
26.5499
27.5796
24.4125
23.2792
25.3809
27.5470
23.6301
24.4799
24.6512
25.6301
23.5683
24.7630
25.2776
23.6474
24.5111
25.5366
25.6718
25.6866
26.0408
26.4913
26.1060
25.9976
26.1008
25.9685
25.3777
26.6214
26.9198
26.2658
25.4256
27.0715
24.6935
25.0830
24.3193
24.6177
25.9134
26.5052
26.4623
26.7384
26.5313
25.6671
29.5300
25.4460
25.3902
24.9416
23.3124
22.5177
25.6516
26.2218
24.0924
25.8968
24.1135
26.3796
26.0468
26.1200
27.6170
26.0470
25.6362
26.6011
27.8003
26.0260
27.2054
26.2079
23.7850
23.9126
26.2673
25.3373
24.6564
23.9838
24.5737
24.9488
25.4785
27.3352
28.2068
25.7858
24.6624
25.8291
27.4119
24.6837
25.8351
26.4405
23.6455
25.7857
27.3180
23.7935
26.9801
26.1250
26.9858
25.7594
25.5584
24.2751
26.0138
23.2685
24.3289
24.1562
25.0314
25.4625
28.0445
25.5867
24.9789
24.4612
29.2971
28.3471
24.1157
25.3026
26.6571
27.4356
24.8784
28.5075
26.9403
28.0274
30.1434
29.2607
29.2010
27.3166
26.1135
26.3020
27.9338
26.6362
26.0567
25.4512
26.1463
24.3217
23.1205
24.9293
27.9430
25.6423
28.1743
25.2996
26.3774
24.7569
27.1928
26.5576
26.0571
27.7186
26.2394
25.1007
22.7619
26.8391
25.9824
26.2865
24.6921
27.5744
27.6235
23.8841
25.8838
26.2028
25.5329
25.5327
26.7269
25.3256
24.7672
25.2848
24.4325
28.6831
27.6837
25.3666
24.6027
26.2923
25.7397
25.2003
25.2936
25.3827
24.8168
25.4074
24.8167
27.0460
25.0438
26.6952
24.2934
24.1069
25.4368
23.9287
28.5437
26.8196
23.1078
26.5852
26.9383
27.0291
25.5425
27.0173
28.0413
24.2487
25.5711
24.5175
22.8741
24.2142
26.2558
26.6956
24.8006
28.0849
23.8223
26.2922
25.3947
27.5894
27.5515
27.0726
26.7688
28.3088
27.5895
26.1478
26.7970
27.2706
26.5755
24.8711
24.8545
25.9333
26.7664
26.6074
27.9235
27.1759
25.5318
28.2878
29.4565
26.6174
26.6066
27.9962
27.4388
27.1201
27.9237
26.3319
25.8559
26.9862
25.5803
26.5678
28.8083
27.0697
27.7672
30.3891
26.5137
27.2136
28.5053
23.7749
28.6347
27.8620
26.6588
26.2639
25.5866
25.4345
26.3649
25.7985
25.6693
25.0280
26.1484
23.0538
23.6481
25.0212
24.7822
24.5714
23.1269
27.1527
25.4052
25.0209
24.8487
23.6156
23.9007
23.7414
25.0898
26.0933
25.9156
26.6956
25.8157
26.6547
24.7663
25.1512
26.0694
27.5370
27.3665
28.5156
27.7207
27.0818
27.1237
27.6896
27.7039
27.7027
27.0047
27.1666
28.4367
26.8812
27.2161
27.7212
28.3122
27.2027
27.3848
25.8587
24.8603
25.8509
24.9121
25.0415
25.2429
23.8168
26.8578
25.2404
24.0963
25.6095
28.8482
26.7686
27.6078
24.8992
26.5962
25.5473
26.0059
27.5229
26.4388
24.3861
25.5329
23.9252
25.9627
25.8356
25.1340
22.5381
21.8596
25.1025
24.5567
27.2534
25.9178
25.5233
27.2741
28.8602
25.9031
25.6559
25.9640
28.9154
27.3276
25.0166
27.2485
27.9639
27.6104
28.9214
28.9912
26.7135
27.1355
24.3317
25.3218
26.5338
25.4572
24.0462
24.2625
26.4895
23.8982
25.2171
25.4831
27.2745
26.8664
25.1590
25.0607
25.6136
27.8923
24.9252
29.2002
29.3186
29.5057
27.2511
25.6226
25.7836
25.2903
24.7234
25.1393
25.0524
22.8368
22.4534
24.2537
25.5800
25.9789
26.2636
27.4251
26.5761
26.9368
26.7659
26.7427
24.9072
23.5569
26.2896
23.5702
23.0464
24.9187
26.3426
24.5466
25.9101
25.1556
23.3581
25.1889
23.4847
25.4903
24.5377
23.5000
24.7599
25.1904
23.7840
24.3026
22.7542
24.2258
25.0759
25.6688
26.7026
23.9699
26.5086
25.3979
25.6022
25.2094
26.2622
25.2090
26.5629
26.1607
28.6635
26.7088
25.8725
24.3043
26.3071
26.7196
27.1900
25.5328
25.9853
25.4591
24.4348
24.0462
22.3167
24.5979
24.6150
25.8757
25.5569
26.7442
25.5697
23.1666
25.3690
24.7284
25.9780
27.4605
25.7971
24.5428
26.9226
27.3440
27.9771
24.3680
26.5193
25.4773
25.3057
25.0470
23.6319
23.9509
25.3015
25.9067
24.9968
26.6047
23.4049
27.3337
27.7864
27.4464
27.5222
25.8769
22.7760
23.6932
26.7777
25.3618
25.8056
27.5839
23.1817
24.1776
25.7537
25.1888
29.7632
26.8555
26.9631
23.9935
24.7965
28.0765
26.1436
26.7249
26.4530
28.4611
26.8002
26.5069
27.5259
26.1679
26.4500
25.8128
27.0151
28.9147
26.4363
29.1315
26.4527
26.6973
26.1284
24.8665
24.5391
26.3286
23.3077
25.7208
24.9802
23.9029
26.9836
25.7234
29.0142
27.4339
25.1471
25.5015
24.3275
24.5817
23.9170
27.4176
25.4093
23.6746
23.7866
25.0197
24.1637
26.5707
25.8826
26.2752
24.1526
26.4529
26.9464
25.9113
25.4284
24.4719
22.1338
24.0978
25.5430
26.1969
24.6532
27.6743
26.2061
25.7249
27.4597
25.1722
21.7521
23.8694
26.0946
24.8016
25.5444
25.5193
24.3420
23.5146
26.6360
23.3591
25.1348
23.2475
23.7546
21.6166
26.6313
25.3315
23.7945
24.4287
25.7763
25.4635
28.1637
28.2748
23.8248
24.8729
27.3249
25.6395
26.6019
26.0621
23.6349
25.0384
23.7637
24.4044
24.4991
26.9885
24.7419
26.1450
26.1303
25.6088
25.6480
26.6833
26.9398
28.3823
27.8071
25.2731
25.6873
27.6525
27.9728
29.3355
27.5415
27.5836
25.8906
29.5569
27.1484
28.9774
27.0062
26.7925
27.4054
27.6852
27.7276
28.3699
28.5334
29.3186
24.8062
25.2251
26.6443
24.2317
24.3167
25.0992
27.1068
25.2005
27.7620
28.1320
26.3913
24.6113
22.0679
24.4798
25.3074
23.8708
25.2928
25.9934
23.4034
24.0366
24.0682
22.9655
22.3659
24.8616
23.7505
25.8048
24.7618
23.3258
24.3278
23.0458
26.3029
24.0783
24.3253
25.5153
24.1126
24.6459
27.0644
27.1455
26.8548
26.4024
23.4771
22.9424
24.5207
26.6203
25.0715
24.7340
25.0855
26.2368
24.4862
29.7448
26.3654
28.0249
28.9050
28.3219
26.4806
27.6534
29.0895
26.1664
29.1429
29.3254
27.6804
25.5822
27.3803
27.9953
30.3481
27.5870
26.6151
31.2130
29.2868
28.5116
30.1493
27.2631
31.2837
29.9149
28.9806
28.0379
28.1781
26.8614
26.8162
28.5612
27.1864
29.3871
25.1727
26.2028
27.4732
24.6423
27.1232
26.7650
28.9249
29.4828
28.4713
29.9321
30.3094
28.1434
28.1044
27.7609
26.7765
28.0423
32.7193
33.1437
29.1987
27.2289
29.0134
28.4451
28.2568
28.6705
26.9354
27.1405
25.4975
24.9203
25.1916
26.0356
24.5132
26.8121
26.0128
25.3017
26.8440
29.3921
27.0675
27.5208
26.2940
27.1145
27.4023
27.2767
28.5200
26.9715
27.7159
27.5195
28.2978
26.6775
28.6010
27.7311
26.5276
28.6839
28.3487
28.3066
26.4142
31.0593
29.1244
28.8063
29.7326
26.2726
29.5759
30.4531
29.0375
28.2109
30.2283
27.2239
23.5985
29.5514
26.6426
26.2063
25.8857
27.3208
28.3413
30.7193
28.3828
27.4252
30.0407
29.6953
28.6897
30.2958
28.5067
28.2988
24.8103
26.2990
26.1276
26.9964
27.9213
26.3291
28.4090
29.3990
29.4999
30.0672
28.9919
28.9834
28.7118
27.2973
28.1691
25.6296
26.5796
27.6845
26.9006
26.3255
27.1693
26.2629
25.6600
25.9732
28.9108
25.6757
30.4270
30.3991
28.5500
29.2952
25.1755
26.5230
27.0015
29.0934
27.9503
27.0192
30.3194
29.0524
27.9010
28.9016
28.4337
23.4125
25.0929
28.0447
25.4049
27.2600
26.3850
27.1817
27.4894
26.4975
27.4035
28.9738
27.0473
26.7344
27.8022
27.6901
27.9799
24.5155
28.6033
27.3652
25.7094
25.0149
27.2116
28.4506
29.3463
26.7789
25.9240
26.8255
28.3039
28.2767
27.2048
28.4304
28.9098
28.7022
28.1903
25.4135
26.6093
26.9443
25.5157
24.7078
26.3400
27.0765
25.9705
26.8153
26.7194
25.6851
24.6226
25.6235
27.5729
28.6097
26.7069
25.5079
26.6237
25.1031
24.9000
23.4030
25.5009
27.5207
27.7856
24.8959
23.1623
25.5884
23.6255
24.7308
26.3661
26.8546
25.8303
24.4987
23.1567
26.0433
27.2430
26.1083
27.1086
29.2613
28.3972
25.0295
26.1872
26.8394
25.1259
27.1508
25.8523
26.3514
28.7944
27.0310
25.7789
26.4765
27.9330
27.2194
29.4336
26.0278
27.7811
27.2388
27.4803
26.5376
28.7274
25.3358
24.2259
25.4395
25.6541
25.4870
26.8970
27.3722
26.8209
26.5692
28.8530
29.0003
27.3539
27.9086
27.5179
27.2378
26.7823
24.8725
26.0296
27.0764
26.6130
26.7946
28.9444
30.6507
27.6526
27.9830
26.8441
26.9111
27.2227
28.1706
29.6991
28.5490
28.4506
29.2225
28.7981
28.0179
26.2049
27.8213
24.8879
26.5603
25.0206
25.6038
27.3572
28.2937
29.4506
28.4774
28.4363
25.7696
28.1461
27.7150
24.9757
26.3541
26.6230
24.7108
24.4833
25.6349
24.6976
25.5162
25.0441
26.4692
26.8003
24.2751
25.0297
26.1877
27.7552
27.0394
28.1111
25.0795
23.6507
24.6515
26.7561
25.0075
27.7001
26.8198
25.5851
25.9282
26.0502
25.5120
26.2649
25.0739
24.9450
27.0048
28.2244
29.2065
29.0483
28.9211
28.8867
29.3508
29.7584
31.0470
30.9608
31.8765
31.4694
27.8854
30.4680
29.1120
27.7280
27.9734
28.3141
28.5535
31.5288
29.5035
30.9702
28.9428
28.2831
27.1247
28.3246
27.4921
26.8168
26.8011
24.3405
26.9194
28.0633
27.9898
26.2400
26.1324
25.4385
26.8005
26.7632
27.1501
26.4520
29.4345
29.8528
28.4314
28.1526
27.1244
28.4240
28.0836
29.7918
27.0133
27.1170
24.9776
27.3742
27.8754
30.6248
27.6575
28.3754
28.2367
26.7340
26.4831
26.0073
28.8535
27.5566
30.7250
29.7189
27.3083
26.0174
28.8697
31.3773
31.0300
28.8552
28.8236
26.8255
27.1823
29.0022
27.4284
25.9847
26.5570
27.1173
27.0187
28.2405
28.6336
24.9889
25.8837
27.3185
26.4680
26.2427
28.8719
28.3788
27.9357
28.4111
28.9133
25.8417
26.7064
27.0695
26.9368
28.3013
30.2119
31.6824
29.5555
29.3966
26.4792
26.0677
27.5962
26.1073
28.8682
28.1992
28.0784
29.1644
27.3460
25.8768
28.8195
29.8807
28.1538
26.4257
26.9128
27.7753
30.4367
28.4328
30.1525
28.0287
26.8817
26.8872
29.0697
27.4193
26.5986
27.7473
27.7237
25.0155
27.0947
28.0046
28.9076
30.5866
26.6024
30.2884
31.5762
26.9794
28.9751
29.0662
28.8333
28.4542
27.9156
30.6282
30.5947
29.4675
29.3661
29.3344
30.0921
31.0528
30.4973
30.2245
29.7377
29.1515
27.9680
29.1070
28.7485
29.7687
32.2469
29.0907
29.0357
31.2097
29.5636
29.7536
30.3546
28.6548
29.1973
29.0380
28.6453
28.7454
29.0029
28.5941
29.6858
30.3904
31.3777
27.6915
28.1507
28.2266
29.0698
29.9962
28.3495
29.7643
29.7513
30.0636
30.3032
28.3968
29.4773
29.9769
31.5661
30.2305
29.9771
30.9257
30.2900
31.5109
29.0747
29.0151
31.3163
29.0747
29.1074
31.5349
28.7148
29.3731
28.7314
26.6687
28.0696
28.5365
29.0909
29.5430
28.4616
29.7655
28.7043
28.2024
29.8707
27.9932
28.4263
31.4388
29.4049
27.8891
28.6966
28.5161
27.8254
28.9120
28.5229
27.8102
28.4313
28.3424
27.4064
31.2178
29.9315
28.7381
28.4424
27.5445
27.7738
29.4356
31.0650
28.2692
28.3415
27.2265
27.8885
27.9701
27.8199
28.7951
28.7983
30.5644
28.9825
29.0923
29.6884
31.1565
27.8153
31.7226
30.4003
30.5865
28.3303
30.1297
30.5001
30.2973
32.7424
33.3276
31.5899
34.4157
33.8996
30.8498
29.2870
28.5899
32.2470
32.3830
31.4524
30.6587
29.1916
30.1421
31.5617
30.0559
31.0592
30.4006
31.2718
31.9946
31.4011
32.8732
31.2207
32.6584
30.4534
31.8554
30.8728
29.6068
30.6118
32.4063
31.4130
29.3421
27.7173
27.9355
29.2495
28.0491
29.4864
28.2033
31.7141
30.9072
30.9224
29.7497
29.9096
29.2544
27.2753
28.9966
28.9547
30.3031
29.1142
29.3117
28.7622
31.2154
28.2856
30.1560
30.2989
31.8305
30.1066
31.2409
32.2367
30.0924
31.6287
29.8096
30.0190
29.2199
28.6914
29.4931
28.7901
30.0978
28.4993
32.2881
29.6637
31.2521
32.7867
29.5436
31.1094
30.9182
30.7710
31.5399
28.2657
30.5500
33.1957
31.9157
32.3963
32.0387
32.6891
31.0491
30.5952
32.3976
28.9608
31.7290
30.2787
30.6834
30.7794
29.4639
29.2844
29.8259
28.2580
29.6032
29.4113
28.9730
27.0793
27.2751
30.9780
28.2158
28.5553
30.2513
30.4006
31.3207
31.0379
29.7024
29.0121
28.7253
25.6741
27.7841
28.2342
28.8573
28.2006
29.7629
31.8313
28.8204
29.5354
30.0457
27.6993
29.4640
30.2829
29.2803
29.4260
30.8231
30.3742
31.4282
30.9869
30.9247
29.9750
27.0902
28.6323
28.0117
32.4377
30.8781
28.7790
30.5115
29.7469
31.2608
29.8595
30.5252
29.9181
30.2397
28.3035
27.1189
32.9360
28.8097
30.6440
31.0399
30.9514
31.4701
30.8908
30.2688
31.0410
28.5314
29.5237
28.1912
30.2892
26.6951
30.0475
27.8788
30.4577
30.4056
29.8746
29.9441
30.4776
30.2496
31.8087
27.8871
29.4044
27.4406
29.6261
28.7996
29.6778
30.7834
29.2881
30.6098
29.8683
29.4111
28.4600
26.5670
28.4172
31.0252
27.9060
29.8111
29.7987
30.8441
30.2421
31.0887
31.3269
29.6915
28.2836
29.3353
32.0949
28.4453
30.3410
28.8542
29.7570
31.2140
30.8715
32.9609
29.4314
31.5671
30.8341
30.2606
30.5088
29.0326
32.1278
31.2204
31.8865
30.1633
28.5279
29.8028
31.8727
30.5663
30.8540
29.9735
31.3949
33.5923
30.6265
30.5630
30.9726
30.7347
30.3996
29.1553
31.5016
29.1772
29.4348
29.8488
30.5700
28.7719
29.9861
29.6727
30.0621
28.9593
28.8518
26.2328
29.5068
29.2471
31.6317
30.4876
32.5836
31.1897
33.0423
29.9236
32.0149
29.3795
29.1568
28.1424
30.0392
27.1837
29.1840
29.8159
29.9640
29.4785
26.8982
26.2294
27.1068
26.4419
24.3216
26.3283
26.9522
28.2758
28.4170
27.8492
28.7374
27.8811
26.6427
29.8915
28.8474
27.4136
27.4025
27.4896
31.4315
26.5928
28.8679
31.4223
31.3203
30.4194
30.8627
29.0375
30.8444
30.6459
29.7299
29.3195
29.4415
27.7543
29.3912
32.1068
31.9366
29.0792
29.9698
31.5051
30.9844
31.6470
31.5012
31.6383
32.2427
29.0697
31.0466
31.3092
30.0302
28.9423
31.1638
31.1593
29.6908
29.7333
30.8515
29.7373
28.7428
28.9484
30.6480
31.6807
30.2679
28.5405
30.4590
30.2318
31.1170
31.6248
28.7747
31.6213
30.2798
31.6882
29.9647
30.7340
27.6748
30.4833
28.1028
31.4874
28.9323
29.2450
30.4300
28.0021
25.4948
27.5312
27.8888
28.9433
28.3551
27.8877
32.8766
30.9221
32.8159
32.7793
30.3806
29.5266
31.2384
30.9673
28.9799
28.7255
28.0968
28.8209
29.3239
28.1628
29.4640
29.0254
31.2099
30.9645
30.5669
28.4000
29.0034
30.1104
30.8911
30.2161
31.5970
30.1333
30.4213
29.3449
29.3876
30.6548
27.9222
28.4537
27.6915
27.9654
29.6855
28.0587
30.4404
28.6456
27.7256
27.7705
30.0481
29.6734
30.2597
29.6023
29.3008
30.4273
30.5064
30.3150
30.6013
30.8963
30.9447
28.2075
29.6039
32.2737
31.7750
31.3812
30.7160
32.5220
30.1585
29.2248
29.9597
30.1915
27.8532
28.5704
31.3694
30.3178
29.2128
29.3550
31.4466
28.6949
32.2145
31.9154
31.5634
30.4159
28.9142
30.5426
31.1912
30.2245
28.9413
30.9731
32.5392
29.1104
29.6320
29.1376
29.0350
29.7137
27.7166
29.1661
30.2875
33.5267
32.0667
29.8359
30.6301
29.8298
27.8292
28.0045
28.0520
28.1089
26.3772
26.6741
30.4041
31.5793
34.8554
33.6672
32.6974
31.8374
31.3287
30.7806
27.8328
29.4491
30.8906
30.1328
31.2961
28.8108
28.2878
29.8362
29.5698
31.6648
29.8202
28.3256
27.1332
27.9998
28.6856
29.4514
30.6041
26.9312
30.1099
29.5690
32.5147
30.4345
31.2630
30.6471
29.1616
29.0451
32.1389
31.0040
30.1235
30.3053
30.7266
29.8788
30.3912
30.4948
29.9114
30.8083
29.2601
30.4663
29.9368
30.7033
30.6329
30.0831
30.9733
30.1112
29.7267
31.4182
31.6401
31.1923
28.2225
30.7956
31.5798
29.1326
30.7338
30.1202
30.1081
29.3436
29.2780
27.2326
30.6976
29.8249
31.0671
29.9142
30.1991
29.4433
29.2998
30.1857
30.2679
28.0964
30.2398
28.6670
31.0656
30.7687
31.5734
32.2383
31.4168
28.7799
29.4955
28.3741
28.7885
27.9248
28.5252
28.0749
31.4240
30.0774
30.0344
27.8366
28.8447
30.4773
29.4377
28.3973
29.2234
29.0086
27.4978
24.8583
26.9035
26.3680
27.2547
27.9433
29.1723
27.3133
27.9215
28.6963
27.4703
26.7615
29.5621
30.9670
30.5811
30.4786
29.7317
27.2157
26.9914
27.1645
24.4236
28.9668
27.4176
28.1049
27.3202
27.6330
30.0625
30.1497
30.8027
27.3825
27.5238
26.7925
28.2401
30.4667
31.2244
28.0190
28.0514
29.9976
29.4957
30.3092
30.9073
29.2260
33.7766
29.9723
30.6996
28.6264
30.4779
28.2753
30.9601
30.8039
28.9580
29.6968
31.5100
30.3357
29.2734
30.0352
29.2055
27.7912
27.8882
29.2424
31.0559
28.1528
28.6826
28.6042
29.6547
27.8281
28.6622
27.9992
27.4140
29.4679
29.9270
31.4093
29.3845
29.2087
30.0618
30.4488
29.5607
29.9358
30.2414
30.7344
29.5122
29.4618
29.1742
30.2805
29.2660
28.9228
27.4843
29.1864
30.5741
29.4417
28.8502
29.3640
28.5569
29.6184
28.4097
31.1851
29.1957
32.2013
31.5200
30.1676
27.6122
27.5800
29.4530
29.8513
29.5227
28.7946
28.5300
30.4213
28.9783
28.7439
29.4688
29.0728
29.9186
31.4624
29.3492
29.3704
28.8505
29.3585
28.9100
31.4868
30.8712
29.3568
31.5569
30.3356
28.8290
28.8404
28.8547
29.2069
29.8364
30.2212
29.6500
30.2412
30.2916
29.9211
30.5477
29.0946
32.3073
32.0001
28.9038
30.6189
28.9280
27.8749
30.0964
28.5940
28.1826
27.1024
26.7502
26.3221
25.9676
29.1503
28.1271
30.3450
28.2487
27.9005
28.7201
28.4614
30.6459
31.6714
29.9451
27.6286
31.0172
29.8984
29.6403
29.8463
31.1767
32.0371
32.6516
32.1488
32.5485
31.3337
30.0893
29.6291
31.8020
31.8635
31.9111
28.9247
29.7399
32.6992
30.3293
31.2442
31.5980
31.6959
29.6395
29.4570
30.3853
31.5291
30.0758
30.8558
30.0413
31.8079
33.6206
31.2762
29.5255
29.7687
28.7961
31.3408
31.0963
31.6556
28.7596
30.5319
29.3432
28.6793
28.9033
30.6435
31.2187
31.4930
29.8917
32.7109
31.5074
27.9779
28.3223
26.7811
27.9373
29.3776
30.6138
27.6596
27.6132
29.1923
29.4803
28.7335
30.3302
29.6146
30.4736
31.2837
28.1443
29.2883
30.1569
29.2540
30.7119
28.5846
27.4023
25.6589
26.5792
26.6312
30.0035
29.1850
30.1763
29.2072
29.2276
29.3457
29.6150
27.5302
29.8422
29.4727
29.3760
29.6508
28.8719
29.2068
29.5631
28.8893
29.3920
29.2345
28.2865
26.3042
26.6208
28.5734
28.4745
29.5121
29.7885
27.4267
27.3895
26.7981
26.8002
27.0819
28.4101
28.0834
27.1902
30.2568
26.2813
26.7523
29.2499
25.0752
26.6296
26.3492
25.5367
26.5922
27.0298
29.4257
28.8233
28.3516
29.3673
28.1015
27.5159
26.7648
28.5220
29.0370
27.9978
25.6229
25.9969
27.3883
27.4703
27.5942
27.0620
27.9277
28.8272
26.8690
27.9546
27.3770
27.7010
29.0453
26.5033
30.1647
30.0544
29.5367
30.9255
27.0819
28.2873
28.5416
28.8324
26.8827
29.8969
27.7758
28.3915
28.7275
29.5124
29.3760
28.3290
29.3404
27.5185
25.1407
27.4645
26.6227
27.2832
28.7303
28.0650
28.4031
29.7172
29.1068
28.8185
27.2057
26.7945
28.6498
29.9254
28.6162
28.4716
29.4627
29.1968
29.1625
29.9581
28.8929
30.1940
28.2639
30.8019
28.6265
30.8146
29.5914
29.2861
29.6440
29.5499
28.6587
28.0420
28.1173
28.5047
29.7504
28.9267
29.6654
31.0482
28.9841
29.8444
30.2542
29.6768
27.6469
30.4275
31.0895
29.6378
26.8114
27.5336
30.5273
31.8377
28.0504
29.3817
30.5993
30.0561
31.0008
28.9755
26.7763
29.5126
29.9950
29.1926
29.4162
31.0776
27.5542
28.2811
28.6193
28.8996
27.1287
26.6722
26.6130
28.7330
26.5223
27.2694
28.2922
26.4914
29.5051
28.9788
28.3051
29.3895
28.4948
28.2814
30.4012
29.4189
29.4344
28.6591
29.4518
29.3312
28.5275
29.0231
28.5180
30.8726
31.1990
30.5051
29.1386
29.8029
32.3312
31.7331
31.7913
30.7996
29.9611
32.3310
30.8299
30.0139
30.4175
30.0072
31.4218
30.6838
30.1267
32.0647
30.7664
27.5036
31.2791
29.3198
29.5996
29.5059
28.4005
29.0072
27.9561
30.8023
28.7678
27.1218
27.2973
28.7271
26.7822
27.7965
28.9116
27.0176
27.6189
27.8065
30.0457
30.1207
30.1272
30.2509
28.7633
31.4766
28.0163
26.7748
29.8893
27.2642
27.3690
28.3037
26.3359
24.1844
25.0173
29.9775
26.9456
28.4631
28.7587
28.6137
25.5979
24.9665
23.6453
22.6050
25.2468
26.6064
24.4959
24.1645
23.3458
24.1294
26.0504
24.5184
26.0228
26.0415
25.3900
27.4435
25.4682
26.9837
25.3360
26.7524
25.3692
25.6444
24.1030
23.6801
26.8374
26.3434
27.2814
24.7935
25.3784
24.3179
26.4690
26.5627
27.5274
25.7761
24.9953
27.2416
26.1074
26.6694
25.0911
24.4491
21.9653
23.0702
24.6794
26.2576
24.5646
26.9545
26.6978
27.0139
25.6550
26.7102
26.9579
31.9477
29.3072
25.0554
26.7634
27.4333
28.0395
26.8091
26.7591
26.5512
28.1266
28.4254
27.7591
25.8857
28.9944
26.8764
30.1783
27.2941
27.0412
26.8860
25.7215
28.0079
28.4729
27.7761
25.9581
26.4829
27.1860
28.0626
30.2653
28.7090
25.9491
27.2566
27.7503
27.0402
27.1550
27.3415
27.1616
26.1734
26.4767
27.5723
27.3500
25.4104
27.0439
27.8600
26.7742
27.6181
28.6383
27.9578
27.2915
29.4314
27.1629
28.6468
30.2450
27.7970
28.5764
29.5677
28.7244
28.6440
30.2917
27.9963
28.7977
25.9277
26.0552
24.9522
26.0528
28.9783
28.3214
25.1390
25.9407
26.1588
26.8879
26.5895
28.0214
27.9999
27.3681
28.3645
28.7174
27.1576
29.0368
28.1145
28.3144
25.2817
25.0371
26.3177
29.4106
30.3566
27.7642
28.5007
27.8175
27.9173
25.7414
25.3289
24.6590
27.6466
24.8927
23.2240
27.5158
26.8570
28.1912
29.6873
27.9998
28.1579
27.2970
27.7588
29.0357
23.7971
25.3879
27.5954
25.9451
26.7979
30.2629
30.5503
26.5151
25.1792
30.3729
27.0443
27.5484
26.5047
27.6498
25.8967
25.1106
26.5062
26.7354
24.6201
26.8388
25.6886
26.8375
24.9953
27.9432
27.3986
26.1211
26.1252
25.7826
23.9030
26.7730
25.5710
27.5540
25.8851
24.6596
24.9579
26.6332
26.6266
26.1452
25.9062
27.3869
26.1982
26.1765
25.4554
24.3502
24.1481
26.9094
26.7310
28.2409
27.7182
29.3276
29.7993
27.2314
26.0061
25.1809
27.3586
26.7962
25.5106
25.9885
28.3613
25.6723
27.5777
26.4461
25.7312
25.8567
25.1414
25.2387
26.4259
26.4632
27.3953
26.0669
27.5896
27.1102
26.4520
27.8369
27.8726
26.9082
27.0447
27.1435
26.1808
27.6889
25.5392
27.8088
28.6872
27.3849
28.7122
28.2694
27.2506
26.0972
27.5638
29.1140
29.4271
26.9425
28.6313
27.8350
27.0198
26.7364
26.1443
28.7896
25.4664
28.6601
26.5829
26.9380
28.1765
27.3507
27.3015
28.2314
26.5038
27.1526
29.6188
29.2752
28.7244
28.9018
29.7956
28.3855
28.8345
28.2666
26.7071
29.1271
25.1592
28.9252
26.4924
26.6822
26.0346
29.8413
23.9059
26.4529
27.3273
25.5064
26.6877
25.4612
26.0034
26.2848
24.6518
24.5303
26.3018
26.8415
25.4434
25.7942
27.6686
28.2427
27.4286
29.2575
28.7516
27.0604
29.3326
28.8884
28.6886
28.5186
29.9643
28.6208
26.2445
25.2675
28.3692
28.4349
24.5182
26.2662
25.7614
26.5539
26.5001
28.1708
26.4316
26.3258
27.8985
28.6143
27.7912
27.2705
27.9881
25.7806
26.6015
28.1840
28.5734
29.1397
29.5703
32.0214
28.9271
32.2312
31.8761
29.3478
30.3210
28.8771
27.1453
27.0323
28.0135
27.0356
23.8346
25.0822
28.3458
26.5903
26.1964
24.9471
25.7079
26.2585
26.4975
27.7200
26.0925
25.6003
27.9973
27.3120
29.2482
25.7656
28.5877
24.7439
24.4284
25.7598
25.2300
26.3017
25.0323
27.4099
29.1984
30.6046
29.2503
28.7813
27.8458
28.0759
26.5979
27.9284
30.3986
27.9934
25.9265
25.5160
27.2653
26.4480
28.6860
28.6075
26.8166
27.7204
28.7444
27.3604
26.6422
24.5812
27.2610
27.7417
24.9298
23.9161
23.8351
23.7799
25.5773
23.8574
24.5021
26.2131
26.9674
28.4131
27.2032
28.0524
28.1676
26.2759
24.7007
27.1278
25.1848
25.7441
27.4963
27.2926
30.0009
29.0548
29.3477
29.8170
29.1681
27.9721
30.6267
27.0658
26.8598
27.0361
26.4744
29.0323
26.2411
27.7390
26.6038
28.1328
27.3997
26.7414
28.9294
28.3752
27.7423
28.7882
29.7198
27.1455
28.6416
28.8308
26.8493
26.2817
27.2116
26.7540
27.8879
27.8068
27.2606
28.1420
25.8363
26.6653
28.1265
28.8529
27.8025
28.1624
26.0904
28.1642
26.2076
26.6468
27.2212
26.9652
23.2535
24.4401
24.6206
25.6897
27.2058
28.0736
25.1558
27.4428
26.8514
26.6553
28.8664
29.1850
28.1447
25.1448
23.8316
23.4838
25.4352
24.5821
26.0645
28.4029
25.8200
26.3346
27.0395
26.3163
26.1817
23.7890
26.1212
27.0988
27.3759
28.0221
27.4202
26.3799
26.2894
26.6062
30.7861
28.1758
26.8162
25.9223
29.5466
27.8483
30.4895
27.5358
28.3359
28.8177
27.5187
28.6489
28.8910
25.6009
26.6391
27.5190
27.0576
25.1851
26.7843
26.5567
26.5019
24.0107
26.3957
26.9626
28.6512
28.8341
26.4600
26.0557
26.4702
23.7597
27.8213
26.0285
25.5006
26.4567
26.0138
26.7599
25.8316
27.4679
26.5574
26.4212
25.0468
25.4906
28.3442
23.8024
27.9741
26.8298
26.2660
26.2166
26.7100
27.3871
23.9611
23.4584
24.0751
24.9266
27.1936
27.0092
27.2301
28.0898
26.7891
28.2403
27.1170
27.9287
27.4560
28.3748
27.4863
28.0581
30.4922
29.9406
28.9003
28.3428
28.7596
28.0282
27.9490
27.4584
26.4497
28.0294
30.0169
31.0271
29.3294
30.1514
29.5623
29.6988
27.6533
29.4885
29.3282
30.4768
28.8260
29.6169
27.1764
28.8532
29.9925
28.7182
27.4420
27.6447
29.6125
29.1314
28.6436
28.2658
29.9666
29.2858
26.4227
27.2027
27.8918
28.6163
28.3629
27.0293
27.4379
30.0941
30.2599
29.6597
28.6249
31.1318
31.3782
31.1287
30.5007
30.4380
29.8435
26.4546
27.4884
29.2441
27.1628
29.6171
28.7570
27.1831
27.2152
26.5803
27.2760
26.5262
25.5152
29.2436
28.9103
29.3869
27.9298
25.6047
28.5763
28.3707
28.5802
26.8580
29.5973
28.8208
27.6338
29.8412
27.3959
28.5108
26.3509
26.2463
27.2349
26.1000
28.1902
28.9618
28.7563
28.8379
28.5906
27.0840
29.8376
31.2681
31.5174
28.2534
27.8812
29.8307
26.5255
28.4567
29.4651
30.9432
30.6910
28.4096
30.2446
29.7669
31.2888
30.3063
28.9407
24.7713
26.9689
26.3966
28.0735
26.9335
30.7543
27.4020
26.5650
27.0340
29.0123
26.1064
30.2412
30.2704
28.6861
27.9648
29.2550
28.5784
27.6474
27.1980
30.6131
29.7050
29.4800
29.2519
33.3827
29.1915
26.8800
28.2318
32.5472
30.3146
28.2612
28.4450
27.8753
28.7952
30.2516
29.0554
28.5154
29.9109
30.9407
28.5275
29.1504
30.1433
29.4885
30.6715
27.8155
31.5567
30.0159
31.9041
31.1715
32.3867
29.7057
30.5993
30.7335
31.1693
28.5349
27.7038
28.5784
29.1673
29.7615
29.8870
30.4996
29.9419
30.8384
27.9845
29.3036
29.0001
27.0364
28.8113
29.2354
30.4714
30.8517
30.3156
29.4741
30.1922
27.1921
29.3660
29.9420
26.3908
28.6427
29.8739
29.2024
29.2573
29.7662
29.9630
29.3395
27.9321
29.2471
29.8227
30.2439
29.3984
29.8156
28.2319
30.4166
27.7321
28.7059
28.7888
26.5775
28.7978
27.2979
26.5689
28.5418
26.6574
28.4384
27.6471
26.1311
26.7302
28.8530
30.8354
26.1614
28.5643
29.0609
30.3908
31.2423
31.9018
30.6473
30.1455
27.2193
27.5522
29.5654
28.3078
27.3643
29.5981
31.1463
30.7328
32.8866
29.9597
28.9657
29.9235
27.1038
29.9815
30.6139
30.4307
29.7430
28.2565
27.5911
30.5969
30.8951
26.8887
26.3442
27.8522
27.2236
27.0941
30.6647
28.5769
30.9293
27.8198
26.6013
27.7977
27.0795
29.2419
28.1840
28.8356
29.8328
29.0961
29.2730
28.5461
27.7638
27.5608
28.8473
28.5646
27.6902
26.2085
29.8029
30.6138
28.5895
27.1490
27.6910
27.0036
28.5357
28.8248
29.1525
28.6652
26.3146
28.5084
25.5367
24.5759
25.3232
27.1009
27.5314
26.1158
27.0538
25.7490
25.9475
27.3204
28.3895
26.8700
26.1756
28.2463
29.0260
24.2644
28.5194
27.2044
26.5255
26.2428
27.2590
26.4210
24.8781
27.3566
25.9699
24.7157
23.8490
25.0539
26.9755
25.8764
24.1041
25.8041
22.4128
24.0416
24.2538
24.8959
26.2760
26.3625
25.9295
24.8760
25.9467
24.7572
24.7982
24.8484
23.5347
26.8130
24.2121
23.8928
25.2026
26.8692
26.4456
26.9046
27.2088
26.4419
28.1679
26.7825
26.1727
27.6621
27.7869
26.5121
29.1540
26.7577
27.5772
27.2561
25.9397
26.7028
27.5668
25.0727
28.0184
25.3141
25.6910
26.0457
25.1210
24.3876
24.2211
24.1628
26.1303
26.9586
28.4307
27.5782
28.7793
26.3510
26.0504
24.4108
25.1854
27.1277
27.5744
27.0145
24.8613
24.1491
25.3843
29.7891
27.1506
30.2412
31.5850
29.3756
30.8816
28.0647
27.2635
27.8140
24.0647
24.3025
22.3845
23.3245
22.2528
25.5799
25.2937
26.1689
25.6627
25.8475
26.7138
24.7635
26.0754
25.6128
26.1142
27.6508
28.2352
26.6544
25.0671
24.7591
26.8506
25.7967
27.1783
27.6443
28.1093
24.9298
25.5904
25.8566
27.3836
25.4853
26.1668
27.0965
26.3248
25.1014
25.8100
26.7067
28.1129
27.4402
27.9469
24.4903
24.6797
25.3760
23.8844
25.6519
27.4110
27.9331
28.9052
31.1308
28.3326
27.6939
27.8831
29.9468
30.2618
30.1198
28.3290
30.1336
25.4107
28.7747
26.9513
27.7895
29.8399
29.1683
28.2447
28.0210
29.0253
28.2890
27.5649
26.9737
30.3919
27.7510
25.8326
23.9440
27.2765
22.3349
23.7430
27.2591
24.8349
24.3730
27.5373
26.9641
25.1230
26.5575
26.8855
27.7527
28.0225
26.7199
25.0061
26.8435
26.6099
26.1738
27.1026
28.9333
27.2685
28.6079
28.2517
26.6295
24.7942
27.5995
28.5843
26.3542
27.7989
30.0728
30.0748
31.9219
28.8777
28.0198
27.5057
28.2656
27.2143
26.4769
29.5120
31.4362
30.7453
29.4427
27.4454
28.4941
28.0771
27.5873
27.3310
25.4427
26.2139
25.2123
27.4213
25.7729
25.4302
23.8560
26.5673
26.6428
24.8467
25.8203
24.4887
25.8853
25.5415
25.7213
25.9099
26.0889
26.9732
25.7985
28.1632
27.2354
26.4692
25.3991
26.0756
25.4362
27.3705
26.0357
25.0614
25.6542
24.3568
27.1894
26.6958
26.6088
29.6386
29.0384
27.0495
24.9083
29.4188
26.1677
27.0248
24.9164
25.2567
24.4371
27.5041
27.1346
23.8927
23.3872
26.0956
26.9796
25.0393
26.0596
27.3720
24.0200
25.2747
26.2572
25.5577
25.2999
27.0951
27.6372
28.8621
27.4917
28.1429
27.0919
27.1487
28.6317
28.4791
25.1277
27.3829
26.6456
25.1698
24.7314
27.0506
26.2737
28.1629
27.4332
27.4987
26.9531
28.1718
29.5390
28.3624
27.5297
27.3085
29.9137
30.7188
30.3379
30.9294
27.9411
26.1117
26.4369
27.7417
29.0716
26.0809
26.6525
26.9238
26.5071
27.9135
27.3681
28.2675
28.8553
26.6322
26.0235
26.8485
24.7161
27.5041
25.9498
26.9002
26.2497
26.1351
27.4270
25.7232
27.5635
28.6690
26.3635
30.3374
27.1199
26.9728
25.3478
26.2962
23.5087
25.7301
24.7541
25.8106
23.3311
27.7023
25.1725
24.9346
28.4207
31.0490
28.0924
29.0797
29.2405
31.3846
30.1707
29.3228
28.4090
31.4628
29.3059
28.4980
26.8189
25.7785
28.6449
27.4805
29.4162
28.3349
26.7911
27.8428
29.6924
27.8171
29.2817
27.2679
31.0410
27.3198
28.1857
27.8457
26.9392
25.2010
27.2293
28.0115
28.5204
29.8022
26.5431
26.4528
27.1307
25.4458
25.3828
26.9396
27.7146
25.7011
26.9978
25.0699
27.6257
28.4594
29.7377
29.9642
26.1775
30.8620
31.2926
31.3813
29.3649
28.2755
29.4981
28.0862
29.0394
31.4779
27.6856
26.6491
30.2937
28.6939
26.9276
27.8067
30.0844
30.1692
28.3273
30.6486
29.5230
31.1927
29.5088
31.6618
32.3115
31.5322
30.0537
29.8793
30.6207
30.6808
31.1573
32.0106
29.7699
29.9112
29.0809
29.7551
29.0355
27.6351
28.4046
27.5961
25.6209
27.9953
28.8052
27.8042
29.3800
28.9172
31.2487
30.3060
31.6768
31.2832
31.0505
31.9877
31.0460
31.3784
30.4621
30.1604
30.6445
28.4428
29.6588
32.8327
31.5640
31.8266
30.8502
30.8562
30.6023
31.9355
30.1702
29.2251
29.4481
29.1179
30.4521
30.9270
28.8978
30.8976
29.5510
29.6772
30.0097
30.5813
29.5827
28.7189
28.5250
29.9592
30.0335
26.0856
25.7867
26.8057
30.5909
27.9332
30.2069
29.5035
29.3355
28.0573
28.8104
27.8280
31.2929
30.4883
29.9717
29.0321
27.6390
28.5911
30.0340
30.7485
29.1792
28.9887
30.4835
30.7745
32.7444
30.7603
30.3246
29.7529
31.1236
28.3933
29.5115
30.4798
31.7938
27.8923
26.7942
27.6143
29.9353
29.9755
28.8500
28.7832
29.1337
30.2349
29.4502
28.2148
28.7390
31.3959
32.0036
31.4249
32.9466
31.6203
31.8636
30.0445
28.7589
27.9827
28.9791
28.3504
30.7051
29.2835
28.6563
29.1022
27.4905
28.0992
29.2137
29.4006
32.1990
32.6190
30.7165
28.2528
30.3791
28.2751
28.3945
32.3499
28.4639
29.6834
29.1726
30.0722
29.6652
30.4500
28.0744
29.9302
32.3797
28.5049
29.1245
31.3691
31.1485
32.2849
30.7846
31.2878
29.2389
32.5277
32.4853
31.6853
32.9195
32.7031
28.6916
31.6111
27.9680
31.5917
29.5716
30.9987
29.1812
30.0038
31.4086
30.6194
30.3044
29.4930
30.1510
29.1546
29.0771
30.1692
29.0300
29.4686
28.7495
27.7557
29.6333
27.9452
30.6823
31.9639
29.9663
30.5610
30.6565
30.0282
29.8457
29.4377
32.4996
30.6596
29.0289
30.1067
29.5353
28.2198
27.9647
26.6291
28.4291
28.4631
26.9347
26.5985
26.3210
30.4880
30.9579
28.7584
29.1977
29.2397
25.3948
25.9663
29.5304
27.9927
26.2479
28.7482
28.4444
26.8266
28.1966
26.0857
26.9966
29.7630
29.4795
29.4331
27.9408
27.0646
26.6288
27.0843
26.7044
26.2744
29.7910
29.8826
26.7417
28.0870
29.9915
27.3868
27.6446
28.8370
28.8931
29.6897
25.7485
29.7071
29.7599
31.3505
28.7476
30.0629
29.3679
28.0652
27.0099
27.5212
28.5368
28.2781
29.9143
30.4845
26.0570
29.2422
28.6984
27.9034
27.0361
25.7792
26.2256
26.2440
28.8489
30.1879
27.3033
25.4629
27.3722
29.2423
29.6318
29.2795
27.2322
29.8633
29.1330
27.3655
28.3671
28.4193
28.3519
30.6241
28.5342
30.5093
28.9605
28.6606
31.1054
30.7700
26.4455
27.7142
29.4898
31.6489
29.7945
30.2278
32.9813
28.6272
28.6886
27.9179
29.8590
28.7510
30.4732
29.5372
29.9443
31.2816
29.4823
30.3836
28.0878
29.0983
28.8394
29.4132
30.9250
30.1404
30.6042
30.9605
31.8383
30.1711
32.5376
33.6107
32.2219
31.3714
31.2569
29.2677
33.2814
32.0138
30.1805
32.0848
31.2353
28.0287
28.8142
30.2543
32.4336
29.8569
31.3551
30.3428
27.0482
29.3300
27.8912
26.7291
29.3304
30.6797
28.8733
29.2753
31.8236
30.8982
31.2841
31.1089
30.7487
28.5291
29.4154
28.8664
27.2272
28.7244
29.2677
28.5888
29.5528
31.2704
28.2323
28.8094
29.5913
26.6184
27.8936
26.3504
26.8285
26.2615
28.2472
25.6746
25.4452
25.5172
28.2163
30.8767
29.4744
26.7491
28.5162
27.3573
29.4549
29.5582
29.3194
31.0948
31.2175
29.3412
30.3033
28.4360
28.2017
27.6413
30.6969
29.2514
28.6032
31.0549
28.8731
29.0362
28.7625
29.6832
29.8257
32.5861
31.4127
31.0997
28.9780
31.4204
29.3898
28.8768
27.8706
29.6752
27.3714
28.4238
28.5942
31.0427
29.6405
30.2049
30.0120
29.8268
30.0815
30.9478
28.0631
30.2012
29.3861
29.0526
30.3591
28.7343
27.8426
27.0165
29.8872
31.5983
30.0933
30.6681
29.7401
30.7108
28.7871
26.9584
28.3010
26.5919
27.6532
31.7563
30.2847
31.8002
30.9271
27.7713
30.1423
32.7369
33.9902
31.1121
29.3356
28.1666
30.5185
32.0720
28.7376
30.9856
27.9949
27.4636
29.2517
26.8011
29.5522
28.4606
28.3270
29.5209
27.7514
28.1166
30.5975
27.6411
26.6173
25.7107
26.7166
28.4422
27.6810
27.5727
28.2233
26.4953
25.7064
25.4897
27.5307
30.1471
29.8939
30.2467
27.5828
26.7541
29.5699
29.9316
29.0415
29.2459
26.5064
28.5569
27.0673
27.9920
27.2183
29.2471
29.5453
28.7107
28.9381
30.4486
29.6195
29.6652
28.7774
33.1533
29.8883
27.9523
27.2308
28.5588
25.9168
27.8660
29.3988
27.5594
27.6898
26.6375
29.2210
25.7601
28.1488
29.2987
28.3662
26.9905
28.1034
28.2643
28.6050
28.6265
28.2099
27.6352
27.1002
28.1160
26.7519
25.3315
27.7897
30.3816
27.8016
28.8031
26.5412
27.7344
27.8951
27.6394
27.9364
28.6352
27.0331
26.7610
27.8517
29.1767
30.3768
29.0417
28.1801
29.4662
29.2195
28.8988
29.4813
29.8163
31.5691
28.8674
27.6776
27.3427
29.7111
31.2732
30.0907
29.4918
28.2074
28.7024
29.6308
30.6514
29.5328
31.6088
31.1998
29.2330
29.4323
31.2035
32.7927
28.9091
29.5187
28.8181
28.9866
29.9057
29.3608
29.0551
31.3281
29.7074
29.6417
28.5795
29.5691
30.1272
30.6258
29.1015
26.7581
27.2838
28.6738
28.6012
27.9391
30.1009
30.6910
31.1764
29.5230
31.6459
28.6987
30.1670
29.0227
30.7965
30.6865
30.3892
28.5720
30.3298
29.5102
30.3187
31.3896
28.7823
30.8289
29.3021
30.8698
30.1551
30.2644
29.9849
31.7162
29.2712
29.7186
30.3203
29.9380
27.4026
28.4672
28.6306
28.4185
32.0531
31.1056
28.4832
29.6042
31.5244
29.8529
28.9463
29.6688
27.8484
28.4690
30.7133
30.1686
29.9014
28.5132
30.8695
30.2888
26.3102
29.1564
31.6852
30.5253
29.0234
30.4352
30.1437
31.0335
31.8489
29.7711
29.5052
31.3983
31.1488
30.6495
33.7608
32.3299
30.3144
32.8416
30.2153
31.8560
31.1421
30.1747
27.9919
28.9477
28.9306
29.7230
29.9111
30.4653
30.1373
29.5435
29.1262
29.9682
29.4634
30.8839
32.0652
32.6140
31.2127
29.9336
30.3585
31.3227
30.7528
29.4012
29.5354
28.7702
30.8542
28.5773
30.0139
30.5034
29.9854
30.6445
31.4388
31.7503
30.5526
32.1269
29.7598
30.0244
31.7434
30.3340
28.9188
27.7284
29.2877
32.1556
29.4406
27.9023
28.2424
28.9070
27.6955
30.4332
29.9002
30.9287
29.3445
31.4572
31.4223
32.1864
32.5644
27.1183
29.7609
30.8625
30.9240
30.0378
26.0320
29.3613
29.4495
30.9866
29.0851
28.4309
29.4877
28.3323
26.7362
29.8601
28.5051
29.6831
30.1635
28.7687
29.4615
28.2596
28.4703
26.6897
27.5783
27.6422
29.4654
28.1440
29.5576
29.4401
31.1050
28.8026
26.7863
30.3147
28.6436
27.8013
29.3418
27.8664
29.2597
29.6421
31.3865
28.4814
27.2819
26.9023
27.6882
27.2728
25.6971
28.6507
27.1287
26.5556
26.0742
27.2442
26.9123
27.3663
27.8625
25.9066
25.7684
26.2006
24.5437
25.7524
25.6434
26.6115
29.0839
26.2360
28.8471
26.4057
26.3506
26.0041
28.3923
27.0665
26.6737
27.4363
26.6355
30.1286
30.4055
31.3928
31.4121
29.9155
32.7705
28.2370
30.7408
28.7931
30.0193
30.0462
29.8761
32.4917
31.3514
32.4126
32.9111
30.4170
32.4739
29.8196
33.3468
31.9832
31.6934
34.4236
30.1359
30.8330
30.4565
29.6044
32.6462
29.2777
31.0706
32.4721
33.6188
35.1112
32.9849
29.8114
32.6802
33.9565
34.1073
32.1034
29.7399
26.7386
27.9540
27.6850
27.2378
28.6280
30.9727
30.1770
29.7712
29.9876
29.2998
29.5173
28.8368
30.4400
31.4750
29.9086
29.2550
27.3019
30.6314
27.7346
30.3240
32.4186
30.3827
29.6055
31.5632
28.3486
29.5524
29.6761
30.4478
27.2782
28.0872
28.4084
30.6351
30.9610
28.6575
29.8942
29.2525
29.8577
28.7523
28.9794
30.6837
30.6260
31.7047
28.2364
27.9676
29.3780
30.0238
30.4227
29.1543
31.1093
30.3674
29.8609
30.8342
27.9747
31.2406
29.3576
29.4863
30.3693
29.2173
31.1352
28.8905
29.4751
29.3490
28.1863
30.9824
29.5548
30.1984
26.3563
30.7260
28.3215
28.4091
29.6672
29.4927
29.3783
29.8746
31.5862
31.0059
29.8225
28.3796
28.6197
29.4352
28.6450
28.7866
28.9070
29.3281
28.9214
30.0002
29.5773
28.6501
29.3212
31.2091
27.8278
28.8530
30.2234
28.5378
29.7885
28.7518
30.6370
29.4022
31.0461
30.8192
30.9756
32.1707
31.7767
31.6405
31.4575
31.1193
29.5251
29.8420
30.1834
29.4019
27.9414
28.8377
26.8342
27.9394
29.3949
29.0518
25.6768
27.7565
26.0971
29.9219
28.9140
27.2334
26.9825
29.7254
29.7108
31.5331
28.9707
29.5967
27.3754
25.9435
27.3237
27.1090
26.4109
27.4925
26.8445
26.7284
27.4030
29.1487
27.8683
28.3705
28.5837
25.4967
26.1563
27.2826
27.5263
27.8578
26.0893
25.9657
27.2400
28.4258
27.2637
29.4551
26.6458
28.2226
27.2607
27.5328
28.7300
27.4541
28.3628
26.2054
25.8813
27.5076
26.8334
28.4370
28.6030
29.2886
27.7971
26.0061
27.6156
28.0811
28.1118
27.9338
29.7626
30.0937
29.2009
28.7082
27.0109
29.1978
26.2910
28.6584
30.2807
31.3944
29.3650
30.6542
27.7629
28.2208
27.1467
27.6942
28.3078
26.0811
25.4503
26.6535
27.9110
30.2796
30.1101
27.9965
26.3794
27.2075
25.9797
27.9109
28.3445
27.8343
29.5864
29.0194
29.2049
28.6258
28.0637
27.4602
27.6181
28.0639
27.8316
27.5583
24.9721
24.6071
23.6682
23.7946
24.7126
26.6092
26.4081
28.3189
29.9737
27.0124
28.3109
27.9426
28.7839
26.1937
28.8504
29.8652
31.1470
28.0362
28.4839
29.4687
28.9694
29.8026
29.1860
28.4712
25.9843
28.4695
29.9914
30.2217
29.4848
29.7727
28.7665
29.8042
26.1639
28.9878
30.9884
29.7597
31.8163
31.1113
32.1015
30.2538
29.9915
25.5420
23.6948
26.8797
28.6755
29.9512
31.0113
30.3695
31.5055
29.4203
28.2629
26.4615
27.2317
31.0461
31.4070
28.9259
29.9521
31.1139
30.4211
29.4060
31.0792
28.9738
32.0264
29.5604
30.8742
28.1825
28.1317
29.0910
30.0142
26.4600
27.6708
27.5097
27.9131
31.5783
31.2665
28.2827
27.8288
30.1893
30.8384
30.6059
29.5687
27.5894
28.4634
28.4405
27.6138
30.5600
30.3943
27.7157
26.4012
29.9207
30.4269
28.2732
29.4786
28.6983
28.5767
28.6048
29.2738
28.8659
28.7186
28.5621
32.5938
32.2091
31.2527
27.2738
28.2021
27.7160
28.9571
31.4858
28.0530
26.2164
26.7644
28.1426
28.8319
31.2488
30.7073
30.8056
31.3891
31.6586
31.7432
34.5774
36.0627
35.1272
34.2706
32.7080
31.8938
35.2603
34.0787
33.2015
36.6325
36.7640
35.9306
35.9481
34.6185
33.3524
33.7180
33.5352
34.4231
34.4114
33.5516
33.5723
33.6440
33.0571
32.1430
30.9161
30.9610
33.9709
31.9795
32.8036
31.3293
31.5513
31.4989
32.9348
33.3923
32.1179
31.1361
33.8330
32.9906
33.0283
34.4444
32.2903
32.1053
33.4824
36.8304
31.9738
33.7781
35.6846
32.9248
30.5023
31.4314
32.1692
31.2724
33.2094
31.3333
32.8899
33.4606
32.4253
35.1415
35.1576
34.4581
34.4875
33.4047
33.3249
33.8704
32.3479
31.2227
34.0653
34.7774
35.1292
33.4301
33.6484
34.3394
35.2877
33.8114
36.9972
32.2793
32.7383
34.6369
34.3151
34.7443
34.8425
34.8338
34.9079
33.2679
34.6906
35.4745
34.7454
31.5044
32.1673
31.8116
31.5899
32.4792
30.7599
31.8555
32.8646
31.4231
33.6240
31.7348
33.0902
31.1452
34.1532
31.3214
31.6306
31.3503
32.2252
33.0022
32.0816
34.9852
34.2296
35.6750
33.8168
33.4149
32.8230
33.4206
33.4798
32.8149
35.0258
32.7559
34.3380
33.4732
34.7697
33.5907
33.8319
33.1505
34.4861
32.8436
32.4435
33.5941
33.9420
32.0520
32.5550
31.0648
31.6142
31.7795
31.7623
31.5101
32.9027
34.8974
35.0216
32.6393
33.5079
35.2267
35.4753
32.8003
33.9471
35.0511
37.0164
37.3381
34.6236
35.6270
33.8799
34.1384
32.9555
33.2535
32.0719
32.7094
33.4229
32.1955
32.1341
34.2879
31.4270
32.3793
32.2540
33.7573
33.5793
34.9062
33.0001
32.1931
33.8416
32.9462
31.6229
31.2960
31.7715
31.4886
31.6453
30.2490
31.8215
30.2590
31.8448
32.3346
31.9206
32.7999
31.5328
33.4250
33.1774
31.0920
32.7841
30.8018
32.9592
33.3592
33.8853
33.4906
31.6173
32.3101
30.1151
33.4570
32.9885
32.5506
32.2908
33.3554
30.2541
33.8341
32.8352
32.6966
33.8665
33.6239
31.9560
33.3516
32.0910
33.0920
34.1485
35.2316
33.3767
30.0754
34.1099
32.1971
30.6758
31.9117
33.9387
33.0197
34.5129
33.2419
34.5483
31.6073
31.5950
30.7040
33.0537
34.9368
34.4678
32.5990
34.0332
33.3078
32.9365
35.2327
31.7108
30.4739
30.2424
28.5439
29.3473
27.0114
28.9158
29.2054
27.7126
30.4493
30.3202
30.3862
30.2451
30.9285
31.6771
34.9112
34.1950
31.4931
33.7435
30.4936
32.2938
31.8481
30.5449
32.4067
33.4696
32.3167
28.9608
30.9468
30.6109
32.5332
30.0795
31.8394
30.1603
27.5958
31.0205
33.6876
31.2759
30.6618
30.2420
29.8559
30.8798
30.1295
31.1936
31.4287
34.2982
30.2231
30.0851
32.0395
32.8315
31.9560
31.2112
30.9123
32.5103
34.6265
32.5041
31.3123
32.4312
33.1818
33.5812
33.3276
33.5167
30.3775
32.1254
31.7085
32.7533
31.7711
31.9031
31.9445
31.0547
31.2366
31.6725
32.6478
32.3619
32.9166
30.9524
31.1752
34.0251
35.3769
32.1959
33.3768
29.7082
32.0826
32.5648
35.4619
33.5529
33.1707
31.5677
35.5151
35.7649
34.8569
34.0935
32.9876
31.4182
29.6687
29.4666
32.8388
29.0874
30.6207
32.5589
32.8356
32.1737
33.1110
34.5262
33.3877
32.9563
33.5547
32.1491
31.4591
32.9232
36.0100
36.1274
34.3696
33.4240
34.7379
33.4970
31.7052
33.2842
30.4591
31.9239
31.7168
26.2806
26.2579
26.4095
26.6044
26.1159
22.3120
23.7238
23.0745
25.3281
24.1908
25.9907
23.8304
25.4181
26.6880
25.2902
27.3784
29.4614
30.0106
30.5091
34.0202
32.4091
32.1965
28.9204
25.5960
28.5330
26.7958
29.4857
28.3768
28.2545
28.6125
23.5695
25.1277
28.1062
27.2816
27.9352
27.4578
24.9285
24.4848
27.0736
27.1385
28.2444
28.0063
29.4430
29.5464
26.1310
26.1745
28.7280
24.6158
25.2060
25.1262
25.2781
26.4026
24.9154
28.4375
25.2743
26.1300
24.9704
24.0490
22.8696
22.9856
24.3425
22.3357
26.1142
24.4689
24.1596
25.6617
25.3703
23.9694
22.7864
24.8612
27.8902
25.0946
23.6455
24.6894
25.5777
23.8925
25.9373
25.7702
24.3817
24.0579
26.6957
25.0753
24.0699
25.6190
26.2598
26.8386
24.9538
28.5292
27.1300
25.1331
27.1468
24.7204
26.8205
25.9941
26.7550
25.1303
26.2390
25.1637
25.1671
27.5909
26.2546
26.1575
28.9103
28.2245
27.7021
24.3881
28.0543
25.7432
23.9857
24.9501
24.8319
25.7668
26.2961
26.1295
24.9516
24.9568
27.0868
26.8944
28.8213
30.0575
29.0117
26.4023
25.8128
26.4025
29.3696
27.7369
27.8502
26.6407
28.5946
28.8505
26.6481
25.5912
25.6379
25.9139
27.2383
26.0893
28.5154
27.3620
30.5837
31.1168
31.4325
28.0288
28.9015
31.3715
29.9208
27.7658
28.6265
28.4043
28.8091
29.5421
33.2489
29.5382
31.3320
32.0260
28.1577
28.9203
30.5419
30.7904
30.9359
28.3999
27.9894
28.9425
29.8773
30.4010
28.2991
28.3411
28.0689
28.5206
30.4004
26.1090
26.9585
26.3365
28.0280
28.3496
26.5131
25.2497
26.8568
29.2437
32.1028
30.6234
31.1787
30.4606
28.7076
28.7015
27.4443
30.2860
30.9630
30.0122
31.3118
32.4853
29.6653
29.8408
29.6536
30.0719
32.7204
31.9694
33.1134
29.5505
30.9207
30.3660
30.3089
30.6445
30.0874
29.0793
27.7442
27.1885
27.2538
25.6266
28.9702
27.8435
29.8975
31.2815
28.2806
29.4136
28.2857
29.7413
28.8153
27.8500
27.2133
29.7459
29.8229
30.1651
30.7220
30.5742
30.8153
29.7876
31.6504
31.6145
29.5049
30.6221
31.1051
29.3433
28.9833
28.4084
26.8082
24.5599
26.2185
30.0150
29.4479
28.7488
28.1544
27.8781
26.8141
26.1108
27.9572
26.4007
28.2229
26.2106
26.1277
28.1153
30.6030
29.6755
27.2059
26.5165
26.9359
27.3146
28.3139
26.7404
26.7587
28.7096
28.7815
26.4230
29.0159
27.2062
25.8275
27.4771
29.0818
28.1119
27.8609
26.0269
27.7416
28.5380
29.6462
28.4420
27.5424
29.8417
29.1894
31.6563
31.8042
30.6578
28.1717
29.4745
28.4565
29.3860
32.1838
28.2084
29.8249
30.8045
29.9518
30.7105
31.0847
31.1813
32.2215
30.4273
27.3622
27.1203
29.3890
30.8096
27.9424
28.0448
29.5515
31.0891
28.0920
31.0485
30.2182
26.6472
26.3545
30.0337
31.2698
29.9006
27.6458
27.7783
27.3146
27.3646
25.3982
26.3357
27.1032
28.9688
27.3574
27.1057
28.7616
25.5662
27.9760
29.9935
28.2192
25.5785
27.2125
27.7236
29.2894
30.0931
31.0665
29.3668
29.7826
30.5711
29.1085
29.0459
30.1992
29.6749
29.4307
27.4245
28.0917
27.9040
31.1356
27.9010
29.1222
28.7086
30.5056
31.4425
31.9237
28.6773
31.9738
29.2980
29.3905
29.3740
28.4942
28.5496
28.9296
27.3441
23.8063
26.1907
29.1946
29.4847
28.3053
30.4445
30.0645
30.4196
29.2903
29.7565
27.7963
31.2636
28.5720
29.6386
27.8653
28.6021
28.1399
28.4561
29.1292
28.2155
28.9265
30.5336
29.8779
31.5096
30.0417
30.4999
29.7363
30.1345
29.7806
31.0319
30.7071
31.0540
30.8856
31.5192
30.5256
30.9530
31.8313
31.8186
31.4380
31.1094
33.2161
31.4581
31.6262
29.8867
30.9394
28.0946
30.1376
32.7672
29.4664
30.7150
30.4628
27.4443
30.6865
30.4372
30.9597
29.3828
30.5077
29.8999
30.4877
28.0645
33.1328
34.3254
29.8592
30.0589
28.9049
30.0984
29.3833
29.8123
29.1032
32.8556
31.6393
31.7922
31.0517
31.1424
32.0330
32.4962
31.1326
32.9921
30.4113
31.7063
33.4902
30.5901
31.5812
30.7925
33.4578
31.2939
31.7812
31.0566
29.2024
31.0633
29.5146
30.0561
29.4778
29.7534
33.0838
29.5358
28.4556
31.4050
29.3204
29.3752
32.3902
29.3213
32.0371
31.4957
30.3363
28.1864
29.4444
30.5898
29.8364
30.0183
29.0168
25.2812
25.2010
26.4358
27.5931
26.9454
26.8050
28.9255
28.2415
29.2175
30.0162
29.7915
29.0102
26.5839
27.6923
26.4537
26.2090
27.2981
25.8819
26.2684
25.6651
25.5377
26.7256
25.7872
26.5655
27.1872
26.2929
27.4546
28.0666
28.0250
26.4362
29.6285
27.2475
25.6068
27.1169
25.9240
26.6603
26.0277
29.5393
28.2861
29.2582
29.6834
26.1807
28.9808
30.0206
26.4452
27.3268
27.2524
27.6479
28.7469
25.9441
26.7145
25.2218
26.2654
25.7747
24.7269
28.5133
30.1327
29.0528
28.6930
25.6149
24.7951
30.3615
27.7825
26.7790
26.1481
25.5457
26.9706
26.3033
26.4064
27.1170
26.1633
27.0766
25.9499
24.6105
26.7776
27.8127
27.7018
27.5427
25.2182
26.0752
24.3253
25.5650
27.7648
27.3646
28.0124
27.6053
29.6279
29.2764
26.5974
27.7076
27.8385
28.1397
26.0340
29.1714
26.5800
30.7855
28.0926
27.7621
29.4505
29.6551
26.5860
27.5640
28.9164
27.1020
27.2942
28.7404
27.4211
27.0772
28.3173
25.8174
26.4926
24.2212
27.4219
27.5789
27.5092
23.6366
24.8959
23.8512
27.2620
26.1342
26.6687
25.6930
24.5729
24.3050
24.8827
25.4492
26.5010
25.1058
24.3194
24.5200
24.2095
24.8613
27.2659
25.8566
25.8655
28.5593
25.7026
26.7973
25.4050
24.6275
26.6586
25.5062
27.3376
24.8495
26.7639
25.3469
27.8857
27.3788
29.5180
26.4271
25.7499
27.0145
27.0809
27.4604
28.5267
26.8739
26.7775
28.4275
28.7332
28.7494
25.6812
27.8712
27.5775
26.9004
26.3623
27.5621
25.4193
24.0273
26.4493
25.1634
25.4876
28.9945
28.4482
26.4479
25.4063
27.7169
28.1800
30.6696
26.4609
30.1752
26.5968
26.5303
29.3685
29.5230
24.9212
27.9632
27.7294
26.0126
27.2950
29.2697
29.5854
24.9298
26.9057
28.3505
27.1211
29.1295
30.7377
30.4590
26.9662
28.0237
25.9619
26.0871
28.0584
27.0282
26.6221
24.4738
26.2321
28.3966
26.0489
24.0162
24.1294
24.9699
26.1041
25.9736
26.0717
25.6962
25.4841
26.0614
27.5448
30.6962
27.6003
28.9894
27.7307
28.2621
27.4968
27.7658
24.0742
28.9703
29.0851
28.1685
29.6845
28.6834
28.9662
30.0328
29.7429
28.6127
28.5893
26.4467
27.4155
25.2630
24.6247
24.3438
25.1235
25.9869
25.6487
26.9229
26.1209
26.9165
29.9187
27.4830
25.7750
26.4582
25.9508
26.4993
27.3640
26.8746
27.5692
26.7215
25.8966
27.5603
27.1066
30.4702
27.3375
24.6477
26.9745
29.9096
28.3185
30.7466
29.6856
28.6085
25.8192
27.2555
26.4450
28.7127
26.9283
26.7414
28.1615
28.3794
28.7484
29.4464
29.4107
30.7436
30.9707
29.1075
27.9293
30.3803
28.8734
29.3587
31.8521
30.7061
29.7156
28.2959
24.8710
26.3660
26.2305
25.5035
24.5365
27.2237
26.9021
29.7811
28.9483
25.9606
30.2377
30.2428
28.5499
28.0440
28.1129
26.9767
28.4756
28.9620
30.8908
32.1590
30.2323
28.2360
29.5918
30.9828
28.8819
29.3821
28.4435
27.9922
27.6649
29.8546
28.6541
29.0149
26.0924
26.5692
28.3929
26.4016
26.9817
25.0843
27.9110
27.1210
26.6266
28.1593
27.9217
27.4558
27.4250
25.5198
26.8257
24.7699
24.9863
24.8704
27.5046
28.9669
27.8292
27.8569
27.6307
25.5699
23.7426
23.5430
23.8750
27.9741
26.4381
27.2020
26.2629
26.8928
25.1997
25.0090
24.8331
22.6024
24.3891
26.6807
25.5350
25.7985
26.6866
25.6741
24.5608
26.2896
25.8281
26.2338
25.9900
23.9185
25.9941
26.4501
25.4972
26.4588
27.0927
26.2655
24.9056
27.4292
27.4170
28.7272
30.3219
27.2462
29.4793
25.8046
27.0634
26.2292
25.7556
23.5258
27.7198
25.8710
25.0625
26.5537
26.8209
27.7939
27.1674
27.7196
26.5261
27.1329
27.3807
30.1004
29.0484
29.3585
29.4613
28.9146
27.0965
27.2601
25.6535
27.7705
31.4156
26.3720
28.4331
28.1886
26.4619
27.0464
26.9132
24.5425
26.8979
28.1187
29.6992
29.1419
29.5546
27.8856
28.8887
29.4859
27.9071
26.6941
27.0516
27.3746
25.3809
27.1365
25.4716
23.3892
23.4115
25.0782
25.3752
24.5744
24.2373
25.6807
26.4760
22.7189
25.7397
26.7507
25.2720
25.3255
22.4607
24.8776
26.5884
28.5103
27.6880
26.7225
28.1635
30.4213
28.0520
29.6345
28.0880
27.2886
29.0132
28.3935
27.8424
25.9103
25.5653
26.9059
27.0341
25.0226
27.3320
28.2568
25.3465
25.2473
25.2694
25.3405
23.0841
24.9542
27.2487
26.3564
28.2947
25.8802
29.4135
26.2973
25.2050
23.1031
25.0206
28.1549
27.1338
27.0686
26.8568
27.1818
27.7596
26.7675
27.0769
25.0373
25.5078
29.7009
30.2494
26.9058
26.7428
26.2439
27.2609
28.4353
28.2710
27.0753
29.3873
27.7798
29.0922
28.7534
28.4167
25.2804
29.3983
27.5843
26.9279
28.4690
27.4135
29.5458
26.0614
26.2301
25.6788
25.5569
27.8868
24.9435
27.6203
26.9632
27.7208
25.7733
25.0155
24.6683
24.7346
25.3545
28.3771
27.8073
27.2351
24.4621
23.2386
21.7269
22.1999
25.1164
25.6363
25.0549
25.6401
24.0534
26.8169
27.3833
27.0894
27.2049
27.5523
29.0840
30.1155
28.9141
28.6372
26.2620
27.5530
28.0220
26.9211
28.2585
27.0902
26.4174
27.7824
25.6661
25.8407
26.6553
24.3302
26.7028
27.0199
26.8461
26.7689
28.1648
27.4257
26.1020
25.5403
25.7124
26.7816
25.5840
26.6639
26.9875
26.6828
27.4115
25.7167
24.4614
23.6369
22.9121
23.7974
25.8119
24.7908
24.1872
23.2322
27.4829
27.5673
24.6568
25.0506
27.0563
29.1391
27.3447
26.2198
23.8238
23.5066
25.8041
25.3962
23.1137
22.6009
23.4546
25.4217
22.5173
22.0048
25.1750
27.3167
26.1473
25.5804
25.2763
28.9392
26.6201
27.4209
26.0396
26.1376
27.1538
26.2358
29.5692
26.7901
27.0865
27.6784
26.6015
27.1087
25.1669
27.2880
28.9432
31.6565
27.5685
27.6106
23.5168
22.7933
26.7459
24.5261
25.3475
25.0592
24.8864
24.2210
24.9603
26.3696
24.3316
22.8272
22.3857
26.8725
26.4732
26.9888
26.5941
22.9156
25.5775
23.3746
25.6785
25.1895
25.4728
26.4402
27.0400
26.3270
25.3416
24.2729
23.2635
24.6539
23.7833
26.2056
27.6882
24.2581
25.2509
23.5770
26.0497
25.8041
27.2005
29.3688
24.9688
25.4357
22.9159
24.0707
22.9563
23.8664
24.6876
23.1277
24.8608
24.8389
24.5272
23.7307
25.0215
26.8603
29.4973
27.6707
26.5528
26.2133
23.8172
26.8007
27.7322
29.1549
26.5024
28.9571
28.6028
26.7681
27.4396
25.4880
25.7575
29.4225
27.4700
26.2932
27.9660
27.5149
25.0838
25.1701
26.7932
25.7892
27.4119
27.8621
26.9705
27.9124
26.9768
26.1962
28.9585
26.9790
25.7109
26.9362
27.0104
26.3626
26.1354
27.1481
27.7937
26.9748
25.4698
27.5846
30.3669
30.3427
29.0065
26.3165
31.1845
31.3403
30.5474
28.3984
28.0925
28.3251
27.5870
29.2172
28.1819
26.0245
26.4730
26.5653
27.7451
26.5391
25.8304
30.6034
29.8505
30.1044
29.9121
28.8679
26.8377
25.8586
26.0386
27.1148
28.4254
28.6308
30.6756
28.7101
27.6104
26.6566
27.9269
25.4333
25.6809
27.0060
29.3260
26.8586
24.6446
27.9069
25.4939
26.2610
27.4418
24.8797
27.5239
26.6076
29.3008
27.1055
28.6313
30.2954
30.1904
27.1797
27.6951
25.8421
25.3839
25.7430
25.8018
28.5764
27.0986
25.5524
28.1629
28.0925
27.4273
27.4239
28.6616
27.0332
26.6385
28.4722
28.1185
31.1009
30.4615
30.1521
30.9938
31.3239
30.8465
29.2293
29.3082
25.9140
29.3481
29.2536
31.8521
27.2535
26.4067
27.4547
26.1269
26.2061
26.2951
28.6688
29.9839
31.3675
30.1740
29.5578
32.0883
28.3776
30.0142
30.5023
27.5517
29.8224
28.7946
28.5341
28.7750
28.1834
28.2525
28.0674
28.9207
29.3163
27.0414
30.8690
27.6959
27.6147
30.2096
27.8820
25.4445
27.6271
27.4129
27.9177
26.9740
25.9370
25.9715
27.7528
28.7845
26.2742
29.1302
28.0093
28.0597
26.7872
27.7361
26.3470
25.8656
25.3191
27.8257
26.6480
25.7126
26.8884
24.7879
26.8337
27.4486
24.5719
26.0166
28.5582
27.4698
28.6109
27.1668
25.7912
25.7160
28.2623
27.9736
25.7158
29.6433
29.4092
27.1201
26.6531
28.7342
29.6106
28.3061
30.2296
28.0615
30.4025
27.6816
25.4524
22.9596
25.3141
28.6805
25.3270
26.5376
25.8198
27.0127
24.8085
28.6379
26.1995
27.1685
28.1114
25.3250
26.2752
29.4002
28.6992
29.3349
28.1971
31.7771
29.2415
25.0421
25.7414
26.9478
29.7413
29.2075
26.4833
28.3817
27.6304
26.1890
25.5595
26.8204
26.2637
25.8375
28.6293
27.8629
31.2618
28.8541
30.5060
26.1274
26.0363
24.6070
25.5399
27.9603
27.7561
26.3804
28.1881
26.9599
26.7619
27.8536
26.9459
25.2304
26.2444
25.6826
27.3696
26.7446
26.5455
27.5546
28.7349
28.7378
28.6134
27.6507
29.3914
27.9623
28.0048
26.9602
27.1015
27.0627
29.3083
28.3025
32.0306
28.5634
30.5540
28.1942
26.3440
27.7513
28.5288
28.8391
28.9806
28.1079
29.8896
24.9811
25.5219
26.5459
27.3290
27.3146
26.0999
26.6737
28.0894
28.2276
25.6590
25.2772
27.1264
27.9508
26.8583
29.3263
26.8239
28.1759
26.6799
27.8427
28.3741
29.1158
29.7597
30.4601
30.2873
28.3889
29.4438
27.6372
29.1402
26.8085
27.9151
27.9626
28.1297
31.2069
30.9518
29.0312
28.3899
29.4090
27.3308
26.1500
25.7691
26.0548
28.0596
27.0089
28.2995
30.7788
29.5629
29.5172
27.4229
27.2800
28.3514
28.0572
28.8156
30.3948
29.2833
27.7216
29.3505
27.9346
27.7588
29.3052
27.7858
28.2733
29.5136
27.4582
30.4862
28.1246
28.6422
29.7843
32.7509
31.6236
31.3450
29.5073
29.9617
28.7672
27.2848
28.1362
26.1445
27.9633
27.6731
27.8369
27.0578
28.9328
30.7036
29.1555
30.0238
26.7515
29.4156
28.3098
29.6202
29.2226
28.4579
28.1115
30.8581
28.9833
27.4242
25.3536
28.5182
26.8111
26.6922
27.9885
26.2209
24.7289
26.7039
28.7173
29.3151
26.9017
25.2539
26.0650
26.9551
27.9666
27.8459
27.6455
27.5833
27.2520
27.1235
27.7745
28.6213
29.4240
29.3961
28.2173
30.2191
30.2929
30.2473
30.1499
28.2125
29.6525
28.9561
29.9712
29.9747
30.3276
30.2356
29.4996
30.7606
29.3489
29.9551
28.6569
28.2817
30.1346
30.5953
31.2487
30.3997
31.3508
29.7301
30.5395
29.1953
28.6651
30.0043
28.5951
30.3710
29.0472
30.4520
29.8442
29.2193
28.7929
32.2613
31.1066
32.2256
30.6246
30.5691
30.7980
30.4883
32.3681
29.8736
32.6079
30.1360
29.0790
30.6977
31.7273
29.3668
30.1111
27.1253
26.9616
27.1044
27.8039
26.7286
28.0268
28.4936
30.2311
27.3191
28.4060
28.8418
29.5907
28.3370
28.9070
28.0163
27.8085
29.3793
28.2104
27.8042
28.0929
28.0772
28.9429
28.7249
30.3771
29.3029
27.4413
27.4856
26.9351
27.5855
28.1277
27.7442
26.7577
27.0787
26.5374
27.5754
28.7187
28.5343
25.6966
26.8506
26.3714
27.2048
26.8074
26.8090
27.0857
28.0736
26.6963
28.8628
25.8510
28.8263
29.5127
28.5021
28.7901
30.3813
29.3663
28.6211
27.5421
28.4575
28.4316
29.1600
28.9045
29.7892
25.3730
28.9009
29.1558
28.6750
31.0211
28.6899
29.2486
29.8777
31.0561
29.3670
29.3171
28.2490
27.5917
29.2633
28.1274
28.6298
28.0711
29.4666
29.3348
28.0267
28.6190
28.4859
29.6476
28.6996
27.8306
28.2446
29.4714
28.9357
29.0414
27.3538
27.7130
26.1968
28.0285
28.4857
28.2690
28.1825
28.2756
29.0681
28.3000
27.7773
28.1773
30.1129
27.5893
26.9100
30.4757
30.2234
26.3959
28.5613
26.8323
26.2084
26.8486
27.7974
27.2509
27.6508
27.2055
25.3890
26.6377
26.5597
29.1629
29.2131
28.3914
30.3944
29.8301
28.4856
28.8935
28.5803
29.2399
26.7097
23.8082
25.7501
27.5812
26.6627
26.9815
26.6380
28.1538
27.1134
28.0656
29.0146
28.2361
29.9744
27.9696
28.7551
27.3919
28.1772
27.2332
29.3642
28.9833
26.5712
28.7018
27.2056
30.6314
30.3548
30.8548
30.6123
27.6776
27.6902
27.5656
27.7485
29.4273
30.3302
31.5442
30.5710
28.0818
28.2202
28.8241
29.8315
30.2685
29.7189
30.4971
29.7733
28.2449
28.7680
29.3974
25.2984
28.7127
29.6452
27.0589
27.2722
28.1539
28.4295
30.4435
27.0655
26.8855
28.7495
30.0931
27.6400
26.7458
29.4391
30.4438
30.5061
29.0003
29.7560
27.0323
28.4951
27.5059
28.2990
25.5105
26.5512
25.0520
25.6252
26.8683
28.3399
26.6313
26.4722
27.5532
27.1581
27.3002
26.2433
27.8741
29.5460
28.5746
26.5856
25.8178
26.2702
25.1836
28.7764
28.9442
28.4634
26.8757
26.4263
27.7994
28.4730
28.4593
26.8448
28.7116
30.3026
27.6106
28.0476
28.8389
28.4884
28.9474
30.4339
28.3486
29.2199
29.0051
29.2546
28.3693
28.3894
29.0450
30.7119
29.6154
30.9487
30.8312
30.4904
32.2193
31.4616
29.7199
28.6265
28.8190
28.5236
29.8620
25.3457
27.0320
29.9602
27.9257
30.5624
27.5604
27.0022
28.0842
26.2158
24.5208
27.3910
26.8114
28.1448
27.9220
26.1882
27.5686
28.4076
28.8771
28.2181
27.7986
29.0371
27.7428
30.6876
29.4927
30.2072
27.4293
25.3954
25.7232
26.8569
26.3570
26.4885
23.5900
24.5474
27.3869
27.4309
24.7675
28.8933
28.7748
28.4977
27.9372
26.6240
24.7739
25.9799
28.7904
29.5564
27.1387
27.6296
26.2556
31.2370
28.7655
30.1306
30.8498
30.9595
29.0464
26.9006
28.9236
29.7847
27.8694
27.6235
26.8868
26.9436
26.8600
31.0865
26.2775
25.7369
25.0205
25.7183
24.2877
28.1198
25.0958
25.5570
25.5555
25.4083
25.2301
28.0832
25.0342
24.0982
26.4006
27.6541
26.0065
26.1530
25.9814
27.1881
28.1897
27.1539
27.9533
28.4773
27.7460
25.2366
27.1161
28.8487
25.4733
24.9150
27.7506
25.3412
25.3310
28.4708
28.2593
27.5130
26.8770
27.0069
26.7324
25.5748
27.5827
26.6915
26.9831
28.5368
27.7519
28.7654
28.0264
29.0970
30.9378
28.8377
27.4193
27.7150
25.4792
27.8710
28.8500
29.4171
28.8715
29.3183
28.8599
29.2208
28.9676
31.7678
28.9988
27.6949
28.3251
29.3957
29.7580
28.5986
29.0869
28.6046
26.9011
29.5880
30.0911
29.2344
29.7125
30.0974
30.5032
28.9265
28.8993
29.3952
28.5043
28.4465
26.4805
27.6054
27.5264
30.5312
27.7608
31.4570
29.6699
27.0699
27.3044
28.8617
27.5712
25.5631
28.0631
27.1109
28.8605
30.4684
27.2969
29.9777
26.9893
25.4518
26.1054
27.8747
28.0211
26.3349
28.8079
25.4172
31.4913
29.3051
29.0775
29.0405
30.9816
31.3752
28.4027
30.0453
30.3390
30.9400
32.4340
29.9151
31.5875
27.6260
30.3126
31.7308
32.0119
33.2157
29.2335
30.9358
32.3786
30.7671
30.8262
31.7348
30.5809
28.8640
29.8171
26.7123
27.4402
25.9296
25.9074
25.4217
26.9136
24.7681
27.8916
29.8971
30.3639
31.4964
26.6431
27.5749
27.7991
28.3110
26.0564
28.1061
27.5725
29.3548
28.7386
26.6440
28.1999
26.1836
29.1246
26.7392
29.1826
25.8457
26.3595
25.9284
25.9962
26.6719
27.1746
30.7603
30.4951
29.1849
30.1879
28.8508
28.9725
28.2196
28.5060
27.7502
27.9238
28.8021
27.0391
28.8053
27.8766
27.2664
28.5253
28.5547
28.2301
30.2662
28.2128
29.0551
29.2402
31.5219
29.8669
29.7139
29.2274
28.0034
28.0115
27.2941
30.7898
31.6614
28.8012
26.7899
25.1934
24.4823
27.5152
26.4690
26.2731
26.1440
25.2350
26.7675
28.1327
25.6901
27.1005
24.6713
25.8400
25.9509
24.8005
25.0250
27.0441
27.2235
23.4433
26.9598
24.4322
22.8333
25.4508
26.6639
24.4313
24.3655
22.3926
22.7390
22.5010
24.1947
23.2063
23.3599
23.2616
25.3699
23.0857
22.6133
22.8341
23.7377
23.3014
23.6860
25.2625
24.8484
25.3618
29.4829
28.0836
27.4992
25.0599
26.2822
25.7569
27.0864
25.6950
26.3593
26.3244
26.6481
26.7070
27.6788
26.1977
28.8176
30.4758
30.2163
28.4596
28.1417
27.4887
28.4378
25.8283
26.2334
25.4345
24.6634
25.1729
23.7862
24.0474
25.1304
23.7385
24.9027
28.1410
28.2738
28.1858
28.9809
27.7296
28.9506
27.9379
28.8341
27.9035
30.8221
28.0886
26.5544
28.9557
26.0604
28.1473
28.8345
27.5160
28.8942
29.3198
29.0365
31.2262
27.5734
29.9766
28.5271
28.8079
30.9248
29.0622
28.6946
29.6575
27.1301
29.3548
28.7397
28.5959
27.4017
28.9449
28.0307
26.8604
26.3314
24.9741
25.4604
27.5017
27.5218
25.4511
27.9480
28.4870
26.9482
28.2567
29.3128
27.9897
28.8302
30.2574
28.2918
31.7331
30.8715
30.8853
29.8000
27.5629
27.2500
25.5212
28.7814
28.1021
28.9308
29.3092
28.5856
28.1552
27.8303
29.6106
28.3074
24.8964
28.0365
27.3292
28.8948
27.3970
28.1546
30.4024
30.4795
26.8347
28.7170
30.2723
27.9780
28.0318
29.6705
29.0466
25.7130
26.9348
28.8871
26.1575
27.8886
29.4523
27.9271
27.5202
29.2043
29.4475
30.2936
28.8157
30.8687
31.2115
27.9062
26.9602
29.9611
30.6562
28.4706
29.4073
27.6995
30.3728
27.4133
28.0573
26.9829
30.7016
28.7599
27.2175
27.6185
30.4749
30.8054
29.4247
29.7499
29.4727
32.9564
30.0204
29.3709
29.4569
27.6675
27.4316
26.5763
25.2637
27.1808
29.0595
28.4818
30.7319
29.5708
28.4905
26.6552
26.0183
27.1409
29.8955
29.1535
28.9213
30.4310
27.0206
29.7214
27.3366
25.2501
24.8345
26.8032
26.5646
26.7303
24.6357
22.0086
23.1231
22.6637
26.2090
28.2961
26.4203
25.5825
27.2278
25.2574
27.5172
26.4662
30.5239
29.8932
27.3371
28.5299
27.9398
29.0215
27.1513
27.3641
28.7659
25.5253
26.4697
26.5795
26.9193
25.7318
26.3181
27.5833
26.4774
26.2986
26.9396
25.8783
26.8729
26.9114
27.8250
24.4105
25.5333
27.4195
27.6403
26.8663
26.2665
25.8899
25.5858
23.8633
25.1390
27.1605
26.9066
27.0225
28.7887
26.7301
27.6307
25.6382
27.1029
26.2562
24.8015
28.1327
27.0982
27.2880
30.0031
28.4106
30.2132
26.2744
27.3287
30.6267
26.6403
24.7990
26.2799
27.3056
26.8628
26.4896
26.8309
24.8017
24.1306
25.0571
25.5138
26.9173
25.8469
25.5307
23.7792
27.5664
23.3419
24.2452
25.7845
22.9636
26.9698
26.1080
27.1699
27.8228
26.7352
26.1841
26.3362
24.7013
26.1010
25.4167
26.4349
26.2109
25.7696
24.5177
26.2013
23.3221
24.6865
26.0237
25.4527
24.8914
26.3251
24.2115
25.3417
25.8033
25.3688
25.6940
28.3283
26.3689
26.6789
28.9856
25.9469
24.9985
29.4541
29.8676
31.7565
29.3533
27.4519
29.1016
26.5819
25.5422
28.8169
28.4931
29.1996
28.1994
28.2785
27.9191
30.1646
29.1466
28.6055
27.4055
26.6716
27.6997
29.2491
27.1612
28.4383
29.1548
29.3274
27.7715
28.5984
29.5171
30.0317
29.5469
29.2161
28.7621
27.5195
27.5849
26.5420
27.5243
28.7221
27.2133
23.3082
25.4659
26.5049
27.0327
24.3868
24.8325
25.1070
26.1612
26.8083
29.2847
26.0257
27.8414
25.7280
25.7416
29.2367
28.0600
26.9664
26.2749
24.7874
25.8997
27.5432
28.5143
27.1092
28.6705
26.7562
25.3828
26.3476
27.4511
28.6281
27.9600
26.0049
26.9937
26.6641
26.2513
26.3070
24.1426
25.7287
27.8462
28.2439
30.8962
27.2509
31.1872
25.8258
28.5672
23.0031
22.5300
26.4581
25.1477
24.5537
24.5895
24.1772
25.0006
25.3667
24.6535
23.0294
24.8797
26.2566
26.1256
25.4535
28.3046
25.6057
24.7848
23.6262
25.1665
26.7920
24.5999
22.7587
22.1666
22.4413
23.7830
25.1763
23.3416
25.9397
23.5309
24.0690
27.1149
26.4557
27.4913
25.6137
31.6815
28.2391
28.3379
27.0282
28.7057
26.6924
25.9874
27.4138
26.1873
24.9733
26.9284
26.3678
24.2231
28.2255
30.0846
28.7158
30.5449
29.1556
26.9267
29.0959
29.8949
28.0898
26.6300
26.4288
27.1377
24.9525
26.9818
26.7462
27.7682
27.5416
27.0062
24.9698
24.5138
25.5948
26.8093
25.9991
24.6598
27.6138
29.5206
27.1426
25.4465
27.4837
29.4322
31.0983
30.8677
29.2919
28.5658
27.3493
28.8275
25.4069
27.3548
22.9032
27.5021
25.1017
25.0683
26.2184
25.8531
25.1647
27.5029
26.1075
27.1811
29.0608
28.2014
25.5809
27.8204
26.1800
25.9710
26.7023
26.3932
29.1626
30.6358
29.5038
26.5511
28.5578
26.4634
26.3886
25.6438
25.4891
26.7480
26.5861
26.0919
26.2683
25.8542
26.7525
25.8252
25.9256
22.4992
24.3228
27.6884
29.8615
29.5673
24.6644
26.1903
26.5557
28.8225
26.3409
27.8076
27.5984
30.6770
28.3612
28.8097
31.1202
27.8913
29.7057
31.8926
28.4223
28.7923
27.3821
26.5485
27.2072
29.1972
26.7805
30.9319
30.4215
30.7700
29.5815
29.3665
30.2463
31.4033
27.4261
27.4365
27.1130
25.4668
26.9246
26.8236
24.6595
25.6286
29.2238
28.1896
26.4703
25.1214
26.3483
27.6395
27.0888
26.1804
28.2175
29.0659
28.0618
26.6993
27.6972
25.3860
26.7962
29.3884
27.6264
30.0007
28.0842
27.4655
27.4877
28.0116
26.8737
26.3053
26.4661
26.6665
27.0301
26.8098
26.3359
26.3769
27.2088
27.9636
26.4916
28.0379
26.9130
26.2080
25.9372
27.2265
29.4423
27.5163
27.5684
27.4844
29.8530
28.9506
29.5230
27.7597
29.2859
28.1792
27.9482
28.3574
29.4324
26.9688
28.7747
28.4410
26.3510
23.9798
25.7956
26.8512
27.0030
28.1589
27.9902
27.5209
27.2093
26.9131
28.8448
27.2107
26.9755
29.7954
27.8566
28.8864
27.5460
25.6768
24.7242
24.3547
25.9300
27.7967
24.9202
24.9946
25.7585
26.2841
28.9279
26.2072
29.7445
26.5751
26.9791
26.1850
26.6902
27.6113
26.4556
26.8753
28.6978
26.6665
28.2005
28.0819
26.0368
26.8729
28.7214
27.2622
29.1683
25.9494
27.5137
28.4050
25.7717
28.4389
25.5738
27.7962
27.0098
25.8759
25.4404
25.9873
24.7785
26.4442
27.2805
26.9188
27.4418
26.9033
28.2060
28.8032
27.8656
26.8269
26.3033
25.6341
25.8728
26.6375
27.0562
26.8510
27.1767
28.1464
30.7217
30.9574
31.0107
30.0914
28.4655
25.6233
28.0289
28.3358
28.1881
28.0819
26.0129
24.1034
26.9922
24.0138
25.1826
25.5038
27.5843
27.3167
27.1196
26.2706
25.1528
25.3490
23.4740
27.2432
27.4371
27.0705
26.1170
24.2185
25.8442
28.4150
29.4347
25.1433
25.7314
29.4380
27.4624
26.4836
27.7512
26.5136
24.8377
27.1512
26.5493
27.2779
26.5290
26.2311
27.8697
28.5132
28.4747
28.6444
27.0371
27.1542
27.0053
26.1242
24.5938
27.4838
28.8740
27.2290
29.8303
28.2864
26.2881
29.1980
27.8518
30.1670
32.2816
29.2266
27.7260
29.3788
25.9608
25.4559
28.4494
29.6470
27.6681
26.5823
26.1425
27.2280
28.4229
27.7961
25.3189
25.4102
26.4971
28.1615
26.7921
28.7102
27.6350
25.2532
27.5467
29.1809
28.8256
27.8932
28.5351
28.7836
25.5163
26.1383
28.0582
27.6614
28.6582
25.9561
26.0475
27.6825
28.1496
27.5137
25.9714
24.7861
24.6705
23.7469
25.7201
24.2362
28.9229
28.7885
27.5116
26.6260
27.1997
29.0156
29.9423
28.6663
27.0979
25.9901
27.4609
27.3234
28.3356
29.3571
25.8291
25.4637
25.8219
27.5550
25.6862
27.8526
30.0003
29.3308
27.6793
28.8326
29.2041
24.5980
26.7208
28.8576
29.7279
27.4973
29.0504
22.3102
23.7935
22.5320
24.2285
23.5571
24.5590
27.8965
26.2195
24.4621
27.9406
26.1507
29.1584
25.3880
26.5770
25.5733
24.1604
23.3219
27.3690
22.7947
24.7734
23.7843
24.9665
25.4314
25.5884
26.5637
28.1888
30.9629
28.9915
28.6933
29.4607
31.0484
29.1803
29.9500
28.6002
25.7952
28.5550
29.5742
30.7522
32.5751
33.0091
31.5994
31.7641
32.3715
29.8052
32.7033
30.8548
29.3484
27.5585
29.6290
30.4832
26.7797
27.4076
27.7210
27.0584
26.7520
26.0334
26.1058
28.7771
28.3598
28.9576
32.4148
29.6457
30.4255
31.1046
27.8880
29.5226
29.0484
29.5418
29.7278
27.7442
26.3481
29.6050
29.8797
30.4058
26.6605
25.3077
30.0380
30.3556
30.3437
28.9286
27.6116
28.7653
27.7258
25.9667
27.6498
26.8913
30.0964
31.3201
31.0737
27.9300
29.9196
27.2990
27.2909
27.4579
27.2907
28.3098
27.8203
22.9772
27.2223
26.5145
24.6363
26.8720
27.2842
30.4874
28.4020
27.4944
28.4301
27.6391
27.9754
25.5835
27.8997
27.3757
27.9299
26.7582
29.8819
26.0856
26.4998
28.5904
27.5213
26.5603
27.3807
28.2315
26.8453
30.5985
27.8860
27.5615
27.9108
29.8373
27.8305
30.5090
28.9703
29.2033
32.3992
31.4128
29.9190
29.1174
31.8673
31.5885
29.3098
24.7073
29.0113
30.7855
26.4740
28.5581
29.2349
29.3440
27.7724
29.9966
26.5410
25.2008
27.6452
25.1906
26.1097
25.6015
25.1973
25.7374
28.2864
28.1042
25.9901
27.3763
27.0567
28.0146
28.6904
28.0069
26.6801
26.8664
27.7363
27.4675
26.5424
23.6546
28.2434
27.5726
28.5507
28.5562
28.7043
27.5157
26.9868
27.9372
29.3471
29.2749
29.4022
27.7886
30.5284
31.7697
30.9473
28.8233
27.5558
27.6913
27.9689
27.1389
26.7426
27.3800
25.2656
27.7648
28.7289
28.4373
26.3447
26.9209
25.4193
25.7131
26.1855
27.1593
27.7379
25.7551
25.4221
27.5140
29.9059
30.0219
29.8529
30.6348
30.6662
28.4721
26.1820
26.7218
28.4493
26.7116
30.0940
31.6125
30.2054
28.5014
29.8591
25.3895
28.4619
26.8575
26.0308
27.0495
26.1278
25.8639
26.4235
30.0645
29.5180
30.2462
28.9391
28.0892
25.0892
28.7445
28.9822
27.8803
30.9980
28.8943
29.7109
27.6146
26.6023
29.3196
28.2137
24.6521
27.2372
29.9127
27.3627
27.8177
28.3085
25.7866
30.2506
25.1496
26.0300
27.3519
28.1224
25.8503
27.7033
27.1523
27.1246
27.4926
27.5487
28.9780
26.4777
24.7654
26.1341
26.5408
29.7273
28.2453
26.8892
26.7709
29.5218
31.4178
27.2714
28.0409
27.3236
28.0284
27.5542
25.6887
27.7031
26.2128
25.9761
26.1751
25.7314
27.0812
25.0325
27.5395
27.7073
28.5876
28.7986
28.5108
27.4058
28.5240
27.0948
28.5825
29.2605
28.7250
28.2002
29.1298
28.0330
27.5343
24.6747
27.2115
26.2440
27.6746
30.5527
28.2776
28.7684
26.6620
28.3014
30.9551
30.1464
29.9970
28.2477
28.8616
31.6201
31.1876
31.0074
29.1168
30.2655
29.4847
31.6412
31.3874
30.2100
29.0218
32.4743
28.9050
30.9568
30.7248
29.8683
33.9019
32.3834
28.7579
28.0068
29.6637
30.4164
30.9436
29.1047
30.1375
30.0539
33.1429
29.0029
30.6830
30.4739
30.3917
28.7472
29.7277
29.3111
27.1483
28.7985
26.8639
27.3860
30.9719
28.7866
27.7915
27.2279
27.3711
26.3649
29.9740
29.1748
27.8934
27.4733
29.1577
28.4945
30.0261
30.8756
26.7889
30.2464
31.1826
31.7290
29.3993
29.2092
28.5752
28.2679
27.2702
27.6414
29.0387
28.0720
27.6128
28.2792
29.0233
29.7728
31.8541
28.1514
29.8731
29.9040
29.8015
27.6638
28.5721
28.4629
29.9983
28.7377
30.0277
31.0315
28.6672
27.5635
29.7140
26.2145
25.8304
24.2490
25.0897
25.2658
25.9333
28.9363
27.8632
26.5809
26.1669
27.9329
28.4429
26.9277
27.0557
27.1808
29.3316
26.8549
28.0221
27.2189
27.6211
28.2283
31.0884
27.7607
27.5000
28.5175
27.6161
29.5152
27.0262
29.2471
27.6775
27.6580
27.0468
27.4386
25.3562
28.0984
28.4126
27.2726
29.2783
28.7648
26.7786
25.7562
26.4460
25.8101
25.8896
26.3048
23.4023
28.4961
24.6088
23.8131
27.4720
26.7188
27.5803
26.7028
26.7740
25.4342
25.2323
24.3173
25.7344
27.9564
25.6450
24.2318
25.8354
28.0664
28.4900
28.2483
26.8533
27.4222
27.9828
24.5176
27.3502
30.5969
30.2900
29.2978
30.3998
29.0514
28.4616
28.6112
29.2690
29.5913
30.2766
28.6887
27.2524
28.5093
30.1649
26.7200
25.6519
27.2588
26.3235
26.0737
26.0473
29.1001
27.9683
27.3187
27.5271
27.7471
27.6674
26.5320
28.2718
29.6221
28.2811
26.9304
29.2321
27.7821
28.0055
26.8291
28.0084
29.1826
29.2377
29.4679
26.9764
28.0299
28.8085
29.3062
28.8202
29.2239
30.1095
32.5929
29.1618
31.7787
30.7141
27.9978
27.5563
27.3318
25.7476
27.5697
27.8023
28.4023
27.3874
28.9206
28.3833
30.1544
26.9177
26.6592
28.1584
25.4948
28.9623
28.8393
27.1236
29.0909
29.6165
26.5828
29.3402
26.5793
25.8050
26.0177
26.0699
27.7744
28.1367
28.4567
28.1071
28.5959
27.3001
27.6696
26.5775
28.1283
24.6812
28.0288
28.7755
29.3270
29.2960
29.6772
28.9908
31.0514
29.5914
28.7474
30.6651
28.1882
26.7842
28.6372
29.7658
28.5806
26.6853
27.8404
27.2299
29.9221
29.0652
27.5180
28.6317
27.7615
29.2977
29.3776
31.8741
27.5738
26.7014
29.0857
28.0268
27.3619
26.7929
27.1600
26.5915
27.1448
27.6491
29.7691
28.3714
27.1586
27.2499
26.5580
24.8699
27.6179
29.8569
27.2605
29.4451
27.2500
25.3572
27.9599
28.7829
28.9188
28.5287
29.7875
26.8552
27.2941
25.8423
27.1482
26.0972
27.6209
24.9731
28.9111
31.1820
30.7120
31.0816
27.5305
29.3174
29.7810
27.5024
29.6746
29.9824
31.7037
28.9697
28.4541
33.3164
30.6565
26.4766
28.2743
28.6961
28.9088
28.1224
27.8829
27.0290
28.6549
25.6890
24.0649
27.0739
27.7301
28.0583
29.0907
26.8573
29.8059
29.9367
25.8394
29.0309
27.2235
28.7681
26.6208
25.1451
27.4210
25.6665
28.6598
26.6321
27.0767
26.1139
24.5945
24.8447
26.6900
28.2627
27.6874
26.7020
27.0820
27.9789
26.6660
27.3434
26.2420
26.1618
27.9281
27.6409
29.0079
27.0616
25.1060
27.7705
27.0649
24.8744
29.1664
31.7041
27.0458
25.1255
26.4775
26.1506
26.5777
26.7111
27.5023
26.0564
26.0968
28.6811
28.5216
28.4692
27.8554
27.3056
24.8543
23.8043
24.3406
29.0001
28.7608
26.7648
27.7194
28.0634
27.3120
26.6246
26.6739
29.3729
26.5615
27.1422
26.2215
24.9147
27.3782
26.3528
27.8108
27.8341
26.7919
27.6483
29.6171
28.7498
26.6962
27.0159
29.2336
27.7144
26.9374
27.8950
31.2005
31.3260
30.5927
27.3725
29.4225
28.4735
26.9511
28.1288
26.1199
27.8877
29.6774
28.9005
30.1330
29.0934
28.6642
30.7984
27.3068
26.7379
28.7054
26.8512
29.7094
28.6001
27.7559
25.4658
27.4265
28.5154
27.3834
29.1706
28.0956
30.0123
28.1724
26.7890
30.3217
31.0128
28.9894
27.0560
28.5610
29.1801
32.9559
32.4189
28.7783
25.4297
26.0677
25.5714
27.0899
26.1355
26.8601
28.2860
26.1821
28.7766
24.8446
25.4186
26.6412
28.5167
29.0728
26.1265
28.5444
27.3586
27.4190
26.7308
26.8048
26.8571
24.9049
28.0007
28.5129
28.8094
29.1558
27.5744
25.9865
26.3562
24.3276
27.5576
26.1696
26.6991
27.9395
28.9725
28.6088
26.8408
27.1272
28.0056
25.7685
25.7931
27.5809
24.8806
27.4753
29.1142
27.9338
26.3749
27.4157
26.2425
26.4976
25.2985
26.2138
28.3648
28.1599
28.4827
27.3469
29.3771
28.6002
25.6188
25.1876
24.3502
25.7701
28.0801
27.7831
28.0290
29.4385
26.2510
26.4449
27.2855
26.6522
26.1369
29.4404
29.6036
28.6835
28.7041
28.9358
27.2699
29.0744
28.7804
29.4568
27.3206
25.5338
23.3823
25.8688
30.1722
26.9126
30.2041
26.0577
25.7264
26.7177
29.0551
30.9564
30.0240
30.2491
29.7052
29.7369
30.6720
29.3568
29.9204
29.5937
28.8800
28.3164
31.4415
28.9720
28.8186
30.8689
27.7513
28.5462
28.0151
30.1546
26.9793
26.2310
27.2952
29.5778
28.2760
28.2825
28.9223
29.5491
28.5584
27.4298
30.0282
28.8508
28.6682
29.8442
28.4757
25.2267
24.0984
27.7075
27.1463
27.6387
25.9016
25.5237
24.8413
25.4558
27.1718
25.6826
27.0945
27.7923
27.3714
28.2680
30.1051
28.3318
29.0243
26.8190
26.7354
27.6896
31.0449
27.8350
27.0788
28.5575
27.3210
27.6358
28.3219
27.1588
28.2109
27.5118
29.1783
27.2521
28.3912
29.4609
27.9655
29.1298
30.0432
29.6926
28.5866
24.0784
25.3536
23.3003
25.6311
27.2397
28.2947
29.9324
30.6556
27.6718
30.3413
28.8389
26.0235
27.8450
27.4596
30.5303
30.0388
25.7052
25.6690
24.8065
25.3473
27.5091
24.6264
27.5613
26.4388
25.6714
27.8327
26.8226
27.7434
27.4928
26.1388
27.9144
29.1760
28.5189
26.9853
28.7987
26.7342
25.7662
29.1979
28.5855
27.7446
27.7902
26.7846
26.1948
24.2067
24.9630
25.9830
27.0481
24.4028
26.4766
29.8321
26.6145
28.8762
26.0059
28.9137
29.4758
29.1547
27.3559
28.1956
28.1123
27.6315
26.8044
29.1494
29.0786
29.6663
30.0378
27.8407
26.6941
28.7595
27.6159
25.9323
27.8013
24.1230
27.3519
29.3248
27.4671
26.1112
24.9510
27.2796
27.4605
25.0140
23.7976
26.6104
27.1741
27.4718
24.4135
25.7992
28.7367
27.6042
27.5430
30.8517
30.5742
26.5798
27.8691
27.8487
25.7141
25.2718
27.8348
27.7914
27.5594
31.7759
30.7336
32.0293
26.5728
29.9900
25.7707
24.9066
24.3043
25.7413
26.8851
27.4072
27.2162
27.2324
26.4699
30.1840
27.8242
29.1227
29.6571
30.5450
29.7615
28.1751
27.9734
27.8905
28.2693
27.5326
27.1294
26.7019
25.4315
27.0307
27.1391
25.4128
25.9956
27.1248
27.9294
27.4600
28.4999
25.1767
26.0791
26.8074
25.2696
24.6228
26.8343
24.8930
26.3724
26.7268
28.6692
28.8767
29.1175
27.6681
27.5728
25.7586
29.8804
29.7246
29.1240
26.9215
29.3539
28.3848
26.8714
27.0605
26.0800
26.9696
29.5968
28.4208
26.5696
27.7507
27.1854
26.6378
26.8599
26.6419
27.4335
25.8184
27.1004
26.9324
26.9427
29.3748
27.4563
27.3903
28.7145
29.0288
26.1386
28.5164
28.5635
27.0256
26.2816
28.9663
29.1690
27.0698
30.2510
26.7063
30.8257
31.0763
29.6401
28.9139
27.9443
29.6840
26.8062
29.1631
29.9793
29.2524
31.0402
28.2478
28.6914
27.4448
27.9201
26.6479
28.8000
28.2542
28.5825
30.0219
28.4234
27.1998
30.6460
31.1127
29.3870
30.7121
32.6045
31.4335
29.5306
31.0065
28.7219
28.2426
27.7837
27.5884
25.0167
28.7102
26.7488
29.1980
27.3732
27.8929
26.8152
28.8357
24.9267
27.5796
29.5273
30.0855
29.8547
28.2544
29.5783
28.4076
27.0040
27.1209
28.1076
30.1618
28.1313
28.0785
28.3383
27.5420
27.6432
28.2594
30.1317
30.6416
33.2671
31.0504
31.4904
30.8886
28.8135
27.0288
26.6059
30.1023
28.5247
26.8516
28.2906
27.9816
27.5213
28.0015
29.2938
28.2106
28.9927
26.5268
27.6531
27.3805
30.4322
26.5745
26.8862
28.2768
26.9861
25.7589
24.2849
27.1821
27.1566
26.4289
27.5324
27.3351
28.5222
27.8202
27.2250
28.1973
27.5347
27.2593
26.3020
23.7168
26.9236
25.8477
24.2292
24.9477
25.0025
24.5375
28.8156
25.4871
26.4823
27.2488
26.8105
25.8173
27.4745
28.4957
27.8448
27.4037
28.2756
28.2642
27.9502
29.7293
28.2925
28.0153
26.6874
26.6765
28.4299
28.0779
26.3746
30.4641
29.5065
28.2654
30.8193
32.7083
30.9716
28.0663
29.2267
28.2542
28.5430
29.4145
