28.6520
27.8325
27.8568
28.1909
28.2179
27.8982
26.2920
26.3513
26.2580
25.6115
26.4844
27.9561
28.6582
28.7812
28.7182
27.7686
27.1349
26.4086
26.0383
26.8489
26.7751
25.4360
26.6611
27.0700
28.0649
28.5251
28.2058
27.6792
28.7251
27.8434
26.5607
27.5616
27.2003
26.7187
26.9908
27.9595
27.8320
27.6646
27.9118
26.8924
27.3906
26.6931
25.0249
25.8349
26.8951
27.8724
27.9089
28.2134
26.5572
28.2593
28.7393
28.0916
28.3164
28.1768
25.0933
25.5840
25.6947
25.0514
25.6203
24.5870
25.2379
26.7878
26.1614
27.0836
26.1569
26.7796
26.9112
26.7479
27.5000
28.2161
26.6227
25.2538
25.9836
26.8802
27.6229
25.2206
25.8484
25.2162
25.6905
25.4361
26.5084
27.7941
28.2443
26.4917
26.9058
26.7118
27.0036
28.1478
29.2272
28.3071
25.8385
27.1233
26.4004
27.1353
27.4102
27.8332
28.9232
27.6890
27.8717
25.8224
28.0045
26.9555
26.3038
26.3628
25.0054
26.0289
24.7291
25.7451
26.0193
25.2954
25.2223
23.4523
25.6033
26.2318
26.2889
24.8832
26.7358
27.8958
25.4196
25.7679
25.3590
25.0709
25.0403
25.7434
25.5504
25.1442
25.0977
24.0113
26.3168
24.5170
25.0603
24.8943
24.3870
25.8775
24.9473
25.8840
25.1632
25.0644
24.5828
24.9500
25.5456
25.8820
24.7890
26.2527
27.2091
28.0885
25.4018
26.3824
26.1762
26.6966
27.8809
28.1324
26.7161
27.1398
26.4410
23.5566
25.2348
27.0835
26.6507
25.2769
25.4515
25.1620
24.5608
24.5020
25.7264
23.6945
25.4969
25.0132
25.2807
25.1244
25.4992
23.4657
25.0291
25.7766
25.1439
23.7177
25.1972
25.9348
25.3501
24.7241
27.3285
24.4146
25.3993
24.7390
26.5192
25.7413
25.3765
23.8098
24.8059
26.2015
25.6532
26.2996
25.5520
25.5095
26.8201
28.0229
26.7695
26.0484
24.4840
26.1510
28.7580
28.3843
27.0285
27.9590
27.8525
28.7371
28.2682
27.9114
28.6274
29.0553
28.5800
29.6663
29.1348
28.2445
27.2546
28.1776
28.6854
27.2886
27.9049
29.3267
27.7444
28.6958
27.4263
28.3983
27.4964
28.1637
28.2547
27.2012
28.5832
27.8258
28.1925
28.8623
28.0791
29.1010
27.8719
27.4123
25.7958
27.4863
26.9924
30.2482
27.7230
26.4882
26.1167
25.1865
24.5332
26.7065
25.3802
23.8354
24.7092
23.3544
25.4207
24.7951
25.0139
24.8821
24.8438
25.4539
24.7877
25.7779
26.0168
27.6817
27.2899
26.7259
27.7849
27.7234
27.0352
27.8839
27.0331
26.1783
24.8273
25.7137
25.3694
25.4452
24.3148
24.7822
25.1824
27.0275
28.1116
26.3397
25.7796
26.0842
26.7939
26.3274
25.6755
28.1288
25.8512
26.9717
25.4243
24.3639
25.8816
25.9577
24.8235
26.2673
26.0451
25.7673
25.0420
26.1381
25.6582
27.7557
26.1387
26.1157
26.2281
26.0879
26.2044
28.3391
26.8778
27.8640
29.4263
26.9518
24.9324
26.6384
26.1539
28.1830
27.2692
28.2627
28.1116
27.5850
27.0741
26.7013
26.5080
26.0836
27.5685
27.2185
26.4332
25.1375
24.4494
27.6737
27.0737
28.4521
25.9764
26.8568
27.4466
27.2369
27.1864
27.4984
27.6328
26.8168
26.8571
27.1261
27.0751
26.4876
25.7123
26.5104
26.4864
27.0959
26.4993
26.1449
25.1607
26.0412
26.8238
28.3937
27.9393
27.6207
27.4603
27.1364
26.7449
26.7461
24.5154
25.4473
25.8817
25.2285
25.4711
25.5723
28.2063
27.1424
28.4327
27.2989
27.8812
27.4460
26.9034
26.9481
26.5693
28.1519
26.0303
26.6940
26.7800
26.7599
27.7281
28.2928
28.9023
29.3119
27.5776
28.5019
27.6487
27.9624
27.9216
28.4337
28.2286
26.6087
26.1186
27.2413
25.4790
26.0264
26.9014
25.5122
27.4678
26.5009
26.4531
28.3462
27.4465
27.0970
26.7158
26.5221
26.0181
26.0276
25.6384
25.9133
27.0098
26.5065
26.8895
26.8989
26.2820
26.2592
25.3750
26.8676
26.6223
27.0818
26.5131
26.6083
27.7884
27.9499
25.9227
25.2279
26.5041
29.2313
28.0958
26.3310
27.1663
26.2195
25.2412
26.6358
28.1667
28.8997
29.7851
30.3356
29.2022
29.5110
28.4017
30.8254
29.2142
28.5265
28.2581
30.3078
30.1076
30.0232
29.6289
30.6418
29.8418
28.9541
29.9075
28.8136
32.1527
30.7254
27.9936
27.9512
29.1774
27.2532
28.6102
29.5819
27.3861
29.4430
28.4362
29.3844
28.1849
26.7598
27.2460
28.2946
27.0901
26.9181
27.5750
28.4354
29.8670
29.8646
29.4357
28.0517
28.0382
26.3159
27.4811
27.1073
28.1592
28.0775
27.4290
27.3398
27.0412
27.4095
27.4480
27.0800
26.2901
26.1681
25.3329
25.9135
26.3320
25.4172
25.5680
24.9173
25.4221
25.0599
25.7218
24.6442
25.0544
26.2501
26.2079
25.9324
27.6189
28.2432
27.9329
28.4165
28.0128
28.6034
28.9374
27.9877
29.3148
26.4919
24.8599
24.9550
26.0582
24.3793
26.0057
26.7789
27.6412
26.9441
25.8976
25.2758
24.6803
25.3272
25.7303
25.9210
25.6128
26.8311
27.6006
26.6353
26.2894
25.3284
25.6859
25.0530
26.8898
25.9050
24.7354
26.0440
24.8173
25.6445
25.4895
24.6760
26.6420
25.9893
25.0262
26.1553
26.3755
26.9051
25.5394
25.9549
25.5947
26.2353
24.9321
24.9851
26.0550
25.6889
25.1416
25.7513
24.0504
25.1555
24.6453
24.5334
25.2962
24.6125
25.3098
26.1833
27.3539
25.5114
24.9542
26.3933
26.6730
25.5453
24.2988
26.8431
25.9395
26.1374
27.6283
26.9530
25.2334
27.4404
30.5975
29.6278
29.4470
29.6524
27.1720
26.9921
27.9290
28.8901
26.9630
26.7760
26.8890
27.7647
27.0360
26.5562
27.3386
27.5351
27.9097
29.0150
25.0277
28.1710
26.9908
27.5309
27.2650
28.7601
30.2022
26.8620
27.1989
26.4740
28.6644
27.2628
28.3513
27.4700
26.9501
27.1520
27.0412
26.7442
25.7691
26.2559
27.0371
26.6690
26.9689
26.6705
25.5753
27.1344
25.9545
26.2511
25.2908
25.1314
25.6358
24.5612
24.7919
26.2608
26.7931
25.9986
26.9965
28.3303
26.4015
26.8718
27.5485
28.1970
26.8015
25.3807
25.9144
25.8909
26.2191
27.4200
26.9342
27.7362
27.4006
26.5938
26.4922
24.4856
26.3866
25.1997
25.7141
26.2364
27.3773
24.6117
23.3046
25.4459
24.8299
24.0046
24.6966
24.9391
24.8728
24.6285
24.1794
24.6511
25.6028
26.3482
26.3159
26.7690
26.1309
26.4757
26.9684
26.8698
28.5593
27.4102
27.7328
28.3523
29.6598
26.4227
24.9387
25.4683
25.8857
27.4471
26.5520
27.0130
26.0219
26.6322
28.0801
26.1700
25.9903
26.8576
24.5487
25.3906
25.4505
24.3451
26.2903
28.5984
28.6510
28.6413
30.6946
26.6082
29.6696
29.3702
28.8966
29.2501
27.7173
25.5570
27.7039
27.0724
27.5213
28.2794
27.8139
28.8273
28.9286
30.8374
29.8252
29.1390
28.1878
26.0772
27.0423
27.9154
27.2432
29.1935
30.5860
29.1798
26.3237
26.0902
25.8813
26.0577
26.8980
27.7397
27.5497
28.3556
29.3230
26.9965
28.0484
24.5116
25.3522
27.7286
27.1047
25.2601
26.0460
26.1693
25.4020
24.3769
25.4577
24.8284
25.5373
23.5581
23.3652
23.7488
23.8406
23.8058
23.6203
24.1691
23.3319
26.1420
24.5969
24.4015
25.4277
26.7396
23.8932
25.0872
24.0186
24.5863
24.3344
24.9747
26.1695
25.4138
26.7989
24.7606
26.2422
26.5017
27.3613
23.8677
24.6848
25.3351
24.2717
25.1171
26.4198
25.4755
26.2163
25.0173
27.1375
27.1380
27.3992
26.6956
26.5494
26.1115
26.3368
27.0279
26.0148
26.2976
26.2078
25.9219
25.7147
25.0201
25.7361
25.9587
25.3507
24.1305
25.6752
26.9631
26.2859
25.9896
24.5352
25.1477
24.0641
25.8702
26.4333
23.6888
24.2541
25.1556
24.4516
25.4764
25.1513
26.0757
24.8485
25.1989
24.9307
24.9290
24.8174
24.5837
25.0303
25.3850
24.9174
26.1673
25.8903
25.7661
26.2540
25.3246
25.3063
25.8829
25.0518
24.4183
24.5775
24.4376
24.4235
24.3158
23.9331
24.7830
24.4109
24.3115
25.2078
25.1219
24.1059
24.9272
25.5377
26.1179
25.5068
26.0274
25.8353
27.1928
25.7468
25.8431
26.0684
25.2107
25.5741
26.6699
25.9043
25.9156
25.7587
26.4261
26.7031
25.4380
25.7036
25.6017
25.3374
26.6853
26.6618
26.0103
26.7341
26.5254
24.6789
26.1801
25.3978
25.1912
24.8079
23.9753
24.3965
24.7017
25.7802
25.2608
24.6377
26.0277
25.3822
25.5071
25.7209
28.2500
26.6039
26.7935
26.6982
28.8386
28.4165
27.4666
27.4469
26.1267
26.4984
26.4770
27.3275
27.8252
27.4765
25.4524
25.6930
26.7896
27.6961
27.4140
30.2112
31.6651
27.6808
28.7044
28.0473
28.8058
28.8261
27.6484
28.9175
28.1285
28.4824
27.7836
29.2036
27.7828
30.3370
29.8239
27.0709
27.2610
26.4858
27.9933
28.6130
27.9693
28.6959
27.2017
27.3146
27.0448
29.0063
29.1461
29.5615
28.8277
28.3201
28.6818
29.2134
27.8460
27.9026
26.9616
29.3403
28.7898
29.0484
27.9618
27.9045
28.6157
28.5908
25.6057
24.9773
24.7001
27.1427
27.4693
27.2735
27.3210
28.0830
26.5783
30.4444
28.7350
27.8657
28.0358
26.7470
27.7191
26.9261
25.9377
27.9387
26.3473
26.6354
26.4802
25.7680
24.2013
25.9711
25.6081
26.1106
25.2269
25.7961
27.2286
26.7400
28.6095
27.5332
27.7577
28.6106
28.6055
27.5070
27.1457
26.7730
27.4153
28.2932
26.1702
25.4748
26.1197
27.0268
26.9720
26.0635
27.0618
27.4765
26.7061
26.2036
27.1609
25.8844
27.1589
26.6561
26.6197
26.5444
26.9540
25.7826
26.4580
26.9114
28.3560
27.3311
27.2929
28.2580
27.4698
27.2674
26.4403
26.6788
26.4695
26.4980
27.9217
28.1554
27.6701
26.9563
27.7010
28.6732
27.2458
28.1577
27.9238
28.1949
28.3163
28.2055
27.0306
25.9973
27.0803
28.6348
29.4776
29.1301
27.1308
27.3205
28.3600
27.0927
26.6091
27.7769
27.3969
25.8985
25.6605
27.4171
28.3234
26.4226
27.3262
25.4673
24.6430
23.6854
26.9140
26.1569
27.2481
26.1330
25.8852
25.6305
27.7681
27.9475
30.7210
28.5019
29.0615
27.6632
26.1211
27.0846
27.2034
26.2168
27.4211
26.3427
26.6198
27.6202
27.7253
27.3271
27.2286
26.2559
26.3664
25.9580
26.5535
25.6802
24.8282
25.0080
25.8175
26.4153
26.6209
26.4968
26.7601
26.0508
27.9907
30.2770
29.4398
28.8778
27.3544
28.0814
29.3665
27.4947
26.5461
27.8118
27.7075
28.8646
31.4727
30.6509
32.5815
31.4382
30.5538
29.5301
29.8706
31.1347
29.2906
27.3677
29.3036
28.5933
29.7316
27.0853
27.6123
27.6769
29.2093
27.1999
28.2293
29.6616
30.1906
29.3512
28.3668
28.8337
28.8067
30.4947
27.0108
27.7227
27.3231
28.6218
28.0295
28.4030
28.7198
27.9761
27.1179
28.7152
29.2709
28.5213
27.7920
27.7967
26.7504
25.6329
24.0454
24.8458
25.3499
26.8324
26.4858
27.8406
26.1163
26.5161
26.9074
26.8865
28.5983
27.0966
27.4333
26.4372
28.3324
27.7140
28.3846
28.2787
27.3502
26.0305
25.3603
25.8286
28.5160
28.3487
28.6424
26.5214
25.8547
25.6258
25.4154
25.3764
25.7858
24.4330
24.5782
24.4767
25.1627
24.5592
24.2033
24.1357
24.8782
24.3931
25.0456
25.2723
23.5307
24.5049
27.1787
26.4327
26.3983
24.0049
24.4933
24.3566
25.7406
24.1718
25.0320
25.8755
24.8640
25.9532
25.6683
24.8686
24.2555
24.2372
24.2652
24.7522
24.4910
25.4239
24.6715
24.8820
24.9528
25.0528
25.0443
26.0924
25.3767
25.9852
24.9133
24.3549
23.6428
24.2998
24.7457
25.2215
24.9105
25.1499
25.0071
24.4536
25.6711
26.6341
25.7561
25.3257
27.6948
27.3587
25.7706
27.6815
27.5678
25.6708
26.5244
26.4896
25.7490
26.7791
26.5785
27.5813
28.5480
27.1705
26.4859
27.4641
26.4151
26.2188
26.9460
25.8838
26.5168
27.3019
28.1541
27.2689
27.2683
28.6402
27.9571
28.4038
27.7529
28.6877
28.5874
27.2631
29.3907
29.2426
28.9844
29.1177
28.9674
29.4658
27.5579
26.6743
26.8449
26.5529
26.8310
27.1284
28.3471
26.9775
27.2415
25.4212
26.9033
27.3469
26.9333
27.8150
27.9687
27.4969
27.4981
26.4315
25.1445
25.6842
25.1201
25.7406
25.8642
26.3200
25.6848
25.7636
25.8776
26.1957
25.2083
25.9364
24.8989
25.3742
25.3324
24.5592
25.1106
23.6039
23.5811
23.5280
24.2954
24.1232
24.7235
24.0067
24.5125
25.0808
24.5153
24.6212
25.1739
23.6915
23.7642
23.8229
23.4893
24.5777
24.0647
23.8616
22.9210
24.9522
25.3022
25.4072
24.5587
24.3530
24.6398
24.9126
24.5158
25.0676
24.0358
24.6261
23.9325
25.7525
26.7376
24.7784
24.9510
26.0345
26.2947
26.8800
25.9286
27.2381
26.2893
26.6286
25.6089
25.6806
26.3732
27.0825
26.3955
27.1315
27.3434
27.1549
27.4051
25.9762
28.5154
26.1314
26.1362
26.7769
27.9560
28.0082
28.2547
28.0074
27.5247
29.0084
27.2521
27.4190
28.2985
28.5248
28.8741
27.4471
28.3558
27.5684
28.2963
26.0275
28.0222
27.9736
27.7470
27.5165
28.8276
28.2228
27.6703
31.8290
30.6076
28.6356
27.3313
29.5969
27.6854
27.3688
28.7149
27.6828
29.1230
27.0485
25.5511
26.0885
26.0357
25.1693
25.7434
24.5059
27.7581
28.5480
27.3213
27.7765
27.5319
28.4736
28.7120
27.7897
29.1782
28.8012
26.3042
26.2249
27.0958
28.0969
28.5466
31.1055
30.1270
29.0475
28.7480
27.9286
27.1096
27.1180
29.0643
29.7539
27.5167
26.6621
26.0576
24.9436
23.7947
24.5972
24.4790
24.5151
25.8338
25.8751
25.5394
27.2259
25.8085
26.5292
26.7095
26.3062
28.0423
26.8282
26.7649
26.1476
24.7708
24.9738
26.9988
26.9281
27.6728
26.6237
26.7323
26.0033
27.6345
26.7885
26.8078
26.6860
26.2234
26.3838
25.8311
26.1972
26.4164
25.6140
26.2537
26.7488
25.4089
25.5779
26.2303
25.8224
26.6991
26.7255
26.7084
26.9610
27.2274
26.7339
25.5388
26.1061
26.9354
25.5943
27.1135
25.2203
24.8444
25.4886
25.8406
25.9384
25.7732
26.5273
25.4619
25.3661
26.0244
25.6862
26.5803
26.6361
27.8736
27.5971
28.0334
25.7402
25.8232
26.7396
26.8162
26.5485
26.3610
25.1813
25.6973
25.3407
25.8781
24.9587
26.5155
26.7400
24.8809
25.4598
26.8236
28.2288
28.6941
26.8911
26.8352
28.5497
28.1398
28.1936
27.0810
28.6800
28.6939
27.3116
27.4863
28.8852
28.8343
29.2882
28.7455
29.1322
28.5513
28.2082
28.4848
29.6235
29.8036
27.6458
29.2690
28.4469
28.4259
29.7346
28.7724
29.3299
28.7576
28.8290
28.1079
29.5685
30.3817
30.4510
29.0292
28.9434
27.5257
29.5051
27.1805
28.1107
28.9402
27.0464
28.0290
27.7241
27.5129
28.4969
28.5578
28.0593
29.0445
28.3005
29.1082
28.7507
30.2590
29.1149
29.9991
29.2236
28.6829
28.4608
28.4934
28.4439
29.1245
28.7488
29.8267
29.8832
29.9652
28.7313
30.2065
29.4185
29.8572
28.8471
28.8516
30.7591
30.3161
30.3935
29.1221
28.4972
27.5690
27.8334
27.7703
26.1582
28.5497
28.4354
27.5183
28.6701
28.7527
27.9841
29.1986
27.5246
27.7604
28.3842
29.0438
31.0634
31.2978
29.8084
29.8339
28.5528
28.1213
27.8408
29.4469
29.2899
29.4109
29.1219
29.1682
26.9494
30.0656
28.6770
28.2975
28.7339
30.2089
30.0670
30.0679
30.3766
30.6843
31.3709
31.4070
30.7925
31.9589
31.3911
31.6972
31.9358
31.2390
32.8857
31.0530
31.9141
31.1587
31.1659
29.8790
29.4873
28.8767
27.6941
28.5439
28.1029
29.3579
29.0569
29.5305
30.1984
29.0677
29.2496
28.2465
28.2987
29.6298
32.6812
28.4705
28.2096
28.6348
29.2040
29.0999
31.1737
29.2619
28.0812
30.3164
28.3238
28.8045
27.3895
28.5243
29.1814
28.4805
28.2659
28.3583
28.8668
28.2202
26.9397
28.3998
27.7494
27.8637
28.6489
28.4374
27.3293
28.1756
26.9275
28.8630
26.7060
28.4214
28.4121
27.9799
27.6240
28.5436
28.0502
28.9710
28.6651
28.5054
28.7899
29.8039
28.7038
28.6636
27.7023
27.6245
28.2637
28.8663
27.1333
28.9859
28.0142
26.8551
27.4749
26.8399
28.5251
27.7588
26.6338
28.2172
28.0963
27.8110
27.7864
27.5689
28.7266
27.8426
28.1591
28.7594
28.9107
28.4553
30.5721
27.4496
29.3477
27.7286
27.6998
30.5900
30.6272
28.4028
28.9741
28.3208
28.1461
28.1065
27.3406
30.9715
30.6388
30.8225
28.5389
30.0764
29.9008
28.7309
28.4048
30.2749
28.8392
28.9685
28.5528
28.7842
29.1156
30.6183
28.2881
29.4582
27.7286
29.3907
27.5088
30.2074
27.4650
29.5821
28.7242
30.8876
31.3254
31.1738
30.2293
29.5266
27.9397
27.0282
27.8306
29.4745
28.6210
28.8906
27.7246
28.1485
27.9582
27.1486
26.9808
25.9563
27.8515
28.8332
27.4821
27.4488
28.9730
28.5469
28.9990
27.3818
28.5326
28.0257
28.3726
27.9106
27.9211
28.7228
28.9741
28.0862
27.1525
26.2826
27.7241
28.2209
29.2011
26.7523
28.4605
30.1530
28.5418
29.2403
29.8881
30.3514
29.5885
28.9793
29.2928
29.3751
29.6949
30.0242
29.3055
28.8235
29.0498
28.8363
28.1355
27.6840
28.8473
29.1583
30.2452
29.2915
29.0334
28.2251
28.2383
29.8423
31.3514
28.0522
31.8528
30.5582
30.3118
30.2239
30.3886
30.0546
29.4868
30.0535
29.3754
29.6696
31.6974
31.7274
30.8197
30.8851
33.2898
29.7541
31.9546
31.4515
32.6004
33.1426
30.8085
31.3815
30.3521
31.8047
29.8230
31.2206
31.1535
30.9159
28.8585
30.0505
31.1533
30.1411
31.2412
30.8588
32.2348
32.3062
32.3115
29.3848
29.5377
29.1397
30.1349
28.8199
29.6432
28.2399
29.6729
29.5461
29.1137
31.2561
31.3337
31.4288
31.5580
32.5904
31.1459
31.0129
28.6790
31.4732
30.2517
31.1674
31.7866
30.6451
30.2385
31.9846
30.6723
29.4064
30.8653
30.3899
31.7222
29.6404
27.7164
27.4119
27.6175
27.3469
28.9149
28.3729
28.8095
28.0708
29.5420
27.7655
27.1495
28.4931
26.8420
27.5418
28.6916
29.9274
28.5659
29.6566
27.9538
28.0633
30.5933
28.9499
28.1176
27.1824
28.0958
28.5492
28.9140
29.1439
29.6757
27.7458
30.3756
28.5460
29.7510
28.3276
30.1996
30.3413
30.0420
31.2449
29.0093
29.3890
30.2094
28.2660
27.6019
30.4654
29.4167
29.7816
30.4106
30.1786
30.2851
29.2905
29.9516
30.6989
29.6434
30.0288
30.2782
30.5476
28.4156
28.1513
28.2099
29.0331
28.6769
29.2638
28.3689
29.8662
28.7018
28.6403
27.0508
28.1581
29.1745
28.2838
29.4886
30.0700
30.0785
30.2553
28.8720
29.9885
29.7884
29.4523
27.5421
28.4964
30.0851
28.8140
29.8091
30.3258
30.4577
29.5754
30.0426
29.8151
29.3745
28.3366
29.3297
30.4444
28.9324
29.1575
29.6178
30.2312
30.2697
28.7723
28.7307
29.9012
29.7779
29.2547
28.7718
28.0914
27.4908
29.2165
28.6119
31.8945
31.3341
31.5325
31.2902
29.1936
31.4055
30.9587
29.6208
29.3437
28.9009
29.5374
29.4703
27.9845
28.0082
27.2267
27.4218
28.3535
28.1484
28.9220
29.4734
30.9666
29.3792
30.6408
29.6294
28.7760
31.3376
30.3668
30.5673
29.8349
31.5032
30.9886
28.8641
29.9993
31.9850
30.1021
32.0613
30.8513
30.9018
29.7447
32.1607
31.4333
31.6373
31.3602
31.8754
31.7753
29.1569
30.7831
30.4744
30.4480
30.9712
30.2015
29.1952
28.2215
27.0521
27.2085
27.6553
29.1379
27.1734
26.1782
27.4836
27.6275
27.0960
28.9148
30.2601
30.1101
29.8719
29.5949
28.7613
31.5453
30.8490
29.6360
30.9421
30.6816
27.8467
29.9668
27.6337
28.1052
27.8652
28.7125
29.0176
31.0982
31.9136
32.5058
31.6987
30.0606
28.8715
29.2850
28.3489
29.4860
27.5855
28.4137
28.9690
28.1966
29.0617
29.2743
30.8191
29.0698
29.9525
32.0604
30.6590
30.1580
30.1985
29.8382
31.1777
32.7618
31.5174
31.8073
31.3076
30.0851
32.2947
31.1781
31.8117
31.1371
29.4625
31.1797
30.6465
30.9556
29.0501
27.8295
27.6135
28.1677
27.1529
28.4197
30.1174
27.8753
27.4262
28.4951
28.0942
27.5289
28.3553
27.5681
28.0672
29.8252
27.6103
28.4853
29.6349
28.9064
28.4117
27.2066
27.3195
27.4169
27.6999
28.2964
29.6997
27.1685
28.6442
27.6937
29.7275
31.3597
30.0273
29.9884
29.2817
29.5909
29.7380
30.5440
29.3546
28.8027
29.1120
28.2982
28.4866
28.8573
29.9330
30.7952
31.4541
32.1814
32.9754
30.4135
33.3982
31.4645
34.2603
31.7231
32.4514
33.1033
32.3648
31.4132
32.2563
31.2505
32.8023
32.0825
31.6312
32.9896
32.1782
33.8075
33.8943
34.3235
32.7654
32.4529
33.2150
33.5549
32.0740
30.5286
29.1393
29.5837
31.6258
29.2710
30.9131
32.3003
28.8895
28.0985
28.6143
28.2402
29.1359
28.7273
29.4584
30.4405
30.0690
29.7312
29.4597
31.5711
29.4782
30.1512
31.7988
30.8184
30.9768
31.3147
31.0984
31.8959
30.1456
30.2584
29.9687
30.3057
29.7034
28.4429
28.1049
30.1481
30.6585
30.9521
31.8401
30.8571
30.1325
29.9369
30.2362
28.3418
28.4139
27.9394
26.9268
27.6304
28.6274
27.9642
28.5802
28.0055
26.3753
27.6199
27.5010
27.2890
27.1742
27.7728
27.3266
28.1164
28.6130
28.0513
29.1492
29.5200
28.7715
30.4715
30.6104
31.1256
31.0680
31.2209
30.9239
29.9831
28.3184
28.0283
29.5538
30.4211
29.6195
32.8757
32.1051
31.3452
30.3060
29.4816
29.4389
29.4895
31.0633
29.7809
30.5648
28.5751
26.4454
27.4053
28.1247
28.3744
28.9520
28.8192
27.9554
29.8113
29.6800
29.6822
29.4375
29.2332
29.9669
29.5211
29.7793
29.7057
31.7111
30.3799
31.5707
29.9794
29.9446
31.6812
31.2771
28.5464
29.0659
30.0047
30.0423
29.7549
31.6005
32.5232
32.1512
31.3823
30.1755
30.3086
31.8639
30.4348
30.5653
30.5017
29.8977
29.1342
29.2234
28.5877
30.6135
30.3624
30.4084
30.8971
30.2351
31.3644
29.6054
29.3599
28.8518
28.9514
29.8693
30.1043
28.2214
28.2243
26.5749
26.1632
28.1382
26.4554
27.4860
27.5103
26.1309
26.0501
27.1392
27.3516
26.3670
25.7314
26.1306
26.9858
26.4185
27.1208
30.2688
30.1162
30.0671
28.5305
29.5992
28.5023
28.6304
29.2082
27.8837
29.1718
29.4446
26.5201
26.8839
28.2183
27.4293
28.3694
26.4947
26.7011
26.9256
26.4978
26.5070
26.5263
25.6379
27.2907
28.5291
27.9503
30.1583
28.5806
29.2576
28.7497
29.4370
27.1397
25.8381
27.5133
27.7188
28.7477
27.3526
28.2174
28.0379
25.7980
27.6374
28.3150
26.7204
27.3874
27.2436
28.6717
27.7539
26.2427
26.7399
27.6146
27.7132
28.3429
29.1687
28.2756
27.9573
27.9865
27.9186
25.6180
28.0859
28.7631
26.1636
28.4442
29.6246
28.6533
27.6200
29.6839
29.2562
29.1050
30.5345
32.3708
32.8124
32.2061
32.4955
32.5414
31.8054
31.7507
32.2627
31.8824
32.3059
32.3283
32.2385
31.3174
28.9717
29.5476
27.7412
29.4830
29.7745
29.6441
30.2776
31.1584
31.3271
30.2303
31.8384
34.5479
33.1091
32.1274
33.6613
31.5118
32.1754
31.7597
32.0046
31.8370
32.6802
32.2431
33.8972
32.5517
32.8720
31.7498
31.6260
32.2491
31.9154
31.2966
31.0176
32.0386
32.1083
31.0323
30.1227
30.8412
28.9217
29.2308
28.7166
29.6219
28.1765
30.6488
29.3965
29.6124
31.0084
30.8247
30.3087
29.1859
29.0571
28.5867
29.5458
31.1966
29.3095
30.7526
30.7282
31.1586
31.5463
30.7208
31.1761
30.5075
31.2244
31.5389
29.2370
29.5980
30.5395
33.2067
33.7105
31.6326
31.8352
31.6408
31.5033
31.7228
32.7114
30.5253
30.8345
30.6943
29.3741
29.8590
29.7668
32.8011
32.4054
32.4040
32.3317
30.6375
30.8055
30.4736
29.8405
30.8493
32.1643
31.6305
29.6302
30.0751
30.1873
29.7692
29.2736
29.9991
26.7393
29.3175
28.9607
25.8179
28.4422
27.5312
27.9429
27.9261
28.5864
28.1148
26.7059
27.1842
26.5413
26.3371
28.7974
25.7954
26.6727
29.0992
27.5017
28.1349
26.9107
27.2491
28.7282
27.9376
29.0063
30.6369
29.8424
29.9978
31.2564
31.5266
30.6283
31.9467
31.8620
31.6697
32.6505
32.2940
30.8990
30.8036
31.6766
31.9782
33.4365
32.6284
30.6871
29.0626
31.6997
31.9623
31.4164
32.3719
33.1944
32.7349
30.8898
29.8571
32.1721
30.9715
30.0197
29.6471
29.2652
29.0654
30.2795
31.7791
33.8839
33.0217
33.3041
31.8840
31.4038
32.0011
31.4184
31.7250
29.6463
31.8281
28.9202
31.3104
31.6089
32.6132
32.6654
33.6069
32.5161
32.1953
31.8148
32.2287
29.8360
29.9726
29.9059
32.4587
30.5460
31.1659
31.2247
32.6794
30.8544
32.1601
31.0906
30.6575
31.7476
32.3658
31.5754
32.4085
29.4602
30.0372
30.4842
29.8519
32.1610
31.9402
30.4333
31.1438
31.6309
31.5736
32.8938
33.0888
31.9849
34.0411
32.8222
31.3910
30.9602
31.0767
32.7711
31.9149
32.3189
32.3126
31.9239
34.4297
33.3781
32.7384
32.4415
33.3650
31.6923
32.0312
32.5477
33.3144
32.8390
33.2149
33.9001
31.9302
32.8209
31.7417
31.6654
32.1540
30.8367
29.9693
30.0891
29.7582
29.7237
30.8943
28.9778
29.7221
30.5384
31.1400
29.6828
29.8410
31.6423
32.8420
30.9106
32.6403
31.2171
32.2906
31.9935
31.3477
30.9753
30.5975
30.8351
32.2351
30.3954
31.0565
30.6331
31.9585
30.8295
30.7425
30.9397
31.5427
30.2544
30.9523
30.2768
31.1762
30.6442
29.9323
30.3287
28.8314
29.7175
30.0691
28.1340
28.2559
30.2669
29.0228
29.1290
28.0733
28.2089
30.0922
29.9850
29.7521
30.7269
28.7522
29.3775
31.5272
31.5828
30.8031
30.3374
31.0725
30.3118
28.5275
30.4825
29.7396
31.1678
30.5618
32.4938
32.9557
32.6876
31.7516
33.0660
31.2045
30.6601
30.7837
28.0638
30.5433
28.6599
28.4169
28.1899
30.3097
31.5570
29.8533
31.5516
32.8516
32.3921
31.4958
31.1168
31.2561
31.0118
32.6577
31.7034
33.0801
30.8607
31.1546
32.7684
32.6896
33.1226
32.2129
33.5363
32.1614
32.1989
33.1473
32.9019
31.8012
31.2485
31.3469
31.2212
32.4843
32.4103
30.5425
32.2974
32.6348
31.7000
30.3552
30.9979
31.8113
32.2567
31.1249
30.4270
30.6145
30.8831
30.4592
31.1851
31.4991
30.4503
30.8436
31.0852
30.8462
31.8181
31.5695
29.6297
30.9040
30.3981
31.0840
31.9637
29.5767
30.3630
29.3864
29.9320
29.0091
29.4018
32.3447
30.7146
29.9451
27.5329
29.3700
29.6954
28.5535
28.8668
29.2468
28.6157
29.2147
30.1338
29.6403
29.5665
27.6715
29.1771
27.2291
28.5739
29.7646
28.9479
30.5586
30.5599
30.8980
32.6146
32.1575
31.0313
30.7290
30.0090
30.1483
30.9383
30.6364
29.1601
31.2376
32.0101
31.2154
30.2430
30.9075
30.5765
29.5768
30.8436
31.0306
32.4231
31.2229
29.9182
28.3822
28.5589
27.8390
28.0695
28.3750
29.7595
28.0609
29.1460
27.4558
28.4591
29.7845
28.9650
28.9498
30.3136
29.3321
28.1435
29.2565
28.1206
31.2809
30.5182
27.6610
27.5151
27.0771
30.0689
31.8379
30.9959
30.4944
29.7680
31.2953
30.3036
30.6770
30.9311
30.6896
31.1635
30.9730
29.9973
28.9773
31.2655
30.6409
31.4073
32.5219
30.2723
30.8395
33.6980
31.3264
31.1599
30.9210
30.0690
31.0718
31.8712
30.2724
30.1585
30.2681
30.2622
29.5823
31.6067
30.2564
29.9358
30.5775
33.4897
31.4119
32.2966
31.1482
32.7835
30.9818
32.9767
32.9352
30.6803
31.3570
31.9172
29.3720
30.3160
30.2800
28.3884
29.6901
28.9779
28.7363
30.0200
28.8522
31.0892
32.3183
31.9357
31.1174
31.1302
31.0941
31.1027
32.1143
31.1940
32.9564
32.8796
30.8229
32.7538
32.8276
31.6524
31.5799
31.6364
32.1050
29.3834
29.7139
28.9227
28.6266
30.2489
29.2152
26.5856
25.5530
25.2775
25.5319
25.9321
24.7059
26.6761
28.5396
25.0991
25.8323
25.7515
25.1923
28.7528
29.7982
28.4821
27.9672
29.5392
30.5093
29.1039
29.7655
29.8439
29.6279
29.3584
30.9627
28.5161
29.5790
28.8921
29.6778
30.5881
30.0365
28.6858
29.3646
31.2376
29.3929
29.7108
31.4337
31.0774
29.7360
30.9119
32.7122
31.1882
30.7308
31.8247
30.9254
30.7977
30.3562
30.7492
29.4497
28.3154
29.2354
28.9953
28.0478
30.0377
28.2532
28.6873
29.0504
28.8665
31.1377
30.9986
30.2264
32.1647
32.4702
32.0193
31.0062
30.1293
29.7833
30.6349
32.2316
31.2526
30.3037
29.3726
31.0681
28.8273
29.2154
29.0870
29.0461
29.8308
28.7199
29.9755
31.4715
31.3912
31.5690
31.9234
32.1093
32.1378
30.6566
31.8575
31.3851
30.9501
32.6464
31.5915
30.6763
31.2680
31.1072
31.8836
29.5837
30.8022
31.8172
32.5900
32.0147
32.0793
31.9464
31.3645
31.1559
31.8586
31.7813
30.9691
31.5593
30.7910
30.5922
29.3733
29.1693
29.0794
29.7086
32.3665
31.7649
29.3896
30.1757
30.0719
31.8740
29.5115
28.7223
29.7928
28.0834
27.0424
28.0382
28.4570
30.6693
29.6489
30.7987
30.2452
30.7547
30.9631
31.2852
29.9914
30.2057
31.7106
31.0637
32.4248
31.2266
32.5967
30.3496
31.0417
31.3499
31.5222
31.1801
31.0564
28.9970
29.9891
32.5344
32.8612
31.3316
33.4169
33.1295
30.6076
32.9708
32.5699
32.8617
32.1113
30.7809
31.4205
31.6589
31.2764
30.6565
31.1154
32.2560
32.4123
32.5860
31.6919
30.3271
29.4158
30.6175
30.3509
29.3341
30.2910
30.1206
29.7970
28.5170
29.3832
29.0373
28.3303
29.3420
29.3635
29.9812
30.9514
31.8070
31.8017
31.5658
30.9607
30.4506
29.2813
31.0843
30.4413
30.6529
30.4674
30.5286
30.1026
31.4627
29.1287
29.3816
29.4559
29.4956
30.1952
29.6446
30.7684
30.4198
28.7809
30.1848
30.4733
30.4737
30.0026
30.7050
29.6415
30.3291
30.8865
30.1475
30.7900
32.7185
30.2755
29.7167
31.2148
27.9692
29.7671
28.2401
28.1958
29.2529
29.6623
30.2775
28.9722
28.7046
29.4864
30.0640
31.3479
30.5101
29.4640
29.9714
29.2517
28.9037
30.3924
27.6996
29.1086
27.9622
29.3723
29.6791
28.5860
27.7931
30.4881
31.1040
28.5004
27.5473
30.2185
29.9054
30.2930
30.0024
30.8624
30.6326
28.6943
30.9935
30.8096
31.4236
30.7855
31.9788
30.7282
31.2040
30.0505
30.2316
31.7875
31.5540
31.0124
30.0913
32.0197
32.8273
31.7828
30.9742
31.2442
30.8151
29.1078
31.2930
33.3302
33.3520
30.5133
28.4921
31.5653
32.7339
30.0448
31.2578
30.4406
29.7691
29.1486
29.9236
30.9558
29.7878
29.2923
30.9788
29.6547
30.5669
30.9722
29.6799
31.4887
28.9390
30.1996
28.4812
29.3332
29.5230
29.9472
30.8311
29.5960
29.3322
29.2049
29.6306
28.9846
28.5163
28.6039
29.8429
29.5739
31.6830
29.1673
30.9733
31.7139
31.3411
31.3032
31.4963
31.0973
29.5995
28.6496
29.7992
31.6102
32.2858
31.4404
32.0139
31.8287
29.6045
31.6689
30.7247
31.5553
31.9451
29.5759
29.2174
29.2744
29.7339
30.9245
31.3958
29.6829
30.7442
30.5944
30.5833
31.3098
30.8130
30.3067
30.1346
29.9462
30.5451
30.9042
31.5616
30.4211
30.8834
30.2590
30.1468
31.8549
30.3401
30.3788
29.9741
30.2415
31.6569
29.8161
29.4437
30.4894
30.8517
31.0170
30.2313
29.2910
29.5485
29.8000
29.4795
29.7483
31.1348
30.0114
30.2638
30.7873
29.9657
31.3077
30.7735
31.6989
29.9991
30.8250
30.3841
30.6430
29.8381
31.2667
30.6643
30.6211
29.8070
29.7492
29.5662
29.9651
30.2229
31.0227
29.1243
29.5016
29.3419
29.4762
29.5211
30.3420
28.9112
28.7360
29.2776
29.3613
29.8759
29.7181
29.6099
29.6051
30.6733
28.8206
30.5352
31.1089
30.7972
29.9614
31.0072
31.6131
30.9728
31.7682
31.3451
28.6937
30.5615
29.4917
29.0790
30.4641
30.2642
28.3983
30.0674
28.2823
29.1818
29.6665
30.5264
29.8120
29.4571
28.2435
29.1506
30.5975
29.9855
31.1893
30.8335
28.4766
29.8860
29.8512
30.2186
31.6398
30.1057
31.1330
32.9299
30.4443
30.4504
32.5467
31.4272
29.4966
29.1478
30.2174
28.9550
31.2773
30.4491
30.4191
28.9127
28.8588
30.5966
29.2798
32.8885
29.0236
28.5620
28.9396
29.7505
32.5535
29.1613
27.0166
29.5483
30.2936
30.0382
29.0402
29.0304
30.8029
32.1385
30.4938
31.3991
30.5158
31.8784
31.1539
30.5383
31.2870
31.1775
31.0515
30.5591
29.1628
31.9913
30.9158
29.8639
33.1616
32.6598
30.3400
29.6460
29.1457
28.9353
31.1070
26.3591
28.6510
29.2283
29.5857
28.5203
26.6844
29.3382
28.8316
29.3314
27.9684
27.7515
27.9352
29.5411
27.4789
28.0295
28.0143
30.1288
28.2209
29.9713
29.1800
28.7018
27.7084
27.6283
28.0668
28.6308
28.8538
27.5079
27.3368
28.2077
28.0941
28.9461
28.3030
28.7663
28.6967
29.0335
29.0184
28.6288
28.9194
28.4545
29.0697
28.4544
29.1590
30.3778
29.3974
30.2003
29.7831
30.9738
30.4934
29.8450
28.4112
28.0138
31.7212
30.3390
30.5780
30.3664
31.4861
30.1031
29.9680
30.4187
32.8946
33.7392
30.6262
32.1546
32.1406
33.4109
32.0978
31.9673
32.7836
31.8488
31.5438
31.8479
32.1844
29.1372
32.1466
31.8878
30.1212
32.6928
32.5544
31.4480
31.9465
33.2695
30.8310
30.4763
28.7302
30.4212
30.5231
28.5939
29.5033
30.4783
31.2539
32.4047
30.7250
31.5555
31.6988
30.1119
31.3713
31.2065
30.5484
29.3017
27.9399
27.0094
29.0180
26.8061
27.1947
26.7595
25.8487
27.2956
28.3404
27.8633
27.6558
28.5632
27.6591
28.0158
28.5001
27.5147
28.1345
28.7454
29.4036
28.8545
27.1884
28.2312
26.9615
26.7339
29.0654
28.5833
28.9713
29.4691
29.1649
33.3241
31.1252
33.3915
32.1568
30.8104
30.5429
32.9308
32.3665
32.7042
31.9629
32.5371
31.2634
33.2935
33.1661
31.3597
30.8698
31.5672
32.0673
32.4958
32.2919
32.4358
33.2043
32.1617
31.8645
32.2232
32.4207
30.7918
30.9970
29.2271
29.8897
28.5447
29.4708
31.4221
29.4018
30.6550
30.2340
28.4743
26.7105
28.5392
28.9069
26.2576
27.4672
25.9650
27.0504
27.4819
28.0262
31.4517
30.0691
28.4957
30.1508
31.4103
31.4289
32.7225
31.1650
30.2227
30.6007
30.3358
32.1192
30.2820
32.3143
31.4248
31.4736
30.2100
30.4942
30.3309
31.0404
31.2788
31.1773
30.6269
30.4182
32.4393
30.6787
30.3090
31.4499
31.3904
32.3393
30.4903
30.6953
31.2500
28.9530
28.4841
28.8410
27.2316
27.3997
27.7594
28.1473
30.1129
30.5456
31.0586
29.5704
29.7073
30.2375
29.7271
28.4048
29.7956
30.2165
30.4058
31.2971
30.9613
32.4107
31.0708
31.5497
30.1807
29.4471
30.1183
28.7366
28.3080
31.8761
30.7228
30.0545
30.3997
30.1478
28.8871
27.7580
28.1934
27.1819
28.1058
27.6482
28.8661
30.1301
29.3177
29.2576
30.0419
29.3814
30.2609
29.3310
28.7171
29.3359
30.7127
29.6460
31.1682
29.9612
29.4201
29.5888
29.7266
29.5983
29.4880
30.7714
28.2010
29.3611
30.3416
32.3002
28.0994
28.1571
29.2984
28.1305
29.2921
29.5789
30.4971
29.9945
30.9781
30.3927
30.4352
29.2237
30.7943
30.2902
28.8808
29.1101
28.9412
27.9195
27.9060
29.3352
26.3989
28.7726
27.0421
25.7746
24.8067
28.0433
26.4398
26.1323
29.2160
29.1324
28.1155
27.8381
28.6966
28.0822
29.6256
29.7445
28.5935
30.4507
30.4077
30.8208
30.4310
29.7326
29.5604
30.1937
29.8068
29.9482
31.7064
31.4517
31.3092
30.3677
31.2998
29.8432
31.4245
30.4568
30.9006
30.7876
30.3056
29.1734
28.4384
29.2078
28.1378
28.5553
28.0916
29.8490
29.2407
28.7461
27.8491
29.7775
28.5955
30.0129
29.1113
29.0626
30.2574
29.8807
29.8661
30.9687
31.3018
31.4934
31.5760
32.7662
29.8104
30.2076
30.0471
29.0802
30.4241
30.1326
30.5404
30.3252
28.4026
29.4063
29.0964
28.1392
28.5589
28.4500
28.2371
27.6317
29.9677
29.6903
27.6965
28.0822
28.6311
27.9225
28.0794
28.3654
27.1734
27.8045
27.4260
29.0035
30.4039
29.2040
29.0511
28.2661
29.5698
29.6430
32.2193
29.9231
28.4165
30.6849
29.6423
28.0224
27.5853
29.1033
27.7658
28.0861
30.2168
32.4508
31.3543
30.2852
28.6921
29.8643
29.2315
31.1456
29.7370
31.2362
30.8112
30.8536
31.1719
30.3214
30.2680
29.6003
29.2798
31.2512
31.3640
29.8822
30.0750
29.0116
28.8771
30.5707
28.2588
31.1020
28.5110
29.4815
29.9662
29.8987
27.9627
26.7191
28.5815
27.4970
28.8616
26.6289
27.1369
27.5495
27.5517
27.4662
27.4047
25.5063
26.0893
28.9865
28.4903
27.0131
25.5395
25.9632
25.8587
25.6400
26.8436
28.3610
24.2920
24.8836
25.4306
25.0487
25.2048
25.4582
25.5834
24.1383
24.9740
23.9508
27.9036
26.9983
24.1161
27.0458
25.6618
25.9336
26.2256
26.7793
26.3564
27.3090
29.1925
27.6848
28.3628
27.2793
29.2701
27.0731
27.2173
27.0782
26.7721
28.5849
25.7953
25.6535
26.7769
28.1109
26.0796
26.7953
28.5293
25.9483
26.6820
24.2079
24.5078
24.3842
26.7286
27.3260
27.0765
27.5938
27.7721
26.5370
28.5844
26.1646
26.0662
28.3576
26.7848
25.0020
23.9997
25.8463
25.5237
26.8780
27.6336
26.1860
26.3268
25.8174
26.1018
27.1927
25.7185
26.0433
25.8158
27.4868
26.5417
25.8382
26.9258
26.5412
28.0245
27.1803
28.4549
28.7090
25.8185
27.2408
29.7156
30.3969
29.8192
27.2730
24.9619
25.9916
25.6401
27.9004
28.5983
25.0744
25.9843
25.6529
27.0566
24.4185
26.1557
25.4984
26.0952
24.3530
24.3128
25.0606
25.3363
27.1669
27.3509
28.9456
29.8259
28.5502
27.9424
27.5939
27.7624
27.6660
28.9290
29.0222
28.6068
29.6087
28.1218
28.3476
29.8820
30.0397
28.9534
27.2743
27.2220
25.5871
27.6190
26.2530
26.0060
27.0941
27.2520
26.7291
26.6313
27.7419
29.5327
29.6017
27.3631
28.4212
26.1759
26.9834
27.2830
28.9529
28.5931
29.0269
30.4753
27.9005
28.6128
26.6957
27.0423
27.8068
26.3992
25.9494
25.7418
26.1331
26.6673
27.4385
25.6700
26.0096
25.1360
25.3980
27.1097
26.9459
25.6423
24.9143
25.2333
25.0711
26.6226
26.4094
25.2262
28.6228
26.9213
29.1104
28.0254
30.7832
30.6600
28.2346
28.6026
31.2400
28.4160
26.8800
27.9371
29.4295
30.6998
30.9079
29.6289
26.4764
27.3009
26.9364
31.0121
29.1299
28.3868
27.2221
27.1298
29.3932
25.4759
27.8105
26.8814
27.4598
27.6219
28.0931
28.4999
27.9752
29.5843
28.8809
29.9511
31.4158
30.9616
30.3637
30.0541
30.0428
28.6937
28.7366
29.8738
28.9525
30.5624
29.8947
27.9941
27.2602
27.9747
26.4702
26.4488
27.4928
28.4023
25.2645
27.6839
26.2090
25.8044
27.7279
28.0646
28.7855
27.8059
27.8859
29.8493
28.3523
30.0128
29.0290
30.0028
31.5772
31.4153
30.9878
31.4815
32.4776
30.0269
28.3880
31.5309
29.5986
29.6834
28.8965
29.7344
29.0271
27.5461
29.4110
29.3951
27.9758
27.6418
27.6908
28.0608
29.0217
27.8304
28.6705
28.7549
27.1920
27.8991
27.3705
29.7514
30.0404
29.0630
28.7205
28.5900
28.2769
28.3690
28.1136
29.1436
27.7248
28.8909
28.1480
29.8280
29.7312
30.2514
28.4789
29.0808
29.2500
29.0965
29.3077
31.0158
30.4732
30.6376
29.5251
32.6341
29.2657
29.5972
30.9862
29.9024
29.9366
30.4928
32.3195
29.3789
27.8001
28.5260
28.6112
29.0215
29.0384
28.5155
28.8251
28.1381
30.8593
29.3074
31.5882
30.2157
30.9112
30.4613
30.6668
30.0378
28.8826
30.9815
29.2761
29.4525
30.4030
28.8150
30.8599
30.1466
30.6816
29.5034
29.7236
29.9174
28.8567
29.7746
30.1164
29.6739
30.6793
30.0262
31.1185
29.6874
26.9319
27.5933
27.8433
27.9064
27.2330
27.7178
28.1133
27.9985
27.5267
27.3383
27.5899
29.2673
30.4023
28.9358
28.5676
30.6035
30.5360
29.0479
28.9663
30.7267
29.3263
28.6165
29.9259
28.4798
31.8907
30.1056
26.9008
27.0165
25.6232
26.9311
27.3269
26.7994
26.2579
25.5671
25.8734
26.5566
26.8857
27.3644
27.6372
27.3441
27.4179
27.8214
28.6929
28.3837
26.3249
27.6927
28.8697
28.9001
29.2255
30.6016
30.4713
28.8778
28.9716
29.0068
28.2046
28.1111
27.4476
27.3275
27.0103
26.7774
26.3885
28.3506
27.9047
26.7306
25.6351
26.0864
26.5097
27.3381
27.5439
26.5887
27.5038
28.1649
28.4038
26.6241
26.6752
27.3980
28.2471
26.8133
28.0932
28.1707
28.6378
28.9135
30.1421
30.7485
29.3843
28.7480
26.5136
28.9570
29.2298
28.9746
27.9867
26.3789
29.3014
27.2869
28.6596
28.7821
28.0745
27.4955
29.1942
27.5550
27.5070
28.3625
26.8326
26.5217
27.1818
26.0519
26.6322
27.4100
26.6985
27.1489
25.9752
28.5674
27.3700
28.3769
27.9995
28.2049
30.9442
28.9591
29.0150
29.5861
30.9399
31.8428
30.1100
30.8825
30.3618
29.5659
26.8641
27.5034
27.4448
28.7571
26.5612
25.8217
25.8839
25.7397
27.9560
27.9506
26.8447
27.1269
29.3707
27.9442
30.1929
29.5056
30.6540
28.7264
28.1866
29.8648
29.4910
29.4197
29.9278
27.9310
29.8098
27.9999
24.2130
25.9612
28.4811
25.4495
26.5210
26.3553
27.9074
26.3090
26.7153
25.8313
25.5368
25.9171
26.6418
25.4967
26.3477
26.8209
26.2444
26.2604
25.3076
25.9643
26.0728
25.8554
28.1389
27.1204
28.6618
27.1965
25.9684
27.4245
27.5635
28.6758
28.7966
29.3153
27.6941
28.7218
27.2937
28.4677
27.8702
28.1347
27.2730
27.3865
26.7537
27.0951
26.3977
26.6299
25.0056
26.9669
27.5374
25.4011
27.5714
26.1837
27.2670
28.4694
27.0480
25.3055
26.1958
27.6608
26.6235
27.3507
26.2813
26.3075
26.2142
25.5747
25.2660
27.2385
25.9724
27.7744
27.6502
24.7047
25.3211
28.4562
28.8871
28.4104
28.6831
29.0250
29.1503
28.6254
29.6197
28.3145
26.2307
27.5498
28.8476
29.8143
30.1128
27.0707
27.1940
27.2730
28.1371
27.7298
27.4494
26.6868
26.4312
26.4977
26.5392
26.0590
26.3427
25.6601
25.5369
26.9360
27.6570
25.6934
27.9782
26.5210
27.4626
26.9077
25.7297
26.8014
27.5410
27.9582
27.7341
27.4009
27.9735
28.0798
28.0626
28.8686
30.2543
29.7913
28.7997
27.8889
27.9511
29.1305
29.6631
28.7676
28.3578
30.2013
29.6175
29.0899
29.8785
28.4959
27.7318
26.7020
27.6241
26.7699
26.0478
27.7028
27.9288
27.1395
28.1225
28.3479
28.6089
27.8354
27.9721
27.4382
27.7235
28.9806
27.9190
29.2249
28.1955
28.3470
27.0748
30.2974
28.9938
28.4865
28.0389
28.1500
27.5439
28.5465
29.8820
28.7603
28.2401
28.6641
28.8608
28.0853
28.1825
27.2986
27.7207
27.8536
29.3333
27.3579
27.8361
28.1018
30.9776
23.8274
24.1691
23.7291
24.3255
24.3262
25.7378
24.3143
24.8044
23.9247
26.8769
25.2108
25.9064
26.2212
25.8309
26.7880
25.4458
25.3206
24.9682
25.6291
26.5632
25.8363
28.5015
27.5480
28.4411
28.4430
28.2913
28.5699
27.5260
27.6533
28.7697
29.2001
27.7078
25.5650
26.3946
25.8946
26.5233
27.3009
26.5440
27.2685
26.7604
27.8833
26.1924
27.7080
26.3008
26.5572
27.6330
28.6292
27.9845
29.9740
28.1150
27.7233
28.6415
29.3535
29.1940
28.8981
28.3535
28.8685
29.1401
29.8545
29.5047
30.5259
29.9185
29.8513
28.6556
28.9661
29.8513
30.0637
29.2795
29.5382
29.9809
29.4984
26.9843
27.8564
27.1801
26.8805
28.8095
29.6616
28.5898
28.7542
26.5585
25.2069
27.9874
28.0539
27.3699
26.4602
29.8930
27.2396
27.2917
28.2893
27.5308
28.6467
24.4527
25.3739
25.9130
26.3304
28.5430
27.2637
28.0900
27.0986
27.9298
27.4526
29.7397
27.1951
28.1821
27.8982
27.2761
29.6359
28.2734
27.2989
27.1133
29.7444
27.8298
28.5391
29.2134
30.5033
30.2201
28.3759
29.4503
30.8534
30.3407
31.2070
29.5654
30.3457
30.6752
29.8063
31.6678
29.9789
30.0784
29.1597
27.9809
29.5734
27.7768
28.7251
28.5968
29.4336
29.7807
26.5466
29.0303
29.1152
29.2498
29.5738
29.6578
29.9505
26.8273
28.3104
27.9829
29.6856
28.8636
29.9743
28.8069
27.1560
27.7403
29.2904
30.0662
29.1644
28.8516
29.4097
29.3395
28.9222
29.7187
28.6513
27.7117
29.6293
28.7806
28.4720
28.0244
25.9304
28.6544
27.8110
26.8504
26.0795
24.3749
26.2642
26.6286
27.2521
28.4206
29.2174
28.1838
28.4009
27.3691
26.4512
26.2072
24.2762
26.2043
25.4801
26.2431
24.8607
26.2304
26.5746
26.9371
28.9532
26.4822
27.7935
28.3268
29.7592
28.6850
28.8626
27.5472
27.3544
26.7003
27.0588
26.3435
29.4876
28.8617
29.4664
28.9001
29.8162
29.3746
29.4141
29.4567
30.2714
30.1392
30.2853
28.5936
28.1324
29.7245
29.3885
29.4855
27.4263
27.4742
26.8302
28.9217
28.0522
27.6800
30.0775
28.0810
28.6188
28.1676
28.7956
28.4898
28.2941
28.5431
29.1608
27.8458
26.9937
27.0841
27.6243
28.4317
30.7376
27.7348
29.3418
30.4598
28.3924
28.3850
29.9422
27.7226
26.4258
28.6371
28.1433
27.7406
28.0698
28.6265
28.5598
28.6676
27.9749
28.5460
28.0408
28.1743
26.3770
27.0837
27.5134
27.4353
26.8770
27.5018
28.5504
27.8955
28.4525
27.5504
27.6081
26.8016
28.7225
27.9513
27.3642
28.5583
27.0515
27.7380
27.1270
27.0736
27.3705
27.8471
26.9101
26.1703
27.6907
26.8442
26.5590
28.0163
28.0866
27.9726
27.0916
27.7178
28.5017
28.2707
27.7027
27.5146
27.8332
27.7052
28.5054
28.2358
27.2678
28.3996
29.0804
28.3059
28.6567
29.6047
28.3905
30.2981
27.6811
28.6455
28.1524
30.0990
29.7074
30.7384
29.7587
30.2833
29.4093
29.9704
29.2805
29.7752
30.1314
29.3704
29.0837
29.1862
29.9909
30.6471
29.8257
28.9689
30.4125
28.1577
30.0565
29.9998
30.6481
28.0455
28.1217
26.7721
26.8896
30.0876
30.2783
31.8094
30.8489
30.2725
27.7260
29.7213
31.8424
30.5265
31.5241
30.9027
29.5803
29.8185
29.7561
29.1791
28.9227
28.1299
28.9770
27.8767
27.7484
28.6729
28.6462
26.6467
27.9289
25.4556
25.8421
27.2239
27.7463
25.5869
26.2605
28.4285
27.7362
27.6781
27.6751
27.9714
28.6785
28.6537
27.2624
27.3063
28.1518
27.8373
28.0618
28.8286
28.3398
28.2090
27.9412
26.4633
27.1978
26.7371
28.0987
27.5654
27.4503
27.0427
25.6374
28.6003
28.6984
28.0756
27.5360
27.6354
28.4721
28.5189
29.0059
28.3253
28.0579
27.5144
27.7148
28.9791
29.2393
29.0887
28.4920
27.3401
27.0882
28.9773
29.2968
30.5848
27.1084
27.5851
26.9662
26.8191
26.9781
28.1878
27.4993
30.0253
29.4224
29.0073
28.7386
28.3903
28.8913
27.3999
26.9060
26.8877
26.8403
27.0880
28.2598
28.6865
27.6541
26.8365
28.8689
27.2694
27.1264
28.3354
28.6482
27.7900
27.4532
27.8348
28.2555
28.1482
28.4022
27.7883
27.8995
30.6667
28.1092
28.6764
28.7180
29.5493
29.4044
30.3879
28.6262
30.0480
29.1799
28.9389
30.3205
29.3361
28.9418
29.4185
30.3061
29.3482
30.9170
30.9937
32.7611
30.9644
29.4908
29.6241
30.0670
30.7731
29.5987
29.5031
29.9961
30.2009
28.6668
29.1855
28.9080
28.4570
27.4074
27.5650
26.2025
28.1950
28.6957
28.7109
29.6048
29.9167
30.2301
28.9137
29.1303
31.0738
31.1754
29.8276
30.3850
30.6840
31.0959
30.8133
30.5299
32.0420
29.1708
30.8413
30.2250
28.6473
28.4044
29.1168
26.9731
27.0181
29.0020
28.1061
28.8334
27.3075
28.8709
28.9050
29.0150
28.9005
30.5263
29.6217
30.0102
28.9717
28.9954
30.0003
29.7790
29.0305
29.1119
28.6695
25.2481
28.4609
26.1477
26.1205
27.2648
27.7046
25.9642
26.7986
28.5878
27.4856
30.3541
28.7445
27.8301
29.4192
27.3832
27.6380
28.0067
27.1628
26.4498
27.8339
28.9320
29.8038
27.6722
26.9836
27.1067
25.8586
26.3066
26.5131
29.6015
30.1538
29.5202
31.5138
29.0632
28.4625
28.6675
28.6876
27.6284
27.2352
28.1003
28.3230
28.8931
28.3831
30.4034
27.3408
27.5628
27.4039
26.2059
26.4325
26.2684
30.6769
28.4932
27.2779
27.0943
27.1545
26.6186
26.4759
27.0321
26.8970
27.6727
27.9600
26.4414
26.8857
26.3667
26.2138
26.0080
26.3161
26.3683
26.7812
28.9698
27.2218
28.9044
25.0507
26.8681
28.3995
28.9145
29.1794
25.8850
25.9107
24.8277
26.5200
27.2964
26.8162
25.5570
26.6947
27.0619
25.6009
26.0138
26.3954
26.0144
27.4389
26.5528
26.1692
27.1112
25.4041
26.3978
26.4972
24.0539
24.9620
23.7555
25.5433
24.3618
25.5599
26.4271
26.6134
28.0247
28.8325
28.1426
27.6149
26.6176
25.5408
24.8737
25.2772
24.7427
25.2392
24.6768
26.1210
25.9314
26.6094
27.0930
27.1184
24.7379
25.3358
28.0918
27.8027
28.0764
26.7221
29.6871
29.9448
30.8535
30.4214
29.8266
29.7437
29.7165
30.0718
29.5459
28.0394
26.6853
27.8902
28.0175
28.1425
27.1093
25.4821
29.4944
28.2910
28.8721
27.7728
26.8176
27.8926
29.9686
27.7189
27.4659
26.9328
28.5840
27.4970
27.8437
27.9053
27.7635
26.8632
26.4576
26.7345
26.8059
25.8275
25.5904
26.1773
26.8641
27.3773
28.1408
29.6974
29.7155
30.3935
29.5963
29.0612
26.8648
30.9059
29.2381
29.4494
29.5220
28.4126
29.2857
29.6080
31.9869
30.2228
30.3474
31.1572
31.0127
29.3104
30.3228
30.0661
30.7948
29.4673
30.5968
30.3409
27.9612
28.2310
29.3146
28.3622
29.3852
30.4319
30.0426
30.1585
31.5006
31.4736
30.2828
30.0630
29.2217
30.7052
30.1295
30.3765
29.2243
31.1836
28.4273
29.6065
29.7737
26.7167
26.9498
27.7770
27.0386
28.3381
28.4420
29.4366
30.5124
27.5905
28.8138
29.0546
29.2735
28.1684
28.8341
30.9903
29.7416
29.8417
29.0366
28.3915
28.7511
28.0004
28.5614
28.8077
26.3019
27.2008
26.1681
27.4708
27.8412
28.6765
28.1167
29.5402
28.6277
29.2777
26.6462
25.8539
26.4837
26.4652
28.0095
29.4653
28.2638
28.4642
27.2480
27.3249
27.7200
28.4069
28.0008
26.9718
28.0301
27.4114
27.3963
27.1927
26.5570
26.7955
26.1424
27.2645
26.1331
27.4808
27.0981
26.7471
27.9848
29.1100
28.0578
28.4128
28.4976
28.5764
27.6317
28.4840
27.4292
28.1528
27.6278
28.5791
28.6760
29.3940
29.3556
28.5693
28.7554
28.0640
27.8148
28.7158
28.7135
28.8874
29.1453
29.7094
29.9995
32.9772
32.0015
30.4995
31.1076
29.2270
31.2850
31.1845
29.7729
31.0782
27.2948
27.3952
27.7212
28.1709
27.2780
27.1565
27.8529
28.6192
28.4765
29.5631
29.6027
28.2316
28.9755
28.9401
28.7551
28.7071
27.8135
28.5151
28.6924
27.4387
29.6060
28.3180
27.4832
29.9265
29.0340
29.8383
28.0474
27.2680
28.6008
28.8657
29.0831
28.8726
28.1886
27.5763
28.9266
30.2678
30.1614
29.9845
28.5972
27.6150
28.7774
27.7704
27.5105
29.4628
27.9410
27.9458
28.7916
27.2275
28.3172
26.6110
27.5068
27.1330
28.6284
28.3133
27.9868
31.1987
29.8239
31.8757
30.9379
30.4083
31.1664
30.4256
30.0623
30.3831
31.9229
28.4768
28.0205
31.7671
28.1398
27.6850
26.6227
26.4771
26.1051
27.1789
27.8115
27.4069
28.1626
29.1772
28.9422
29.8661
28.4300
28.0492
28.8907
29.1107
28.4466
30.0316
28.8092
29.6415
27.2161
27.1506
29.3140
28.3399
30.8245
29.6489
29.4415
30.2682
30.6068
31.3249
31.2860
32.6564
34.5085
31.7419
34.1764
32.2874
30.9698
29.6847
29.6171
30.1759
29.4983
29.6452
29.0603
29.8919
31.6357
31.4429
30.8730
29.1092
27.6561
27.7513
28.0694
26.3666
29.4813
27.4446
26.8555
26.9538
27.0346
27.5124
28.4992
29.9015
29.4295
26.6969
28.9964
30.0800
30.7134
29.7414
29.1906
29.2669
28.3983
27.3776
25.7935
26.1475
25.1001
26.8686
27.5984
27.9761
29.0126
28.1592
28.3908
28.0634
27.7113
26.7504
27.0366
27.3470
25.2365
25.3402
25.8310
26.0040
26.3568
25.9040
27.2409
26.0181
26.7050
26.7238
25.1844
25.0204
28.4582
27.5372
28.2772
28.6166
26.0871
24.6223
26.1663
26.3363
25.6594
25.6537
26.4411
25.6074
26.2455
29.3510
28.2810
27.2366
27.5236
26.9436
26.2672
26.7916
25.8348
26.8138
28.4418
28.5767
28.5412
28.7338
26.8611
27.2347
28.5892
28.1407
26.8332
26.8124
26.4192
27.3881
26.8241
27.1755
26.7082
27.2839
25.3147
26.1469
26.8507
26.5169
26.0230
25.8697
26.7598
26.9633
27.4524
27.7012
25.1565
26.7494
28.2009
27.6582
27.6762
28.5038
30.3987
29.7213
29.3941
28.7541
29.8519
28.4326
27.9954
27.6965
27.1452
27.6080
28.6449
29.1714
30.1602
26.6033
25.2438
27.6903
27.6077
27.4485
27.0288
26.1250
26.1828
26.0225
25.9756
26.0687
26.8869
25.9068
26.1108
26.8098
26.2847
26.0602
27.3259
26.5154
28.4641
28.3960
27.3445
25.8962
27.6983
27.5069
28.2268
28.8719
30.3774
26.8615
26.3172
27.0616
26.6726
25.8135
27.4380
29.0429
25.8874
29.4817
25.8381
27.2505
26.3705
25.5062
26.5610
27.0319
28.3684
27.6934
28.1570
25.5107
28.4864
28.4466
27.2562
28.8750
30.1184
28.8912
29.7895
27.8561
29.3825
30.5755
30.0841
29.5562
30.5011
30.1920
31.1440
30.3243
27.2373
28.0637
28.9184
29.3926
30.9453
29.2517
27.3207
28.5309
27.7103
28.8999
28.7445
28.0149
30.4779
27.8719
26.9714
26.2660
27.4438
28.1113
28.0617
26.0157
27.0406
28.0194
27.7457
27.3827
27.5596
27.6969
28.4296
28.7268
28.5045
28.6423
26.7380
27.6397
27.8768
27.7653
26.8052
26.8742
27.1192
28.2412
28.7184
29.4549
29.4426
26.8079
26.4697
26.6812
27.1961
26.9910
25.4847
26.9156
27.3783
26.2533
26.4323
29.1754
28.4643
25.8413
27.8014
27.3932
26.6368
24.9659
27.8695
27.1362
27.1953
25.2653
27.4137
27.1199
29.4406
29.1325
28.5299
27.9456
27.9661
28.8558
28.5726
30.0022
30.9141
29.2928
31.0451
29.6566
29.6995
29.9981
28.6534
28.2010
28.8526
29.7171
31.3815
28.8146
26.8448
27.1285
28.8817
29.2603
27.7222
28.1288
25.5793
25.6045
26.4656
25.6983
27.3830
26.6596
28.2290
26.5133
27.2105
26.1050
25.7919
28.3623
26.9300
27.7595
25.3066
26.1028
24.8472
25.6626
26.1988
24.8886
26.4255
25.6298
24.7877
25.2180
25.5784
24.8632
25.0752
24.6644
24.6189
27.1644
26.2024
24.7178
25.9744
27.1430
28.0047
28.1497
27.4092
27.2987
27.2402
26.4849
26.9261
25.9315
26.5535
25.9993
25.9290
26.0366
26.6283
26.6204
26.8307
26.5314
26.0665
26.8401
27.4310
26.2424
27.0216
27.1588
26.5920
27.5988
27.1671
27.6916
25.8144
26.1699
25.5725
25.7299
26.2143
25.8203
25.2644
25.2887
26.2721
26.5939
26.1930
25.4586
24.1910
24.3276
25.8978
25.7096
25.6761
25.0440
25.4707
25.2096
24.4340
24.9826
25.5836
26.5485
26.1228
26.1928
25.2458
24.3310
25.0987
26.5822
26.9177
26.2429
26.4947
27.1164
27.0992
25.6835
25.0924
25.1456
25.4966
26.8087
26.2762
27.6315
26.8002
27.1948
26.1429
26.5946
27.0367
27.8479
26.8324
26.2533
27.9943
27.8963
27.0718
27.2477
25.7282
25.8520
28.0211
27.7486
28.4544
27.9196
26.0499
25.1512
25.2591
26.8099
26.2966
27.2741
27.8113
28.0084
28.0099
27.4176
27.7701
29.5186
28.0635
27.0911
27.0064
26.9641
27.5365
26.0120
27.6791
28.6068
29.2459
28.1668
27.7855
27.1763
27.7868
31.4890
30.9506
30.3833
30.1774
28.9687
32.0602
30.0436
28.7350
29.2550
30.9150
29.8218
31.3659
30.8225
28.0535
30.1426
29.5886
30.6537
30.4243
31.8860
30.0580
29.2478
30.1435
29.7953
33.4527
30.3271
31.0390
29.6355
29.0625
28.4881
28.0679
30.5598
32.7984
30.4824
30.5123
31.3797
29.0983
30.4374
28.5554
31.7585
31.5743
28.3324
29.8905
30.1819
29.2953
30.4972
27.7955
28.6766
28.4741
28.6989
28.4711
29.5688
28.6156
28.5005
28.3742
28.7250
26.6094
27.1564
27.6841
28.6839
28.8842
27.4741
26.4829
26.5830
27.5344
26.4942
26.9192
26.1555
27.8311
28.3847
29.5458
27.2790
27.1207
27.1719
26.6498
28.3183
26.4362
27.9584
28.8113
25.4019
25.4951
26.3157
26.2310
27.0737
26.2223
26.3820
25.4212
25.6597
27.5922
27.6049
28.0385
26.5556
27.7903
27.8818
28.6514
28.4747
28.4076
28.5643
28.3133
28.2450
27.4344
25.9462
25.9869
25.2908
25.7154
25.6209
26.3323
28.0043
26.8371
27.2349
27.2357
25.8300
27.2864
25.3343
26.7051
27.2430
27.3931
26.5909
26.7421
27.1852
26.6653
26.6873
25.0671
24.6783
24.7919
25.3935
26.9987
27.8175
26.7374
27.0714
26.9023
27.5205
28.9488
26.9725
28.5618
27.3468
27.1588
28.0994
28.0215
26.9379
27.7315
27.5497
28.1013
26.7350
26.9724
26.7016
27.4254
23.9950
25.3075
26.6691
27.1006
27.8954
27.6184
28.1792
27.4003
28.4190
28.4051
28.5026
26.4112
27.6434
27.2047
28.9983
26.1143
27.9698
26.3461
27.0395
27.7361
28.2723
27.1046
26.9131
27.4489
29.5086
27.7976
26.3762
29.0776
27.5761
26.4523
27.1221
27.1111
26.7888
26.0840
27.0895
26.9877
25.5819
28.2277
27.4182
27.4482
28.2322
27.1257
28.1734
26.9827
27.9475
28.7386
29.7500
29.7928
29.1943
26.3295
25.9946
24.6847
26.7001
26.7986
26.4222
25.7706
26.4140
26.8899
26.7500
27.0858
29.2194
26.7859
27.8523
27.5276
27.7775
26.9730
26.1776
25.5148
26.8314
27.8004
26.2899
25.9196
26.5497
26.5792
26.4387
26.8820
27.0864
25.4707
23.9362
25.0452
25.5257
26.7177
27.7683
27.9593
27.7252
28.5160
25.0011
24.3069
25.8601
25.2140
24.7149
24.1068
28.1406
24.7499
25.5073
24.4290
23.6952
24.1268
26.6882
26.1531
26.6254
27.3799
27.3377
27.4834
28.3429
28.9775
29.1362
29.3817
31.4906
30.7878
29.6565
30.4935
28.5011
28.5415
27.6935
29.2736
28.0554
27.9734
26.6424
27.2409
27.5666
26.6554
26.7150
26.4917
25.6139
26.6127
26.1887
27.0956
26.2044
25.7871
25.7808
26.7498
27.2554
28.6378
28.4003
27.9622
26.5889
26.5632
26.5993
26.1814
27.7765
28.5607
27.8801
28.5744
29.0989
29.5807
28.2772
28.7589
29.2710
27.7437
26.8024
26.8777
26.3651
26.7989
26.6044
25.8270
27.7870
26.7744
27.0452
26.2660
26.6285
26.9580
25.6014
26.5263
27.4491
25.9411
27.0542
27.0098
25.9756
27.1522
26.5987
26.0146
25.9130
26.5509
25.8701
26.6080
25.9853
27.1461
26.6955
26.7229
26.3537
27.0242
27.5545
27.0575
29.5589
28.5334
28.2016
28.2018
27.3470
27.2151
27.2808
29.2648
30.5247
29.9899
30.6316
30.6517
28.5954
33.2253
29.8099
29.6369
29.1063
28.2277
30.1347
30.6893
30.5035
29.4172
30.0508
28.9220
29.3783
27.9377
27.3434
27.6256
28.5870
28.1472
27.5437
26.6165
27.5018
27.5480
29.1993
28.8285
28.0909
26.6514
27.5663
28.6887
29.2036
27.4544
28.8615
26.8383
26.9002
26.7084
27.4246
28.3245
27.0197
27.3822
27.5225
26.8640
25.0996
25.8716
24.4420
23.6940
23.6829
28.0062
26.2011
26.6385
28.1391
29.0696
29.3000
28.4404
27.0623
26.7342
27.9663
27.3323
28.3632
28.2251
26.5374
27.6261
27.2670
27.7241
27.2983
28.1951
26.6549
27.1062
26.9354
27.9120
26.9564
27.6977
26.5655
27.4305
27.4558
26.8435
27.6984
27.9384
27.6909
27.7910
28.2261
27.3115
26.8423
28.4340
26.9141
27.7307
28.0868
27.1835
26.9877
27.4918
26.8262
26.3892
26.5624
26.7074
26.8572
26.6818
27.4523
26.5913
27.1544
26.0656
27.6269
26.7402
27.8433
29.0786
27.7181
29.3495
28.0560
28.9203
27.4089
26.7072
27.9080
26.4548
26.5092
27.3125
27.6052
27.7740
27.2879
27.2986
26.2208
25.0700
25.4534
25.6786
27.0289
25.4942
26.4217
25.9063
26.7653
26.9984
27.3126
27.3496
27.4475
26.0149
28.5577
27.5238
29.2953
29.5961
29.3565
30.4247
27.0520
28.0633
27.5033
29.0383
24.7931
25.6819
26.2116
27.3493
26.1430
27.0337
28.4829
26.7550
26.3386
25.4089
27.2860
25.2468
25.3145
26.8817
27.2447
27.4492
28.2542
28.1791
27.7050
24.7154
23.1132
24.9517
25.2707
23.6089
24.8802
24.3946
25.8209
25.9088
23.3440
23.3651
24.0408
26.0887
26.1341
24.6486
25.0690
24.3245
27.1118
25.2718
26.0628
26.1206
24.6085
25.9069
25.4597
26.8504
26.0259
25.7807
25.4655
27.2789
26.7972
26.4764
25.6526
25.8718
26.1142
25.9875
25.8305
26.1689
25.8322
26.2990
26.2035
25.8141
27.4721
25.0290
25.4482
26.4224
26.2183
26.4492
26.0845
24.8557
25.9572
24.7384
24.9501
25.7011
26.1774
27.7577
27.0826
27.7620
25.5141
25.1602
26.2218
25.6306
24.0588
25.1209
24.4565
24.8037
23.9884
25.1952
26.1525
25.7308
25.9845
26.7675
24.9784
24.0554
24.5741
25.8806
26.8843
27.4017
26.1185
26.6064
25.8253
25.4529
25.2029
25.7786
25.0128
25.7970
24.4860
25.3147
25.0963
25.9914
25.7834
24.7233
25.5947
25.6078
26.4927
24.3038
26.2361
25.9343
27.1003
26.4757
25.9003
26.5338
25.5939
26.0265
24.9003
26.7289
26.5580
27.4764
26.8807
27.2157
26.3350
27.2818
25.0433
24.0251
26.2329
24.9272
26.2716
25.8307
24.9113
24.7034
26.5686
26.3502
24.5917
25.4911
25.4831
25.9158
25.8306
24.5497
25.5969
24.4868
24.2544
23.7560
23.7179
24.9919
24.6546
24.4560
26.8206
25.1212
24.9922
24.9622
24.6392
25.2900
24.1973
25.4727
24.8679
26.2672
25.1739
26.6062
26.2693
25.7937
24.7619
26.2103
26.4694
25.6634
25.1646
25.9212
23.4443
23.2403
26.4526
25.8631
24.4072
24.0821
25.0438
25.5632
26.0015
25.2946
26.2826
26.7937
26.6555
25.9410
26.3326
27.4711
27.9871
25.5114
27.1367
27.7809
26.6300
26.2244
26.0025
26.8844
26.2937
25.5707
27.0854
28.0748
28.5779
26.6657
25.8046
25.9746
26.7345
25.6527
24.2922
24.2497
26.2089
26.6960
26.3343
26.1750
26.3965
25.5291
26.4109
27.5790
27.6332
25.7670
26.2688
24.2194
24.5884
24.9011
23.8085
24.0281
25.3148
27.0551
24.7883
24.9853
24.9542
26.0727
26.7720
29.8482
26.3080
25.6951
26.4139
25.3936
25.5340
25.3996
25.4870
27.2559
25.4137
24.1611
25.2125
27.0144
27.1116
26.4559
26.1795
26.6000
26.4722
26.2425
26.0955
26.3824
26.4323
26.5004
26.4633
25.4902
25.4761
26.6100
27.1353
27.4915
26.5635
27.0419
26.7156
27.2043
24.6670
24.9964
25.4619
22.5529
23.8126
23.7207
22.5311
22.1495
23.0034
24.4418
24.0380
25.5222
24.3798
23.7651
22.4843
23.4399
25.1963
23.1913
23.4159
23.9894
25.8911
25.6991
25.7282
25.3851
26.2451
24.7371
24.7202
24.8496
24.8762
25.6539
24.7838
26.9772
26.4855
26.0392
24.6650
25.1725
25.5421
25.7942
26.0278
25.4121
26.9336
26.5202
26.0613
26.0993
25.7701
29.2675
26.5340
27.5112
26.7399
27.5494
25.8054
27.4354
26.3223
25.6332
25.1361
26.0618
27.1888
27.2312
25.8092
24.8111
26.2641
26.1232
26.9858
25.5985
26.6886
25.9962
26.0602
26.8302
26.5947
27.0050
28.1742
27.9629
28.2398
25.4693
25.7152
24.8183
26.5610
26.2563
26.7373
26.2401
24.8169
24.6468
24.1447
24.3119
26.3646
28.4556
29.1254
29.7778
26.2754
26.1691
25.1223
26.6496
25.8646
26.0760
27.3621
26.6652
26.1601
25.6087
26.3268
25.9413
26.5153
26.5152
25.9550
26.9134
28.9173
28.1802
27.2449
26.1476
27.1889
25.9528
25.1372
25.7109
27.3749
27.8471
27.9963
26.0623
25.4245
26.8635
26.0339
24.8580
25.4106
25.7020
24.3978
25.1698
25.2437
25.6790
27.0327
25.2613
24.4008
25.3017
26.9290
25.7655
25.2224
25.1064
25.3805
24.8797
25.3374
24.8572
24.8402
24.5074
24.5757
24.7783
25.7075
25.8740
24.0661
24.5504
25.0424
25.1887
25.2575
25.6249
25.5221
26.7616
26.3228
26.4121
25.8031
25.3127
26.4271
26.2201
24.8783
26.3656
24.4943
24.9977
24.7471
26.9084
25.8424
26.0944
25.9032
24.5497
24.6057
25.5650
26.1362
24.6582
25.7979
25.6070
27.1545
27.8670
25.5353
26.6023
27.5554
27.5105
27.5877
26.8479
25.7708
24.2578
25.1455
24.8684
24.0233
24.0493
24.7362
24.0421
25.1547
25.6910
25.7586
27.4544
26.2691
24.5031
23.9347
24.0882
24.9299
24.1592
23.1637
24.8423
25.0449
25.2649
25.5813
26.1589
25.5921
24.2199
24.2642
26.0859
24.1075
24.3347
25.4663
25.1679
24.6041
25.2205
25.2936
24.0212
25.1985
26.7918
26.5012
26.7103
26.9899
26.3609
25.2539
25.9240
26.1198
26.0437
25.6008
25.0311
26.6929
26.7282
25.9393
26.7796
26.9629
25.7929
25.9549
24.8757
25.3866
25.4510
24.5173
25.2310
27.0519
25.7455
25.0441
25.5815
24.4679
25.5471
25.7074
26.4507
25.0153
25.6116
26.0446
25.7145
25.5166
23.6977
26.0993
25.2634
25.1059
24.9096
23.8333
24.8077
25.4069
23.9777
23.9944
25.3716
24.6943
25.7399
24.9756
26.3676
25.9201
26.0093
26.3453
26.5894
28.1296
29.5002
26.1137
26.2661
27.7698
27.9249
26.5701
25.5453
27.2951
25.8962
26.4671
26.8009
25.3615
28.0967
25.8117
28.1385
26.6877
25.1551
26.5598
26.4714
25.9587
26.7145
24.7887
26.3234
24.3016
24.8719
26.2800
25.8726
26.4515
26.4603
26.1899
25.2157
25.4333
25.6813
27.0168
25.2475
25.9168
25.6342
24.9901
25.9055
26.1910
26.5857
26.8853
26.4017
25.3626
26.6440
26.6797
29.4483
29.5780
28.2239
29.9192
24.7487
27.3631
26.9450
27.8029
28.6163
27.3365
26.8885
26.1504
27.0164
25.3806
27.2601
26.8247
26.7741
26.7647
28.1898
27.0264
28.5357
27.6414
27.9646
26.5515
26.2189
26.2947
29.2256
29.9864
27.6870
28.3308
27.3777
26.5995
25.9775
27.1721
25.7058
26.1572
25.4731
26.0895
26.4784
25.0990
25.8552
25.4181
24.9337
24.4214
26.6843
29.2878
28.0935
26.7228
27.3049
27.9456
26.3105
26.9867
25.3637
26.4128
27.3467
26.4234
25.0199
26.1556
25.4829
26.0688
26.3333
25.1385
25.3665
25.7753
25.7733
23.8011
26.9704
26.7838
26.8339
28.0841
27.7245
27.6916
26.6688
26.4800
24.7335
28.0184
28.1513
26.7817
24.7545
26.0436
26.3437
25.2735
26.3039
27.2676
26.0497
25.6620
26.6875
28.7484
26.6895
28.0712
27.5713
26.0862
25.7341
26.5991
26.0706
26.6515
25.7892
27.0648
25.9101
25.5934
26.4790
27.3287
26.5038
26.3363
26.7212
26.1290
25.7184
27.0423
26.8535
26.3796
26.1812
25.9150
24.7590
23.6607
25.1165
25.6673
26.2931
27.3657
28.3332
26.2980
26.8819
26.4113
26.3087
26.8965
26.8155
26.8103
25.9417
26.1437
27.8658
29.7720
27.6910
26.4685
26.8294
25.6168
26.0516
25.9835
26.3388
27.2709
26.2155
27.6967
25.1167
25.1939
25.4935
25.3914
28.5958
28.1503
26.6353
26.3350
27.0307
26.1279
24.7807
25.4756
26.0858
25.0352
24.8257
28.0687
27.8543
28.6586
28.8044
29.1947
28.6897
27.4757
29.1837
28.0631
28.6501
26.8152
27.3988
26.4351
25.7079
27.3867
26.5591
26.5201
27.9172
28.0044
28.2813
27.0535
27.0630
26.6182
30.0566
28.4839
30.1135
28.3640
28.5923
28.5643
28.1917
28.0488
28.1940
29.6051
30.3322
28.7630
27.8435
27.2867
27.4898
27.8194
29.1453
26.4197
26.9937
26.6344
26.9726
27.9893
26.8728
25.4912
26.5639
26.4471
25.8007
26.8940
24.9382
24.5749
23.5265
25.7669
27.6332
27.4729
28.3972
28.3799
29.8111
26.5919
29.3976
26.7470
26.0229
25.9395
27.6998
30.0185
27.0351
25.7299
26.3411
26.2303
26.1788
25.4590
25.0230
25.0448
25.8417
24.9238
27.4272
25.9081
26.6772
25.3803
26.2490
26.0153
24.7012
25.7721
26.4061
27.5215
27.7140
26.8994
25.9278
26.2550
27.2521
26.9075
25.8597
26.7035
26.0832
26.3760
27.6490
27.0902
25.0297
23.8057
25.7145
28.0327
26.7875
24.9098
25.9177
25.6888
26.0060
28.8882
26.9364
28.3908
27.0769
26.2632
26.3745
27.2718
26.8392
24.7408
28.0641
27.6020
27.6802
27.7598
26.6717
27.5521
27.3448
27.0425
26.4893
26.5398
28.1596
28.4510
29.3377
28.9644
29.3026
27.9647
26.4486
25.6226
28.5901
28.1162
28.8309
28.1255
24.4770
26.7447
25.7700
28.8773
27.6813
28.0951
27.9564
27.7182
27.4572
27.2565
26.1857
27.2121
27.8162
26.8666
27.0772
26.5476
27.8511
26.0734
26.5246
27.7317
28.8848
26.8472
26.7901
28.5414
26.7490
26.7846
27.9155
27.3709
27.4241
27.5232
27.0140
27.4790
27.9761
27.4787
26.6451
26.3036
25.6845
26.9606
26.2612
27.3397
26.1761
25.7516
27.3195
28.2664
28.3274
28.1971
25.4102
25.6191
26.3413
25.2199
25.8896
26.3690
25.4827
25.1635
25.1527
26.8958
27.2369
26.1701
25.2143
26.6714
26.3050
27.3959
29.2101
27.9070
28.1033
27.4246
27.0287
27.1413
27.1392
25.3787
26.8886
27.0556
26.8143
27.0401
27.3649
28.1019
27.1541
26.7961
27.1046
29.0999
28.4126
27.0951
26.7597
26.9296
26.1655
25.0304
26.3794
28.4870
28.0509
29.1009
25.6728
26.6220
25.1314
28.9252
27.1413
25.3468
26.7030
27.3469
27.4706
27.3313
28.8563
26.1386
26.2787
26.1030
26.2320
28.0263
26.2615
26.0766
27.1363
27.1228
26.5535
26.9615
24.7333
26.9373
27.3485
26.7189
25.9042
27.5827
27.9353
27.9071
27.6409
28.9258
27.9934
28.2001
28.4294
28.5916
30.0171
29.3085
28.5231
29.0931
27.1694
27.0216
25.9081
26.3168
25.5199
27.3048
28.6207
25.7989
26.7704
27.2692
27.3139
29.1306
27.3530
26.0927
28.0324
26.7067
26.9117
26.2890
27.4880
27.0511
24.8198
26.6642
27.1586
27.0045
26.3618
25.7015
26.1364
27.2322
27.9725
27.1809
27.2936
27.6897
27.9517
26.1679
26.9811
24.2092
26.0514
26.1076
25.7501
26.5341
26.4699
26.8440
26.7263
27.9650
27.0938
27.7691
27.1990
27.6217
26.7694
27.4515
25.6477
25.8083
25.9783
29.1618
28.6903
29.9804
29.5220
27.2986
26.7686
26.8236
28.5054
27.4756
27.6692
26.6502
27.7299
26.6818
26.5377
25.4068
26.1216
27.9583
27.8326
27.6575
26.2012
27.0552
26.9810
28.6615
25.6147
27.4062
28.8226
27.5953
27.2256
29.6116
26.1074
28.1243
26.8814
26.7933
26.7872
26.8013
29.3748
29.9384
27.9702
30.2893
32.2200
30.8509
31.6010
30.2032
31.0276
27.4279
27.8450
31.6309
29.4021
28.4097
27.0973
27.9492
26.6510
27.0918
28.7378
26.7569
27.9343
27.0176
25.3008
25.7939
28.7356
27.9624
26.7887
26.9377
29.4605
29.6734
29.4391
28.7463
28.8538
27.8929
27.3298
27.3835
26.9355
27.4064
26.7058
28.6964
29.5506
30.2703
28.3074
28.1818
27.6772
27.5071
26.7661
28.3060
26.5395
27.1331
26.8661
28.1652
30.7221
29.8913
28.4586
28.5000
29.4300
28.0962
27.4706
28.0549
28.4211
26.6837
26.8951
27.2974
27.5523
26.7795
26.2583
27.3905
26.2975
25.8259
26.2645
26.7639
28.0363
27.6616
26.2131
27.3968
27.4469
26.3464
27.9602
27.2629
25.5542
27.0838
26.8038
26.8127
27.4414
27.4801
25.8504
26.2113
24.4625
23.6729
24.8498
25.3608
26.5994
24.8160
25.4194
25.6220
28.0077
26.4838
27.9182
26.3669
27.3758
27.1840
25.5550
26.2251
27.1669
26.7922
25.1495
26.9249
26.2415
27.2463
27.1587
26.8482
26.4525
27.8183
26.7528
26.6685
26.6756
27.3605
26.2116
26.6457
27.4036
27.5507
26.6281
26.7445
27.4029
28.4457
26.7695
27.3730
26.8396
27.0557
26.6228
25.0809
26.7613
26.7443
27.8441
25.9138
26.8807
27.6830
28.2392
27.8957
27.7496
28.5479
27.2168
27.3322
27.3378
27.3901
28.1486
26.3404
26.6017
27.0035
26.9165
26.1783
27.2328
29.1383
27.1475
27.6805
28.6370
26.7295
27.5083
25.9921
26.5073
26.4592
26.6675
25.1304
24.8748
28.3530
26.4844
26.9303
30.1121
30.5436
29.2229
29.7473
27.9496
28.7392
30.0826
31.0948
30.1981
27.7220
28.4260
27.7359
26.1372
27.6395
27.0626
29.5231
28.4312
25.2393
26.1976
25.9556
25.9172
26.1538
26.3955
26.5846
25.6190
25.3989
28.4736
27.8451
27.8031
27.5536
25.5558
25.2839
25.3060
25.7917
25.9801
25.6369
26.0519
24.8220
29.3564
28.2235
26.6484
25.7575
24.8726
26.3512
26.0634
26.2089
26.1444
25.9179
24.5857
26.1285
25.5190
26.7973
27.5878
27.4669
26.6235
25.1567
26.5717
26.4948
26.5557
26.2430
26.2440
28.6503
30.4947
29.6910
27.1627
27.5321
25.9565
27.2345
30.9653
28.1611
28.2797
30.1452
28.6657
26.9837
24.5514
24.4479
25.4106
27.1058
28.7160
25.7535
26.5007
26.3381
27.0828
26.2204
26.3362
28.5787
27.3102
27.1419
29.0636
26.2708
24.3527
25.7286
26.3499
28.2858
27.6695
26.0066
26.3930
26.3923
28.6618
27.2955
27.8755
27.0123
25.8210
25.0651
25.6542
26.4226
27.0594
26.2832
25.0852
25.3311
26.7274
26.0601
28.1010
26.9490
26.9377
27.5418
26.1958
26.8037
26.4868
26.0625
26.5874
25.4320
27.0496
26.5321
26.1937
28.0139
28.9745
26.9432
27.4165
27.5353
28.7904
26.4194
26.5319
26.1472
25.7324
25.4558
26.9077
26.5989
26.5022
26.7767
26.8717
27.1502
26.7508
25.4843
26.1965
26.8765
26.6352
26.2659
28.1641
26.7440
27.1882
26.1887
27.5253
27.8313
26.1358
25.2484
26.8948
25.7750
26.1428
26.5316
27.4373
25.9266
25.3354
27.3926
29.4939
27.9134
26.0850
25.9800
27.0733
26.8431
27.1759
26.6508
25.9536
25.5054
24.9891
26.4740
26.1881
27.3012
25.7653
25.6389
26.6548
28.2226
26.1960
27.1235
26.9022
25.7360
28.6560
28.0344
26.9205
29.1739
29.2736
29.4491
27.3417
28.4830
25.8546
27.2489
26.5179
25.1547
25.9528
27.4019
27.7590
26.7740
26.4379
26.2820
27.2398
26.3099
26.3435
27.7717
26.7151
26.6312
27.4706
28.8684
27.6867
29.0052
28.0103
26.9393
26.5271
26.4802
24.5518
25.0912
25.0920
24.0891
24.2585
24.5461
25.0821
26.0759
26.9265
28.6413
27.7214
27.3483
28.1938
27.6224
29.5232
26.3040
26.8528
27.2998
26.7660
26.6346
26.5760
26.6342
27.3685
25.5561
24.7524
26.3894
26.4513
26.7156
26.8079
26.4955
27.9459
28.4606
28.3229
26.8600
27.7696
26.3531
27.9388
26.4713
25.5004
26.3129
28.8277
28.7722
26.1149
28.8234
28.6336
29.8381
26.7907
28.1867
29.0280
25.6517
25.7477
26.8041
26.7369
26.9659
25.8359
28.6144
27.6433
26.4615
27.7442
27.3797
26.3524
27.0524
27.6702
27.4887
26.6369
26.7458
26.3304
25.8765
26.2452
28.7429
26.6781
26.5892
26.1871
26.0140
26.1483
27.3888
27.8812
26.4906
26.6054
26.9793
25.7292
27.3868
27.2908
27.6011
27.0511
29.7631
27.6677
28.5369
29.4796
27.7331
25.8958
25.9181
26.3159
26.9297
27.5516
27.3941
26.9116
25.9264
27.2048
25.9998
26.2763
25.9860
26.3161
28.4234
29.2561
30.4329
28.7142
26.9337
26.6535
26.7855
26.3765
28.2033
30.3876
29.5679
29.0764
31.1627
29.3803
27.4718
28.6930
27.0272
29.0424
31.0630
26.9617
28.0197
26.1751
27.4359
27.3285
27.8302
28.3005
28.0660
26.3318
26.9754
25.5309
25.5925
26.8362
25.3803
26.8410
27.2534
25.0175
26.5312
27.1761
26.7627
27.1528
25.7774
29.1340
25.9658
30.5754
30.7113
29.4896
30.1817
31.4695
28.0592
28.3755
27.3047
27.2579
26.6403
26.2421
26.9654
27.8827
27.4079
26.1700
28.6258
26.6047
26.6655
26.1456
25.4863
26.7156
26.1948
26.8697
25.8168
25.5308
28.2892
28.2011
26.1357
26.4064
27.4582
25.2687
25.6430
26.0462
25.1057
26.2859
25.6590
25.0077
26.2152
24.1075
25.5237
27.7476
26.4480
25.4618
27.4950
28.3388
30.9243
31.1075
29.9437
29.1376
29.4811
29.0393
28.8807
26.3752
28.2004
28.7276
30.1777
28.9337
29.1962
26.9769
26.2916
27.5205
28.3167
29.3737
28.8986
28.7113
26.1971
25.6736
25.8134
25.7387
25.7288
26.4066
27.7949
26.7364
26.6711
24.9917
25.9805
25.1100
25.2765
25.1293
26.0118
25.5903
26.6172
25.5224
26.3281
27.8128
28.9703
28.3183
27.3003
24.9711
24.9479
25.8506
25.7079
26.6900
25.2015
25.3380
25.7148
26.7140
26.2923
27.2667
26.8409
24.7626
25.5902
26.6337
25.9715
26.2962
23.4422
25.1573
26.3245
26.2055
27.6277
25.5037
24.8176
24.0722
24.8395
25.0767
24.9985
24.3301
24.1162
24.8078
24.5554
24.8970
24.8647
25.1140
24.8864
24.9790
25.3311
26.0976
25.8470
25.9076
26.4330
25.7011
26.8293
24.7087
27.0160
29.2374
28.9827
27.8168
27.9638
26.5390
28.0435
27.5042
25.9945
25.3189
27.2309
26.6277
24.5886
22.7564
22.9816
24.0363
23.9189
25.6098
25.6606
25.5396
24.3098
24.5052
24.0139
25.1201
26.6585
25.9707
25.3467
26.9718
25.4153
25.6868
23.6680
25.3049
24.3865
23.8412
23.5299
24.4901
23.8625
23.8591
24.4879
23.5428
24.9336
25.1264
24.1219
24.8284
24.7349
22.9757
24.0712
24.0127
23.7393
23.8943
23.9818
24.5726
24.9592
24.6433
24.3377
25.0144
24.7487
25.0013
24.5378
24.6909
26.3749
24.7993
23.8984
24.9815
24.1688
24.4092
26.9282
25.0013
26.0480
24.6952
24.8297
24.7994
24.8142
23.6681
24.3402
23.5274
25.1405
25.0880
24.6430
23.4994
24.3415
24.1408
27.2714
26.7422
25.6350
23.9830
25.4165
24.3396
24.4787
25.1123
23.6508
24.6587
24.7184
24.7431
24.4963
23.0444
23.3189
24.2832
23.4739
23.4982
24.7790
22.7809
25.0726
25.1383
24.2315
24.0108
23.7290
24.1627
25.0912
25.0153
26.8979
29.9490
30.3535
29.4846
27.7338
27.9802
27.7583
30.1859
29.8476
26.3442
25.1350
27.0620
28.0266
29.5435
26.6003
27.6811
28.4383
25.3957
25.9681
25.3881
26.0809
26.5324
24.9165
24.3085
26.3064
26.5065
26.4448
27.0692
28.3277
26.5073
26.6357
26.4048
25.7799
26.5318
26.5412
26.0400
27.4486
28.1294
26.5361
27.4975
27.5178
27.0789
26.9761
30.7508
28.6580
25.7187
27.9236
26.4697
27.1957
27.3380
27.5567
27.3318
25.3126
26.5750
26.1878
28.0554
23.9756
24.7256
25.4803
26.1611
25.9347
27.0684
28.0126
25.4403
28.0037
25.9445
27.2254
27.6491
27.2776
26.6802
25.7113
27.1348
26.0330
28.5149
27.5797
27.7659
27.3838
27.3837
27.7481
25.5129
25.8521
24.9772
26.3810
26.7953
26.0520
27.2808
28.5278
28.4076
26.7779
26.3178
27.9523
25.9820
26.4800
28.7255
26.1772
25.3736
26.0446
27.4981
28.5380
28.9315
28.0028
28.0097
27.7740
29.4515
26.3518
26.1828
28.8891
26.5675
29.7217
26.2653
26.9916
26.9412
26.5634
26.7860
27.3199
27.5947
27.8913
28.5551
26.9071
27.2090
26.1704
25.8934
26.2819
25.5563
25.8018
25.3394
25.0273
26.0666
25.2824
27.0093
24.8635
25.6019
24.4755
25.1700
25.2655
24.1198
26.0772
28.7873
26.9003
25.9171
25.2923
26.9087
25.2771
24.0695
26.2745
26.1632
25.0966
25.1111
25.3877
25.5228
26.3426
26.3398
24.4714
26.6820
25.6620
24.0669
24.3663
25.2794
25.9075
23.8961
24.0212
25.4327
25.1932
24.2954
25.7185
25.4773
23.3281
24.8283
25.7202
25.4212
27.0725
25.6505
26.1081
25.5312
25.8584
25.5598
26.6741
24.2193
24.7854
23.8828
24.8654
25.7367
25.1687
24.8381
24.9575
25.5249
27.0842
28.2473
26.2868
26.6142
26.0345
26.1703
26.2625
26.2922
27.7099
26.2392
26.9592
27.3238
25.9115
26.2096
27.2235
26.7480
27.6572
28.3171
28.4299
27.6487
26.7492
25.9667
26.3573
26.1658
26.0775
26.9679
27.9458
27.1931
26.5368
27.7128
27.5296
28.4072
27.5594
29.0378
26.2751
25.1929
24.2183
25.2410
25.2027
24.9480
25.1068
25.7933
26.2177
25.7675
24.8323
25.5232
24.9185
25.7066
24.8921
24.4251
25.4233
25.1395
25.4800
26.3219
26.8412
28.3278
27.2707
26.2091
26.7888
27.2512
26.2765
26.4994
27.0545
27.4738
27.2490
27.5057
26.5801
25.7870
26.4737
25.9645
27.0312
25.9436
26.8373
25.8825
25.9906
26.8913
26.4902
27.1744
26.5912
26.6949
26.2322
26.5924
27.0621
27.6095
25.9346
26.5739
26.5409
27.3711
25.5782
25.8271
26.0545
26.2008
25.7799
26.5576
27.0055
26.3704
25.3775
26.0849
27.5623
25.9802
26.3839
26.1751
26.4024
25.7386
25.3430
25.6794
27.6361
25.9665
27.2867
25.8441
24.4622
25.0224
25.1436
24.4508
25.2911
27.2801
26.1447
26.5823
25.4980
25.2238
26.2014
25.9178
25.8953
25.9274
26.3941
25.3053
25.9538
26.7207
25.1257
25.9116
27.5303
27.0233
27.0356
26.3079
25.3788
25.5733
25.3624
25.8879
25.9495
26.8803
27.8429
27.3619
26.4633
25.3527
27.3882
25.7903
26.7463
28.0169
25.5681
26.8660
25.1908
26.1342
25.8844
25.7175
27.1381
26.8982
26.0139
26.6628
25.8587
27.7877
26.9873
28.8334
28.0955
26.4541
26.5084
24.4497
27.3936
25.9872
25.1216
26.0297
25.6128
26.7359
27.4834
28.4201
27.8128
26.3354
25.2524
25.9883
24.7397
25.9320
25.3886
24.4226
26.9642
25.8721
24.1558
22.9822
25.3790
26.3298
26.4602
26.8836
27.4302
27.2405
28.7217
25.8216
25.0695
26.5486
24.8533
25.6092
26.3429
27.6242
26.3988
27.1566
27.2308
25.7364
24.7675
26.9805
25.9878
26.2190
26.9835
27.5336
26.7542
27.4607
25.9064
24.8952
25.8710
26.5223
27.4455
26.7861
27.1306
26.6341
26.5357
25.8382
25.9796
25.8085
25.8947
26.2851
27.0262
26.5728
26.8872
27.7650
26.0440
26.1678
27.3963
26.3730
26.5286
26.9528
27.1777
26.7105
25.5588
25.7407
27.4095
26.5221
25.3838
25.6558
25.9487
25.5023
25.6501
25.7629
26.5347
25.7771
26.6577
25.9450
26.5943
26.5824
25.6575
25.5899
25.4981
26.4840
26.1593
25.2430
25.5502
26.1757
27.9469
27.1808
27.0282
27.6742
26.4465
25.9053
27.1436
26.3857
26.7672
25.1742
26.2212
27.2285
27.6374
26.4722
27.0190
26.8640
26.8847
26.9741
26.0346
26.0445
25.9374
27.2104
27.8568
26.3249
25.8830
27.0851
26.3694
26.8095
27.7334
26.2846
29.2183
27.2843
27.5127
25.4886
26.6262
25.8253
26.3779
24.7133
26.9933
25.6833
26.8299
28.8951
26.0375
27.8206
24.7895
26.3702
26.0190
26.2931
26.5185
27.0737
26.6774
27.5016
27.1776
27.9738
27.4211
26.1119
26.1645
27.8394
26.4996
25.2191
27.2598
27.4582
27.1918
26.9943
26.2821
26.7301
24.7241
25.2021
25.8765
26.2417
27.6972
26.6452
25.0380
25.2881
27.5439
27.6829
26.9186
28.4417
26.8182
24.7954
25.2288
25.1955
25.0448
24.9424
24.6481
23.5824
25.4189
25.4463
26.0712
26.4243
26.5414
26.9162
25.9717
26.2385
25.9083
24.8919
24.1477
27.2956
27.2475
28.1758
24.8023
23.5255
26.9074
24.7582
25.9183
26.3645
25.0170
23.5304
25.2809
26.3304
26.2516
26.0439
26.6396
26.7681
27.5582
27.5960
28.7620
31.4932
30.4314
29.6045
28.7031
26.5415
27.8010
28.7631
28.6540
28.2877
28.5310
26.1513
26.7175
28.1122
26.7435
28.0591
27.8455
27.8778
28.9983
27.8313
27.6070
28.2114
29.1883
27.4516
28.1614
27.1023
28.1202
28.8606
28.6918
25.6638
26.9640
27.7558
26.4829
29.0716
28.5267
30.1945
26.9792
26.8144
25.2997
26.1165
25.3944
26.4739
25.1732
26.9293
25.9635
26.8602
27.3667
28.5274
28.3795
29.8834
27.6414
27.7805
26.5973
26.8676
26.1582
25.8511
26.9092
26.0889
26.9094
25.7610
27.2985
27.7441
26.1339
27.4982
27.2215
28.7835
28.6568
25.4249
26.1702
26.4501
26.3031
26.8771
25.3838
27.7699
28.6976
27.7374
26.4790
28.3484
26.5288
26.4458
26.8645
27.4732
27.1740
27.1025
26.7590
26.8962
29.1470
28.1827
28.3768
27.7190
27.2568
26.4531
25.8593
26.5689
24.7310
25.5753
25.1073
25.1309
24.2994
24.9422
26.5368
28.4347
28.1616
28.5256
26.4002
27.4734
26.6220
26.9201
26.8752
26.0268
27.3983
26.6159
29.9717
26.5476
28.2373
28.0380
26.8298
26.0928
27.9597
25.1337
24.3033
24.2915
26.5016
26.7948
28.4711
25.5776
24.9413
26.7266
27.6700
28.3529
26.8214
26.5100
26.2416
28.0024
28.3121
28.4760
28.6067
29.3890
29.6184
29.8700
28.7686
27.7469
27.9448
28.1187
27.1492
29.4271
29.6634
26.5268
26.2165
25.4634
25.4539
24.3842
23.6925
23.7301
24.1276
24.0083
23.6469
23.6051
23.4429
26.9193
26.8698
25.5939
26.5306
27.2350
25.8694
26.5359
25.9997
26.7819
27.8468
28.2802
25.9906
25.0306
26.2619
25.6236
23.7510
22.6898
24.1133
24.5299
26.0554
25.4887
27.0412
25.0420
26.1824
25.0738
26.4428
25.1510
24.6121
25.7134
23.8887
25.5760
25.4421
27.4539
26.1815
27.2270
27.4829
25.5032
28.9886
26.7777
26.1504
25.6943
27.2498
26.0893
29.2600
29.1070
27.6944
26.1817
28.0327
26.6660
27.2287
26.9364
28.5793
27.4589
27.9645
28.2175
30.3422
28.6261
27.6178
26.5457
25.9072
30.3256
25.9249
26.4659
28.2498
29.2780
26.0202
27.2152
25.7050
25.4344
24.7155
26.3589
24.7691
25.1151
24.7199
25.8324
27.7426
27.8169
29.6841
28.4266
27.5988
25.3160
26.4031
25.2051
25.5638
26.6584
27.7097
27.3449
27.7434
27.7178
26.4648
25.1874
24.5314
24.9476
27.9669
27.1663
26.3537
25.3638
26.7440
26.2326
28.9871
25.1032
26.0479
25.3364
27.0747
25.6112
24.7978
25.6586
26.0020
26.3124
25.6885
27.4972
27.2688
26.2707
25.3255
24.3802
26.6215
27.3198
27.7847
28.1123
28.3373
26.9374
28.4402
28.6004
28.6444
26.4580
27.8512
26.7640
24.9650
25.4521
26.3693
27.4889
25.5444
24.7391
26.4835
25.3841
26.5572
26.6458
25.6396
26.2533
28.5024
23.4419
22.5493
24.4941
25.3443
24.3291
24.6808
25.9441
26.8665
25.9664
24.7751
24.6158
25.4645
25.2369
24.3924
26.3604
26.0103
25.6337
23.2410
25.1136
26.3951
27.6321
26.4613
25.0534
27.2612
27.5212
27.7645
26.8526
27.0775
27.0189
26.8374
28.1256
29.1130
26.1579
26.6592
25.9166
25.3923
24.6227
25.7786
24.4027
24.2529
24.0944
23.7936
23.4105
22.7114
25.7388
24.6293
23.0939
25.7335
23.0660
23.2576
23.9240
24.3973
24.3127
25.3201
25.7621
26.0859
24.1103
27.2926
26.1547
26.1445
25.0111
25.4105
27.7310
26.6813
25.9323
26.3114
24.5906
26.6931
25.8086
25.4814
26.5879
23.7393
25.5441
25.6028
26.4396
28.6605
26.5757
26.3847
27.4473
26.6244
27.6617
26.5701
25.3205
27.0700
25.2892
26.1113
24.4236
24.6455
28.3033
25.0875
23.9370
24.6466
25.8428
26.0710
26.7151
26.1799
27.4609
27.4238
27.0338
29.0941
28.2955
27.2738
28.2408
29.5453
26.3892
27.5900
27.1622
26.8665
26.9862
27.9671
26.5997
26.9281
28.7948
27.2803
28.2755
27.4976
27.3905
28.1914
27.0734
26.9059
27.8410
26.7144
26.8118
28.1537
27.7183
27.1682
27.0393
25.8353
26.1723
27.9974
27.6410
28.4212
26.3966
27.0267
27.0162
26.8356
26.4003
26.6185
26.3424
25.6195
25.8807
24.9490
27.0092
26.7084
27.0442
26.8274
26.8430
28.4101
27.2698
27.8429
26.1309
26.4683
27.0083
26.4384
26.0395
23.8179
26.4185
25.6236
26.1770
24.9338
25.0951
26.0577
26.0643
26.0671
23.7853
25.2633
24.0834
24.3956
26.2036
26.8041
26.1666
25.5336
26.3710
26.9636
26.4372
27.9428
26.0823
27.2484
25.5695
26.0222
26.9369
27.5985
25.0402
26.7837
25.8666
26.3940
26.6828
26.9677
25.9355
25.6704
24.8074
25.3021
25.4909
24.6406
23.0534
25.6915
25.6467
23.6206
25.7318
26.1488
25.4170
25.1606
25.2980
26.9664
27.7636
29.2658
27.3637
25.9809
26.6320
27.3936
24.8939
25.9366
26.1717
25.9705
26.7947
26.2638
26.0818
27.2516
27.6842
24.8031
25.6752
26.3184
26.7166
26.4695
26.5868
27.2695
25.9214
25.2800
25.7845
23.5730
24.9360
26.0231
26.0819
24.8350
24.7297
24.7492
25.1123
24.1256
24.4012
22.6009
23.8469
22.4395
23.9544
25.7005
25.3471
25.5715
26.8101
26.5741
26.0119
27.3536
24.7803
25.7098
25.0155
26.3209
26.9135
25.2614
27.0990
24.7727
25.5014
25.1829
25.6790
25.4303
26.9476
26.6758
25.4326
25.2052
24.8894
25.4710
25.6153
27.0997
24.9368
26.5682
26.4635
26.4274
26.5996
26.1726
26.7303
25.2906
24.2319
26.1935
25.6580
25.2841
24.7842
25.2621
25.5448
26.8703
26.4629
25.3132
26.1823
26.9854
26.5786
26.6354
26.7688
26.4465
26.2194
26.0622
27.9553
27.8897
27.9215
29.4768
27.8662
25.5673
29.6594
26.4979
27.9388
27.0998
27.7837
26.4930
27.0355
25.6796
25.5699
25.5885
25.1994
24.4397
25.0806
26.3591
26.0865
24.6606
24.2668
25.9373
23.3808
25.1479
25.3793
26.8651
26.7672
28.3987
25.3860
25.3405
26.2737
28.9868
27.8161
26.4853
27.1994
25.5655
28.3987
26.4935
28.0050
28.2222
26.9679
28.3521
25.9081
26.5755
26.0204
25.8296
26.6992
27.0468
27.4755
26.4206
25.9772
25.9028
25.4936
26.4172
26.3645
27.4386
27.2950
27.1669
27.0877
26.9235
26.6570
26.9373
27.1975
26.2410
26.5151
26.1048
26.1594
25.2043
28.2958
25.6246
25.9310
25.5921
24.5924
26.2334
28.2457
26.8906
25.6764
27.0737
26.3449
27.6602
26.7911
26.0739
25.5060
25.7483
25.7236
26.9584
27.6110
26.6053
24.7580
24.6941
23.9258
24.1781
25.2542
26.3901
26.0728
26.6230
27.6981
26.6955
27.3877
26.6770
25.5603
25.0533
25.2263
27.5386
23.5245
22.5215
22.7758
24.9971
25.4530
25.8740
26.8558
25.8767
26.2017
27.1443
28.1902
27.0671
28.7718
28.0622
25.4995
24.1495
26.6969
27.4973
25.3352
27.2727
26.1531
26.3877
25.4129
29.3220
27.6766
25.8671
25.6846
26.0703
27.1035
26.1835
28.0677
26.5664
27.7740
28.7402
26.1893
26.6650
24.8236
24.9867
24.6875
23.5843
25.4600
25.7604
26.3184
26.9402
25.0908
25.9515
25.2739
25.0573
25.5396
26.5193
26.7509
26.8731
27.2869
24.6450
25.5731
26.1669
27.0301
25.8528
25.5024
25.3807
24.9624
24.8800
26.1622
26.4038
25.3083
25.2410
26.1031
26.0013
26.4368
25.1732
24.4196
24.5712
25.8089
25.5857
25.9074
25.3153
24.6279
23.8040
23.4541
23.6750
24.0455
24.0772
25.2711
24.7570
24.2595
22.5002
23.0508
23.1808
24.2807
24.4022
26.5613
27.0895
25.5706
26.0097
27.5460
26.1050
26.0298
27.5510
26.3491
26.2828
26.5353
26.8355
26.7596
27.1646
26.8381
28.0843
28.4317
27.6347
27.5296
27.6087
29.5807
24.8330
24.5336
25.9567
24.3948
24.7729
24.9283
24.8176
25.6714
27.9277
26.8436
26.0898
25.3682
26.2314
26.2603
26.5320
25.9817
25.7488
25.1338
24.0827
24.7246
25.4276
26.0253
25.8354
26.0453
25.6894
25.3470
26.2188
25.3582
25.4364
26.5583
26.1970
26.6168
28.6690
26.4789
27.9077
27.0624
27.8769
28.2917
26.4330
25.9294
26.8291
25.2128
24.7241
24.9708
25.6838
24.4036
24.8360
26.8734
27.7425
28.2982
28.9156
29.1134
26.8991
27.4318
26.0960
25.7409
27.1188
27.9162
28.0445
29.2573
26.9796
28.4735
27.9739
29.9157
31.3811
28.3406
27.4035
25.0293
26.9269
25.1660
27.6911
28.9952
26.5377
26.2748
23.8109
26.1863
25.6490
25.8667
26.4539
28.5477
25.5119
25.7854
26.1864
26.2035
25.6318
25.2859
26.5021
27.9658
27.4541
25.8506
25.9823
26.4364
26.3716
26.1344
28.0869
26.4469
26.8280
26.5413
26.7102
27.8371
24.5384
24.3277
26.7841
27.6441
27.4047
27.1704
28.0455
26.0451
26.8504
27.6291
26.5001
27.2041
26.1246
26.3747
26.3156
25.7203
26.3690
25.3078
26.7285
25.9053
24.6707
25.7824
26.6955
28.1787
26.0635
25.9950
26.1731
27.4143
27.2719
27.8355
27.1810
28.4110
29.6311
27.7431
27.6705
26.1286
25.8808
27.3864
26.8320
25.2033
25.0397
24.8388
23.2679
23.9312
24.1865
25.6073
25.4970
27.6907
26.2177
25.6642
28.8599
26.2902
27.0685
25.9603
25.8898
28.3374
27.5300
26.2645
