26.3893
25.7289
27.8530
25.9415
26.8653
25.1923
26.9920
26.9733
30.3023
30.1386
27.8455
28.5507
31.9389
30.8000
29.4316
31.5087
30.7847
27.8575
30.4834
29.6801
25.6812
27.3624
28.4000
27.5540
27.7254
28.1561
27.6688
28.0021
28.6811
27.3545
28.0159
28.1056
28.8474
30.7126
30.4271
30.6283
30.5072
31.5127
31.6118
33.3434
31.1597
31.5160
28.8603
32.2111
30.7190
30.7773
31.1227
31.5647
30.5334
29.6016
33.6823
31.0874
29.6060
30.9139
29.5195
30.9257
31.0051
29.4668
29.2930
27.8542
29.0146
30.2156
29.0627
30.2540
30.4474
31.2030
29.3946
31.2632
28.6526
31.2828
30.5416
30.9327
31.0676
32.1913
31.9810
29.5729
30.2971
29.9780
27.9848
29.9527
27.0525
27.9402
30.2045
28.2808
27.6220
30.2500
30.3391
32.5996
31.6711
32.2458
30.9904
32.4698
30.5054
31.2341
31.5463
30.7896
33.2179
33.7449
32.9066
33.0688
29.7613
29.9736
28.8613
28.7270
30.8512
29.3572
30.7375
30.6869
32.8501
31.9139
33.1109
33.0271
31.7383
28.8498
30.6325
30.9215
32.1607
31.7821
29.7332
29.1416
27.8635
28.4545
30.6565
28.9112
30.1756
27.9063
28.6562
28.4203
30.4073
31.7349
32.1361
31.3005
30.4657
30.0282
31.8301
31.4534
31.1963
32.8203
33.0923
31.4856
32.9155
30.2609
31.6511
31.4399
31.8973
30.1809
30.3357
30.0124
32.3020
32.7812
32.4207
32.2632
33.3651
32.0528
28.4686
33.0842
31.2632
31.8233
29.6224
29.2587
31.6186
32.6828
29.3417
29.5152
29.9922
30.0800
33.5973
31.2835
33.0750
31.0861
32.3699
31.3247
30.9968
30.5314
32.6331
32.8401
30.1093
33.2809
31.9037
31.3137
34.3789
34.3236
32.1415
33.2343
30.8472
32.5371
27.8497
30.7016
28.3010
29.1040
30.6191
30.1842
31.4662
29.6322
29.5144
28.2413
29.4480
25.4980
26.0621
29.1775
26.3251
28.8164
28.2851
30.4913
30.8976
27.7350
26.8922
28.3676
26.8052
29.3471
27.7730
26.9584
26.9133
27.9845
27.4522
25.5331
25.4207
25.9788
28.1281
25.2136
27.9062
25.6855
27.4501
28.0901
27.5519
28.7658
28.7095
27.6415
28.4158
28.9313
26.3112
27.6811
26.3385
28.1137
29.9545
32.1671
32.0371
31.4921
30.1865
29.6844
31.6569
28.1230
27.0696
26.4632
27.2913
26.6285
29.2879
31.2577
28.6704
26.8874
26.6357
27.4229
29.0048
26.8090
25.4430
25.9166
27.6792
28.8641
27.0153
28.5420
27.5201
28.9926
27.9891
30.1302
27.3044
29.3563
28.9135
30.7679
27.8448
27.9980
28.4626
29.6168
29.9468
30.5636
30.8681
30.4884
27.9570
29.6883
27.7865
28.5171
29.0158
30.1353
30.6641
30.5188
29.9197
28.5848
29.1735
28.3149
27.3913
27.0889
27.2835
25.9250
26.3540
28.4403
26.9217
27.1609
27.7780
28.6947
28.8892
27.9070
27.9351
24.8775
25.2232
25.2920
27.2866
25.1663
25.5426
25.2064
28.0234
30.9332
29.2369
30.3260
28.9080
31.4664
29.3648
27.4111
27.0038
26.9280
30.0373
29.3700
30.8141
29.2175
30.5341
26.3243
27.9778
28.6193
28.0424
30.5790
28.2100
29.1178
29.0801
26.5051
27.8339
28.9289
30.4719
24.4620
27.4666
27.3403
30.0738
29.6564
28.7922
26.4523
27.5249
25.4700
27.8488
30.5111
31.2343
30.9024
28.4018
27.9278
30.1038
28.5271
26.8823
30.2463
32.1622
29.3975
27.6099
28.7251
29.5166
29.5270
28.4161
28.9380
28.6633
28.9180
30.0857
27.2927
27.1550
28.8812
28.3946
27.9695
24.6266
26.7233
26.4331
27.8618
28.8037
29.6225
26.2222
26.2670
28.6783
29.4269
28.3104
27.1765
28.0642
24.9673
26.0994
27.3001
26.2666
27.3322
28.1258
26.6766
28.3717
25.8302
31.6031
26.7974
28.3594
31.3166
28.4606
28.2500
28.3247
28.9345
31.0022
30.9377
30.6479
28.8755
26.4890
29.2406
28.9562
30.7402
30.2380
28.4129
29.4712
29.9883
27.3454
27.5458
27.3283
28.3201
27.7510
29.8161
26.4258
24.9531
27.1101
27.8694
27.2442
27.5692
27.6539
25.7877
27.7214
27.0491
26.5219
28.3254
26.8174
25.4549
25.6666
28.1203
26.2995
29.9150
29.3688
30.7796
29.6828
27.0146
29.2708
26.9584
26.7816
29.2447
27.7697
27.5404
27.0597
27.6618
27.8979
26.4260
28.0370
29.4001
28.7085
28.1794
30.0553
28.8184
28.5803
29.4930
30.3679
28.9421
29.2553
29.5020
30.5902
30.0239
27.4265
27.9251
29.7962
29.2127
29.1790
28.0333
29.4520
28.8502
27.8298
25.4879
26.6671
27.2647
27.5502
29.6107
28.0392
30.4641
29.9546
29.5283
29.3162
31.5404
30.0422
31.4240
31.6021
30.3567
29.5831
28.9220
29.0982
27.3086
27.0982
27.1669
27.6201
27.3416
30.9728
29.1111
28.0770
28.4309
28.0617
27.1625
28.0953
24.7558
27.1026
26.5325
24.6818
24.5822
25.6333
29.5064
30.0717
26.5577
28.9240
27.1176
28.1528
27.7752
28.6989
28.6301
24.8363
26.3368
26.8190
27.3605
27.4108
28.2767
28.5332
27.6370
27.3189
28.8153
28.0300
28.1181
28.4706
29.1349
27.6549
28.0711
28.7492
28.7692
26.8651
26.2000
26.4251
27.9165
27.2577
27.5675
26.1393
25.7934
27.6832
26.8285
29.6400
28.9047
28.9607
29.8322
27.0998
28.7709
28.3349
29.3142
30.4453
27.9069
28.4156
27.6168
28.5848
28.5779
29.8036
31.0255
34.3047
27.8922
29.0117
28.0196
29.0842
28.1699
27.9599
26.0119
25.9013
28.9468
27.0573
25.9815
28.9573
27.8038
26.6180
27.3669
29.3908
29.0381
29.2247
27.0471
29.0495
28.4232
28.9859
29.1936
30.3361
30.0169
30.9809
28.5458
29.2635
31.5697
29.1858
31.2006
30.2954
30.7029
31.5155
27.9738
26.7773
28.6826
28.5646
29.6684
31.5184
30.9958
28.7934
32.2071
30.8487
31.6197
31.8111
27.6272
28.6791
27.6111
30.8255
27.8158
28.8038
25.4648
24.9479
26.6708
25.5824
27.2455
29.1802
25.0893
24.6355
23.7092
27.9319
28.1380
27.9590
27.3100
27.5913
27.8186
26.9377
26.8913
27.7271
27.2585
30.2525
27.8808
29.7728
28.2405
28.6806
28.1070
27.3778
28.4733
28.0246
30.5670
28.1333
29.3627
27.9299
27.9714
27.5120
28.8158
29.2029
30.3994
29.0471
29.4116
28.6392
28.3338
29.1396
28.6218
28.4040
26.0525
24.9961
28.1435
26.8669
30.0923
27.6591
25.1394
27.7158
26.9172
28.3928
28.8346
29.6413
30.0490
28.8323
30.9199
30.5150
28.4749
27.5874
24.8035
27.2332
27.3798
27.8087
29.9511
29.0791
28.4927
26.9566
27.1101
26.8995
27.2232
28.5740
25.9502
27.4145
26.1987
26.4374
28.7935
27.2869
25.1915
25.9884
25.8995
26.5300
24.7624
24.5290
26.7230
27.8902
29.7254
28.7530
28.1180
25.9721
24.1653
28.1782
29.2655
30.2809
27.4167
28.5249
30.4479
28.2976
28.5655
27.5940
28.8005
27.5352
27.2651
27.0028
27.8639
28.0816
26.6592
30.0753
30.3133
30.1714
29.1207
28.3241
27.1050
30.8511
27.5897
26.9913
26.8884
26.7539
29.3799
30.6250
27.2349
28.6199
27.4646
28.7823
28.5566
27.3684
28.7027
29.0478
29.4631
28.1715
28.0378
28.7125
29.0320
29.9952
28.0332
27.5196
27.8376
26.1626
26.5336
28.7696
28.2317
27.6498
25.9385
27.5363
27.1658
27.3974
28.1147
28.0723
26.6964
25.2533
25.9419
26.4502
26.2374
26.7858
27.2946
26.0162
26.0228
27.4323
27.4605
28.8984
29.1258
25.5990
26.2900
27.4169
26.2495
27.0060
26.7305
27.5141
26.8330
28.2412
28.5908
29.8575
28.0623
28.8497
27.1223
28.3037
29.7142
29.0898
29.3057
29.0421
28.2935
27.4252
26.4471
29.7537
28.7754
28.6514
28.6235
29.2509
27.0558
27.6475
27.6122
25.8365
28.0694
27.1570
26.6699
26.6642
27.0483
28.0575
28.0172
28.6443
26.9425
27.6488
28.3593
29.4383
28.5725
26.1672
27.6194
27.6191
26.0702
25.3169
28.1902
26.2851
27.5375
27.5823
29.1839
27.7593
27.7670
28.4141
26.7181
26.6136
26.1368
25.7696
30.1228
29.3319
28.9906
25.5768
27.3490
28.9216
26.9695
27.2617
27.3779
28.2979
29.9924
28.3322
29.6329
29.3094
28.5638
26.6020
28.0305
27.8857
29.6410
28.5846
31.3984
29.3442
30.6544
27.2455
26.6814
27.1118
26.6376
29.0679
27.2839
29.9898
34.0799
31.4929
31.8084
26.2025
28.0515
27.8006
28.8384
28.0958
28.8050
28.2343
28.7629
28.0975
27.4723
28.0403
28.8428
28.2085
28.5187
29.2449
31.3674
31.3609
28.1578
29.7025
28.6655
31.0518
29.4763
32.4207
30.1274
27.3967
28.0077
30.6615
29.3482
29.9264
28.5663
29.8117
29.5505
31.2152
33.1219
29.8115
30.3347
29.4001
29.4667
28.4328
30.2591
29.2672
29.6053
28.5251
26.4012
28.1095
29.3882
28.7187
27.0977
25.8788
28.2873
28.5447
29.5392
26.5136
28.3422
27.2841
29.6902
28.6762
29.0502
29.1487
26.0644
28.0146
26.9001
32.0246
29.4934
28.4314
27.9732
27.8154
27.6207
27.8239
27.5163
28.4951
25.6169
26.0307
26.5731
27.4931
25.5074
28.7221
29.8010
31.6791
29.4721
30.5509
30.1749
27.7057
28.4335
29.8820
31.9140
28.6647
27.8633
27.2111
25.1537
26.7370
27.5122
28.3848
28.0714
29.4649
27.7598
27.8867
29.3670
29.2054
29.0266
26.4686
24.6703
24.8759
24.6928
26.7700
25.2983
24.9921
24.2057
23.5397
23.3266
24.4661
25.3392
25.6170
24.6882
23.7964
27.4226
27.8047
27.2709
28.0822
29.2483
29.1149
28.3799
26.4259
26.6190
24.4009
26.6718
25.8940
27.1004
29.0603
27.9353
27.7870
27.2039
24.1635
23.7398
27.4174
25.9102
28.1989
26.6293
26.6793
26.9240
26.6821
28.5755
28.3336
27.2944
27.2145
28.4544
27.5192
27.3187
25.4247
25.1842
26.6548
25.9006
25.2218
26.9840
28.3176
27.5891
27.3096
25.8646
24.6382
27.2558
24.9915
25.9632
24.3872
27.1950
24.3491
23.9115
22.9837
27.8661
28.2886
25.8283
27.4139
27.5505
27.6883
28.1050
25.6988
27.6127
30.7584
30.5048
30.1313
28.2606
29.4709
27.0631
25.5081
24.6769
27.4391
26.5180
26.9956
25.6435
25.9281
28.4144
27.8427
27.8505
29.0093
29.0272
29.6987
29.1487
27.4942
26.5469
28.9623
28.4300
28.6413
27.7723
28.1934
31.0847
27.2383
27.6430
28.1176
28.0107
28.6204
30.8597
29.6096
28.7902
28.2288
28.5286
24.8855
27.6784
26.1978
28.3754
26.7416
25.8345
25.8134
28.7109
29.5879
29.0329
29.2218
29.5988
27.2096
27.9321
29.0386
28.8788
29.1680
28.8053
28.4532
28.1451
29.8292
28.8927
25.7557
26.7375
27.3568
27.8097
26.9806
27.3255
27.3396
28.6119
29.8357
28.0384
27.2040
26.9227
27.6562
26.5649
26.9261
28.8590
29.5338
27.6529
30.1009
30.0334
26.9582
27.7299
27.8051
28.7984
28.4125
28.3834
26.0699
27.9822
26.9016
27.4892
26.7937
29.1642
27.7147
29.1674
31.5876
31.0385
30.8911
27.5561
30.0063
31.4119
28.5058
28.0369
31.2983
32.0184
26.0594
28.0231
27.7765
28.3799
27.6754
28.9739
29.5354
28.3267
27.2267
27.2734
28.1514
27.9814
26.9515
25.4478
26.0014
29.5675
29.3190
28.3972
28.8674
30.0726
25.2918
28.2474
29.5032
26.9058
31.3589
30.9944
30.4377
31.4500
30.4538
30.2307
27.5414
29.0113
31.7698
33.2318
31.0008
31.8487
31.1530
33.0749
29.7914
31.3470
30.1492
30.7491
27.1400
27.6116
27.8313
30.7509
28.5472
28.5134
29.3261
27.0385
26.1316
29.0923
23.8614
27.4244
27.8335
29.0302
28.8047
26.4124
28.2990
28.1781
27.7553
27.8311
27.2695
27.4221
25.4014
25.8701
26.2385
25.6834
25.0039
26.2487
28.2602
28.7972
27.1836
29.6237
30.6547
27.0294
26.5188
24.6310
25.9157
27.0232
26.3559
25.7170
26.5725
28.5627
27.7815
27.2288
28.3085
26.3547
26.8440
25.8354
27.0656
27.3557
26.2875
27.3992
28.4127
28.0511
25.8199
26.2889
28.5238
29.7194
26.8454
26.5309
28.3038
29.4292
28.3315
28.7725
29.4779
31.3437
31.2228
31.9918
31.1008
30.9626
30.5126
29.8176
28.6176
32.2703
29.7154
30.7652
29.4330
30.5251
28.7587
28.2790
30.2897
28.2874
26.6395
25.1186
27.2349
25.6118
26.4095
26.2844
26.8810
27.4507
28.7374
28.4035
27.5488
28.8933
28.8178
28.3716
30.4928
30.1741
31.6331
29.7211
30.4838
27.9974
29.1401
27.6025
30.0777
32.0800
30.6557
31.8003
31.0984
29.1042
28.9336
30.5946
29.8412
30.8155
30.7339
31.0284
30.8097
27.9399
29.5291
29.6376
32.4157
29.6638
32.0247
30.7951
28.7986
30.5217
30.2363
30.6442
31.5149
30.5465
28.0370
27.9947
28.0233
28.8282
29.8095
28.1330
29.2903
26.3164
27.6789
28.7828
28.4612
29.8396
28.7399
27.8206
29.5012
28.9210
28.7712
28.7379
30.8303
27.0006
26.7873
26.0796
27.9130
27.4660
28.4210
24.7457
29.5189
27.9613
27.9470
27.6420
25.6987
28.1884
24.6341
25.8443
25.5858
24.6432
28.2118
26.5890
26.2208
28.6839
26.7126
28.9557
28.4048
29.0661
29.8366
31.5832
26.6745
26.7514
27.1990
27.7443
26.7058
27.4855
24.4884
26.8377
28.4345
28.1852
29.7871
30.4275
31.5530
31.1724
29.5795
29.8240
30.4628
34.1811
30.2154
29.0212
28.6336
30.5774
31.1951
32.0753
33.1577
31.3308
29.0360
31.9008
28.6500
29.6794
29.4658
27.5992
27.8609
26.0980
29.5034
28.9082
28.5507
29.0942
26.6473
28.6271
28.0439
29.1430
29.0493
28.6587
28.0299
27.5303
28.6450
29.6013
26.1676
27.1638
29.3741
29.8500
30.6709
28.6959
25.1804
27.9514
28.1631
30.2047
28.2443
30.9328
28.5327
27.5702
26.8997
28.6818
28.8381
27.6019
29.3585
25.4040
26.4731
29.1032
28.2603
26.8634
27.3272
27.8079
29.2607
29.0131
30.1182
29.0955
30.6055
31.2084
30.8369
27.5407
28.4856
28.2505
28.1929
27.8472
28.4798
29.2318
32.1124
31.4946
31.1554
31.2433
31.9340
31.8175
26.2530
26.8812
28.0482
28.0950
26.5160
28.0294
26.9597
27.2249
27.8701
28.9610
26.5246
29.7143
28.2015
29.2514
28.9345
30.7192
29.6864
30.7175
28.6554
28.5557
27.9359
30.1387
30.9798
32.4963
31.1511
31.1600
32.7919
30.2475
31.0394
32.4130
28.3644
31.1615
30.0512
31.2478
29.2216
28.2127
28.8602
27.2777
28.6551
30.0100
29.8852
30.6483
29.9008
29.7964
31.0674
28.8497
27.8162
27.1555
26.8654
25.3578
27.2528
26.1788
28.0148
28.5981
27.0817
30.1995
28.0760
27.2389
29.7699
31.2217
31.1210
30.4458
32.1526
30.4883
33.1023
29.8504
29.8011
33.4685
32.4404
32.7197
30.4188
29.9447
27.2697
29.6995
29.7157
30.2134
30.3466
27.6799
28.0632
29.4549
28.2495
29.3517
30.1363
30.5435
28.1088
30.1323
30.0267
28.9943
29.1802
28.9319
27.6163
28.8106
27.6967
26.1634
26.6028
28.8251
27.2320
30.2098
27.3839
27.9492
28.2149
26.3578
27.2325
26.3977
26.3493
24.6596
23.7825
25.9240
26.3395
25.5864
23.4453
26.2475
26.8169
28.4749
26.5786
30.5414
28.0886
27.9762
29.4893
28.9130
32.3835
33.0010
32.5122
29.4882
29.4740
29.3230
29.8564
30.3640
27.8079
26.2274
29.5430
30.0160
30.9285
31.6434
31.2236
30.6221
32.1573
30.8945
31.4944
30.7391
29.4094
28.2270
30.7232
31.1302
30.8609
30.9158
31.0658
29.6553
29.6056
28.8178
29.4097
30.6420
30.9924
27.0248
28.9868
28.0100
25.9889
26.9759
25.2057
24.9333
23.4179
22.5218
22.4186
25.4294
23.8483
26.6812
27.0346
25.6376
26.8067
26.2720
25.0415
26.0441
27.8108
29.1267
27.1386
26.3099
27.9890
28.9367
27.2555
27.6167
25.5619
28.6664
30.4227
28.0736
28.0800
30.9860
29.4402
30.8327
29.4422
29.0508
32.4472
30.9414
31.7317
28.7867
31.1909
27.7774
30.2570
27.8825
25.0372
28.8715
25.9559
27.9690
26.8080
25.2550
25.5695
26.6752
28.9255
26.5649
28.3501
29.7211
27.9815
27.0205
26.5936
28.9992
27.3486
26.8379
27.0418
27.3302
28.0961
25.4040
26.6194
26.3720
24.7189
25.2426
26.9628
24.8348
24.4632
26.1670
28.4140
27.9827
26.8823
26.4453
28.4849
24.9349
24.5664
23.4928
23.7798
25.4618
24.5623
26.5690
25.4136
24.4711
27.0888
26.9523
27.5866
26.3911
27.8444
28.1212
28.6199
29.2963
31.7986
29.0472
28.1041
28.7971
28.7198
27.0209
27.3785
27.5305
27.5758
26.3183
25.8437
26.4727
25.8923
26.9499
26.3221
26.9355
25.5593
26.0049
26.2856
26.2386
25.7645
26.6072
27.0607
27.1820
25.0945
25.8271
28.3382
29.0730
28.3355
27.7453
29.0571
28.0810
27.2297
27.1918
26.6897
28.5326
27.5452
26.1350
26.9835
23.6202
29.3088
27.7845
29.3451
29.5024
28.4931
29.3517
26.6881
28.8186
29.1687
27.8788
29.7730
31.0972
30.9409
27.3607
29.7156
26.3807
28.2260
28.4646
30.3050
29.1211
28.2056
30.6561
27.2035
26.8759
29.2662
31.2245
28.6581
33.0511
31.5743
27.8082
28.5745
29.5586
30.3877
27.6551
26.9032
25.4234
24.5502
24.2001
24.7797
25.7218
27.2346
27.7517
26.8093
23.3635
24.6037
25.4959
25.6365
25.3671
24.0858
22.8139
25.0270
23.4656
24.6672
23.8388
27.6567
27.9457
28.6633
28.3043
25.3310
29.3007
27.8042
27.8633
26.7358
26.1132
24.1104
25.2452
27.8104
28.8826
25.6458
28.1350
24.2112
27.9043
26.5785
28.0103
26.7212
26.8678
29.7663
25.6730
27.6023
27.1953
27.2337
29.0318
27.2885
28.7597
27.1304
26.6082
29.1115
28.5313
26.4144
26.4066
27.1346
26.2051
28.1705
30.0446
30.6018
28.1931
30.4208
29.8244
28.3495
25.6781
29.4366
28.3236
28.7247
27.0230
27.3648
27.6279
26.1933
25.8837
27.1881
28.4006
24.8116
25.8635
26.8130
28.8124
29.2607
26.8597
25.6957
23.5572
24.2826
25.1174
25.4922
26.3936
24.2630
24.9482
24.7179
23.0384
22.8627
24.4966
26.8307
26.6343
28.2503
29.3282
27.4504
29.1771
27.7879
27.1990
25.7098
23.3760
27.2207
25.8981
22.8087
23.6523
24.5187
24.2514
25.1290
27.8149
26.0701
27.9962
25.6656
24.5407
27.1166
24.6450
27.2774
29.2101
25.3216
26.4746
25.8374
25.3199
26.7835
26.1938
28.9706
28.3542
31.1113
27.8090
29.9030
28.7085
27.5927
27.7702
25.6058
28.4227
26.4148
28.1046
24.3961
24.3191
24.8306
25.0966
25.0869
26.7565
26.7561
26.6824
24.6951
24.5889
26.4546
24.2406
24.2114
25.5918
27.6317
26.3101
28.3131
28.6869
25.1119
26.1018
29.8093
27.3635
26.2941
25.4156
25.6260
28.0756
28.8410
27.4484
27.4049
30.2842
30.9253
29.2904
27.1365
25.4954
24.5172
23.9521
24.7895
24.5726
24.5864
27.2850
29.3802
29.2403
30.5381
30.5856
29.1556
26.4923
26.8592
26.0745
26.5365
24.5338
28.4122
25.9123
25.6173
27.6718
26.1765
26.7201
26.1907
26.9123
25.4732
26.5804
26.9838
25.3638
27.5728
27.7047
26.9933
27.6661
28.9550
27.8251
26.3041
26.6817
25.6473
25.5309
22.4221
23.8671
22.4513
24.7255
22.9967
21.6665
21.9151
23.3362
24.3684
23.5442
22.2290
24.3112
24.0989
22.5197
22.2736
25.9400
23.6206
26.3971
22.1326
22.4255
23.6991
22.5525
25.1323
24.8524
24.9989
24.9015
25.9458
25.4393
25.0426
24.8730
25.8558
24.4739
25.7185
25.2476
23.8240
25.7580
25.5848
24.9321
24.3641
24.4612
25.4307
26.1732
25.6303
26.5852
25.4741
26.0185
25.5633
26.9362
26.5023
23.5621
24.4078
23.4220
22.6411
22.2036
23.1013
23.5545
23.9274
24.2884
25.5731
25.5081
24.4342
23.8775
25.0727
25.1655
23.8098
23.6045
22.7411
24.6616
23.7112
23.8654
22.4729
23.5627
23.9691
24.3983
26.9871
27.6399
28.6161
23.9619
25.1276
26.7516
26.1971
25.5140
23.3981
22.4517
22.8181
20.6116
23.9190
23.7862
22.7326
21.5438
25.7584
22.8890
24.6614
25.5932
24.5136
24.4499
23.4380
24.9754
23.5213
24.2229
21.6906
21.5044
23.8775
26.4157
27.4347
27.4984
25.2439
23.4389
23.6906
23.7588
23.5633
24.6460
25.2736
27.2434
26.7747
26.4232
24.0455
26.2965
24.3624
23.4740
23.2118
23.6588
23.3332
24.8498
23.7458
23.3969
23.8433
22.7379
22.5634
24.3449
24.7023
21.8169
21.8601
21.0633
21.9683
22.1105
23.1956
24.3512
24.5611
25.5796
24.9921
23.5758
21.9498
23.6777
24.5650
24.9829
24.9740
23.6598
24.4441
25.8800
23.3729
24.2336
23.6106
26.8768
25.5617
24.2744
22.9736
23.3695
28.0274
26.4444
26.3506
28.0357
28.9492
27.9003
26.6164
27.1728
23.8513
23.0133
21.7355
22.9621
22.9132
22.0848
25.7147
22.8420
21.9756
24.6369
21.6689
25.0940
25.6031
27.4272
27.1451
27.7798
27.8203
25.3946
26.2133
27.7461
26.7695
26.7295
28.8317
26.7176
26.7219
24.6972
25.1255
25.5229
28.5789
30.0971
29.1474
31.4019
31.5329
30.2584
27.4509
27.1371
30.9192
30.0696
28.9132
28.2143
30.3547
29.7606
27.4740
26.0447
27.0997
27.5748
26.6138
23.6508
25.1288
27.6491
27.3872
28.4792
26.3700
27.9146
25.5238
25.5693
25.0129
26.3532
25.7136
25.4262
24.1286
23.8486
24.1780
27.0332
25.0429
26.9559
30.4228
28.4231
25.7570
25.7726
26.7845
26.7351
26.7686
29.2230
29.0530
29.1904
27.4575
27.4106
26.5556
27.3614
27.2463
28.0159
28.0484
30.9547
28.8118
29.5389
26.4396
27.8186
27.9602
26.9588
26.9888
28.9268
29.4802
27.9067
25.7072
28.1361
25.9223
25.5583
27.5277
26.9097
27.2870
27.8665
26.5646
26.1311
27.0625
24.0011
26.0025
26.3225
26.5596
27.1976
27.0148
29.6863
28.6129
29.2618
27.7256
28.8126
27.1883
29.1486
27.2382
28.4630
27.4985
29.7212
27.7025
28.9206
29.5139
27.1053
29.0961
31.9545
29.3615
29.6162
26.8820
31.1926
26.0022
25.4592
26.5352
25.7885
27.1210
29.5746
28.4010
27.1864
27.9086
26.9477
24.7340
24.3633
24.9725
25.2372
24.9003
25.3303
25.7560
26.9721
28.9222
27.0120
27.6378
26.1901
25.9994
27.4511
26.9432
25.8762
24.8400
23.1498
25.2401
25.7378
26.9580
25.1382
27.9513
25.2748
27.4278
25.7943
25.2447
26.7689
26.8523
28.3450
26.5001
27.3037
27.2339
26.4096
26.7161
25.7728
27.9702
25.3822
25.4029
28.9773
25.8487
27.4021
27.0582
27.3598
25.9088
25.9179
26.2778
27.1694
28.8191
27.0280
27.5073
30.0663
26.6100
26.7521
26.7547
25.4002
27.7850
25.9578
24.5925
28.0716
27.5896
29.8679
28.6443
29.8563
28.5032
30.3007
30.4602
30.1396
30.0231
30.3465
28.7009
29.8069
29.8944
26.8237
25.6346
26.9368
28.5584
26.3667
27.0303
25.5743
28.1597
28.4715
25.7666
27.5164
26.9864
27.7333
26.7863
28.1492
25.7536
26.5646
28.9208
28.0709
28.0123
26.5280
29.1483
28.7815
28.0193
29.3158
28.6888
26.5717
25.6803
25.7519
23.6779
26.9715
26.8167
27.0728
25.9180
26.3933
24.1533
25.9434
27.7544
27.5199
27.6845
29.3379
27.0659
28.9847
27.3229
29.5495
27.4472
26.7259
26.6105
27.5589
28.2148
29.1670
26.0769
27.3864
27.0464
27.4161
25.9319
26.0497
27.6259
26.5139
27.9115
29.1419
28.2073
27.2685
24.9402
26.1186
24.8554
25.2620
26.4859
25.8582
24.6222
25.5920
25.2927
24.3944
25.7531
27.2901
26.4056
24.9736
24.0695
25.7124
25.3282
24.7467
26.8972
27.3955
24.7581
25.9167
27.8164
25.7960
26.7694
25.8985
27.1705
29.9280
25.7562
26.0502
26.4489
25.6219
28.2504
25.8242
25.4168
27.4708
25.5146
25.5375
29.4329
29.5970
28.2242
27.6872
25.7189
24.3663
24.4116
27.9528
28.1238
27.0324
26.7767
28.0621
27.8910
27.8825
25.8968
27.9386
26.0231
26.4136
26.5592
27.0618
25.3331
25.1917
25.9064
26.1180
28.2377
27.6765
28.6222
26.4741
26.2994
26.1226
26.4673
26.8386
24.7143
27.1933
27.1784
26.2280
27.2020
27.8075
24.8856
25.7049
27.2308
27.0871
25.9665
26.7043
27.0409
26.5835
24.9192
26.7681
26.0665
24.8794
24.9172
24.1861
25.6132
27.4269
27.3416
27.4858
24.9251
25.0820
25.1355
23.8546
26.8621
26.4343
25.1700
25.5685
24.9697
23.1069
28.1761
25.6987
28.2727
27.4163
24.8453
27.2536
27.5395
28.9212
27.7936
29.5847
28.6736
26.9759
28.3292
25.1174
26.1682
24.7019
24.9267
23.4529
23.3576
24.3422
24.3609
24.7075
26.4364
26.0421
27.3698
26.7562
26.5173
27.4196
24.9076
24.9658
25.4503
26.7791
25.5571
23.0929
24.4381
24.9784
25.6132
25.1549
24.7781
24.1205
26.7862
26.4240
24.8044
26.4938
27.4178
25.7804
25.4973
26.8117
27.4200
29.6981
28.5905
27.9045
29.1032
29.5936
30.1052
28.0854
28.3332
27.9589
29.6382
26.7359
24.4497
26.5865
26.6179
27.3806
28.7476
25.8871
28.2027
27.0626
26.7541
25.1614
26.8555
27.3128
28.2772
27.1963
28.1380
26.4000
25.8024
26.2509
26.6887
25.7989
26.0012
25.8608
24.0318
25.6417
24.9299
24.5655
25.5822
27.1921
25.8605
25.8444
27.2287
27.3113
28.5795
26.9977
26.2276
24.9082
24.6105
27.9686
26.4502
27.1174
27.4147
26.0706
28.2544
27.7680
28.2156
24.0735
25.6708
25.7550
26.2037
25.4716
27.2488
25.7406
25.3234
25.8587
27.0295
25.7672
25.0201
24.8156
27.1031
23.8718
25.3597
25.6264
25.4185
24.8820
26.4369
28.0083
28.7972
27.1829
25.5949
27.5570
28.9828
26.7105
29.4108
26.6631
26.2821
28.3389
26.4354
25.5155
25.4986
24.8565
24.9953
25.2986
25.3436
25.7631
27.5654
27.4745
26.4636
26.6045
26.9333
27.0486
27.9383
25.0930
26.8125
25.5777
26.5812
25.8098
24.7748
23.6277
25.0984
25.7025
26.2560
27.7630
28.7696
26.8657
26.6244
23.8703
23.6385
27.8815
27.7311
28.3236
25.9345
25.5482
28.4119
27.5618
24.7965
25.1217
23.5597
20.8670
23.3395
25.1543
25.5406
24.0982
26.2109
27.1877
25.9330
25.8333
26.9262
25.7506
26.7412
26.7221
28.1229
27.4322
26.6189
25.2833
25.3678
23.8044
25.1321
24.1091
22.6590
24.0920
27.0023
25.6713
25.8953
27.0046
25.5027
23.4247
21.2671
20.4369
21.8286
22.0199
24.4364
26.0639
24.5614
26.2504
23.7101
24.3091
24.7912
26.8759
26.4192
27.8985
26.5921
27.5396
26.2308
23.8524
25.8114
28.0987
25.4753
25.1787
25.0526
22.1120
26.5625
23.5856
25.0502
24.5634
24.2944
23.0691
22.8508
23.7520
24.0246
26.0239
25.7707
25.9939
23.7177
26.1231
26.6417
24.9305
26.3306
26.5433
26.4081
25.4278
25.5255
25.9212
23.5985
23.0086
24.0549
26.5091
26.0351
24.4607
25.1263
25.4699
23.4238
25.1307
25.7091
26.5394
26.1093
26.7795
27.5769
26.9528
24.8706
27.0005
25.0759
24.1395
25.5364
25.9261
24.7609
24.6311
23.9830
22.6053
23.2483
22.5254
25.7798
25.5582
26.5165
25.5293
25.5274
28.1108
26.6966
26.1160
25.3868
23.1744
23.9398
23.7721
23.2399
24.5198
25.2867
23.4153
23.3104
26.0764
24.3306
26.0258
27.4357
24.3811
23.5379
24.0016
23.4830
22.1928
23.9406
26.6349
24.8734
24.3954
24.1843
23.8055
24.8382
25.7207
26.2169
24.5368
26.0542
25.0837
25.6405
25.5055
26.4064
25.8877
29.8750
27.2411
26.2381
25.0998
25.0751
24.4452
24.4066
25.4765
24.5800
27.0226
26.0808
25.5744
26.2446
24.8214
27.7757
27.5845
25.7220
25.7065
24.1226
26.3760
26.3485
25.0309
22.5347
26.2056
24.4564
24.8806
29.7506
27.5426
23.5692
24.8587
26.2300
27.1582
27.2549
26.6279
27.1172
26.2800
25.8112
26.6869
26.5984
27.3151
27.2187
24.6517
26.6751
26.9205
25.1747
26.8056
26.9434
27.7291
25.9746
30.3529
30.0329
30.2930
29.7095
28.4798
26.5500
25.1228
26.4604
28.0327
30.2276
29.7205
25.6392
26.4318
27.4941
27.9433
26.9190
29.6532
28.0011
26.7854
30.5729
26.5149
25.5393
26.9850
25.2801
25.7905
27.0661
25.8479
28.3543
27.4253
25.1563
27.2227
25.4300
26.6244
25.6756
26.6545
25.2217
24.8701
24.0181
25.6416
26.4164
23.9067
23.5715
26.4744
26.4623
28.0526
25.2409
28.0251
27.5198
26.1193
26.7496
26.6593
27.8835
28.4321
29.3050
29.7109
26.5824
29.7144
29.5905
29.1943
31.4859
29.7332
31.1431
32.8778
30.1710
27.8178
29.5648
28.4515
28.6632
27.8064
29.6240
27.7548
28.6034
29.3064
28.0736
29.6107
28.5773
27.3354
27.6273
26.6930
27.6369
25.5571
25.4567
24.3638
26.6676
26.2041
24.8608
26.0602
27.1932
27.6031
24.8537
23.2597
24.3284
23.8735
26.7482
25.7782
26.2950
25.6065
25.5621
25.8738
23.6630
26.4191
26.3935
24.6563
22.3421
21.5597
22.9674
24.3543
26.6655
26.8318
27.6708
27.8699
25.8847
25.3588
26.4325
25.0969
28.0398
25.5301
23.3639
26.1398
26.6672
26.7131
25.5434
24.6152
22.9575
20.5306
22.5568
22.4169
23.0609
23.3034
22.4114
22.5816
22.8776
21.9525
24.6840
24.0121
24.7991
24.1861
29.0362
25.4769
24.6774
24.8846
23.2665
24.2222
24.9834
24.5024
23.4173
22.4616
24.7976
22.5368
23.5296
23.6549
23.3107
25.0982
24.9066
25.2137
26.4393
27.3244
28.8598
25.2847
24.4770
23.3165
22.3352
24.2086
25.4531
22.4227
23.2673
26.2595
23.5643
23.6831
22.0066
21.2671
21.2574
24.2317
22.8804
24.1413
25.3123
26.8869
26.9638
23.0437
22.3788
23.9841
22.7740
22.1888
23.8074
26.4906
28.0591
26.2064
24.8432
23.8602
29.2228
26.4562
25.2031
23.4182
23.2726
20.8966
24.3096
23.0990
23.9710
25.4929
24.4158
23.7811
24.4767
23.5936
22.3844
23.1336
24.0694
24.4717
25.1500
23.7643
25.0441
24.3353
21.9917
23.9720
24.1311
27.3338
28.1901
29.9457
29.2850
32.2752
30.5635
30.6775
28.8815
29.3451
30.5269
28.1593
29.5815
28.3335
30.0820
28.3439
26.4027
26.9939
26.5814
26.5350
27.1034
28.0831
29.8904
29.6428
30.1345
29.6452
28.6972
27.4463
25.7148
28.2875
28.0266
26.5985
27.0801
28.9170
28.3017
28.0710
28.5668
29.2039
27.1070
28.4676
26.7586
25.4064
23.7340
24.9061
27.0796
27.1211
28.2947
27.5817
31.2703
29.3960
29.4738
30.0170
26.5902
27.4461
24.7879
25.8233
25.4869
28.9998
26.2900
27.5060
26.4695
26.6307
27.9220
28.6387
28.7122
27.1611
27.5184
27.0618
26.1570
27.9765
25.2818
26.9013
27.8182
26.3130
26.7575
28.8534
27.2226
27.6313
30.1803
27.2692
27.0901
27.8609
29.0082
28.3211
29.4361
29.1685
27.6243
27.6966
26.6456
27.6612
26.8027
26.8210
26.6853
25.7448
27.3563
25.4745
26.8647
26.7274
26.8209
26.6557
26.0893
28.5837
27.2596
27.1208
27.8136
28.4170
24.7268
25.9842
26.4169
25.5932
26.0123
27.4823
27.1727
27.3709
30.1677
29.0051
29.0051
28.3858
30.0364
29.6670
28.7045
29.5757
26.1319
26.7824
26.6720
28.4188
26.8845
26.6700
27.6074
25.3962
26.5752
27.4941
26.5246
25.6092
28.1714
26.5008
28.9814
27.9360
25.9007
26.4814
27.4203
25.6762
27.4134
26.9097
25.6210
27.1881
25.7911
27.6436
26.1238
26.1934
25.1991
26.6636
28.9690
27.9221
27.1745
27.4212
27.3748
26.5087
25.6862
25.5212
26.5357
25.6739
25.3588
27.5399
29.0952
26.2887
25.2702
27.0271
25.9566
26.2917
27.3032
26.1351
26.8446
27.7138
24.4389
25.0240
25.1961
26.6749
26.4632
24.8821
23.9134
25.9629
26.2308
25.7884
26.0081
25.5069
27.1281
25.5823
24.4223
25.7973
24.8961
25.1054
26.8589
27.4967
27.7940
26.6160
26.9395
25.7603
27.8414
27.5448
27.2930
29.2454
26.6709
25.8892
26.5218
28.4436
27.7965
26.2495
29.0376
27.2688
28.1891
26.6741
28.2694
27.5606
27.6310
26.3039
27.1747
27.7257
27.5508
28.4786
27.8833
27.8414
27.5379
28.5429
28.3026
29.0348
28.0324
27.5250
27.3214
28.3918
29.8131
29.5219
29.9289
27.8769
28.9766
28.2716
27.3072
26.8683
26.6259
27.5409
27.6774
27.6834
28.0383
26.9326
27.1205
29.0440
30.7331
26.1120
26.8815
27.2494
26.0510
24.4507
28.7094
28.2573
26.3173
27.8552
26.5294
28.8746
27.8831
29.1995
29.4243
28.4351
28.1261
29.3390
26.9821
28.9325
25.8509
29.3559
25.9552
29.8553
27.7749
26.1423
30.1055
28.8412
32.5938
30.8012
27.8473
28.2506
32.3521
29.8050
29.1093
30.0888
29.4765
27.9399
26.8107
28.0662
28.1885
29.4894
29.2023
27.5571
26.7780
27.8293
30.5244
30.2353
29.5057
26.8848
27.9247
28.3012
30.2227
28.9521
28.5594
27.2259
27.8807
29.4533
29.1843
27.9707
28.6892
29.3708
28.7565
29.6102
28.4279
26.7628
28.0590
28.3451
28.4724
28.4566
28.7355
29.9074
31.3541
28.9612
28.5053
29.3732
28.8904
29.1402
29.8575
30.7285
30.1821
32.3930
30.3493
29.6906
28.3447
28.8712
28.8121
29.1867
26.8973
28.3307
27.8754
28.3970
28.6850
26.9639
28.0859
26.6615
27.7009
25.8811
26.1951
26.0556
27.3699
27.2283
27.2210
29.3236
29.7971
28.0508
27.9494
29.6974
28.4630
28.9606
28.8087
29.6646
29.7085
28.2681
30.1973
29.1402
29.9686
28.8783
33.2620
30.0308
28.7613
29.7498
27.5269
27.6286
30.4203
27.7990
27.3349
30.3706
29.5450
28.8069
31.2136
28.3502
28.9684
30.3570
30.9351
26.3626
25.6140
29.3220
27.5582
27.9032
28.3152
27.4911
27.6674
27.5733
27.9243
26.7541
26.1873
27.5103
29.5254
28.8114
26.8926
26.7809
27.0018
26.5877
27.5961
26.2294
25.5919
25.6323
28.3347
27.6375
27.8985
27.4718
28.0934
26.2608
26.8625
25.8666
26.9455
26.6990
28.9806
27.6656
28.4025
25.3532
26.4234
28.6586
28.0832
28.1921
26.2765
25.6750
27.7859
27.2662
26.2620
28.6182
25.8465
28.1840
28.5358
26.8088
25.9668
24.5358
25.8331
26.3642
24.6300
27.5754
27.1563
25.2467
27.1557
27.5489
27.7597
28.8622
29.4512
28.4700
27.4927
25.8840
28.5524
28.2301
27.5560
30.2975
29.3193
27.3792
27.4476
29.4741
29.4879
28.6726
29.7568
27.8851
31.3614
26.8694
30.3466
29.5443
29.0298
26.8540
27.6734
30.4390
27.2020
26.8397
28.5359
26.7379
25.5010
31.3673
29.6198
27.2180
30.2324
29.9943
27.7462
29.1712
29.5169
28.7630
30.2441
30.2031
29.6736
28.6344
29.0399
30.2169
31.4047
30.5354
30.1305
28.2384
29.6493
29.9511
29.1073
29.4066
29.8515
27.4401
31.0770
30.9404
29.8526
30.5583
28.8860
30.5774
30.8783
31.0640
29.4954
28.4356
29.8989
28.6929
30.9634
29.9308
31.2620
32.3508
31.2187
29.9021
28.9268
29.7019
31.3605
32.5353
32.5328
30.9253
32.3879
30.5427
29.7762
30.5549
30.3252
28.7590
29.0965
29.8893
30.3147
28.3433
28.1390
30.6820
31.5812
30.8403
30.5114
33.0403
30.7037
29.1258
29.4919
29.0597
29.1948
27.5872
31.9483
31.5897
28.5915
29.8731
28.8601
28.7762
30.1154
27.1471
30.4346
30.3262
30.3756
30.4679
29.6147
31.4141
29.3068
29.0313
30.7619
28.5529
28.4517
29.9609
31.0964
29.2993
29.4388
27.9599
26.7584
26.4345
27.8996
26.5873
26.2165
28.4906
27.7806
28.3035
27.3062
28.9972
27.7906
28.6067
29.6196
29.3525
29.4703
28.0398
28.4291
28.8885
27.9709
28.5420
27.8500
28.1217
30.1897
31.6472
30.4478
29.6008
27.7395
27.6050
27.1785
29.2270
31.2275
30.5888
32.7766
31.1971
31.8548
31.8831
30.9926
32.4449
28.2848
30.7145
29.1035
30.7260
29.2448
29.2129
28.5000
27.6451
28.7978
27.8714
27.7202
29.4790
30.4606
29.0035
30.5591
30.0593
28.4266
26.7025
27.9220
31.1680
28.9547
28.9736
28.8388
25.1693
27.2660
30.3059
30.2387
28.3949
27.9892
29.5185
27.5628
26.0651
28.3304
27.1310
28.6794
29.0860
26.8782
26.7380
28.0376
24.9797
27.7029
26.8867
24.7583
26.3557
26.6904
29.4147
27.9276
27.8540
26.6776
25.2114
25.6047
28.1255
25.2867
24.0853
25.9592
27.3073
28.1489
25.6807
25.8606
25.6509
26.6337
24.5850
27.1449
24.1779
26.4175
28.2027
29.2264
25.8787
26.8933
26.6798
27.6374
27.6994
27.1686
26.7165
28.4068
27.4833
25.7978
26.8664
26.0191
27.0356
27.2245
26.2031
25.2872
26.9517
26.0380
26.5206
27.5157
28.3669
28.6345
28.3566
27.4610
27.4262
25.7005
25.4243
28.0051
27.9704
26.3581
27.6240
28.5490
28.7686
28.6285
29.3062
30.9280
28.7999
29.3927
26.4137
29.5120
25.9770
26.4825
28.1677
27.8553
28.6044
26.8240
28.2077
26.6800
25.3812
28.5684
25.9938
29.7516
28.8787
29.4391
28.6022
29.4348
27.7949
26.2960
26.5478
28.0991
29.1861
29.7908
28.9044
26.7802
28.9831
31.8172
27.5892
28.1035
28.7105
27.7478
29.2065
25.3560
26.6617
27.1370
28.5044
27.4498
27.6763
27.9103
28.5101
28.4588
29.7245
26.7836
26.9571
27.1655
28.2293
26.0972
29.9450
28.4557
28.5170
26.5344
27.8242
27.6959
27.1425
27.3928
28.7536
26.7060
26.7222
28.1619
25.8112
26.4384
25.8713
26.9414
26.9649
25.7711
30.4749
26.3243
25.8823
23.7967
25.4286
24.3436
26.8136
26.9462
28.0058
30.6550
26.1002
28.0179
28.0489
30.0950
29.0584
28.2833
25.6553
29.0382
30.9839
29.9577
27.3857
28.2709
27.7964
29.9828
28.9958
28.0279
27.7409
30.1494
27.9993
28.2995
30.5567
30.8800
29.0807
25.6521
27.0725
29.1268
30.2824
30.8668
29.3630
28.6919
28.0238
27.5223
28.2957
28.5522
31.1601
29.0250
28.9773
28.2447
29.7539
27.5128
28.7425
28.0369
26.9714
26.4531
28.7732
29.0540
27.2960
29.6606
28.8941
28.5002
28.8371
28.2126
30.8560
31.1012
27.6329
28.9512
27.6376
29.2561
26.2397
28.1153
30.4645
27.7787
29.3540
27.9234
27.9479
28.5480
27.7845
28.5375
27.4566
25.9133
27.2177
27.0416
26.9945
25.9760
25.8503
25.5524
26.1628
27.5388
26.9455
26.8948
26.2687
28.0174
29.5056
30.4183
29.9370
30.2671
28.2939
26.4248
27.3028
26.5675
25.3350
26.4496
26.0963
28.3134
29.3685
27.7841
26.9584
27.5020
27.5231
27.5458
27.9087
27.2138
26.4868
27.2323
28.0387
27.1774
29.6907
29.7899
28.5615
26.7574
27.8086
27.5168
27.4208
27.7305
28.4635
28.4005
28.1768
27.6973
28.8412
27.7465
30.9722
29.3697
31.6290
32.6161
30.0268
31.1415
31.1655
28.1236
27.1389
30.5207
30.2351
30.3568
31.4925
29.0635
28.5419
28.0168
28.9155
26.4171
30.5211
27.4619
28.6399
30.7713
29.1098
31.0904
26.9073
27.7577
30.9543
30.8997
30.1548
29.7618
29.5373
29.3007
29.3453
30.6307
30.6013
28.9328
29.8027
30.1826
28.2852
28.9916
27.2655
29.3206
29.5990
27.1710
30.3616
30.0826
29.6131
28.6340
27.1962
28.3599
27.6707
27.1545
28.4745
27.0036
28.0286
27.6006
28.3317
27.3043
28.6263
25.8262
27.4637
26.9551
28.0683
28.4617
32.0572
28.0429
29.4557
28.3711
29.4108
29.9519
31.6671
31.3607
30.3245
32.5359
28.7961
29.0319
25.2959
27.7341
27.4350
25.4771
26.2624
26.8514
27.3531
28.7913
28.9096
29.7351
28.7504
29.2562
28.4351
26.6364
27.5501
27.5785
25.3027
26.1393
27.7927
28.0936
27.1170
26.3939
27.7795
27.6606
28.6088
30.2822
30.9918
28.0930
28.0386
27.7761
27.9383
28.6800
28.0219
30.7499
28.9821
30.7369
28.9016
26.7609
28.1151
27.7897
27.6458
29.7473
28.1893
27.0879
28.5001
26.6559
26.9479
28.3753
28.6351
29.4189
29.8997
30.9415
28.7033
29.7287
29.1083
28.2006
26.4973
26.2130
26.0180
27.4398
27.1741
25.9838
26.3997
28.1066
27.0079
25.0914
27.2232
28.6809
27.0673
26.9486
28.2215
27.7389
30.0279
30.0792
30.6256
27.2028
29.7369
30.6463
30.4944
30.3487
29.3067
29.7978
26.1160
27.1546
27.1002
28.9700
28.1121
26.8374
26.8619
28.6984
28.2254
31.0508
29.3168
27.5983
26.2130
25.7925
26.1968
27.7396
28.5735
28.8406
27.2411
28.1306
27.2935
30.4413
27.7588
25.4022
28.3721
26.5580
27.1456
25.2275
26.0333
26.8443
27.2317
27.4173
25.1609
24.8963
26.3561
24.7100
23.8470
26.8381
25.7884
26.5834
25.4410
27.2142
27.6168
27.2566
25.0460
25.5139
28.0171
28.8112
26.7927
25.3915
27.1809
29.8456
26.4250
26.4625
28.2740
26.1066
26.4250
27.7343
28.5814
26.0866
25.2569
27.0023
27.3459
27.3382
27.3905
28.2590
28.0116
27.9263
28.7871
28.1940
28.2583
27.1127
27.1028
25.2705
26.5292
26.2322
28.4834
29.6299
26.2028
29.1025
27.6347
29.5471
28.0132
26.9818
26.8546
24.2524
27.0725
27.8663
26.9672
28.1587
27.0361
26.7898
26.8254
28.0678
24.9227
27.9646
25.9871
26.2702
26.4731
27.3745
27.3306
29.1364
28.0380
29.4903
28.1976
26.5482
25.6639
28.1778
26.8501
26.8822
28.3879
28.0351
28.0959
27.0075
27.9386
26.9669
25.9439
27.5765
24.6526
26.2098
28.1322
29.3175
29.6911
27.6723
29.8002
28.4072
25.8024
25.1727
27.5912
27.1401
30.2527
28.9720
28.8906
30.0996
30.8868
28.8883
29.2421
27.5298
28.7791
30.8339
30.2315
28.3794
27.1395
28.4351
28.1971
24.3834
28.7087
28.5863
30.2760
28.7063
26.3556
28.2760
27.5804
28.2497
28.1713
30.4522
27.0737
29.7542
28.6247
27.9070
27.6338
27.3029
30.4506
27.1076
27.4399
28.3403
27.3378
28.2247
29.9011
30.3670
29.1957
30.0865
30.7635
28.8346
30.0000
28.5813
29.4872
27.4227
27.7042
29.4382
29.8111
28.7600
28.3464
27.8459
26.7208
25.9709
26.1354
26.6909
29.8902
28.2010
26.1900
28.3158
26.0460
26.9726
25.6691
25.5617
25.9446
28.1501
24.9203
24.6370
27.2025
26.2400
28.6433
29.6011
30.5281
29.6691
28.8208
28.8228
27.5562
29.5803
28.6136
29.1349
29.8466
29.4225
28.4023
29.9783
28.0145
27.9580
28.3871
26.1282
27.7459
30.1429
28.5477
30.2822
32.3557
28.4545
27.1784
29.6601
27.6400
24.7313
26.5414
27.1928
25.9016
27.6347
27.4506
25.5441
25.7646
26.3596
25.5993
27.1291
27.6024
28.9026
26.7898
24.7768
26.5172
27.1661
27.1626
25.5844
27.0324
28.1280
30.0542
30.2867
26.4897
28.9470
30.0657
31.0388
29.3881
27.0599
32.2138
29.9866
29.1867
30.2667
29.3063
30.8445
28.1080
26.1945
26.4873
26.8842
26.2224
26.1979
27.6504
27.8598
28.5969
27.9978
29.7817
28.7275
29.1700
29.1845
27.6679
25.4303
27.7368
28.2532
28.1973
27.9877
28.6134
29.6516
26.9348
28.6850
28.4666
25.4825
27.2553
25.8899
27.3036
26.1801
25.2657
27.7029
27.1158
25.8777
26.6839
25.1435
26.8114
26.3175
24.6655
27.3462
25.6672
26.5965
26.0497
25.6023
24.9925
26.0553
25.1290
25.4170
27.3074
27.7834
26.9921
26.7598
28.5185
28.0424
27.8979
26.5667
28.6544
28.0819
28.0599
25.6515
28.7849
28.4743
26.9209
29.0527
29.9352
28.3828
29.4744
30.0673
29.4620
29.1016
29.3166
28.5621
28.2674
26.1578
28.0653
29.3755
29.2794
28.7140
26.9886
26.4076
30.5597
26.1713
26.0237
28.3229
27.2352
25.6899
26.9308
28.9588
30.2301
32.1965
30.0557
29.0165
29.2078
29.5029
29.7643
26.7578
30.0371
27.7433
27.9070
27.9105
30.9555
26.6291
28.7872
29.5367
29.9750
25.4739
26.4295
27.3389
28.3164
28.3801
27.5455
28.5141
28.7277
27.1584
27.3599
29.6860
29.2326
30.0291
29.9423
29.2303
28.5280
29.3293
29.4443
26.0936
27.1320
27.4911
28.0691
27.1121
28.3933
29.2883
27.4490
27.5139
29.2903
30.7004
28.5267
30.2960
26.6637
29.1399
30.2307
27.4963
26.3163
29.0808
27.4270
26.4415
25.8759
27.0220
26.2235
27.2400
27.7038
28.2996
26.2794
30.7755
32.3454
28.0077
29.6383
27.1418
27.6656
28.6049
29.1737
27.7235
29.1320
29.2554
26.7942
27.1404
27.0816
27.9530
29.8432
30.3247
29.8103
29.9006
29.9324
31.2482
29.6649
32.1102
28.8870
28.2501
29.5423
28.8912
30.3307
27.5617
28.0253
29.5937
29.1820
28.9634
29.3649
30.3662
29.4146
30.7911
29.6835
27.4739
28.6641
29.7680
30.0366
28.3619
27.5379
28.7807
27.5260
27.5134
27.8408
27.0458
26.7313
27.0720
26.7544
31.0708
29.3464
30.4187
29.4657
26.8777
28.3525
29.0070
25.9163
26.8023
27.4643
28.8289
31.5870
32.3164
30.6900
30.4150
30.9229
30.8247
32.2360
27.9438
29.2762
30.3810
28.6063
30.9729
29.1748
29.9092
30.3168
30.2072
29.3147
26.8833
28.1466
26.5722
27.9625
27.7978
28.8165
29.6611
28.6488
29.4706
27.4058
28.1387
28.9424
27.8144
29.5446
28.8533
27.0274
27.6740
26.9553
29.2284
30.3009
29.8333
29.1825
31.5882
29.0372
28.4363
29.7423
29.3531
29.0239
31.4774
29.2726
30.3565
29.4964
29.6444
30.1865
28.0209
25.7914
25.6442
28.5319
30.3863
27.7945
30.9585
27.8588
28.9181
27.1458
27.1376
28.3430
27.5617
29.9628
30.8545
29.7182
30.7595
28.4730
27.0052
25.8018
25.9189
27.2089
28.2228
30.9964
30.0793
28.7061
27.8496
26.5955
24.5422
26.0665
25.7726
26.5127
28.0706
26.7214
25.6973
25.7309
25.5692
26.7334
27.2428
27.3151
27.0245
28.2314
26.8929
25.0942
26.1756
27.6689
26.2501
27.7004
28.0920
27.2995
26.8843
27.8076
27.8590
28.6324
29.8272
29.1014
31.7466
29.5851
29.2743
28.0757
27.2100
26.5502
26.9502
26.5576
27.9657
28.5474
29.0095
27.2561
27.3287
29.8438
27.8420
27.0550
28.1531
27.4336
24.2051
27.4658
23.6787
25.3557
25.7277
29.1698
28.6485
29.7125
27.9344
26.0550
26.0520
28.0592
28.4750
25.9164
27.8740
27.4528
25.9817
26.4454
27.5511
27.7325
27.7880
30.0437
28.6017
27.4559
30.6508
28.3281
29.5981
29.8202
27.4723
29.5988
24.3088
28.3498
29.3024
26.7969
26.2025
27.1403
27.1962
26.9271
26.6314
30.1193
29.9077
27.1581
29.0420
26.4467
29.2242
26.9270
26.1537
25.4283
24.9410
24.8379
25.7457
25.9737
28.0102
27.8604
30.3174
28.7218
27.3076
26.7957
27.4467
24.2494
27.6749
28.6477
28.4765
29.8165
31.6420
30.0504
29.6841
30.0779
30.7364
30.9021
30.6577
30.3916
30.0019
29.2842
29.7883
28.7131
29.3372
30.1821
30.3346
31.0943
30.2309
28.1528
31.0264
29.8212
28.4546
30.0023
30.8330
31.2115
28.5493
25.6311
30.2442
29.5587
30.4091
28.7222
30.1503
27.5837
28.5958
30.0653
28.1373
29.4377
27.8460
31.4405
30.1090
29.5085
29.9088
27.8140
31.4492
27.4505
27.3668
28.8212
26.0072
30.1102
29.4624
27.4032
27.8605
30.5260
31.7621
31.3231
33.3021
31.3815
28.7490
27.0181
28.6455
28.3071
28.5189
28.0973
30.1268
29.5188
30.1834
29.9070
28.6375
30.0086
30.0053
30.4342
29.7999
28.5927
30.9882
30.5362
30.3731
29.5204
30.0731
28.9340
29.1073
26.7608
28.2111
26.0657
26.2647
27.6778
27.3471
28.1969
28.7795
28.0787
27.1128
26.7175
27.9305
30.8006
28.3304
27.0046
27.5666
30.5747
28.8250
29.1794
27.7732
29.9542
29.2013
31.6160
29.8582
28.8968
31.1411
28.9231
30.5722
28.6679
29.6389
29.8082
30.2296
30.4283
28.1014
28.0430
29.0581
30.2126
29.1114
29.5618
29.1019
30.7961
31.0344
32.8359
30.7369
29.9313
29.5949
29.9471
30.7620
31.2930
28.2945
28.0512
27.9894
26.5998
27.2197
25.7084
26.3398
27.4610
27.1463
28.8235
26.6964
31.4895
29.4392
28.5225
27.5671
29.2042
28.1884
28.1055
27.1099
30.9107
30.2073
29.8827
29.6058
30.5303
28.2534
28.8397
30.5537
26.9841
27.6843
27.1883
24.4094
25.7125
27.8389
26.6627
25.2573
26.6069
29.3279
25.0385
27.4760
26.0265
25.4430
24.9617
27.0989
26.7212
24.5291
25.1373
26.2771
26.6978
27.2155
29.2572
29.3447
27.7977
25.8535
26.8939
25.9987
26.1708
25.8471
25.5264
28.6265
28.3634
28.4395
25.6456
27.0362
29.5196
27.7538
28.2674
26.9460
25.7739
26.5136
26.8290
26.8159
27.3729
27.0320
27.4358
25.8903
25.7815
26.5154
24.9485
26.6178
25.6424
26.7114
29.8623
28.3952
28.3940
27.3880
26.7218
26.3563
28.0267
28.6564
27.7877
26.0819
26.0901
25.5659
26.1269
26.1588
27.5822
28.2381
27.8420
23.8221
26.7241
26.2319
25.5978
25.8041
26.9601
24.5981
26.9556
27.6926
26.5960
28.4484
28.1427
26.6440
27.4928
27.6352
27.7697
25.0590
25.4895
23.8779
26.1260
26.1513
25.3869
24.4919
23.5087
25.3754
25.5435
24.0421
25.7499
26.4014
23.7735
24.9645
24.9574
26.8362
25.1758
27.1879
26.2861
25.6897
26.4322
25.7292
24.8477
26.5206
26.9838
27.9902
25.3284
24.2986
24.8032
25.9879
25.5295
23.9322
22.8950
24.2112
27.0972
26.7596
28.0205
28.4610
30.0721
28.7022
26.7024
28.7264
27.1594
29.1231
31.1935
29.9736
28.0693
29.2103
29.0127
29.4794
28.4322
30.0755
26.3582
28.1231
28.4673
28.9307
27.1624
26.3079
25.1123
27.9443
28.1179
27.4071
29.3760
26.5931
25.5103
24.8078
25.2544
26.8056
29.6975
25.7321
26.5671
26.1171
26.5764
25.9468
25.6816
27.1757
26.8750
27.5251
29.0328
29.5746
28.2713
29.0982
26.4660
25.0241
25.7544
25.3839
26.7853
25.8036
23.7664
25.9537
27.7481
27.6010
27.5123
29.3180
26.3273
27.0697
24.8329
23.0842
26.0157
27.7257
27.1664
25.0164
25.3391
26.3280
27.2541
27.4966
27.6008
27.8947
28.7890
30.1993
29.4673
29.9916
28.3937
29.7990
30.0451
28.4113
24.1130
26.9132
22.8206
25.9687
27.5129
27.2773
27.3198
25.7077
27.2002
28.4810
30.3336
29.5996
32.7876
30.5166
30.3035
32.6805
30.8024
28.7644
28.1904
27.0239
29.4727
30.4610
28.1597
27.4367
29.9143
27.8661
27.6928
29.2638
27.8944
25.3737
27.8890
28.6507
27.9748
30.2661
29.0467
29.0139
28.6831
28.5251
26.2517
28.3963
31.9154
25.4135
28.6375
29.4449
29.0316
28.9063
28.5112
28.9716
31.1033
28.3133
26.8206
28.0215
25.1398
27.3175
28.7047
30.7174
29.7727
29.4452
30.0295
30.1421
30.3800
30.9805
29.2933
30.3525
29.4366
30.3889
32.1439
31.0992
28.8739
30.5463
32.1732
32.0114
28.8017
31.0402
32.6507
30.7668
29.7185
28.6486
27.3225
27.4554
29.9359
28.5172
29.1070
30.6003
30.2701
27.6626
28.3111
25.3323
26.2470
29.4708
29.3832
27.5879
29.3300
29.7326
30.0736
31.9315
28.9260
31.1312
30.0463
31.1694
29.4898
27.7981
29.3878
28.7435
28.8896
31.3940
29.2135
28.7508
30.6125
31.3068
30.6241
30.8302
31.2245
28.1265
30.9704
29.1199
29.1985
30.0244
33.2111
29.2829
30.4534
29.3453
28.7138
27.5041
28.8300
30.7574
28.6348
27.8749
29.2935
27.8716
27.4489
28.7914
30.2721
29.5059
30.8864
31.0123
29.9409
31.5426
28.4657
29.7161
29.0141
28.9601
28.4039
27.5222
27.5304
28.6984
31.0714
30.4936
29.9425
29.0188
28.4028
29.1724
28.7967
27.5324
29.7403
30.5222
28.2820
30.2374
28.0081
31.1253
28.9867
30.4819
29.9718
28.0871
30.9385
30.6107
28.3205
28.8132
30.2369
30.0621
29.1858
31.2034
30.6562
30.4858
29.2786
28.8657
29.8089
30.5541
28.0474
28.5350
28.8303
28.3030
30.4306
28.9714
29.5302
30.2978
27.8052
30.1338
30.2829
28.9232
28.3662
30.3189
32.2700
31.7617
31.5979
30.5653
28.8587
28.9293
30.7555
28.8041
30.7533
29.2764
29.8296
29.2472
31.0631
27.8592
28.5169
29.7088
28.9280
26.8782
29.2174
29.6067
31.6615
28.8932
28.9200
26.8979
29.9171
27.5327
28.7883
30.3088
28.8568
31.0956
29.7705
30.6259
27.4288
30.8809
32.0242
28.5607
28.1547
28.9362
30.6895
30.0548
27.5165
29.5466
27.7481
28.6770
28.9606
28.9691
30.7083
29.6784
31.7840
29.0070
27.9790
29.4900
31.3308
31.6912
27.8287
30.2421
31.3649
29.5804
31.1640
27.6707
26.5710
27.6403
29.4098
29.2103
30.9586
31.3368
29.3579
29.3209
25.6178
30.3080
29.8895
30.2990
29.7171
29.1245
30.3073
30.5812
31.7420
31.8622
32.3799
31.8604
31.7277
30.9409
30.0531
30.7056
33.0523
32.5449
31.2983
32.3233
29.6164
27.7332
28.2389
30.6464
30.5389
30.8561
29.8236
31.7000
31.6601
28.9147
31.2111
31.5964
31.3498
30.6948
30.1770
30.5736
31.8115
26.8496
28.7857
31.6106
29.8644
31.5446
31.5194
31.0544
30.8521
31.1922
29.1379
31.0146
29.0081
28.4116
30.8307
30.9795
31.1460
31.5448
31.7800
29.9423
30.3941
29.7846
31.1496
31.9150
31.0303
30.9997
31.9093
33.8384
30.3751
31.9866
32.2789
29.7340
31.7792
31.5001
31.0700
31.2687
30.8170
29.5386
30.6369
28.4972
31.4637
30.8428
29.7286
30.3009
27.0946
29.6299
33.3370
33.1818
29.7572
30.4012
29.4508
28.5819
29.5918
28.1020
29.4786
29.2912
28.0856
30.6697
30.5770
32.2124
31.4801
28.9020
30.3335
31.0215
30.9391
29.8411
30.7326
30.0234
32.2171
29.8970
30.0699
31.9186
30.0145
31.3020
31.2069
31.7146
32.6603
30.5809
30.4477
30.2305
29.7811
30.4454
30.7371
28.5148
27.8364
27.4698
28.1522
29.6467
28.7738
27.4087
28.1788
30.3373
32.0210
29.8527
30.7451
31.1326
30.3803
31.3138
30.4665
29.6575
31.8700
32.1740
30.4602
31.6954
32.7607
31.5457
30.9077
30.4813
32.9257
30.6473
32.2502
33.8424
30.8570
30.6737
31.8921
29.2318
32.1050
32.4789
30.0691
30.4175
32.2578
30.0408
33.7812
32.5148
32.0818
31.6021
32.3101
31.5383
31.7753
31.2202
32.4696
31.5808
30.7849
29.9504
30.0796
27.5624
32.7822
29.9740
30.7349
31.6861
32.9812
32.8479
32.3120
31.4671
31.7797
30.3639
30.9659
32.4786
31.8460
32.8877
34.1986
32.4084
32.6436
29.3646
29.6753
30.1969
31.0269
30.7707
30.7708
31.2327
30.5044
29.9100
30.5343
29.4458
30.1833
27.9651
29.7778
28.1502
27.8497
28.2593
28.4110
27.0133
29.3388
27.7669
29.4407
29.9154
30.1259
29.3296
32.9783
31.9635
29.9228
29.2858
28.6945
28.7597
31.9751
31.1165
29.1952
30.6654
30.7266
28.3133
28.9247
31.9947
30.8589
30.1960
31.4432
32.1504
28.8944
29.8710
32.3698
31.2098
30.9744
28.9042
31.5365
30.8501
31.4280
29.4979
31.0066
31.7067
29.8837
31.1456
30.2259
29.6998
29.4712
28.9166
32.1534
30.1753
30.6485
28.6884
28.8845
29.2540
28.0678
31.9312
31.7220
31.7967
31.2812
30.3669
29.9484
29.2436
29.6802
31.8634
30.7199
30.6434
30.5254
31.9636
29.8876
30.9356
31.1070
29.3549
29.6749
29.8325
31.6795
31.3456
31.2976
29.6501
31.7130
30.9103
32.2637
30.9277
30.0643
30.8129
31.4640
30.8257
29.6320
30.1411
32.3273
32.1522
29.4278
29.5296
30.0710
29.9392
33.2505
33.5678
29.6685
29.4175
29.9689
28.8142
30.0788
29.8288
29.1732
28.5821
28.5921
27.8266
28.5663
29.1182
28.2989
28.2046
27.4406
23.0550
27.0381
25.6240
23.2961
25.2305
28.4512
27.0697
27.2635
29.0767
28.7645
28.9783
28.4949
26.9804
28.3657
28.8143
30.2622
27.7986
29.0119
29.6895
28.6550
28.3319
27.8410
26.8175
29.4774
30.0105
31.7559
33.1452
32.1894
33.5111
31.9980
28.7424
29.0734
30.0424
31.5219
29.6636
28.4858
29.0719
30.3647
31.4890
30.7744
33.8759
33.6456
33.5481
30.3576
31.7268
31.9884
34.3451
32.3329
31.2524
28.5186
27.3087
28.6402
27.3262
28.2275
32.1158
31.8615
29.5925
29.9759
28.2286
29.8283
27.6493
29.0372
26.1602
26.5167
28.1496
28.2492
28.4424
26.7270
27.9490
28.3058
29.5632
31.4655
31.8478
29.1830
30.3169
32.4171
26.5984
27.3648
29.1057
29.1468
33.3217
28.4197
27.7259
28.9032
29.9655
28.5959
27.0492
27.0579
28.7229
29.8922
26.8090
27.2619
29.5861
28.8766
28.5405
29.6543
31.7415
29.7636
29.0209
30.0143
29.5986
30.6074
30.3628
32.1916
33.2860
30.9101
33.0869
29.9267
31.8118
31.0448
31.7236
31.3504
30.9373
32.1022
31.8192
33.6762
31.7494
33.0824
32.5682
29.0982
30.8260
33.2176
31.8427
32.4528
31.1792
31.5989
35.4372
31.1345
30.9584
32.2525
31.0053
30.7605
29.3992
29.8199
31.9397
33.0592
33.2212
33.4851
33.0680
34.7696
33.4106
35.4573
31.8190
32.6705
33.8416
33.0139
33.5018
33.2382
34.9074
33.2725
32.8582
32.3186
31.6190
30.7055
30.2507
30.6054
31.5210
31.8071
31.2546
31.4060
31.1677
31.2674
29.4429
33.8950
31.4895
32.1702
30.0998
32.4607
31.7051
33.0657
31.6299
29.3313
32.4459
33.2413
31.3161
32.5438
28.6142
32.5606
31.7402
31.1776
31.3437
31.5082
32.6332
30.6652
29.3116
31.9612
29.1849
27.1943
26.4689
28.0898
28.4204
29.9363
30.5446
29.4485
30.0323
31.0587
28.2610
28.3598
30.6389
33.1999
30.3725
28.9194
29.7965
29.4389
29.2736
28.3822
26.4386
28.1817
29.1638
29.9884
28.6117
28.2716
29.1695
28.4213
31.2365
28.5648
31.6187
30.7407
28.6619
29.3163
29.5478
28.8540
31.0509
30.0297
29.5250
30.1305
29.1158
30.6420
30.1499
27.9118
29.6103
27.6050
28.6817
26.8320
27.8659
26.3115
29.9704
29.2665
30.4730
29.1050
28.6642
26.7285
26.9697
28.7060
27.2385
29.2422
28.3733
29.0930
28.3687
31.7534
26.3338
27.4750
27.5583
29.2003
27.3497
27.3164
25.9124
24.0940
28.6955
29.5887
27.2881
26.8133
26.8422
29.4743
28.4317
29.5834
27.4647
28.3534
29.4715
29.3936
30.7321
31.4812
32.7810
31.2527
30.8245
32.4086
31.0311
31.2336
32.7022
30.7934
28.3047
29.4849
27.8574
29.0823
26.8522
27.3038
24.4866
24.8990
27.4727
25.8903
22.4476
27.5165
27.7011
29.5240
27.9181
29.7891
29.5424
27.9287
26.7936
27.5207
30.5638
28.7904
31.0015
30.7585
28.2402
26.4211
26.9576
26.5435
26.0583
26.2618
28.1443
29.0777
29.8583
27.0969
26.1504
27.8257
27.2726
27.7471
27.8464
25.7979
27.1423
29.7028
30.5351
29.1399
29.2533
30.7230
31.2034
30.0710
30.0010
29.9793
27.8753
26.6843
26.5460
26.4877
26.3515
26.9155
28.8108
28.4917
27.1720
27.1592
25.7858
26.0984
27.4946
26.6959
24.7371
29.0734
27.8985
29.1117
25.0355
27.1879
25.8884
26.5775
24.7814
26.1866
27.8319
28.0535
29.4554
26.6540
25.8348
26.7430
26.4330
26.6612
28.5068
26.7899
25.4302
24.5167
25.4132
25.4660
26.0604
27.8693
28.2456
27.2456
26.2083
26.0660
25.9917
28.3162
27.6551
26.2225
28.2400
28.3775
29.0413
27.6854
27.9026
28.8700
25.6641
24.1145
24.0547
25.9769
27.0094
26.7202
28.3367
27.4036
26.9688
29.8684
28.5988
29.2057
30.6071
28.5176
27.8830
28.5065
29.5595
27.6581
29.0290
28.1942
28.1442
30.7842
28.2288
29.1683
29.0779
28.3617
27.4504
27.2143
27.5171
28.4591
27.8572
25.9282
26.9610
26.6118
26.9063
25.6853
27.7613
27.4574
30.0444
27.3157
27.9901
28.2120
25.6297
26.5002
25.9127
26.0349
26.6656
28.7996
29.5432
30.8610
29.9762
28.5757
28.9033
28.7439
29.6277
28.4767
29.7408
26.7260
30.2445
30.7298
28.5204
30.8902
26.9491
28.3068
28.1902
28.0224
28.3131
30.0845
29.2672
30.2136
29.0625
27.5671
26.7303
28.1927
28.1771
28.7301
26.3726
25.0644
26.6875
26.7549
28.6411
29.4176
26.4869
28.0324
27.6565
28.0084
25.9382
27.6332
27.7852
26.3287
29.1809
26.2371
26.6680
27.3017
25.2653
28.3388
27.4049
27.5282
28.5957
29.9520
29.0375
26.7511
26.9657
28.5169
28.7952
28.7121
28.0556
26.4512
29.9061
26.4849
32.1447
30.7292
27.8747
30.2387
29.8612
28.8433
30.1220
27.7320
30.2268
30.2330
30.3327
28.4824
28.2627
26.8697
27.7422
28.9324
26.0232
30.5552
28.9130
26.9244
26.4954
29.8683
31.4371
30.4732
30.4633
30.7903
29.2234
30.4222
29.2731
29.7284
30.8383
29.5596
28.0168
29.1115
29.2127
31.0255
28.7636
28.0453
28.2564
27.4160
26.9396
25.8602
24.9563
24.9465
29.5865
29.4568
28.3871
27.0649
26.3163
29.6770
28.5571
29.2023
27.2100
27.3790
26.9018
28.4702
27.8005
30.0005
27.9234
27.3261
26.9456
26.2343
27.6831
28.8704
30.6373
28.5950
30.4548
29.2199
28.4260
29.4562
28.1182
28.5887
28.2648
27.7859
27.7882
27.3451
27.8830
29.1978
25.6071
27.1919
29.0688
29.7035
29.5591
27.8406
28.0821
25.9637
27.2997
26.3151
27.4206
27.8115
27.8302
26.9438
28.8540
26.3170
27.7605
30.1388
26.8168
26.7846
25.1468
26.2590
26.1533
26.2218
24.9781
26.8086
23.8294
26.4709
27.0191
26.0603
24.9756
25.7506
25.2090
25.8798
27.8641
28.0790
26.2199
25.4495
26.1753
25.8780
25.1034
23.7219
22.0122
24.4831
25.3475
26.7712
29.3160
26.6654
27.1580
26.8296
26.1374
24.9507
23.0944
23.7555
26.6504
26.0837
27.1878
25.7273
27.4839
27.0237
29.1717
23.4884
23.4996
25.5905
28.2991
24.0545
22.5962
24.4420
26.6341
25.0732
26.7900
28.0631
25.8371
27.6521
30.8060
29.8023
28.1343
27.7630
30.2118
31.0616
29.9103
31.3509
29.1463
28.3400
25.5566
27.1855
29.0387
26.3660
28.6927
30.5222
28.7406
28.1603
29.8255
30.4920
27.0349
28.4244
28.6561
27.3388
28.9723
26.1990
29.4457
27.6951
27.7120
27.9606
25.5047
26.1575
26.4718
26.9922
25.6597
25.5738
26.2893
25.4833
24.1744
23.7035
25.8243
26.1675
26.8111
26.8716
27.8621
27.8830
27.6407
27.6421
29.7882
28.1884
27.1828
29.4080
28.5535
27.8123
28.2625
27.9010
26.3630
29.1505
28.0457
25.2844
24.3306
28.4790
26.7245
25.7846
27.2356
27.6987
27.5496
29.2441
29.5934
30.8199
27.9000
29.9173
32.4316
29.8518
30.0207
31.0462
32.1204
33.6694
30.6541
31.2074
30.5184
26.3809
27.2477
29.9833
26.0018
31.5300
28.8835
30.4730
29.9482
29.9988
27.6345
29.2761
29.8682
31.2467
33.6629
30.6005
28.6927
28.6615
27.7682
30.2330
30.2925
31.4472
31.6153
31.7723
29.5375
26.3177
27.8826
29.9637
29.0262
24.8649
27.9963
29.3719
27.8947
31.0409
29.9995
30.4435
27.9974
28.2775
26.4489
27.3495
27.3799
27.3336
27.5278
29.1879
27.4218
28.6148
27.6481
26.2365
27.3174
29.6474
26.9879
26.0705
26.2541
26.5563
23.8956
24.8154
24.5105
25.1812
23.9337
24.7074
27.2784
29.2351
27.3420
30.5823
28.0426
29.5227
29.2075
28.6300
27.7796
28.0809
25.7469
26.2656
24.9009
24.4360
22.3647
26.5497
25.4718
28.0462
27.5078
29.6633
27.5555
28.1116
26.9473
25.1037
28.1897
26.6754
26.3038
27.7588
27.7060
29.4028
27.6319
27.7734
29.0529
29.6277
27.2097
27.2726
25.6813
25.9464
24.3728
26.1493
28.4633
25.3608
29.0525
27.6331
29.2819
24.2559
25.8580
25.6693
24.2597
24.0697
25.1460
26.3828
28.3984
23.8822
24.1648
26.2016
26.2505
25.2964
24.3031
23.2475
22.7608
25.5155
25.0385
26.4016
27.0910
28.2987
27.8637
27.1400
29.7815
23.8697
27.9917
25.8063
25.9857
26.6496
26.2997
28.8822
26.4665
27.5010
27.2749
27.2609
29.7078
30.4200
30.0951
27.0865
28.4482
28.3137
28.7016
26.7924
24.2298
26.0244
27.4529
27.8161
25.8793
26.0887
30.1934
28.2131
26.4570
27.2049
27.0831
27.6869
27.0887
27.1123
27.4042
27.6268
28.1519
27.8538
28.7021
27.1255
26.5953
26.6081
27.5641
26.3000
27.8808
27.6089
28.8690
30.6934
27.9332
28.6472
28.7377
31.5730
31.5438
28.9253
30.6211
29.0065
28.8309
27.2165
26.9615
29.0587
29.8978
32.3111
30.4088
29.2576
28.3013
30.7703
29.5319
30.3487
31.5164
31.0303
30.9301
29.7875
28.9227
30.3721
28.8735
30.7066
28.6203
31.8542
30.8293
27.5823
28.3744
30.0201
28.9484
29.2387
30.5856
31.2749
31.7519
30.9323
30.9557
28.5143
30.8107
30.4425
30.3801
31.5555
31.4489
25.8885
25.4829
29.7592
28.2712
29.7391
25.2764
26.2530
26.6235
27.2143
27.5942
28.9661
30.5547
30.9228
29.1274
29.7006
27.7301
28.6230
29.5230
26.7209
30.2581
27.8536
26.5274
26.6964
26.3633
28.9464
27.8049
28.7545
26.7812
26.9942
29.9662
29.1824
31.2341
31.2349
31.9015
30.3094
33.0354
31.4566
29.6046
29.3020
29.3379
29.6479
27.9631
31.8800
32.8165
34.7163
32.4486
34.9220
35.8750
32.0355
28.0599
28.5360
27.5140
30.1840
29.6271
31.0490
31.5853
31.6686
31.0369
31.2405
32.1930
32.3016
32.8789
31.4476
33.3006
32.5979
30.8842
33.5254
32.6094
35.5049
31.5025
32.2276
34.4197
33.2222
33.2752
31.2688
32.0373
32.4828
31.4873
30.5635
29.6669
29.3881
25.9080
27.4554
27.0571
29.5367
31.1610
26.8071
30.3286
27.8108
29.9508
32.6149
31.4889
27.5339
28.9165
31.8900
29.5305
28.6619
32.6326
31.2645
30.3226
32.7296
27.8088
29.2815
31.5733
28.7213
30.3366
30.7915
30.3665
29.3876
28.2742
30.2619
28.9936
29.2123
26.4713
24.6915
26.5496
29.0508
28.7293
27.2337
26.4668
28.0622
30.6995
29.3275
31.4898
30.5481
29.6965
29.2467
30.0638
27.4079
26.9105
28.0214
28.1509
28.9845
29.9117
29.1028
29.7962
29.8463
31.7796
27.5921
30.5128
28.9175
30.8730
29.1669
29.8981
29.9073
29.0565
27.4279
29.8880
30.5110
29.9392
29.7986
30.1943
29.7972
29.8639
31.5063
28.9190
29.3075
30.3653
29.4252
29.6995
29.3895
30.8752
31.0301
31.7274
32.4363
31.4549
32.6550
31.4556
29.7079
31.1642
27.7225
30.9777
29.7678
31.8255
30.4061
30.5586
32.9859
29.3023
29.5697
31.6541
30.8803
28.9646
27.7639
29.6731
30.9252
27.6684
29.8025
30.2259
28.6205
30.1759
30.2195
27.3505
27.3157
28.4542
27.5240
28.3809
30.5576
28.0968
28.9309
28.7016
29.1103
29.5905
28.2568
28.1065
29.6152
29.1184
29.7755
30.1827
30.3249
30.1279
30.1872
27.9976
27.2438
28.3239
29.3636
30.1560
27.3628
27.9026
27.1315
28.9190
31.6396
31.2687
28.5177
32.1839
31.6070
30.6528
31.9525
31.6259
27.2710
29.2368
28.9870
28.0343
27.3620
27.4601
28.4983
29.9552
31.2103
30.6572
29.0796
30.6708
31.4019
32.5855
32.2809
32.5815
31.2648
29.9204
29.4495
30.6029
28.5722
29.6426
30.2850
29.9631
26.8107
29.0151
30.8690
30.4435
29.3959
30.0243
29.9106
27.7238
28.0601
28.6269
30.4037
29.5551
29.3784
33.3724
30.8113
33.0153
31.6015
29.9090
30.8826
29.6894
30.3243
29.9144
30.1321
29.5903
31.0896
31.2571
28.6055
27.8563
31.8438
31.5628
28.2113
29.6586
32.5054
30.1579
31.2789
31.7352
29.8625
29.8385
30.7924
30.6177
30.5567
28.9483
29.1303
27.6522
29.5309
28.5232
27.8963
27.4856
29.4257
31.2496
29.9112
30.1781
30.0695
30.3528
30.0650
28.6410
29.7385
29.7495
30.3703
30.3253
31.1043
30.0528
30.0792
30.7671
31.8204
29.8496
29.9832
31.1513
29.6825
29.7481
31.8403
32.3203
29.9835
30.0858
30.5061
30.9192
31.2571
30.7560
31.8116
30.0216
30.4540
32.1441
30.1489
30.0683
30.6893
30.7914
29.2952
31.6572
30.1116
29.8224
30.3954
29.7477
31.0923
29.8432
29.0319
28.0570
28.6141
28.4966
27.2031
29.1260
26.6861
28.5606
29.0842
29.4625
30.5233
30.0045
30.3300
32.2734
31.6349
30.6917
32.9033
31.0428
28.5468
32.5754
32.1923
29.5893
29.7030
28.3870
29.0388
30.0098
30.2404
31.0361
31.3892
29.8793
32.4884
30.0015
34.2288
33.7255
29.6661
33.3180
32.4818
31.4155
29.2292
31.6277
29.7510
29.7646
30.4254
27.6760
27.8584
26.8110
28.6265
30.1283
30.6031
29.9965
29.7234
28.4882
29.9057
32.0691
30.2085
30.9757
30.4407
30.9787
32.3541
29.4942
28.0887
29.3464
29.7160
27.4652
27.5548
28.2522
28.1735
27.9506
27.5485
29.1543
28.9325
28.7692
28.4473
26.7469
29.7199
29.0856
27.8974
30.2486
28.3655
31.3789
31.4492
28.3516
28.3462
29.6625
31.0962
28.2050
28.8544
26.1004
28.0629
29.9118
28.9627
30.9363
27.7387
26.4982
30.3428
28.7511
31.1150
29.4423
27.8959
30.2866
28.6328
31.6927
30.1734
29.9394
29.4786
30.4906
29.0824
29.9735
28.6270
29.4070
30.0040
29.3008
29.9674
28.1244
28.1568
30.1922
28.4018
29.2516
27.0536
30.1023
29.1546
29.2328
31.2702
30.1602
27.8458
29.8035
29.1281
30.5878
28.9807
28.5611
28.4156
29.0550
27.3334
28.8962
28.7272
30.2204
29.3692
26.7160
28.6683
30.0891
28.5922
29.8826
29.4717
29.9581
29.7101
26.9506
26.3173
25.9592
28.1598
30.6762
26.8485
29.2739
32.3057
30.0187
32.2124
31.3803
30.0306
30.3032
29.4914
30.0402
29.9357
28.6650
28.4267
28.4004
28.8332
26.2309
29.0632
28.8295
32.2159
32.3460
31.4841
29.5886
31.3166
28.3771
28.9699
28.9316
28.0050
28.2313
31.0501
30.0758
30.3239
30.8236
31.2407
30.6614
29.7937
32.6988
30.7402
32.6786
30.7562
30.3459
30.2004
32.9746
29.2178
29.7809
30.9808
33.2617
28.4394
27.3690
29.8581
31.2893
30.4789
32.4236
29.2136
31.6811
30.7126
31.1760
31.3251
28.9315
30.5341
28.7686
28.8162
29.4527
30.7308
28.9139
30.4332
28.3666
30.4673
27.8853
31.1396
30.5915
29.5086
30.5355
30.0290
28.6955
28.0953
28.1961
29.1845
29.3790
29.1417
29.4498
30.3199
29.2733
27.8914
31.6724
30.8048
28.0207
28.6746
29.8055
30.8972
30.8789
30.7579
30.3437
32.2193
31.6209
30.0543
29.6020
32.2126
31.6209
30.1330
31.8989
33.5346
29.9002
31.4926
28.9642
30.3031
33.6190
32.7140
33.3770
31.8039
32.2222
30.1409
29.8638
31.0275
30.8537
30.3635
29.7323
30.9957
31.2178
30.0514
30.8584
29.6169
30.5908
32.1101
31.5167
32.0935
30.2966
30.2426
29.5514
29.8706
32.0749
31.6585
31.5401
28.1473
29.6556
27.7269
31.5345
31.6526
31.8312
31.0454
31.2093
27.9734
30.7960
31.0185
30.5234
30.7958
29.8674
29.7013
29.3883
30.3066
30.6025
28.2144
31.2622
31.6129
31.4240
32.5024
29.9366
28.9916
29.0701
33.2528
30.2453
31.4221
30.9458
30.9927
29.4949
29.6847
29.7822
29.0144
31.2835
32.4002
32.1804
32.4916
31.8540
32.8213
31.7030
28.3091
31.6319
31.5313
32.8619
29.5533
30.7294
30.9351
29.6567
28.6068
30.1121
30.7472
29.9658
28.5235
29.3202
26.2486
27.1788
29.0108
26.0735
28.0128
30.7986
29.6152
28.5074
31.8066
30.6729
29.5363
30.4017
31.1979
30.8477
29.4190
27.1926
26.6464
27.8572
27.9357
29.9674
29.5939
30.1777
27.6118
27.1505
29.6599
29.3396
30.1796
30.5690
29.8851
30.6983
28.8893
29.3501
29.3580
28.9164
28.2205
29.2638
30.0798
28.9748
30.5592
27.8147
28.9060
30.7402
30.6529
29.7139
30.2114
29.3302
27.1707
31.2790
30.1158
30.2639
29.8893
29.2823
29.4536
30.0196
25.9892
26.8433
29.7579
30.9735
27.2440
29.0709
29.0834
27.7568
27.6603
27.9302
27.2764
28.4498
28.2536
29.1765
29.5071
28.7527
26.4774
25.4500
26.6739
27.5898
24.9205
25.6856
25.8851
25.6455
27.1877
27.0557
27.2395
27.3755
29.1226
28.3479
27.6770
28.3096
28.0791
30.5319
28.9024
27.0849
27.3943
29.4675
27.1207
27.2442
27.9059
27.4577
28.3793
28.9186
28.4091
30.6247
32.6278
28.7115
28.2492
28.1837
28.2186
29.0037
27.2269
30.6767
30.3719
32.3754
29.4181
28.9123
27.6573
30.0435
30.2965
28.2093
28.0592
25.4245
28.4053
26.2732
26.2926
24.9982
27.8080
27.0189
27.6696
27.3849
30.6774
25.4325
23.9257
25.5831
26.8245
28.4078
28.4396
29.2169
26.9032
28.0853
29.5389
28.1688
28.2346
27.6525
30.9724
30.2627
29.3321
28.5366
26.0372
25.6040
30.7382
29.1034
27.4576
28.0298
29.9015
28.7820
29.3578
31.7789
28.1588
30.2176
31.0251
30.6973
31.0162
31.0021
30.8564
30.8724
31.5583
30.5415
30.3569
31.0512
32.7436
30.5750
31.8889
31.7471
31.4257
29.5425
33.7203
33.0920
30.6001
29.5623
30.1722
30.2956
31.9013
30.3794
30.4453
31.8876
31.9152
30.7430
30.2818
29.6357
29.1201
29.3841
31.2773
32.1457
28.8974
30.4349
29.6830
34.2105
30.6609
33.0644
34.4983
33.3441
35.2874
35.2690
34.1257
31.9435
32.7847
33.4303
32.1263
30.0626
33.6828
32.9861
32.0813
33.1196
31.3620
32.2134
29.2981
30.1027
33.9897
28.9583
31.7868
31.1339
31.1874
30.0639
30.7031
31.8876
32.1760
29.9560
29.6246
28.5768
31.3808
33.3653
30.9115
30.9082
29.2288
30.6897
30.6401
29.6525
28.4150
29.3723
29.0635
28.6394
28.3250
26.7903
28.1837
30.5211
30.5351
31.9109
32.4901
32.1155
31.7185
31.7482
31.0120
31.6901
33.5281
28.0298
26.3950
26.6362
29.0951
26.4702
25.5861
27.6375
24.4077
26.2770
28.4229
26.1655
25.9924
27.8655
25.8416
26.6997
28.1380
27.7693
28.7573
26.6591
25.9645
26.3051
27.4806
26.6249
25.0679
27.9834
26.0445
30.4701
27.8456
26.8610
26.4901
25.9088
26.0318
27.7585
24.3974
25.5899
27.3817
24.4888
26.4448
26.7841
29.4016
29.6196
30.4626
29.5797
29.6258
29.8840
29.2970
29.6179
30.7024
28.9917
30.5543
30.2829
30.8851
30.7959
29.2814
30.2545
29.0797
27.7418
30.0417
28.5849
29.0725
27.6270
27.7656
27.3808
28.4641
28.5586
30.1839
29.1836
28.7392
30.6431
28.5624
26.4267
25.6633
24.5118
25.4929
24.2160
25.4074
25.0008
26.3945
27.0385
27.6153
24.7911
26.2352
27.2087
28.9019
27.9162
27.2906
28.6121
26.6090
27.4813
28.0832
26.8187
29.8025
28.2965
26.2054
27.7567
30.8016
29.3554
27.6415
29.2464
30.5678
28.7683
29.1509
29.3322
29.0306
28.5537
27.0506
27.7503
28.2286
26.6626
28.5082
29.6329
29.2041
28.6520
27.6310
28.3235
29.2777
29.6773
28.6906
28.3328
28.5588
27.9134
29.1186
31.5941
30.4309
28.0711
28.9873
28.5697
26.7146
26.8189
28.2242
27.8771
29.3713
30.6906
29.2004
29.4612
30.8429
28.1334
30.6701
30.0064
29.9932
28.2799
30.0629
28.7744
28.5506
29.0562
28.1508
29.1070
28.5615
32.1581
28.9078
27.0608
29.7313
29.1161
31.0023
29.6624
30.5774
31.1787
31.2902
29.6908
28.7317
28.6255
30.3648
29.8741
29.3117
25.8440
26.8983
29.9234
29.1033
29.6780
27.8110
28.0088
30.0857
29.5906
31.5155
31.2608
32.1902
29.4513
30.3313
29.8238
31.7987
28.3175
26.7404
27.8585
26.5121
27.5750
28.3317
26.0684
27.7310
28.6886
30.4927
28.8542
30.0909
30.4754
31.5506
28.9723
29.7386
29.6866
27.9971
30.1593
28.2808
29.0463
29.6538
27.6714
27.9130
30.8670
27.9756
30.7266
30.9444
28.9030
31.9049
29.4600
33.0975
30.9002
30.5043
30.9287
29.8404
29.6594
28.9178
29.9711
29.9656
32.3543
31.2197
30.8371
29.6925
28.2407
28.5178
29.6751
30.1103
31.0349
26.6519
26.7378
27.6401
28.8865
27.2437
28.5347
28.5414
30.8901
29.9919
29.8583
30.4724
28.3972
31.6290
29.5476
29.7520
30.4863
29.3362
30.7330
28.9125
27.9500
27.9916
27.4738
28.5639
29.2792
27.1513
27.6187
28.8332
28.4445
31.2249
28.7801
30.3776
28.0335
28.7222
30.7158
29.9184
29.5175
30.1081
31.0179
31.7610
29.8900
29.7660
29.6593
28.2694
30.1605
29.7381
30.6154
31.2081
28.4197
28.5239
29.6975
32.2817
30.8101
26.4939
28.5869
30.4680
31.2026
28.1139
29.4683
30.3502
31.4838
29.9753
29.7450
29.8217
30.3690
30.8937
27.9847
29.5173
30.4527
28.3890
30.8442
26.1728
27.9847
27.3503
28.8526
28.9217
29.2991
29.4416
29.0769
28.0208
28.9929
28.3552
28.1686
28.7864
29.1105
28.8090
31.0015
29.5958
30.2303
29.5363
29.3059
28.8337
28.5097
28.6578
29.9276
29.0176
27.9207
29.0825
31.6526
28.9051
32.7456
33.5233
29.8275
28.1791
31.8538
27.5318
31.0749
32.1402
32.4432
32.2268
32.5148
31.1119
30.9970
32.3086
31.0466
31.5537
32.6438
32.0360
31.2570
30.2855
31.5853
32.1622
30.7385
30.4426
28.6778
28.5337
31.0758
30.2467
30.9025
29.7559
29.4337
29.5061
31.4232
32.7117
32.0958
32.2213
31.0344
28.8090
30.7305
30.2358
32.4732
31.7708
31.6709
34.5382
33.6748
32.3942
33.3779
32.3353
30.6494
32.5638
30.3092
29.5607
27.7969
28.9976
29.4449
29.7081
27.4785
29.0187
30.8460
30.5724
31.7776
27.0804
28.5202
27.9868
27.6246
29.8409
30.3982
29.7697
29.9780
30.6625
29.5806
27.6732
28.8383
30.3298
26.3945
27.6471
29.7104
28.8845
29.3609
32.0110
29.8659
29.8697
30.4416
28.9779
31.3912
30.1384
31.9642
30.8998
32.7025
31.9307
31.1726
31.3651
31.2107
30.0347
29.0414
28.5017
30.6780
30.2864
29.9614
30.5648
28.4034
31.0798
31.0842
31.1338
31.1826
31.1730
29.4779
31.3139
29.8102
31.9253
30.7442
31.3460
31.6957
29.4692
30.2891
32.0611
31.9236
33.1367
30.3679
30.1662
30.4324
29.5169
29.0121
27.1466
27.1241
28.7961
30.0967
28.6766
29.8664
30.0154
30.7119
29.5320
27.8023
28.5136
31.8160
31.0182
29.6532
30.2653
30.8957
30.8058
26.6943
30.1771
30.2752
30.2212
31.7071
30.6916
29.7872
31.3884
28.6770
30.6976
30.4385
30.5963
29.8268
29.0444
29.9507
28.9531
28.6415
28.2293
31.1361
31.0199
29.3135
30.7914
29.6433
27.7798
28.5363
29.9992
30.1596
31.5674
31.8445
32.1223
27.9426
28.9673
28.8173
30.7426
31.1726
29.6096
29.2556
28.6970
30.4813
30.1683
32.8020
32.4132
30.4005
30.4412
26.1566
27.9638
31.4751
29.8527
28.6008
28.3598
26.7098
28.9135
27.3388
27.2674
30.1852
27.9197
29.4825
29.6434
31.5325
30.1349
29.2684
29.7719
29.8415
31.0994
30.8599
29.3272
31.0522
31.5260
31.0639
29.9190
26.8826
30.3416
27.8981
28.5440
30.4645
28.1832
30.0785
29.0403
29.5747
30.6554
28.3698
28.3361
30.0937
28.0872
30.3572
26.6725
26.5464
26.7393
27.9595
27.1328
28.4152
28.4290
27.8236
28.1108
28.2203
27.6780
27.8511
27.9453
28.9599
29.8118
31.6268
28.8340
28.8558
26.8523
29.5291
29.3618
30.1473
29.4509
30.7374
31.0905
29.5963
30.9719
31.1474
29.7818
28.2165
29.8096
28.1303
27.8773
29.7210
29.0604
28.2492
29.7013
27.5725
27.4828
27.5716
26.6504
26.5288
29.0055
30.6644
27.7893
30.5350
29.2809
26.5690
29.9599
28.8486
28.0422
28.5386
27.6081
28.3638
27.3342
27.8402
29.1864
28.9403
27.0859
28.6353
27.0737
25.8991
25.7990
27.3236
26.7083
26.9156
27.0118
29.4422
27.5194
27.9975
30.3497
29.1648
29.0770
30.6453
29.8945
30.3061
31.1375
27.9647
27.1723
27.0520
28.5420
31.2357
26.8544
26.9469
30.1965
29.9272
28.7911
29.1380
31.0951
29.9168
28.8829
26.0215
27.6312
28.7741
30.6057
29.9394
29.5811
28.2250
27.6265
31.6492
29.7571
30.1918
30.6245
29.2631
29.0737
29.8637
31.7307
31.2695
28.9640
29.2301
30.0301
30.3897
29.9536
27.8152
27.2377
28.4643
28.5288
30.9465
29.1735
28.3359
28.2909
29.7565
29.1180
29.0944
31.8513
29.6645
31.3584
28.5597
28.8126
31.0406
28.7424
30.1271
29.1335
29.2664
31.6495
30.8560
28.6900
28.8161
29.5730
29.7416
28.4034
28.1988
28.8597
30.4153
28.3567
29.8923
29.8822
30.1618
25.7815
28.2840
28.3318
32.5576
32.4085
28.6725
31.7052
30.4377
27.0686
28.5735
28.7977
30.5684
28.4720
28.0804
28.7980
26.8670
27.2710
30.6307
29.6162
26.9398
28.4485
28.0866
29.2852
29.8012
27.5557
27.6413
27.1944
28.7294
26.6840
26.8269
28.4747
27.1886
28.9880
27.6352
27.6476
27.3451
26.5320
29.0357
28.0482
29.2267
30.6538
29.2421
28.2821
29.3177
28.8657
27.9872
27.9685
29.1711
31.4297
28.7745
29.2043
29.4816
29.9662
31.0241
28.5164
27.3019
28.7789
28.6801
28.1820
27.6430
28.0650
27.7874
28.2634
29.3446
29.3845
26.7703
28.8508
27.1118
25.6478
28.1174
27.3699
28.1993
26.0592
26.3025
24.8605
26.4908
24.6030
26.8102
27.0861
28.8516
27.6345
30.4630
29.4758
28.2366
29.2463
30.4117
29.1998
30.2350
27.0566
28.9688
31.5219
30.5731
29.7151
29.0883
29.0359
29.2715
29.1184
31.1033
29.8769
28.4273
28.1017
27.2483
28.4745
28.0029
28.9441
30.9401
29.5005
27.7557
26.1513
26.5666
29.0750
29.4736
28.9849
30.1135
27.9921
27.6898
27.1885
28.5083
28.1557
26.4376
28.1616
25.8578
28.2794
28.7538
29.5249
27.1902
27.9613
30.3082
30.1284
30.3386
29.0153
27.8002
28.9910
28.8171
29.9079
28.5455
30.2319
28.9878
28.3505
31.1412
29.1932
29.0273
28.7069
29.1544
27.5637
29.0054
28.0731
26.9950
28.3200
29.1646
29.1043
29.4683
28.6880
28.0910
30.1307
29.8905
30.8668
28.1010
27.1460
28.1325
28.6382
28.2547
29.3666
29.2479
27.6019
28.8637
28.0571
27.9811
28.8130
29.1773
29.1374
28.3994
28.4564
28.1185
29.4923
27.7812
29.2469
27.6877
29.4984
27.4986
28.8819
28.1585
29.6557
28.6264
30.3148
29.8272
29.8734
30.0795
29.6064
30.7977
28.1770
30.5743
30.1186
27.8469
29.1334
29.3316
27.2217
28.9273
32.0032
30.6922
28.7479
29.1347
28.8939
31.2672
30.1147
29.7920
29.6127
30.0535
28.2703
28.9099
29.4464
28.4568
26.6945
29.2405
30.4216
28.1639
27.3598
31.0104
28.4821
28.5871
27.3786
29.0935
25.8728
28.5760
28.4562
28.5459
28.9256
28.4703
28.2024
28.5107
26.6717
27.8764
27.0394
25.8316
27.2523
27.1124
25.4556
25.2150
26.2652
29.9719
30.4126
30.2241
28.2378
28.0196
28.6810
29.5124
29.4349
32.1303
31.9116
29.4408
29.0097
31.7967
29.8986
28.9488
29.4885
30.6375
30.7886
30.0338
29.6989
29.4749
31.4691
28.8130
29.8744
31.3806
30.9841
30.8042
29.7085
28.9471
26.8375
25.9203
26.2898
29.1880
28.9051
30.4701
30.9932
28.7003
28.2627
29.4133
32.0757
31.1788
30.0654
30.2364
28.3573
30.3583
28.9855
29.2447
29.1135
31.3900
27.9979
28.1968
27.8930
26.6760
27.6962
29.0383
27.6852
28.1543
27.2742
28.0303
27.4767
26.4177
27.7778
28.4850
27.7428
26.9521
30.4352
29.8324
29.0074
27.9212
30.1853
29.9077
30.5403
30.2397
30.6429
29.9734
29.8128
29.2602
31.4937
29.8857
30.1064
28.0108
30.4688
28.2154
28.4172
29.4641
30.2833
29.3956
29.5418
33.1660
30.2997
30.1028
30.1698
29.6850
29.1554
29.1322
27.2108
29.9103
31.9181
29.5396
30.8472
32.3426
30.2522
29.4019
29.3290
27.7571
25.1217
24.9658
27.5772
27.9959
27.4978
28.0308
27.8878
29.7387
28.3295
31.1448
27.3583
28.1595
27.6592
27.9048
29.2382
27.2985
28.1310
29.6290
27.4242
30.1712
29.6788
29.5542
29.5938
29.2384
29.0629
29.2843
29.5533
27.8841
30.5232
29.6045
29.4775
30.8578
32.8760
32.3521
29.2646
28.7808
29.6503
29.8649
30.4633
30.6566
30.3701
30.7698
29.6256
30.8739
28.4475
27.5537
28.3135
30.3257
28.7453
29.1020
28.0107
29.2269
28.0647
26.1425
27.7674
26.2235
26.3046
27.6655
28.1683
26.6313
28.3212
28.6104
27.8954
26.4409
32.3232
29.6425
26.5432
28.2235
26.7413
27.7944
25.8397
27.8635
28.5715
27.1487
29.7822
27.7325
27.7885
28.6657
28.9023
29.7769
28.9167
26.8121
28.3748
28.1498
27.8323
28.5527
28.9086
27.0997
28.1540
28.9077
28.1964
28.9422
29.3704
28.9630
27.8471
28.4275
29.5786
31.4432
29.4105
29.1170
29.1219
29.4064
28.5480
28.9245
28.0771
27.6228
30.1305
28.4179
26.9832
26.1022
27.6986
27.4827
25.6661
28.7837
27.6121
27.9091
29.7436
30.2433
31.3489
28.6290
29.5254
29.5130
30.4430
30.9426
27.8370
29.0311
26.9370
27.1505
28.3021
28.0277
24.5921
28.1870
26.9141
28.4031
28.1719
30.2056
29.0456
28.9606
29.4958
28.8528
28.8218
30.5702
26.7714
28.7605
27.2626
27.3416
28.3492
27.0224
26.7015
23.6668
26.7522
27.9214
26.9513
26.4702
27.2688
26.7145
26.7263
28.3773
25.8125
24.5336
23.4007
25.4000
27.1493
26.7063
26.0945
27.3952
24.8549
27.0519
27.1221
25.7491
30.1694
28.8469
27.2300
29.7483
25.9324
28.1312
30.4541
31.2954
30.4898
30.2201
30.7345
27.3620
29.4059
29.2332
28.3337
27.9074
24.9078
29.9693
30.2772
30.9504
29.5604
30.6726
30.8095
31.1936
29.9434
31.5176
31.4790
29.0434
30.5319
27.5232
28.6068
31.1969
30.0619
31.2873
30.3072
28.9438
32.6948
30.5881
29.9045
31.8168
29.4752
29.0498
29.8619
31.5930
28.7388
29.8923
28.3376
29.5335
29.7132
30.2966
28.8013
30.0093
29.4736
29.2330
31.5377
29.2203
29.5358
30.9069
30.2147
30.5274
28.5480
26.2864
28.6708
27.3909
29.9181
29.8601
29.9413
27.7477
28.6593
29.1490
27.6927
29.8441
27.2448
28.6877
31.0933
29.2802
29.6960
29.9129
32.9218
31.8794
29.6470
30.3688
29.7660
29.7729
32.0188
31.4321
31.0656
28.9827
27.8307
26.6949
28.1724
28.7561
28.2696
29.5989
26.9843
29.7537
26.5373
24.3789
27.4477
27.9031
28.5392
27.9840
25.8862
28.8683
26.2866
26.5253
26.8680
25.4907
24.5120
26.9962
25.6044
25.6921
28.2476
25.4044
26.2313
25.1385
27.0865
26.4188
26.6542
25.9941
28.5269
28.7592
27.8329
25.9072
27.7432
26.4447
28.3562
25.6028
29.5377
27.8347
28.4202
26.5969
26.9418
28.0395
26.9223
26.4935
27.1193
29.3358
29.8379
27.4444
31.9900
28.5452
29.2766
29.6695
28.7842
28.9345
30.0692
28.0744
31.1300
30.1336
29.4646
29.8954
30.3660
29.1949
29.8804
29.0698
29.4859
26.7647
29.9812
28.0305
27.8571
27.2848
28.8924
25.9844
26.9325
26.2757
26.7475
26.7807
27.7162
24.9937
26.7868
29.2484
30.4733
30.0816
28.4595
28.8980
31.2363
29.3525
27.5361
27.7271
27.9677
27.6234
27.4172
30.4116
28.2253
27.7948
26.2021
25.4259
25.2012
24.9747
27.5925
28.5944
26.3285
25.7746
25.8370
27.5146
27.4192
27.1148
25.2768
25.7277
25.2772
26.3360
25.0891
27.2599
25.8764
27.7040
26.7337
28.7919
26.7571
24.5280
27.3155
24.8986
27.4497
27.1412
27.9373
28.6320
28.0509
27.8712
26.7315
25.6064
27.2833
28.1227
29.7508
28.2291
29.2000
28.7864
28.5503
29.6828
27.1034
26.8497
27.9106
26.4553
26.2396
25.7714
25.8714
26.3168
25.6002
24.9803
24.7818
25.8936
26.3079
26.6918
25.2414
26.9410
27.3679
25.7927
25.4460
26.1132
25.8515
28.3297
27.2992
27.0605
23.5980
25.1083
26.8707
27.8208
29.4834
27.0579
26.5815
29.1355
27.4825
27.6653
23.7586
24.1140
24.8422
27.1373
25.7103
26.5980
27.5936
27.5674
26.7298
28.1833
30.5364
28.7767
27.0669
27.6439
29.4884
29.0810
29.3664
29.2502
27.4414
28.0254
28.2596
25.4349
25.8801
23.9167
24.8063
26.0270
26.3118
26.4947
26.7838
28.7824
29.8003
30.8855
29.1356
30.9234
31.0501
29.7945
27.8122
27.3554
28.6772
27.6478
27.7842
27.6722
26.2123
25.4423
27.1440
29.2018
27.2788
27.3760
27.7941
29.7061
28.9852
29.5672
29.9548
27.5859
30.0036
28.8942
28.4003
29.1879
27.5414
28.2344
25.4254
25.6795
24.8268
27.5137
26.9781
25.3868
25.6407
27.2742
27.4273
26.0837
26.3449
26.0784
29.7151
29.6515
29.5204
26.4888
28.5936
27.5717
27.8181
27.0777
28.2409
26.4323
26.8675
26.1652
27.6095
29.4513
25.3763
25.6705
26.0980
28.0267
27.4531
27.1794
29.1518
29.2963
27.8451
30.5736
29.4406
31.3270
27.0234
28.4742
28.8343
29.0023
29.0550
25.6389
25.9727
29.3036
29.8550
29.5915
28.7145
26.3319
24.2978
26.8124
27.2973
27.1395
27.0842
26.4084
28.8607
27.1055
27.2261
28.6910
27.2560
27.1606
28.3244
27.7485
27.7048
26.9369
26.0614
29.2570
26.0775
27.6974
28.7909
25.9359
26.3511
26.3652
26.5862
28.8411
29.9944
30.3625
29.0913
26.4578
27.7542
27.1829
26.3815
27.2092
26.9322
27.3670
30.2360
29.2275
26.6684
27.0531
30.1269
29.2580
27.6647
28.3193
27.6654
28.2968
27.4581
29.7760
30.1092
28.6237
27.7673
28.9192
27.2515
28.4911
28.7822
25.8833
26.0215
27.4750
27.1876
28.0257
26.3727
29.2587
30.2751
29.9291
32.9077
32.2584
30.7783
34.1225
32.6183
30.5431
29.8447
32.1792
31.4234
29.5206
29.0967
29.3801
29.5462
30.8955
30.1772
29.0008
27.0393
29.0928
29.8680
29.7929
29.5607
29.2088
28.2031
26.8064
26.9329
27.5909
28.5635
27.8207
27.6544
28.7461
28.2289
25.7550
27.8601
25.3451
26.6720
27.9458
29.2611
28.3154
28.7856
28.2738
29.0354
30.3941
26.4183
29.7353
30.0816
29.6029
29.5723
30.2294
30.0158
29.9689
29.0913
28.3070
29.3390
29.7082
32.4697
30.8342
27.8872
28.8432
27.6362
28.6813
28.8817
31.3635
29.7774
30.1764
29.7007
29.0285
30.7288
32.5230
29.5592
32.1441
30.9083
30.6986
29.3301
30.5784
29.3573
28.3498
30.6750
29.3230
27.3880
29.9761
30.3979
30.4934
30.7206
29.1748
28.1397
30.8872
30.6195
29.7690
30.8509
26.9498
28.4185
29.7220
27.7125
27.6008
28.9225
28.1707
26.0742
27.1921
28.4076
27.6283
27.9943
26.1027
28.5451
31.3694
28.1891
30.8885
28.7758
27.0019
27.9730
27.2335
26.7871
28.2217
28.7568
30.4787
29.2072
29.5909
28.7315
30.0078
30.2706
33.3515
32.2572
31.0238
31.7043
29.6800
30.7772
30.2982
30.5769
28.6353
25.9936
29.2281
29.5786
30.2630
29.9382
28.7315
29.6266
25.9573
28.1160
27.8505
26.8390
27.2220
26.4443
24.4926
26.5251
25.2397
25.3844
27.6588
26.1380
25.4929
26.5009
26.1899
24.7905
25.3210
26.7276
26.1025
25.8237
25.7218
27.4082
26.2018
26.9574
27.9159
26.6977
29.0851
26.4814
27.1449
27.5146
27.8903
26.9074
29.0714
27.7628
26.4536
26.6253
26.3080
28.1270
27.5015
27.5406
26.2669
25.4753
26.7412
26.1748
26.0277
27.5271
25.1570
26.9052
27.6029
27.6821
28.3133
24.6647
27.6357
27.4633
25.0175
26.3928
27.1097
26.7631
26.6585
25.2476
24.9215
26.4640
26.3689
27.6997
25.9925
26.3124
25.5145
25.3054
26.2463
27.3450
29.1607
28.6250
25.6170
28.0352
26.1988
26.5519
28.1126
26.0249
25.1600
25.0230
23.9943
24.5690
26.2649
25.7277
26.3484
26.1237
25.3224
23.3920
24.7266
23.7212
22.7035
25.2477
22.4623
22.7155
21.0654
26.5685
27.6253
26.9861
29.2042
26.8593
27.9815
28.0578
28.2286
25.4231
24.9554
26.2683
25.7092
23.9330
24.9085
27.0502
27.5187
28.6457
28.0671
28.2710
25.2581
25.8316
25.1362
27.2589
26.8347
30.6642
29.3814
30.0516
26.1373
27.3313
27.5530
27.1655
28.6467
28.4018
28.5798
30.8026
28.9342
26.8012
30.8326
30.8763
29.2426
27.0399
26.6463
29.0026
28.5684
28.0152
26.1170
27.1655
28.5521
22.8699
28.8401
29.2438
30.4314
28.7962
29.3319
30.4290
27.2556
29.9295
28.9203
27.3191
28.5183
25.6758
31.5569
29.6774
27.9176
28.9686
27.4930
27.3252
26.6068
27.0454
28.2376
27.4728
26.8127
26.8237
27.1192
27.2016
26.3729
28.9695
28.5355
29.5646
31.6076
30.5423
29.6698
28.4109
27.6714
29.9313
29.3066
28.1533
29.0659
28.1488
28.2169
29.7834
30.4505
29.0697
27.7672
29.6588
27.9601
28.2103
28.2690
31.0641
28.6093
28.6586
28.3830
28.4196
28.0829
28.5650
27.5008
28.3921
28.8828
30.3359
29.4692
29.4428
27.9383
29.0413
26.8611
25.3905
26.5163
26.2393
27.9871
26.5103
27.4502
27.8360
32.3241
27.3776
27.3796
30.8752
31.3678
28.6960
30.3561
28.0918
26.4486
28.1855
28.7920
31.0124
25.8305
25.4470
25.7259
25.0347
26.5924
26.7727
26.6984
29.3325
26.5881
25.8856
26.8356
25.8636
27.2228
28.3305
28.4068
27.7713
27.8575
28.2997
25.6057
25.4704
25.3899
27.7909
25.6374
23.6620
26.0135
26.7849
27.7598
24.6980
25.4012
27.3231
26.8578
26.3156
24.0641
26.9125
26.7443
26.5328
28.8526
28.2957
25.4554
27.0638
27.5268
29.0497
28.0911
29.6059
29.1131
26.1709
30.3876
25.6266
25.7300
24.1978
28.2954
30.0454
27.3894
28.4127
25.4010
27.8254
26.3603
28.1299
25.4839
28.6441
27.3539
27.9908
27.6671
28.0243
27.1911
28.4665
25.6120
27.1827
27.7211
26.8007
28.4358
26.9585
27.5318
26.5034
26.1016
27.6682
27.1263
26.0525
27.4471
27.6987
25.9620
28.9790
27.7255
28.9298
27.3702
27.5145
25.0450
23.8622
27.1732
25.7669
27.7467
25.6311
28.8782
29.2778
26.2454
22.3333
23.8956
24.1482
26.1383
28.0848
25.7885
24.9576
26.5458
25.8271
29.2721
24.7413
26.6293
27.4600
