27.6857
27.5518
27.9978
27.7687
29.2698
27.4374
27.8355
27.2099
26.8965
26.5539
29.1781
29.6928
29.8524
28.2267
28.8171
30.8771
26.9307
28.9135
28.7782
27.0006
30.7052
28.1068
29.1800
28.2367
28.5166
30.9401
30.2974
27.8833
27.8977
27.9380
28.4796
27.0612
25.0743
27.1637
26.7832
29.0736
24.8873
23.3351
26.6259
23.8820
28.2368
27.4290
25.1841
27.3511
28.3385
27.2636
26.0841
25.6230
26.3035
25.6497
25.4199
24.4421
27.4337
27.3239
26.4828
25.4693
25.3183
26.6082
26.4959
26.3969
24.0328
25.8162
26.7002
27.4747
25.2115
24.6243
26.1473
25.7544
25.6166
27.4989
25.5385
24.5687
25.8738
27.7259
25.5715
25.9380
25.3901
29.2678
25.3873
25.4952
27.1026
25.2032
25.3494
24.9912
26.4720
26.1067
25.7888
26.9281
28.0289
29.6055
28.0969
26.2216
25.6849
27.0752
28.0492
27.3309
28.3590
27.4532
27.2756
28.3174
29.3123
29.7988
27.8514
28.2673
28.9006
29.0990
27.5713
24.8922
26.0947
28.7642
27.7086
25.9090
26.5716
26.7617
26.3556
24.2964
24.8198
26.3310
23.6672
27.9428
26.6900
27.2836
28.3712
28.0788
27.0421
27.3171
26.5665
25.5929
28.4374
27.3723
27.9918
26.7821
25.9551
23.6197
24.4051
24.7917
24.1077
27.1368
27.6008
27.7275
26.9938
26.8423
26.9890
27.3104
26.0780
26.9941
25.6500
24.8991
27.2877
27.5781
25.5356
25.6952
26.0052
23.0897
23.4379
22.5890
23.7110
24.5403
24.0357
25.9872
24.9385
25.4207
24.8960
25.5825
25.1010
24.1807
23.8578
22.7755
25.9131
23.8867
24.2898
26.1103
22.9219
23.9256
26.5579
25.5977
27.2670
26.8083
27.4721
26.2827
26.1560
25.3826
26.6185
26.8287
27.8138
25.1117
26.4256
27.0084
28.4166
27.2707
26.8728
26.9957
28.5296
27.7011
27.9865
28.0730
29.6600
30.0542
29.7303
31.0609
28.3282
26.1270
26.8838
27.0797
31.2659
28.6618
29.8617
29.4454
27.1292
27.6344
25.7784
28.9594
30.6416
29.0586
28.4839
28.6548
27.8151
28.7531
25.0172
27.4339
26.6004
26.8661
27.5313
26.9158
26.7234
28.0156
27.4551
27.9926
23.8790
28.1356
26.7803
24.8526
28.8656
27.0844
26.6414
28.1817
25.9748
26.9380
28.6103
25.7830
25.9561
27.1646
25.8706
25.1373
27.5593
23.5912
25.3220
25.7748
26.2605
24.4091
26.4597
26.3402
25.9012
25.5209
27.6198
24.5297
24.4278
26.0324
27.1277
26.8189
26.0059
27.2576
25.1394
26.7388
26.5171
25.4169
24.2695
24.2915
24.8019
24.8635
26.5861
26.7831
25.9845
26.7601
23.9261
25.5381
24.4967
24.8160
26.4564
25.3699
24.5875
21.2250
23.6475
22.3762
24.8407
24.1096
24.6275
25.2626
23.6222
25.4537
26.1003
24.1684
24.8780
24.6698
26.6544
26.5972
25.9302
24.6884
24.7317
25.2343
25.3990
25.6912
22.8743
21.6562
22.1993
23.9575
23.7303
23.7517
25.0703
23.8743
24.3905
25.8375
23.4312
25.5290
24.2715
22.0123
23.1462
25.7759
25.1721
25.6361
23.9762
24.4667
23.5765
26.3361
24.9412
25.7622
27.1042
27.1677
28.6423
25.3469
24.0582
24.1668
23.7195
24.4004
23.8732
25.1933
24.3868
25.1206
24.8742
27.4924
26.1268
24.9070
25.1508
26.2885
24.8470
24.5167
23.4007
23.7678
24.0031
24.9960
25.9195
27.3163
25.6280
24.8493
24.2032
24.3215
26.8093
25.3159
25.7315
25.3699
25.1248
21.9820
22.5264
24.2676
23.9438
25.6893
27.0063
25.6585
27.9792
26.0167
25.5423
25.7249
23.7215
23.3368
24.3771
25.9545
27.3369
27.4118
26.4085
27.2242
25.9795
25.5512
25.6244
25.2116
24.9968
24.8982
27.0639
24.8211
26.2938
23.4009
25.7834
27.6405
25.5866
25.8114
25.8456
25.3944
27.5096
28.2118
27.7308
25.6820
24.9416
27.0355
26.6516
25.2879
29.3018
28.5615
26.1371
26.3254
25.2950
23.1972
24.6238
23.6683
24.8622
25.8528
22.8530
23.8584
22.7997
22.7708
23.2696
25.9927
25.4093
25.6743
23.8848
24.2126
24.1128
25.5556
24.7067
23.0705
22.3129
23.9124
25.2286
25.6096
27.1988
27.3348
26.9503
26.7605
24.0341
27.4436
26.8149
26.3774
24.9565
25.2183
26.5919
25.7675
26.8696
25.1901
27.4096
27.3168
24.1468
22.9275
25.0229
25.9776
25.0755
26.6044
26.0909
25.8665
28.0643
25.2577
26.3064
27.9985
27.1073
26.5567
27.1095
23.5605
25.9261
27.5513
23.2063
25.0329
24.7428
25.9878
25.9553
26.0310
26.2275
25.2937
25.9133
24.4643
24.2576
25.9247
25.7292
27.6989
27.0805
30.4439
25.3336
28.5547
26.9775
27.2039
29.1229
29.4126
28.6326
28.9438
27.5582
27.7501
27.8034
26.6276
26.3585
25.6798
26.0181
29.3238
25.5890
26.0716
26.1854
26.4654
27.4619
25.2615
24.6325
27.4708
27.7595
26.2879
24.6478
24.9063
28.3485
26.2443
25.5709
25.1458
26.9869
25.2736
24.5516
26.6222
24.8662
26.1937
26.1039
25.9458
26.6812
23.7371
26.2425
26.6703
28.2482
24.5625
26.9927
26.5514
25.3008
25.7170
25.5414
25.7824
27.4918
27.7840
24.8176
25.1425
23.6107
26.5312
26.1139
23.4751
26.3671
27.1824
25.6730
25.3244
25.9734
23.4889
25.9035
25.5497
25.7560
27.5117
27.7773
27.4479
27.4633
27.7642
27.1688
27.1030
26.4288
27.1109
25.8583
28.5890
27.0476
27.4881
26.1028
27.9916
27.2192
26.8639
27.1791
26.5586
26.4834
26.9987
26.7470
26.8036
28.2695
27.1584
25.8491
27.6162
25.8067
27.8813
27.7952
27.5811
28.4991
26.3694
27.4079
28.7108
29.5167
27.2407
28.5156
25.7474
28.2076
29.0816
29.9684
29.7081
29.6269
29.9957
31.6665
29.4921
31.5474
29.2874
29.4958
28.4105
27.0365
27.9560
30.7360
29.8140
28.4609
28.2621
24.7677
28.3662
28.0107
29.9781
28.8793
32.7677
31.2318
30.2111
31.3517
28.1315
30.4007
28.4672
28.7718
27.9060
27.2137
23.7798
24.4645
25.2965
27.5958
29.3304
28.6340
25.8061
24.7695
28.2413
26.9455
25.8255
27.2125
28.1432
27.3381
29.4330
28.9689
28.3111
26.6901
27.4697
28.1242
29.1995
26.9424
27.1571
28.0662
27.0079
27.0473
28.4617
27.8216
28.1690
29.6041
29.8294
29.3767
26.8422
27.1174
28.4521
24.7009
22.8932
26.1693
26.1391
24.7883
27.0591
27.9987
25.6514
24.4209
27.2831
28.3650
26.4467
26.6118
28.2985
27.9721
28.9863
29.9640
28.1269
27.6382
30.0525
30.4139
30.4941
30.1490
27.7691
28.0490
28.2144
28.7465
27.9063
26.0715
28.3293
27.2429
25.8444
27.7081
27.6314
28.0999
25.0132
26.4732
25.1862
26.4878
28.0288
28.7645
28.4065
29.2485
29.9573
29.5492
27.3642
27.5005
30.2825
28.3496
28.9594
26.5041
26.5526
27.3108
29.4008
28.3872
27.5221
29.8396
28.5857
28.5147
32.0903
30.8056
29.0926
28.0000
27.4398
28.4355
25.3227
28.8351
28.5862
27.0056
26.1664
25.1635
23.9284
26.5691
25.2738
27.4364
24.8405
24.8251
26.2756
24.0056
25.6235
23.8438
22.9917
25.2567
25.2992
25.2408
25.6952
25.6841
27.8402
25.8591
23.2305
24.0484
26.9210
27.1220
27.3923
28.0296
24.5790
27.0019
27.8010
28.4052
27.7422
26.7317
28.8193
29.3587
27.7018
26.9405
25.1974
27.0524
28.6199
28.6945
27.3688
26.0051
27.2979
25.0969
26.8709
28.2089
28.6419
29.4679
27.4179
27.5887
26.2962
26.5017
24.9973
24.2906
22.9079
23.7028
23.4311
26.0912
26.1104
25.8967
26.7155
28.5127
26.1225
28.8083
27.3822
26.1906
25.9129
24.0399
22.4859
24.8235
25.4407
26.9863
24.8189
23.4610
24.4834
26.1004
27.1885
28.5992
26.8307
26.7935
26.6527
29.1920
28.3682
26.9693
27.6081
27.5354
26.0182
25.5947
27.9947
25.5374
27.1386
28.1121
24.8320
26.4000
25.3315
23.9250
23.5815
26.7690
26.1619
26.8232
23.8075
24.3217
24.2500
24.8666
25.5513
26.9726
27.1765
25.0027
26.8132
26.2486
26.3392
24.7555
23.0333
25.3467
24.9849
22.3047
23.3869
24.8119
25.7167
26.1057
23.9735
26.3816
25.7254
26.0060
25.2892
23.9504
24.4027
26.2663
28.1715
27.9139
28.2713
26.7060
27.5059
27.2129
27.0468
26.7093
25.2058
30.7519
29.1491
28.3095
29.6673
29.2595
27.0268
28.7618
26.0089
26.7699
25.6394
27.8291
26.3474
28.4009
25.9839
26.7748
28.0710
28.7964
26.6337
26.3082
24.5836
27.4929
25.3746
28.4630
29.0431
29.1239
27.8626
24.3716
27.7589
30.0295
28.8572
26.9202
26.7626
27.9760
28.8203
24.7409
26.3177
28.2048
30.3216
29.6635
28.2156
28.5387
28.5652
28.9572
29.2080
30.0512
27.0639
28.0864
29.6668
31.2671
29.5908
29.0706
28.0223
27.1265
28.9755
29.2338
30.7129
30.0437
27.5493
29.1357
27.8360
29.7765
27.4016
28.3989
29.2395
26.8303
28.7295
26.9181
27.3260
25.7627
25.5304
25.3469
27.8804
26.7982
27.8277
26.3771
27.3197
27.1824
27.4128
26.3077
23.9563
28.9831
28.5363
26.5576
26.3758
26.7408
28.2055
30.2202
28.7728
28.2087
27.1722
25.1875
27.3238
26.9058
28.8415
27.3215
24.8468
27.6481
27.0319
28.4137
28.7638
28.9936
29.0215
31.0754
28.1221
29.7880
31.1973
32.3381
30.7533
28.1094
28.0804
29.3502
28.8792
26.7844
26.0371
28.2970
26.6395
25.5017
26.0487
26.9019
27.9520
26.3549
27.5484
26.3645
26.8902
28.9323
26.3226
28.7160
29.1461
28.2234
29.8438
29.4157
29.9221
29.0848
27.5899
28.2809
30.1943
27.1712
25.8564
26.7855
27.7835
28.4836
31.2319
30.1587
29.2806
30.7220
29.8979
31.1495
29.6846
30.4257
31.4892
28.4753
31.9753
31.2844
28.1901
27.1202
29.1947
28.8924
28.1289
27.9385
27.5247
29.4640
29.7747
31.4855
32.0082
29.1727
27.3137
30.3037
29.6943
29.0748
27.3539
27.3495
26.8912
27.7149
27.7411
28.8490
29.3782
26.0870
27.8952
28.7265
29.8108
28.6202
27.7811
29.5432
27.7863
25.9828
28.0272
29.8257
30.6209
28.9402
31.0388
30.7146
28.1193
28.7536
27.9569
29.1419
29.1187
28.3027
28.9137
28.0631
28.1269
29.1674
30.9664
31.4458
30.9424
31.2859
30.3186
28.4716
30.1754
31.8126
32.1884
30.1152
29.6624
31.5406
27.6331
30.5652
30.9212
29.5704
27.7565
29.1503
28.9364
29.5100
29.2153
28.7469
28.6927
31.0710
29.8575
28.9555
27.3544
25.7553
29.8403
26.7196
27.1976
26.1785
29.1313
26.2369
26.7581
26.9198
27.2613
25.8954
26.1507
25.5951
28.6672
27.9337
28.3025
27.9358
26.2468
28.5766
29.9926
28.4780
29.5729
30.6219
26.5643
26.4161
25.7191
28.3015
30.2072
27.4635
28.2267
28.5917
28.3921
28.5744
25.2347
27.7318
28.3652
26.7297
29.1050
26.0074
27.3518
27.3001
28.5763
26.3534
27.7412
27.1776
27.9818
26.8784
25.6788
29.2083
25.6991
24.6877
26.4284
27.8788
26.4247
27.8652
29.5453
26.0544
26.7342
27.8362
26.5168
26.5302
26.0617
27.5290
27.3033
28.1516
28.0838
28.1367
31.7799
30.2864
28.5467
27.7546
27.2759
29.0996
30.2191
30.4137
28.9802
26.6081
27.3976
26.1365
26.1739
26.1108
29.0054
27.7312
27.7161
28.5820
26.9135
28.9880
28.0854
29.6260
27.7052
27.7476
28.8478
27.9845
30.1785
29.0547
29.9880
27.2198
27.1220
29.3606
27.8559
27.3206
29.6914
31.4100
28.0583
28.0536
30.6106
26.9723
26.5994
29.0765
28.4723
28.8345
29.1719
29.3900
25.6784
29.1049
29.2230
26.5916
26.9936
28.4645
30.6548
30.5594
27.5511
28.5669
30.0588
29.4188
29.4632
27.9966
31.1112
30.1755
30.1873
27.7174
27.4077
26.7350
24.2150
25.2866
26.4085
24.6501
26.4183
28.2916
26.7519
24.8398
25.1736
23.8114
27.6264
27.9565
27.6849
28.2261
28.0469
30.3887
28.3627
26.8974
26.4893
24.9319
25.0263
27.0896
26.7834
27.1201
26.2865
25.8922
25.9016
26.0264
26.7200
27.2671
27.7287
28.3797
27.3797
26.9534
27.6919
28.1615
28.0673
28.8522
28.0754
28.5983
26.7385
27.9847
28.9446
27.3917
28.8494
28.6123
26.3750
26.1137
25.9727
30.7864
28.6521
27.9094
27.8223
28.2481
26.2934
26.6170
27.9433
28.7784
27.4994
30.1881
27.7894
26.6137
27.4987
27.0153
26.9733
26.9689
29.6322
27.7489
26.6485
25.4662
27.6954
25.5535
27.7812
28.7649
29.0428
25.5846
27.0186
30.0399
28.8979
29.3873
29.2700
29.8963
31.0578
29.3070
28.1046
26.1247
25.7741
26.0810
25.9518
27.2056
28.0826
25.4219
26.6654
26.7068
26.3541
25.0284
23.5441
24.0428
25.0102
27.3192
26.6381
26.4630
26.0335
28.3025
27.7570
26.4732
25.8710
22.4038
25.6562
26.3387
26.2521
28.7465
27.2061
27.4267
25.6734
27.0664
27.9941
27.1400
26.5703
27.4445
27.0477
25.9709
26.4861
27.1838
28.7772
29.6374
26.2332
28.3938
27.1260
23.8707
25.0580
26.5735
26.8628
29.5411
26.4148
27.2294
24.4498
27.0024
28.0617
31.1577
28.8131
25.3987
28.5535
27.1599
25.4863
25.2829
26.6883
27.7693
25.3421
27.0469
28.6708
27.0605
25.9561
26.3918
26.5086
26.1274
26.1083
25.8420
28.4120
28.0196
27.3092
25.6996
25.0913
24.3126
25.7485
25.1283
26.6159
27.0307
23.3278
26.9204
25.1998
26.8648
26.2938
28.7077
26.1790
25.3220
26.3401
23.9449
24.9163
27.2585
25.6594
24.3130
26.0774
27.5649
27.2613
26.0121
23.6081
25.7808
25.8884
24.6680
25.5507
26.3975
27.9296
27.2187
25.5912
27.7889
24.3689
25.7942
27.7648
28.1508
26.6574
27.4124
27.1455
25.7896
28.9938
26.8334
25.7834
23.4084
26.6419
28.5988
28.0501
27.6292
26.9926
26.8916
26.1302
25.1728
25.5398
27.2176
24.8999
27.2972
28.2208
31.2521
29.4893
28.5606
29.5126
28.4214
28.3896
30.1139
30.6622
29.4758
28.6962
28.2784
27.9128
27.1706
27.5101
28.2875
28.9720
25.3454
26.7256
26.8272
27.3805
26.5554
28.1243
30.9288
28.5631
28.2393
30.3704
29.8295
27.8615
27.5074
28.8832
27.6380
25.9344
23.1737
23.8391
26.0700
24.1207
22.6352
21.8776
24.0263
23.6264
23.1522
26.3892
25.5304
25.2909
25.7694
26.3585
26.8372
24.3642
24.3481
23.4218
23.9665
27.7293
24.2149
25.8498
26.1768
26.4469
28.1055
26.8932
27.3892
27.0529
26.9237
27.7185
25.2553
24.9650
27.9052
23.7664
22.9653
25.6867
26.3073
25.4564
26.5365
26.6401
25.4884
25.6463
24.9681
25.0484
27.0788
24.1427
27.7050
25.0329
23.3584
23.5368
25.0038
24.5788
24.3495
23.6980
23.8838
21.9307
21.5113
22.3186
24.0666
24.6626
23.5164
23.1682
24.1633
25.2944
25.5470
26.5768
23.5870
22.2538
24.2657
23.4661
23.1052
25.1041
25.7256
27.0654
26.6539
24.4005
24.0651
23.6736
24.7914
24.4497
24.4502
23.9212
25.9899
27.5094
25.3605
25.3767
25.2690
26.9571
26.5127
27.3774
25.2129
22.8387
24.6090
24.5794
24.8069
25.8011
23.4063
22.7385
22.4841
22.0925
22.9872
22.9100
22.8698
21.5128
24.9619
23.3971
23.2004
24.5539
23.9065
23.8504
24.1552
22.3375
25.2711
23.3052
27.2617
25.5808
22.8416
23.8543
26.5360
23.5713
26.3554
25.0905
24.9821
24.9683
24.5126
27.6656
26.2428
27.4702
24.7807
24.1229
23.5625
26.2624
25.3668
27.3828
28.7782
27.6098
27.0540
28.5176
26.5401
26.1340
27.3247
27.9046
27.2758
30.7124
26.0461
28.0175
26.6629
26.5537
26.8395
27.3601
25.9934
26.7444
25.9604
26.7728
28.2742
27.0753
25.7915
26.4203
24.9858
27.9404
25.8105
26.7226
27.4912
28.2836
28.1306
28.2060
29.6619
28.2733
29.5572
25.3213
23.5789
23.6530
25.0774
26.1456
26.7582
25.0751
24.8943
25.5148
28.7142
26.2150
27.8691
27.7896
25.5920
24.8323
25.4292
27.5796
24.9577
26.9977
29.0061
28.6280
29.5808
31.1580
27.6865
29.7543
25.6407
27.2892
24.6026
24.8251
25.6772
25.4843
29.0846
25.6750
26.8804
26.3562
27.1001
27.6611
26.9616
28.8036
30.4420
28.8948
27.9810
28.8294
27.3250
28.0070
29.4698
27.9175
27.6361
23.9796
26.0178
26.0509
25.9398
24.5455
24.3670
24.9928
28.0950
26.9820
26.6695
26.4696
27.2918
29.4949
28.2668
27.1595
28.1360
26.8399
26.2452
26.5371
26.8662
26.4130
24.4537
25.8913
26.1420
27.0994
25.6369
25.4230
24.9804
26.9111
27.8201
26.4042
27.5851
27.0079
27.5617
28.6250
27.6409
25.3624
26.5125
25.7114
25.6006
27.2097
28.7104
25.5604
26.5459
28.7062
26.8869
26.0628
28.3652
26.4989
27.8919
25.8925
27.3658
28.1041
28.7742
26.0582
27.3186
26.9290
28.0828
27.6776
27.3602
26.7778
25.2437
24.4429
26.5592
24.0860
25.4264
26.3544
26.9571
26.5815
26.9075
26.8731
28.4676
30.1594
27.9465
27.2418
24.5072
26.6522
26.3975
26.7143
26.1282
27.4257
26.0613
30.3756
27.2705
28.9881
27.7308
25.5780
26.4567
28.7858
27.5926
27.1443
27.6431
26.9201
28.9440
30.6860
27.1142
28.0783
26.7281
27.5643
28.5360
28.1553
29.0350
26.6198
26.1210
25.8667
24.5219
24.8407
26.9643
29.7566
26.5023
26.7096
28.3776
30.2142
29.8816
29.0952
29.9746
28.0073
28.6051
26.3438
26.5464
26.7945
25.2932
26.8833
24.7751
26.6095
29.4347
26.6646
26.1910
27.6865
27.5109
27.5158
23.6132
25.2121
28.2897
29.4781
27.1866
28.6060
26.8954
26.6470
27.2294
29.1108
28.3166
26.5507
27.2978
26.0917
26.2316
26.9270
26.4811
29.8343
26.2529
26.4906
27.6741
27.0531
27.1633
25.4692
28.0707
27.2317
25.0604
25.6201
27.8353
27.3886
29.9207
30.6232
28.9929
26.5955
28.7235
30.7234
24.7109
27.4069
28.7663
25.3811
25.8037
25.8694
25.6519
25.5896
24.8531
25.1289
24.6559
25.9142
28.1111
28.0307
26.8327
26.5704
26.3243
26.6622
25.1463
27.1021
23.7417
25.7990
24.6072
25.5166
27.5382
28.3999
26.2195
26.8473
27.5068
25.1569
27.5023
26.1891
27.0576
28.4126
26.2416
27.6264
29.9899
28.6768
26.6952
25.9451
28.2034
29.9006
28.9296
26.5339
28.2151
27.6946
29.6700
26.6164
26.2544
25.5088
28.8604
28.2846
27.1544
27.7256
26.1002
27.1673
29.0480
27.5409
26.2223
27.7781
27.3285
28.9640
28.3593
27.1118
26.2340
27.8664
26.7783
24.4374
23.8119
26.0295
25.6010
27.0599
27.9069
29.4174
25.4324
29.1670
27.3021
29.0307
25.5003
27.1512
26.5372
28.1731
28.5317
27.0433
28.1700
30.7244
28.3540
28.2540
32.2137
26.3910
26.9692
28.3983
25.9620
25.1607
28.7213
28.6663
28.2396
30.0758
28.0200
25.4821
23.6548
24.7848
25.6201
25.3181
26.0812
25.4205
25.5589
27.3820
25.8491
23.1709
26.2941
26.7697
27.0656
28.0494
27.3946
27.5108
25.4095
27.7151
26.7516
24.3596
22.5443
24.6834
23.4081
24.8825
23.8377
24.6006
24.5253
24.1249
23.4496
24.6553
25.6849
26.4716
24.2137
24.2054
28.1820
26.6228
26.7131
25.3931
26.1452
25.4633
25.9703
25.2226
26.2400
27.9856
29.4769
28.8154
27.8133
29.5092
29.0993
26.2850
26.6044
26.4484
26.4265
27.4405
24.9439
24.0894
28.7915
27.4552
27.9306
27.9110
29.6648
27.8597
29.4094
27.5048
29.4964
28.2448
27.5062
26.2053
29.1054
26.8493
27.9360
25.8452
28.1913
27.7488
26.9342
27.5955
26.3677
26.2523
27.6603
27.6294
27.7099
25.6080
25.3916
25.8406
27.8876
25.2625
27.0381
25.9995
26.1845
25.7530
27.2504
27.2457
29.4634
26.7136
24.4627
26.7496
25.9255
24.7395
24.6265
24.1252
24.2721
25.0899
24.7699
26.5223
26.8221
26.2661
27.8938
26.7008
26.9649
27.7202
27.4075
27.5293
25.6251
27.7627
28.5221
25.4800
26.5620
26.8990
28.8144
27.6732
28.2534
28.1491
25.5986
26.3277
28.8771
27.8304
26.0343
26.3423
26.2740
27.3517
25.0164
25.6828
25.6133
24.7723
27.2642
27.7021
29.1080
25.9016
25.2264
24.1479
25.7866
28.4728
27.6356
26.7993
25.1035
25.5669
27.1317
27.6837
27.2333
27.7381
26.2087
27.5200
25.8072
27.9855
26.3320
24.8181
29.9765
24.6026
25.6579
24.7087
25.6059
25.7842
26.9324
28.0367
27.6320
27.4723
26.4482
26.3519
31.3427
28.1041
29.5216
28.4307
27.0604
27.6060
27.7393
26.7967
27.8678
26.7473
26.1377
26.5560
25.7090
25.0882
27.9326
26.9347
27.2515
25.0925
25.4078
25.0848
24.1051
24.5033
24.6941
24.5430
26.1143
24.7456
28.0169
25.5817
28.6990
26.0545
24.4448
25.5797
25.4608
24.5265
26.6199
27.9942
28.3177
27.7063
27.6626
27.7556
28.1454
28.1533
29.5712
29.5598
26.3079
27.3529
29.8565
29.3607
29.8173
27.4160
29.2092
24.1103
25.0100
25.6017
27.9511
26.3729
26.3065
27.7146
28.1601
27.4883
24.9123
25.5339
28.4984
27.2466
27.4151
28.7500
27.2733
28.1233
28.9720
29.4712
29.8071
28.0208
27.0229
28.8194
26.9206
28.2702
25.5375
26.0208
25.7171
29.1621
30.1373
29.0657
29.1476
30.2042
25.5042
27.4438
26.2656
24.4029
26.5435
25.9869
23.8792
22.5082
23.9885
22.7965
23.8137
24.6120
27.5355
29.3518
29.8222
27.4554
29.5083
29.2045
31.3483
30.9746
26.8935
26.9634
24.9109
25.3129
26.2250
26.3015
27.8356
29.2649
25.2401
26.1600
25.1123
25.7615
28.2146
28.8544
28.3149
28.5976
27.8704
24.5841
30.2245
26.0620
26.2012
27.2677
28.5973
26.4325
26.7181
24.7726
25.4257
26.1161
25.3900
26.5454
29.5008
28.7613
25.3808
27.6919
24.5961
27.5632
26.6681
23.5236
25.1243
25.6522
27.1329
26.5237
27.5138
26.0542
27.0125
26.0314
28.4599
29.5809
26.4591
26.2244
24.4281
25.5719
26.0853
27.7152
24.8943
24.4275
25.8652
25.0142
28.7506
27.9930
26.9023
27.9394
26.4592
24.7890
23.7862
22.0099
24.2385
25.5461
24.3267
24.9425
25.5805
25.7432
26.9099
25.6452
27.3148
27.3080
27.7855
27.8152
29.4389
27.1068
28.6049
25.8011
27.9927
26.6616
30.2343
29.8723
29.8824
29.4752
26.3731
26.2143
26.2979
27.2332
26.5169
29.5656
28.7185
33.8089
30.2757
30.7865
33.5320
31.5427
28.0081
27.9656
29.0303
28.7840
27.2845
28.0084
26.0176
27.9710
28.6092
29.5129
28.8726
27.9456
27.1846
27.3350
25.3861
25.7558
27.7983
27.5100
26.8984
27.5798
28.0969
27.9825
27.3957
27.2691
25.1952
25.8208
25.0137
24.9654
23.7196
25.3979
28.9634
27.2983
27.0779
25.5155
26.2072
26.7705
26.8254
29.7929
29.4929
26.9634
27.1073
27.4704
29.6297
28.6084
26.8958
27.1666
27.6819
27.0471
27.3145
26.4552
26.9121
27.1604
26.0635
27.4193
27.1913
26.7950
26.3372
26.0699
26.9762
28.9198
25.9777
28.9547
28.2748
28.1540
30.0645
28.3916
28.9861
32.5942
29.4092
29.8221
27.4129
27.1347
27.6116
27.9538
27.5391
27.2488
27.4322
27.9612
29.1670
31.9785
29.0157
31.1886
30.1886
30.3082
29.9313
27.8037
26.7251
27.2817
29.8997
28.5551
31.1208
30.7322
30.0703
26.8661
26.4888
27.0461
28.4203
25.2131
29.3059
29.1421
30.8394
29.0056
27.7696
26.6420
26.7319
27.9095
28.1423
25.6492
24.6837
26.1262
30.5857
30.7073
30.0566
31.6851
31.8134
33.3431
26.9795
28.4367
29.9467
26.9631
27.7779
30.3381
27.5467
27.3375
27.8834
29.0344
28.1573
28.3545
25.7372
26.4282
26.3590
27.3720
26.2681
29.0760
25.8325
27.7457
28.8447
28.0153
26.4490
28.5019
28.0814
28.3506
28.7157
27.1417
29.1306
30.5806
26.5677
27.2549
28.5553
27.5612
28.4389
29.5783
28.5030
30.4716
29.6164
29.0126
30.5769
31.1240
29.0370
31.0704
29.1362
32.5536
31.8484
31.5052
28.5980
27.0840
27.5315
27.9167
28.2647
25.5551
24.4347
26.6054
24.5190
26.3580
24.9079
25.3057
23.8872
24.4242
26.6681
25.2259
24.1592
25.2267
26.4317
25.6071
24.5596
25.8107
23.6411
25.9600
27.8465
28.6395
28.1803
26.3635
29.8098
27.4016
26.9346
30.2725
26.8899
27.9647
26.6658
26.9594
26.7876
28.8549
26.9296
27.7772
26.6071
29.2216
28.0947
27.1812
27.4876
26.3918
26.7870
28.0247
26.5487
27.2344
28.7627
28.3461
29.8248
29.2054
29.3321
27.0270
26.9732
24.8528
25.2809
28.1159
30.8224
28.6165
26.5445
27.7527
26.1006
25.9977
26.1797
28.0052
25.5765
23.7580
26.7778
26.3150
26.7363
26.1507
25.6172
26.9382
27.3903
28.1608
25.8800
26.2547
26.4660
24.9667
27.9730
26.7527
25.0949
27.4565
26.0302
28.5344
31.2408
26.7211
25.4742
25.8834
24.4662
26.9163
26.8173
25.9695
27.6273
27.4335
28.0750
28.6456
28.5336
27.7336
27.9107
27.6161
27.9909
27.1602
28.5273
28.0004
28.4837
24.7770
27.5574
25.8644
27.6126
24.3084
26.6046
25.8434
30.0896
29.3758
29.4961
26.8851
25.9485
28.6476
27.4039
28.1691
27.6670
25.5780
25.6722
26.0611
24.9022
26.9165
23.7383
25.3156
27.6263
25.6875
30.0852
29.6127
29.5515
29.9471
27.9996
29.7255
30.0032
28.6425
29.1277
27.9002
28.6043
29.7330
25.9881
31.1869
27.1626
30.0587
28.9598
27.9060
27.2396
27.7591
28.0882
25.2917
26.6796
27.5736
25.2886
22.9668
25.2903
24.5785
24.4834
25.4040
29.1781
28.2368
26.1841
29.1079
27.2703
27.4573
29.4879
28.0794
28.6042
30.3770
28.7709
26.5822
26.1053
24.9481
25.3821
28.3559
27.0887
27.3044
26.6207
26.1171
26.8023
24.2789
24.0535
26.9254
28.9427
29.3358
29.7926
30.6934
29.3236
29.1620
26.3823
29.0418
28.5173
26.7607
27.8655
26.4069
23.4931
25.3118
27.5363
27.1971
25.3544
26.6153
28.7842
27.9880
28.8249
28.9636
28.1838
29.9107
30.4190
29.5748
28.1443
29.6350
30.3726
32.7342
28.7610
28.6516
27.6587
28.7507
29.0937
27.0539
28.6204
27.4479
31.4773
28.2054
29.8060
30.4554
32.3489
31.2606
28.4445
27.5186
30.3410
27.6293
28.0373
26.1604
26.9652
26.0997
27.3764
26.3982
27.7522
28.6640
27.9526
28.7814
30.4013
24.5217
25.7765
26.1266
23.7340
25.3461
23.8414
26.3575
24.6327
24.7763
26.9360
27.2581
29.1731
25.9248
24.7844
27.8355
28.5710
27.1956
29.1536
26.9781
26.7360
26.6860
26.2610
26.2167
26.4383
25.5032
24.4845
27.1428
28.1129
25.5676
26.9428
27.1288
26.4911
28.0098
27.1940
27.8248
27.4879
29.4876
30.0190
28.6525
29.2133
27.0968
28.4816
27.8247
27.4340
27.6351
28.0604
28.1727
26.2849
29.1243
25.7000
26.7355
27.1920
25.6826
24.3990
26.5010
24.2880
26.1915
26.9722
27.2670
28.2610
25.4900
25.7078
25.4036
26.3675
27.6510
26.8166
24.9503
27.0816
27.3848
29.0115
30.3833
29.9577
25.6476
28.4132
30.7893
27.8581
30.1860
28.6860
27.5203
28.5795
28.7092
31.3649
30.9564
29.1263
30.0048
29.9299
28.2556
30.2898
28.5465
28.9058
25.8101
26.4000
27.1612
26.3472
26.4043
25.7361
26.4301
26.4078
24.3692
24.1871
24.2548
26.8317
26.8307
24.9784
27.6958
28.5968
27.4059
27.0206
25.4188
25.8303
26.9367
28.3338
27.0624
23.9130
25.8700
26.2261
24.6917
27.0037
26.4984
25.1886
27.1979
26.4789
26.3136
24.3522
26.3800
25.1262
25.8268
26.7211
28.3746
27.5714
28.6903
28.5380
28.5527
26.8597
27.3893
29.2690
28.5284
28.1738
27.5610
27.7823
30.9545
27.2482
25.4262
27.5717
28.1115
25.7885
24.1589
24.2379
26.5123
24.9287
25.8801
27.2672
28.0385
26.5638
23.6938
25.7413
23.5629
26.3427
25.6363
26.8717
25.7994
26.1808
27.8779
25.1481
24.5763
25.2041
25.9168
26.8740
26.1763
29.6830
26.5443
25.3049
25.8220
22.9853
25.5325
23.4699
25.3408
27.1531
26.6175
26.8600
26.5664
25.8311
27.3167
26.5294
26.5204
27.4599
27.7505
28.5215
29.1150
27.2181
25.6160
29.3225
27.0540
27.1084
26.7432
27.7185
26.5489
27.7495
26.4550
25.7444
25.2922
27.1556
25.6497
28.7037
28.5029
27.1375
28.4410
27.8192
28.0703
30.1494
27.5738
29.2302
27.1596
26.3795
28.4681
27.2168
27.0777
26.6432
28.8278
27.8230
26.3212
28.2975
29.1726
29.1345
25.9187
25.0666
24.8765
26.8108
25.3797
27.1119
27.0596
30.0386
27.3731
24.9875
28.7035
28.6326
27.6759
27.8580
31.0621
28.3107
29.2625
30.7135
26.2696
26.1493
26.4170
27.5437
26.6916
27.0923
28.2539
25.9924
28.4560
27.6739
28.4757
30.9598
28.4615
27.8664
25.5873
24.4863
26.1501
26.4763
27.4339
26.2736
25.9334
26.5212
24.7284
25.4067
25.7914
25.6667
26.8175
27.5762
27.6430
26.7591
25.6451
26.6547
25.3314
25.8039
27.5335
24.7643
27.3838
28.1632
27.3470
24.9764
26.9809
28.8923
27.9435
26.3422
26.4678
28.9273
27.3069
27.3614
29.4975
29.1002
29.6089
27.8770
28.9297
29.3383
29.2362
29.4099
27.9750
25.7022
23.2228
26.5368
25.4209
25.5495
24.2524
26.9852
25.2000
24.5898
27.6802
26.4918
26.2468
27.7978
26.8638
26.1984
27.2134
30.4597
31.0343
27.5175
30.4372
30.0555
28.4730
27.2681
29.3142
29.4377
29.9361
30.9750
31.2546
29.9268
28.9644
28.9668
30.6653
27.6606
27.1510
26.9050
30.8738
28.2224
28.0893
27.9536
29.5029
28.8933
28.5324
27.6091
28.2810
29.2780
27.6968
26.7140
26.8417
27.7309
30.2670
29.5014
30.9449
32.0668
27.7905
27.2533
26.3071
27.4338
28.2618
27.8012
26.4969
26.5682
27.5887
25.6797
26.3950
27.9774
25.3847
27.4988
27.4435
27.1193
26.2864
28.0852
28.8760
29.1362
27.9981
28.1837
26.9581
29.0013
29.9990
29.3343
27.8298
26.6910
27.9286
26.0654
29.0905
27.1183
26.6324
24.9053
30.6883
29.1558
28.7439
28.5606
28.6519
27.8144
26.4612
25.5194
26.3305
26.6052
28.1361
30.8902
29.9190
26.9241
28.5426
27.6087
30.7342
28.5589
28.7250
29.2337
28.8755
28.3530
30.0642
29.1161
29.6038
28.9692
28.7766
26.4025
27.4558
26.8952
27.1880
26.9972
26.1605
26.9924
29.2256
28.0082
27.2361
27.9683
27.9975
25.9554
27.8458
25.2698
27.5714
26.5582
28.3987
26.4978
27.9987
25.4036
28.6603
28.8534
30.2493
24.7503
29.3493
26.3847
25.9462
26.1662
26.0248
26.5038
27.0537
26.2417
26.5431
26.9331
26.1249
24.5906
26.2040
27.3079
26.1717
26.2160
24.3524
22.6309
23.9971
27.1786
27.8359
23.9841
25.8559
25.2939
26.3763
27.4141
28.1638
27.8608
27.3281
26.3266
27.4205
27.5165
25.1840
26.0301
25.5277
26.3576
26.0314
25.7667
24.8041
27.0136
26.0300
27.0771
26.2629
29.9703
29.5861
28.0517
26.0714
27.1372
29.9296
28.9425
30.8049
31.5502
27.7988
26.5863
27.5096
28.4565
27.9933
28.0861
27.3131
28.4768
27.1828
28.1036
29.2860
30.0853
29.0733
26.6562
28.7315
26.5782
27.5382
27.6334
25.7187
26.8868
25.1004
26.2800
26.1864
28.0328
27.0765
28.4662
30.1351
26.0865
25.9201
25.6882
26.2597
29.0909
27.7047
29.7107
27.1601
25.8948
27.2881
27.1409
26.8497
27.0911
25.4729
26.3307
24.7433
26.5257
26.9929
29.2616
31.4083
28.0861
30.1739
27.2814
28.1179
27.5811
29.9237
30.2627
28.9559
28.1513
26.3244
25.3995
25.6544
27.5249
27.9355
29.6155
27.9862
26.8071
29.2629
30.8257
28.5327
29.3064
26.6442
26.8020
26.4631
27.8872
26.7827
26.3972
25.6423
27.2575
25.8442
27.1824
27.3419
27.0709
28.4197
28.3708
28.6048
25.4175
25.9373
25.9288
26.3446
28.0369
27.3017
26.4648
24.8967
24.3700
25.5098
26.2331
24.6714
25.2566
22.5402
25.3345
25.4739
24.9842
28.3751
28.2597
28.3651
29.6505
28.8316
27.2118
25.5473
25.1821
26.7515
28.4567
25.9113
27.5154
25.6871
25.1380
25.2332
24.6037
25.4843
25.8156
24.6336
25.2808
25.8129
25.5202
26.0521
25.1731
27.0025
27.3391
28.8496
27.0170
28.1504
27.3349
26.9701
26.4516
28.5874
27.1411
27.5370
26.0360
29.9729
28.2976
28.5835
26.2158
27.5588
27.5857
26.0336
28.3644
27.6574
29.1903
26.9277
28.7172
27.3293
27.9165
27.6899
29.0056
28.1366
28.1661
28.7964
28.6901
28.0840
28.0666
27.7638
26.7281
25.9961
25.2873
26.3446
28.6859
29.4898
27.6601
27.4914
24.0899
24.7821
25.8272
25.7356
27.1102
28.0234
25.8227
26.4595
27.0818
26.3097
26.3204
27.2026
26.1138
25.3464
27.5622
25.1177
26.1544
28.4126
28.2002
25.5101
25.7522
27.3006
27.2244
28.0603
26.1052
28.2024
24.5694
26.2455
26.5875
25.8250
26.9472
25.5164
27.3787
23.7921
26.6152
29.2076
27.4656
28.6776
27.1085
27.6376
25.4273
24.5279
26.1916
26.6444
25.3726
25.2026
26.5049
25.0707
25.9764
25.6192
27.2554
26.8005
26.5305
24.9928
25.9621
28.0354
26.5732
26.1984
23.8828
24.0436
24.6735
25.2451
25.9808
25.9553
27.7226
24.2321
25.6296
26.5949
27.4592
26.6699
25.8101
25.2156
24.2090
22.9356
25.5608
25.4965
24.3328
26.3453
28.1317
27.2238
29.2652
26.6539
25.9446
28.2131
29.2282
29.3246
27.5502
28.5411
30.7512
26.6978
28.5156
29.7867
27.2252
28.1588
28.2670
26.6599
28.4318
29.1545
26.3781
25.7588
26.4241
24.9448
26.8923
24.7761
26.3337
27.3863
27.6216
26.1574
26.0375
29.2104
25.0460
27.3357
29.0595
29.3056
26.4414
24.0079
24.4799
25.9069
27.4961
26.5104
25.6900
27.0761
27.3382
26.2081
25.5631
28.8265
28.7790
29.5521
26.9629
28.7687
29.7122
27.1397
29.4682
28.9483
27.4133
30.3913
30.6263
28.5684
30.6665
29.6874
28.5634
25.6967
27.3265
25.1131
27.2963
28.5579
26.9607
27.7362
27.2060
27.5889
27.0868
28.9231
31.5557
29.6992
27.8790
28.4937
30.4614
26.7508
27.3307
29.6063
27.6191
28.2407
29.3310
27.1590
26.3576
26.4780
26.1316
28.0246
27.8006
24.6838
29.4018
27.2749
28.1818
30.0851
28.0786
27.3626
29.8781
26.9945
26.9990
27.2383
27.0331
26.0367
26.8231
26.3179
29.0068
29.9720
31.5656
29.6909
26.7049
27.9541
29.1111
28.3372
27.4910
27.1723
27.4649
28.9217
29.7447
28.9793
28.2864
26.6650
24.3975
29.3825
26.5422
29.2276
28.7890
26.3884
27.4050
28.7412
26.3810
27.6207
25.9773
26.0569
27.5505
27.4219
27.1529
28.0261
26.9918
29.9633
29.6527
29.3278
28.9376
29.4064
27.2884
28.1569
28.6170
29.6080
27.4576
30.3943
29.0189
29.6832
31.6028
29.7878
30.3423
28.6420
30.1902
31.3435
28.1263
29.7517
28.5274
30.5590
28.0507
32.1624
30.5564
31.0321
30.0899
28.3505
28.1815
28.6731
30.3006
28.8822
28.5283
27.8870
27.0328
26.3258
26.8398
26.6322
26.6113
25.7893
28.2244
28.1452
26.9882
27.1253
28.3855
30.3670
29.9431
29.0258
26.9762
28.0320
26.7581
27.2741
28.2311
27.0804
29.4149
28.9706
29.6009
32.6261
29.7531
28.1517
26.4495
28.6890
27.4076
27.5540
30.8905
30.6615
28.2731
26.2592
28.7061
27.9747
26.5680
28.0523
28.6859
29.8718
28.7244
28.7231
25.0812
27.6614
27.6724
28.1222
27.2440
26.4512
28.5556
27.1725
29.7304
27.7878
26.5342
25.7526
25.0755
27.2537
28.3384
25.2476
26.7424
28.5401
28.1379
30.1615
26.6874
29.2661
26.5708
28.8272
27.6297
30.4020
31.3361
27.9868
27.0966
29.3701
27.8523
27.8725
26.7473
28.1284
28.3886
27.4314
30.7286
28.9419
28.1773
29.9623
28.2114
30.1182
30.9087
28.5624
27.0943
26.5221
26.8485
26.2766
26.4596
25.0274
27.0650
27.8615
27.7748
27.3952
26.3913
25.7983
27.2507
26.7167
24.9176
26.7326
25.0792
25.1717
25.6698
26.8748
27.3891
27.4803
30.3193
28.2674
26.4567
26.9189
29.0467
26.8319
27.0443
27.0247
28.2879
27.4321
26.0450
27.8919
26.9693
29.0827
28.8013
28.7688
28.1489
27.5872
28.4677
27.2906
26.0110
26.9102
26.0003
26.4997
26.4236
26.1071
25.9535
26.2473
28.5973
28.5046
28.1826
27.5135
25.3423
27.1021
26.8322
27.7193
26.9611
28.1127
26.2974
26.7594
26.7413
29.4098
26.8638
30.5253
30.9248
30.7179
28.9117
28.4006
29.9407
29.4684
30.0223
27.2122
29.3981
28.5326
27.8445
26.5296
29.2623
29.6571
27.6614
27.3777
28.3686
30.0294
31.2277
28.9992
28.7959
28.8321
28.4704
29.8275
29.8437
27.7377
30.5279
27.8112
28.3540
25.5332
26.6204
26.8826
25.9279
26.6902
27.6739
28.7201
25.8835
26.7599
26.6975
27.7520
27.7936
26.6191
28.4672
26.9728
27.6394
26.8866
27.9263
27.3525
28.5832
26.8725
28.8094
26.4816
27.1999
26.8368
26.7161
25.3360
26.2249
28.2552
25.4999
25.8764
27.1720
27.3686
25.9734
26.0971
24.8277
25.7464
25.5444
23.8592
25.3270
26.8533
26.4774
27.2095
26.5835
26.1177
24.7764
24.9585
25.4595
26.1543
26.8353
28.1116
28.5591
29.7549
30.9228
27.3131
26.5129
25.8772
26.7746
26.9121
26.3213
27.7848
27.6969
25.3437
24.2276
25.6349
24.3470
24.3463
23.9486
25.9648
29.2747
29.0692
26.9504
27.2215
27.3729
29.4027
27.5974
29.9136
28.5397
31.0979
29.1951
27.7196
29.4668
29.2278
27.7392
27.5113
27.3056
28.6655
27.8718
26.6783
24.4868
25.4382
24.6878
25.1780
26.9683
24.9174
25.2196
26.4661
27.2951
27.6810
25.5040
27.3104
25.1925
24.6077
22.2177
23.3678
25.7640
25.4691
23.9689
25.1776
25.6086
24.3434
24.2413
25.3246
24.0080
24.6060
24.2350
23.4812
22.7497
25.6201
24.9159
24.6602
25.3988
27.3736
24.6463
25.5483
24.7084
26.0311
25.2974
23.9331
23.9320
26.0570
27.8717
24.7111
24.8592
23.0562
22.8299
22.7315
24.4519
24.2924
24.3028
25.8170
26.9377
28.6835
27.5073
26.5932
25.1848
26.4706
25.0770
28.6727
27.6709
28.6916
25.5281
26.1214
27.3743
25.6658
26.8688
27.5636
27.3529
25.3409
26.3270
24.9764
24.2395
24.0467
23.8046
26.0315
25.0601
26.1410
25.8203
25.6420
24.6619
24.1345
25.4829
26.3405
25.9046
23.5989
25.4795
24.7600
23.7554
23.3230
23.4464
24.5539
25.3350
25.3128
27.5136
24.3330
23.3750
24.7341
24.9208
25.5683
23.7685
27.8670
26.2970
24.9873
27.9753
23.9716
23.3015
23.6278
22.7421
22.5649
24.7680
23.8673
24.6478
24.5713
24.2260
23.0566
24.9319
25.5083
27.8751
26.3843
27.1556
25.7584
23.8936
25.7638
23.8795
24.8840
27.9764
26.3965
25.0026
28.5179
23.7288
26.0176
23.5106
23.8976
23.6994
24.4220
24.8822
26.9993
23.2866
22.8524
22.9652
23.1805
24.4339
24.4307
25.9748
24.4410
23.5316
23.8435
24.9445
26.0279
24.3983
26.3105
27.5494
26.1277
24.9579
25.9360
25.0683
24.4650
25.3104
26.0741
26.0215
22.2328
23.4229
23.3827
27.7700
26.3908
26.2192
25.9245
24.5735
25.0154
22.7313
23.2405
23.3356
25.3960
26.2581
27.3928
26.2607
26.9428
25.8834
24.6482
24.2493
25.4376
24.0791
24.0255
22.7477
22.1144
25.1796
25.9342
24.6698
25.2864
25.8947
24.8854
27.8921
26.6401
27.8287
25.3560
24.9323
26.4608
26.1776
25.8127
25.9645
26.1218
28.3355
29.0740
28.3019
28.3080
28.7687
26.4692
27.6118
30.6980
29.6168
28.8558
31.2236
30.0668
29.2055
28.8433
29.7606
32.1256
27.8798
25.0295
26.4123
26.3719
26.9804
24.7356
24.1114
24.1723
25.5405
23.4580
24.6667
23.9790
22.5453
23.8334
22.8940
22.2073
23.3644
23.0632
23.9947
26.0391
23.5431
22.9519
22.4322
24.1490
24.5242
24.7478
26.7312
26.5177
25.2600
25.1162
25.5318
25.6295
26.1816
25.1994
25.9167
26.1311
23.2462
23.3254
23.8848
26.1304
26.2803
24.4863
24.4345
24.2814
25.1491
23.5321
24.1958
24.4127
24.1666
25.0249
24.3814
23.7158
23.4668
24.9995
26.6620
25.3557
25.3871
24.6900
25.3643
27.5479
27.0700
24.4259
25.4475
23.4261
24.4632
26.9755
25.2528
26.3712
24.5702
25.3293
27.0742
29.9571
29.6240
29.1780
31.0493
30.5588
30.6301
29.9435
30.5224
29.5666
26.8433
28.3873
28.7824
31.9835
26.5255
27.3227
28.7162
28.3518
27.9950
26.0271
27.1025
29.5421
25.8437
26.2110
27.0957
25.4502
25.0946
26.8156
28.2585
29.7432
24.9187
26.7777
27.6847
27.9766
29.7204
29.4737
28.3363
25.4967
28.6467
28.6609
28.7160
29.2067
31.0349
30.2413
28.3616
27.2513
29.1434
26.6344
30.8000
28.0545
25.0483
26.3686
27.7230
26.0520
27.0957
27.0579
24.7301
27.3880
27.0578
27.5193
27.5349
27.7002
25.9157
25.8766
25.3155
26.7409
24.9295
24.9464
26.2730
27.7016
25.8228
26.2439
26.0061
25.9580
26.2398
25.1931
27.4382
25.9455
24.8579
27.5792
28.0263
28.8993
26.2631
24.9936
23.9439
25.4201
24.2205
23.6161
23.5519
24.0550
27.1163
29.5452
28.4844
28.1507
27.8433
28.1922
25.8948
25.9513
25.8075
27.5374
30.4243
28.6940
26.0217
27.1807
28.5986
27.8985
29.1426
27.8311
26.8098
24.5553
27.4209
27.4844
28.0341
26.8162
26.9072
28.4596
26.5951
26.7412
24.7659
22.1626
27.0702
25.1855
26.9842
28.4787
23.9404
24.9016
26.4150
23.9651
24.1980
23.2331
23.2923
25.2760
24.8640
23.3548
24.1144
26.7684
25.7888
24.7153
25.6715
24.6231
24.3731
23.6632
26.8025
23.8563
26.4148
23.5697
24.7077
25.2010
26.8990
26.4571
28.0163
27.6036
28.2212
28.3055
26.7725
26.0568
27.8551
24.6502
25.5632
26.2781
27.4015
26.0467
25.8719
25.9214
26.5179
25.2680
24.0634
25.8311
27.4770
27.4236
26.1038
24.5494
27.9654
27.6680
28.9490
26.5276
26.8934
25.3477
25.7930
26.5887
28.3750
27.4468
25.9652
25.0659
27.0180
24.9919
27.8435
25.7473
24.5924
24.2863
25.3483
27.2644
28.3075
28.6699
32.0606
30.5965
25.6640
27.5207
28.2802
25.5407
29.0227
30.1336
28.1811
26.0257
25.9182
26.4302
26.4547
28.2162
27.7295
25.4862
25.7557
24.1870
24.8920
27.2013
29.5725
27.2717
27.0094
27.8393
26.5227
27.0851
27.3172
26.2573
25.2628
25.1912
24.1208
26.6696
26.9158
26.1089
26.2136
27.4236
29.5259
26.0330
27.5001
26.6283
27.4305
27.1869
29.2867
26.4998
27.1263
28.4081
25.2386
25.6196
24.5402
26.7305
27.2563
25.7902
26.8895
29.4275
26.9557
27.5980
28.1832
25.1850
26.4614
26.8901
23.6895
25.1847
23.0803
23.4037
27.5598
27.7459
28.1771
26.0114
27.6907
26.9153
26.5356
27.5307
26.0826
24.7575
23.5660
24.6776
27.2077
27.1499
27.2110
26.5473
26.1088
25.8796
24.0320
25.0916
24.4856
24.5742
25.9579
26.3973
28.0904
23.4122
24.4897
24.3491
26.1727
26.7511
25.1541
24.7581
24.2451
24.9899
23.8195
24.5380
23.0618
24.9911
25.6080
23.7451
25.3346
26.1583
26.4664
26.5475
27.8489
29.2247
29.3294
27.7796
26.8565
26.4233
26.6630
25.7609
26.3407
28.4974
26.1579
27.2212
26.4157
26.8741
25.9737
26.9620
26.4734
25.7653
29.9213
26.8669
25.7281
24.0500
23.5906
23.1024
23.6982
25.3175
24.4765
27.2497
27.2726
26.2973
26.0896
25.1559
26.8996
27.4214
26.1734
24.8706
22.2096
26.7951
25.5075
26.4558
27.3868
27.5301
26.5869
27.8005
27.1770
26.4984
26.6057
24.4253
24.9797
26.0934
24.5028
26.3231
25.8931
26.0870
23.8611
25.0079
25.7570
24.9027
27.9735
25.7194
27.9712
25.1143
25.5047
25.9501
27.8961
27.6035
24.7871
24.9046
24.7733
25.6753
22.8621
22.1003
24.4397
26.8329
24.7720
23.0587
25.2091
23.0561
22.8902
22.2713
22.7420
25.5454
25.2333
27.7730
28.4135
26.2437
27.6969
23.9064
25.0378
23.1212
25.3030
24.0390
27.9661
28.6999
29.1402
28.9769
26.4013
29.2710
28.3758
28.0178
26.7408
26.7721
26.3595
26.0426
25.2155
24.5192
25.8626
25.7977
29.7797
26.9020
27.0165
26.5780
26.2605
27.3493
26.8644
25.9928
24.6694
26.9601
27.4007
26.1730
24.8693
26.9927
27.0218
25.8722
25.9712
24.7805
25.5206
25.1419
26.2775
26.9715
26.1488
26.9968
27.9858
25.6493
26.4023
25.7988
24.6127
25.6763
27.6750
25.9493
27.2042
25.2929
27.2697
26.5996
26.7173
26.1648
26.9467
24.7808
27.4951
25.7119
24.7585
26.9264
24.5154
25.5311
24.3345
24.4837
24.4689
26.1266
25.3812
24.2189
24.1368
25.3579
26.1437
25.8659
26.9632
26.5050
27.2927
27.7605
28.9892
28.0110
24.1094
26.0475
24.0187
25.1622
22.6694
24.7535
25.2699
24.8534
23.2707
22.0252
22.4675
25.1468
25.6235
23.8975
25.2571
24.6315
24.2114
22.8060
24.3399
26.0525
24.7986
24.4304
26.4826
26.9544
24.0654
25.4139
26.4003
25.3978
26.2220
25.7011
25.8865
26.1619
26.1886
27.3185
21.6976
24.6600
25.3449
27.1604
27.2768
27.7378
26.5457
27.9204
23.5206
23.4312
23.1369
27.5121
26.2094
26.5313
25.2971
26.9551
25.2528
26.9095
25.8952
27.4812
26.0504
23.3116
26.8941
25.0664
25.1499
24.6622
26.0054
25.3521
26.4983
25.0333
24.0937
25.8074
23.8877
25.4397
24.9841
24.7138
27.3055
26.4862
25.4360
27.3171
27.5286
29.4036
26.3766
25.6769
24.1331
23.2909
25.5717
25.6095
23.1247
23.8639
24.1861
24.4355
23.8742
24.2460
23.5702
25.9964
24.9731
23.8582
25.7905
27.5571
27.7960
26.4644
25.7405
25.4067
26.9983
23.5769
24.9154
24.7840
25.9125
23.7339
25.4690
23.9293
24.5434
24.3098
23.1672
24.5471
24.2308
25.5013
24.6058
26.1891
25.4135
24.2053
22.8911
23.0806
24.8431
27.7926
25.2004
25.8421
25.2759
24.9943
25.3513
25.0784
25.3000
24.8500
25.7534
23.6911
23.0214
24.5496
21.9270
25.6844
22.5347
23.0583
23.6298
23.5280
24.9643
23.1987
25.6715
24.5594
23.3374
26.6559
23.9612
25.8416
25.8298
25.0952
23.9401
24.8448
25.8316
25.2424
26.2763
25.1837
25.9212
24.3623
25.5273
24.7375
26.2378
23.6226
23.3603
24.0554
24.4865
25.2296
26.3311
24.8524
22.5736
25.1544
24.7609
24.4232
25.0799
25.7704
25.0419
25.1217
25.3062
26.0554
25.5417
24.2243
25.1595
24.4100
24.7468
25.0359
25.7831
24.7102
24.7914
23.9420
24.0290
24.7870
27.3152
28.2434
25.1678
25.6818
26.2308
24.9332
25.7900
24.0989
27.3657
27.7202
28.5715
25.1121
24.7588
24.1157
26.3506
26.9936
25.8937
27.7191
27.7214
27.7816
26.2025
25.0597
27.2655
26.7335
26.7650
27.6870
25.7190
26.4374
25.7623
26.7648
26.7950
26.3685
25.1477
25.7501
22.6911
21.5798
22.3799
21.6219
24.4779
23.4056
23.3165
21.6527
23.9566
26.6685
24.8638
27.6172
23.7941
24.8697
27.6476
27.3374
25.4502
25.3789
22.7880
23.2472
23.0810
22.0371
21.3923
22.5722
23.2872
22.1008
21.9579
23.6800
25.0969
25.4556
24.5261
28.0039
26.2795
27.4044
27.3554
24.8369
26.9055
23.8082
23.8074
24.8329
24.1031
24.7159
27.7827
25.7060
27.7729
24.8069
22.2621
25.5321
26.5647
25.0690
27.3272
26.2856
26.1940
24.0841
26.1690
26.6746
24.0503
23.8988
25.7269
24.9559
26.3245
24.7333
25.7208
25.9082
22.2694
23.9591
23.0506
25.6151
25.7447
25.9842
25.4418
25.8774
23.7463
25.2655
24.5344
25.2351
24.3827
23.7226
24.4810
21.6029
24.1375
25.2171
23.3881
23.3702
25.1042
25.8916
24.9733
28.1564
28.3133
27.9627
26.0671
26.2924
26.9566
26.4474
26.7910
23.7085
24.7080
25.2218
23.5973
22.8842
25.0405
29.3736
26.2379
27.4602
24.8054
25.1409
26.4447
25.7492
23.2308
23.2268
23.8568
25.8038
26.6304
24.6723
25.9133
25.7555
25.4810
24.9943
25.1994
26.7916
28.0389
26.2557
23.5598
23.6398
21.7938
23.0241
22.7773
22.0470
22.8733
23.3873
24.0940
25.1359
25.0258
27.8373
25.5224
25.6175
25.4597
23.8620
22.4381
24.6489
25.4306
24.7790
23.7603
22.7778
23.1548
22.5978
23.5022
24.6988
24.5750
24.3667
25.5259
24.9303
24.0654
26.1823
24.3623
24.5511
23.3645
22.1515
23.3774
22.9634
22.0491
25.3461
26.2858
25.0893
24.7889
26.7679
25.5025
27.5608
26.1904
25.8671
25.3623
24.4490
24.9578
24.8240
24.3808
27.2464
27.0789
27.1448
26.5483
25.6251
29.7184
25.9527
26.4688
26.6217
26.0787
26.4879
24.7619
24.6408
27.4822
27.0294
25.7442
26.2830
27.2273
25.9376
27.3710
29.6960
27.2625
28.6702
28.4594
27.4322
28.5981
29.9996
29.0416
28.9467
26.9775
30.6511
29.3452
24.7786
29.9428
28.4187
27.6404
27.6813
27.9958
27.5130
23.4086
22.6712
24.5901
23.5593
23.7453
25.8258
27.0515
27.1503
27.8968
26.7745
26.1713
24.8702
26.4161
25.0290
23.1971
26.8028
23.5239
26.4755
24.9418
25.6776
27.1435
26.5477
26.1544
25.7722
25.6611
24.2467
26.2068
25.9918
25.6603
27.6596
27.7634
26.3412
26.3600
28.3817
26.9006
29.0446
27.2237
26.3835
26.6675
26.2848
26.6506
28.3152
26.5862
28.5554
25.2856
25.1469
24.3889
24.4647
23.1496
25.5969
25.2776
24.4013
27.9468
26.7603
26.0676
24.4736
24.1051
25.3872
24.0901
27.1271
23.1430
23.7257
24.0504
25.4369
24.3118
25.6543
25.4719
24.9314
25.0792
26.2196
27.9701
25.7621
27.2536
26.9581
26.1324
26.2360
25.7624
24.8826
27.4406
27.7191
25.4256
26.3463
26.9124
27.9000
29.8077
27.7628
25.3319
27.9760
28.8310
28.7948
28.7229
28.6256
27.1648
26.6811
26.0670
25.0575
26.3239
25.4975
27.8070
26.3278
26.9234
28.1314
26.2506
26.0713
24.5959
27.4383
28.3556
27.0556
26.2581
25.6643
24.6459
24.7171
28.1631
26.6801
23.7870
25.6095
27.7291
26.1433
26.4141
25.8134
25.9916
26.2524
25.0918
25.7228
26.3036
27.9266
26.3111
28.6062
27.9785
29.7226
26.8429
29.4503
26.1218
25.4278
26.1627
26.9595
29.4689
27.2933
28.9412
27.6235
25.7855
26.5744
24.8427
25.0454
26.3214
25.4436
26.4190
24.8024
28.2664
25.2333
25.2980
24.7292
24.0423
26.7961
26.7857
26.2800
24.1651
26.4746
26.0407
27.2546
28.9459
26.2701
26.8791
27.4463
27.3735
26.8663
25.8202
24.6705
26.7084
24.8508
27.3413
26.9832
26.4347
27.9235
29.3128
29.7818
28.2589
26.6378
26.3409
24.9660
26.9038
25.2590
26.0104
25.1971
25.5177
24.5358
27.3524
28.7402
28.7758
26.5236
26.7856
28.3288
27.4312
28.8504
27.0367
28.4467
27.1458
24.4253
26.2094
26.1193
26.0067
28.1401
25.6998
25.7208
26.3246
26.9612
26.0939
27.1878
28.5723
25.4499
22.4408
23.5994
23.6311
24.4044
24.4606
27.3471
26.6518
28.2124
24.4864
25.0759
25.5214
26.5783
26.7799
27.0923
27.8216
27.6222
26.2641
28.2512
29.2448
27.5475
29.1506
27.5164
27.4464
24.4243
24.5220
27.4586
26.6238
28.3158
29.0601
28.3970
27.2507
25.9383
26.6071
27.0016
25.4948
27.7465
29.3050
27.5082
24.6505
27.8334
27.1494
26.6277
29.5650
28.0666
29.4088
25.9671
24.5971
24.4842
23.4281
27.6679
25.3344
25.4930
28.2961
26.4011
25.1744
26.7724
27.3364
28.7925
28.5475
30.1114
29.1139
29.4831
30.2126
28.0575
28.3356
29.2267
30.8635
30.6545
28.9041
28.8546
24.9491
28.2790
27.5845
27.1936
28.8700
27.8289
26.2629
25.8395
27.8218
27.1127
27.2221
25.3661
26.7522
25.5618
25.9318
24.6153
24.7120
26.2410
25.3494
26.5318
28.5291
29.3805
28.4907
27.3836
26.6399
27.9502
28.2038
26.4009
26.0876
26.6018
24.7204
26.2923
25.4562
24.5269
24.3841
26.2954
27.6464
28.5369
26.6239
25.7064
29.8907
26.5085
29.1613
27.5672
28.6280
26.7251
29.3805
27.7304
26.2990
26.1560
25.6128
24.6766
25.6148
24.8115
26.0009
25.8107
26.0089
30.1950
28.4102
26.2406
27.9207
26.1084
23.3054
25.8001
23.3005
23.7352
23.5424
24.2256
24.5884
27.0211
27.5331
25.9948
28.3328
27.2044
26.8827
27.3488
26.9117
27.7565
27.3832
30.0187
29.1927
28.0588
29.5211
28.1500
26.2359
27.2330
28.1150
26.9777
28.6028
28.5258
25.5996
27.0720
27.1955
26.4532
27.0422
26.9084
25.4186
26.9128
24.2750
25.5801
23.1151
25.9903
27.9594
29.8264
25.9073
25.2646
26.0727
24.3687
25.8023
27.5321
25.7388
26.3985
24.7934
27.3752
26.5519
26.3435
26.1129
27.1768
26.0050
26.1542
30.9299
27.1754
27.1016
28.0378
24.9490
25.4340
24.4907
27.0512
28.0662
29.7776
28.0685
30.2799
27.3929
28.1416
26.8813
29.5323
26.1501
28.8059
30.2953
28.8783
29.7604
29.5261
28.1148
28.6843
27.2981
26.3740
27.5380
26.9023
27.7876
28.6346
25.6684
26.1078
24.0773
25.4096
27.3460
26.3411
26.9817
26.6018
27.5417
27.2334
25.0409
25.0835
27.5950
27.5392
24.5723
24.1400
25.4490
27.0657
27.1477
26.0286
23.3152
25.2634
27.0294
27.7105
27.8560
27.7870
28.1437
26.4371
29.0483
29.4322
30.3421
28.0107
29.0500
28.7263
29.4638
29.0267
28.8900
31.8305
28.4412
28.6945
27.8678
32.0839
31.4175
30.1779
25.9364
27.4016
27.2402
28.6305
29.8837
28.6070
27.0629
29.5742
30.8947
27.6682
30.6359
27.0432
29.9699
26.0690
28.4625
27.9782
28.4895
27.6455
27.0916
30.0949
28.0458
26.0770
25.7453
26.6506
25.3464
26.6875
23.7247
24.8887
26.8988
27.6826
27.6349
29.0234
30.5060
28.7736
25.8325
30.1870
25.7670
28.2761
26.0871
24.3880
24.8789
24.5109
25.2716
26.0402
25.8242
26.1572
26.4026
25.7867
27.3149
26.7597
27.6696
27.0308
27.0906
28.2556
27.3951
26.7019
26.6955
25.6750
25.1143
26.0317
27.4001
27.7850
27.7624
27.4072
27.0019
26.3509
27.2196
29.7674
26.8711
24.3958
25.0015
26.1616
26.1997
28.1882
28.7716
26.4825
27.9741
25.4412
26.3152
27.7661
26.3186
29.0382
24.3497
24.1182
27.6599
27.7137
24.9365
27.4331
25.6916
27.5718
28.1215
29.9735
27.2235
27.1893
29.4663
29.4092
29.0700
27.9367
27.5797
27.0084
27.2476
26.7446
27.7419
27.2439
28.0614
26.2236
27.2436
26.6949
26.5811
27.2419
26.7796
27.0899
28.6133
27.5696
26.3245
29.5608
29.6304
29.8268
28.9832
29.3556
28.5357
29.4064
29.5570
29.0087
29.5828
28.3006
28.7461
27.9734
29.7381
30.3114
29.7963
25.5897
27.6333
27.1982
27.4821
28.5937
28.4203
27.5435
27.2590
26.7255
28.5048
28.2205
30.1727
28.6973
28.5988
28.0791
28.5189
30.2973
30.9609
28.7037
26.8466
26.8109
27.2382
27.2019
28.7233
25.6964
26.1012
25.2647
27.1561
27.1568
28.0231
29.9401
25.7840
25.8006
25.4966
27.5185
26.5578
27.2871
23.5809
24.2952
26.5057
25.9607
27.6689
28.6735
29.8664
29.5031
24.6973
27.1139
26.2290
26.2448
28.7070
25.9976
27.5290
26.2800
29.9049
27.0398
29.4130
28.9591
27.6928
26.2118
28.0264
29.2667
27.3290
27.5295
27.0339
24.9043
25.2974
25.1716
25.6769
25.2037
27.3074
25.6450
25.8885
31.1045
26.1558
29.9357
26.5455
27.6517
27.8147
28.0259
26.1752
27.0481
27.6809
27.0187
28.6541
28.1188
29.7125
27.0949
26.5975
26.1336
27.7725
27.0518
27.3231
25.2725
26.7337
26.6389
28.7617
26.2889
26.6492
26.5520
27.1187
27.4065
28.2447
27.3493
26.6491
26.9519
27.4740
27.0779
27.0235
26.6941
26.4292
26.8237
25.6851
27.6031
28.7005
28.3485
28.9286
28.5757
27.2636
27.8156
28.6299
27.2642
28.0746
27.5011
27.7925
26.9738
27.8109
27.1732
26.5257
29.0882
27.6256
27.6581
27.6315
28.1694
27.5431
28.1265
28.6587
27.5460
26.6388
28.0642
26.3224
30.8182
26.8470
28.6603
29.6740
26.9320
26.0446
24.3027
27.1294
28.4075
27.2234
27.6208
26.1731
25.1167
26.8660
25.8464
26.3458
22.5454
24.1892
24.5462
23.1819
24.8604
27.2651
29.0438
30.5807
29.1385
26.4807
29.7558
28.9320
29.7998
27.1136
26.9504
28.8495
27.2945
27.7307
27.4485
27.6991
27.6487
27.2581
28.5163
30.5413
29.9291
29.9886
29.2843
29.1132
29.5646
28.6784
27.1811
29.2542
29.5761
30.8051
30.0567
28.8707
27.4771
28.3778
28.3648
25.4540
28.8593
28.6746
27.5490
26.3259
27.9518
28.9876
28.8424
29.9506
27.7933
28.2104
28.7436
28.8006
28.7000
28.0482
27.8668
27.2587
29.1214
28.5043
31.8752
29.7800
30.5290
28.9352
29.0996
31.4282
29.0507
28.9017
30.3591
29.0769
28.0831
28.3219
28.4713
27.9601
28.1805
27.8282
26.8571
26.5800
26.8350
27.9520
28.4742
27.5637
26.9148
27.6913
28.2774
27.5420
30.1927
31.3375
29.9987
27.9648
27.3524
28.2794
28.2934
30.0490
30.5193
30.7866
28.5962
28.8492
29.2346
29.8770
31.5023
33.1141
33.2965
30.2703
31.3094
31.4815
31.3789
30.9626
30.6927
33.3976
30.7029
28.1331
27.0660
28.0708
27.9144
30.8208
31.2269
27.3955
30.9712
29.3905
29.2046
29.3067
29.6845
29.1920
26.8565
28.2349
27.1488
25.8436
27.5930
27.1216
28.7291
26.7578
28.6530
28.9304
26.8657
27.9403
28.4401
27.2116
28.9028
29.0299
28.0102
26.1129
27.1454
26.4951
26.4875
26.6857
29.2129
30.4965
27.1854
26.5495
28.3178
27.4925
29.3665
27.7278
28.1881
27.6802
29.3671
26.7435
27.3143
29.0351
27.0247
27.6290
28.2873
26.5084
27.6466
29.7081
25.8239
29.3608
25.3349
25.3819
26.2304
27.3342
29.2295
27.4656
28.6335
29.2232
28.8510
28.5628
27.6606
30.0224
31.5695
26.6657
29.3319
28.2462
28.8770
24.3260
25.5062
29.8780
29.5701
29.2481
27.4068
26.5911
28.2263
25.5683
26.0597
25.8129
25.6352
27.0908
26.5174
27.1276
26.1063
28.7561
25.5393
26.7170
26.0641
28.8048
28.5246
26.1490
25.4794
27.6000
26.1718
24.8072
27.0410
28.1121
26.7372
29.2022
27.4382
25.0354
24.9314
27.9303
29.3035
29.4301
27.8252
26.9336
26.6581
26.9057
27.3478
27.8470
26.2707
27.8637
27.6028
30.0259
27.0272
25.8690
28.5943
26.0559
27.1263
26.5304
25.2836
24.5795
26.3514
27.8621
26.4422
25.0062
26.7343
28.5899
25.4678
26.0472
26.1634
25.4283
25.7261
26.7296
25.1991
26.6980
25.6727
28.4703
26.2698
25.0147
25.7840
26.1364
27.7450
27.8676
27.1755
26.6680
29.2034
25.4482
27.7150
28.2597
25.2177
26.7709
25.0411
27.7378
28.4687
26.1497
24.8629
27.2297
26.3288
26.5588
26.6378
28.5070
25.6727
27.3852
29.1443
27.9321
29.1942
25.2621
24.3612
23.9203
26.7716
27.1040
25.3975
27.0601
26.4280
24.9549
25.7900
25.6512
27.5898
30.6752
27.8313
28.8037
26.0418
28.3606
29.3656
29.2185
28.8369
28.4624
25.8865
26.1880
27.1575
26.6944
24.7325
22.4858
28.2777
27.7752
28.7881
27.1461
27.1265
28.6933
27.6031
26.2047
25.5207
26.9199
28.0608
28.1622
27.9395
29.6905
30.1984
30.6448
26.4741
28.0421
29.1979
27.0982
29.0640
27.6731
29.7807
28.1854
28.0225
26.8659
25.3086
30.1246
26.5249
25.7728
26.3677
25.4938
31.5125
27.9811
32.6546
31.1511
28.7604
28.9106
27.1393
29.0579
29.6527
30.7619
31.5347
28.6152
28.8391
28.1589
26.5690
28.2525
25.9827
25.9676
26.6056
27.8537
29.5144
28.0381
31.5505
26.4738
25.3287
27.1011
25.3082
25.3577
23.5662
27.3566
26.6263
28.6945
29.3278
30.5078
27.1567
27.5679
26.5762
27.4837
26.3312
27.6848
26.4678
26.2142
27.7508
28.7082
26.2577
25.3494
25.3027
27.3150
26.9836
27.4369
26.2586
27.2747
25.9411
24.6309
24.5577
23.6402
25.4463
27.5673
29.2937
27.1171
25.9691
24.6233
27.6253
26.8244
29.0263
27.8971
25.9953
24.6811
28.0860
28.3060
27.0493
26.3998
25.5443
26.6678
26.3164
26.9574
29.4002
28.8903
29.7990
28.3223
28.8801
27.8158
27.2552
28.8146
27.6136
26.0918
27.9393
26.7501
27.1677
26.5299
24.4841
24.4409
29.0367
26.2888
28.2994
27.0012
26.5551
26.0547
26.7358
26.7451
28.2108
27.0985
25.3983
26.2427
28.2515
24.2406
25.6599
24.8855
27.0776
27.5129
27.6759
23.9836
25.6416
24.8943
26.3253
30.1036
28.4994
27.6087
26.6932
28.2664
26.6915
27.7890
28.7599
28.3796
26.8451
27.3264
26.3877
28.6917
29.6065
28.5031
28.6567
29.5881
28.3476
28.5734
28.2724
27.9054
29.6318
26.7721
26.5335
27.0869
25.8570
28.7909
27.9260
29.7030
28.6319
28.0018
27.7616
27.2451
27.6030
30.7193
26.3408
27.8783
29.3379
27.1711
28.4436
27.4763
25.0739
26.3369
28.4076
27.7320
24.5507
27.5797
25.7160
26.1806
24.1322
24.0220
26.4062
27.3500
26.0765
24.7588
24.8136
25.4872
25.4062
26.2917
26.7139
25.7249
24.7751
26.7417
27.9419
26.9947
24.5404
24.8717
26.8527
26.6533
26.4999
25.2350
26.1518
27.5870
27.0737
26.3042
27.5225
25.2055
24.2160
27.4037
28.4412
26.4214
24.4227
27.8137
29.3831
27.7333
27.4392
27.7980
26.2045
25.2319
25.3856
28.5149
27.3262
27.3185
26.2873
28.0961
28.1074
26.0618
27.3164
27.1685
28.8761
25.8811
26.0641
24.2346
26.1192
25.9318
25.4398
26.2078
28.9904
30.1319
29.7635
29.9963
29.1614
28.3706
29.9769
29.0461
26.9041
26.2206
25.5531
27.2908
26.1403
26.9719
26.9255
27.1687
28.5720
27.4922
26.5704
25.2549
25.1298
25.4454
26.7456
26.0818
26.8863
27.3299
26.9913
27.3691
27.0444
27.1296
28.0924
27.8590
27.5094
26.4139
26.1590
26.4755
26.9323
26.8068
25.6558
25.6144
26.7118
27.8464
28.6583
27.9098
30.0632
28.5023
27.5432
27.2523
26.5383
25.2701
26.4503
27.3474
27.5179
23.9817
26.1481
27.2081
25.1699
24.1666
21.8478
22.4945
25.7699
28.2559
28.4218
26.4395
27.1168
25.5349
28.0931
26.3896
27.4784
27.9807
24.6994
25.3631
28.3776
26.8513
29.3421
27.6396
26.2496
28.5195
30.0105
28.7742
27.0382
26.7601
25.6720
26.8129
28.5599
28.5186
26.6518
26.9637
27.0209
25.4293
26.3330
28.9503
26.6030
26.6428
25.9999
27.4315
28.0853
24.9587
26.4665
25.7489
26.3845
25.8484
28.4079
26.5188
26.1873
27.1028
28.6874
27.6434
25.8830
26.5218
25.6987
25.7922
25.2699
27.2633
26.5239
27.6680
28.1077
28.1742
26.3205
25.4873
27.0588
28.1876
27.8759
27.1581
24.4058
23.3133
28.1184
26.5333
28.1510
29.3618
27.7241
27.8440
29.2394
28.9129
26.8783
28.2027
27.9000
30.3054
28.5922
26.6500
28.0207
28.3758
27.0113
26.7899
27.7025
25.6420
26.7160
24.9010
26.6802
25.7915
26.2538
27.3671
27.8472
27.3266
27.2530
26.4576
28.0984
26.4023
28.7393
27.6531
27.7365
27.6474
32.8823
30.5192
30.5234
32.2178
29.2104
27.9271
27.8673
27.7923
29.2665
27.3624
29.6536
27.9193
28.2210
26.9659
28.1759
24.2872
24.8187
25.5447
23.3257
24.7834
26.5754
26.6540
26.1403
27.0852
29.2885
27.6968
25.1330
24.4298
25.3561
26.0600
26.5892
24.6165
26.0377
27.0868
29.1502
26.9945
25.3895
27.9438
28.7249
25.9965
26.2211
27.5536
26.5648
27.2653
27.9747
31.2902
26.5549
27.6453
26.1251
26.1024
27.0587
28.7517
27.4984
27.4654
26.2427
27.1336
26.3173
25.0142
27.9587
28.5853
28.5474
28.0475
26.2909
27.0688
25.0757
26.6071
24.6134
26.4068
28.7935
26.1807
25.8576
28.3039
25.9616
24.0557
24.1590
27.1374
25.4097
27.0356
25.6447
23.3684
24.2047
24.8968
24.7759
25.0169
25.0519
24.5123
25.2557
27.4839
28.5369
28.1097
28.4599
26.8129
27.7465
28.2448
28.0200
25.6654
25.8697
27.7990
28.3531
27.5957
29.0900
28.5889
29.2305
25.6721
28.6966
28.7168
28.7847
28.4960
29.0564
29.1884
27.4631
25.2799
27.9573
25.1304
26.6922
27.3855
27.0454
26.4940
28.5665
26.1360
25.7328
24.8205
27.1475
28.3105
27.0831
26.8803
26.6752
30.0336
28.9909
31.3044
31.4743
30.3722
30.0442
30.8739
30.4785
27.8502
30.8550
30.3554
30.7073
30.4991
27.3368
31.2237
32.8693
30.2463
28.0474
27.3523
27.3267
26.2204
29.6578
27.0859
29.3759
29.2029
26.4616
27.4134
27.8734
30.7941
30.2481
28.5792
30.7386
30.7733
30.3577
29.5458
27.3102
30.1227
29.7409
28.9629
31.2479
28.7913
29.9697
28.4287
29.7827
30.0915
28.3531
30.0570
29.6229
29.8334
26.2039
25.5762
27.0963
28.3833
27.8463
26.8394
25.4296
28.9678
29.6934
28.3211
26.7301
28.0547
27.4044
27.0377
28.2991
27.1200
25.9544
29.5800
29.1931
27.8877
28.4303
28.8478
27.6553
29.0258
27.0047
28.2383
25.0116
25.8901
26.4950
28.0941
28.5506
24.7838
28.4134
27.2972
25.8389
26.9302
25.3565
25.2620
28.3887
27.2779
28.1727
26.5769
25.4027
27.4485
24.2880
25.5641
27.1738
26.4848
27.0928
27.5702
30.6756
28.4498
29.7931
27.8914
27.6327
28.4678
27.9184
26.8557
26.8781
26.1058
26.9199
26.0943
27.0798
25.9577
27.2865
25.3164
23.4922
24.7500
26.8412
25.9901
26.8389
27.1382
28.3187
26.6848
25.2000
25.3454
26.9294
27.0184
27.2548
29.3138
25.6036
27.1106
27.5872
28.4826
25.2978
30.2259
27.0109
26.0319
24.4209
26.7555
23.4437
24.0398
26.0826
25.2342
26.3360
25.1479
25.9222
25.0400
24.3053
26.1616
22.6006
22.6021
24.2443
26.5611
24.6144
24.9369
25.0262
25.9227
28.4119
28.1492
27.2387
26.2147
25.1565
25.1456
25.2546
24.8310
27.1468
28.8037
27.1995
27.5860
28.2627
29.2015
27.3819
29.0407
27.4816
26.5418
26.9659
27.6655
27.0418
26.8098
29.2346
28.2093
27.1019
31.7779
27.1102
27.5199
29.6723
26.6667
28.7180
27.7886
29.7258
31.1432
28.4732
26.9351
27.2121
27.5911
28.5953
27.3595
28.3855
27.2427
28.4382
27.8280
30.6734
29.8021
31.7038
33.1462
30.8363
29.9063
29.8830
28.4142
28.1736
28.4965
29.5783
31.7455
27.9383
26.9270
26.1042
25.9229
25.2242
24.6895
23.5725
24.0716
25.5376
26.2549
27.7289
27.6056
26.4398
27.5630
29.5391
29.2802
30.3334
29.6497
28.7539
27.4947
29.5295
27.6707
25.9551
25.9103
22.5084
26.2766
25.7956
24.7366
25.1046
23.2769
23.9127
24.0979
26.0482
25.1359
24.1380
25.5614
24.8675
24.5037
24.2770
24.3383
23.9174
25.2692
23.3350
24.0718
25.6236
26.6038
23.4251
27.1612
27.1162
26.6177
24.4742
24.2763
24.7530
24.7755
25.0991
25.9330
26.9319
25.6088
24.8291
28.7025
25.8222
26.8596
24.7161
25.1014
25.8718
25.0078
25.6933
25.3184
25.6785
26.5411
26.4205
27.7793
26.1617
26.0779
24.6082
24.0639
27.1820
25.9258
23.0349
26.2540
27.0071
25.3771
24.9441
26.7281
23.9871
28.5804
26.5326
29.3524
23.7747
23.8800
26.5832
25.5200
24.6505
25.3790
27.3558
22.6117
27.3777
27.5429
24.6202
24.8816
26.2880
25.3493
24.5176
28.3871
24.3688
23.3641
25.9581
26.1412
28.7367
26.9837
28.7789
27.9875
27.9123
28.3404
23.4707
24.6013
25.3012
25.0734
24.2619
25.5844
25.8790
25.3200
26.7673
25.6077
23.3738
22.1639
22.1683
25.0047
24.8697
22.7791
24.7561
25.0597
25.8152
25.5634
24.5975
23.5670
24.6331
24.6465
24.6555
26.3608
23.4944
26.0775
22.5713
24.1855
24.0204
24.8841
24.0176
22.7388
23.4741
20.6555
22.5228
24.1674
25.9324
21.1546
24.1920
24.8681
22.3724
24.1954
24.7833
24.7089
21.7364
23.3950
22.2010
22.8293
23.5808
24.6214
23.1153
24.2422
22.2044
22.1443
24.2832
24.7817
24.5610
23.4652
23.9741
24.8405
24.6859
26.4580
23.9292
23.7357
23.7836
25.0457
24.0845
23.8764
25.0631
24.9822
26.5421
24.5051
23.9819
25.8564
25.0132
23.9582
23.5842
25.8745
26.3070
26.2627
26.4128
28.1034
26.4004
27.9123
25.2566
23.0838
23.2964
25.3501
27.6103
25.9350
25.0941
23.4251
23.4011
27.7415
27.4762
27.3290
24.9647
25.0355
23.7945
23.9823
26.2451
25.6153
25.2143
25.2612
25.8241
26.4748
28.0754
25.2330
25.7109
23.9747
25.2688
27.2446
22.7704
24.3766
24.4438
24.3189
24.3681
24.4045
23.5649
25.4991
24.4238
25.1708
25.3382
23.6185
22.5996
24.0956
24.3088
25.2812
26.1732
23.8936
22.7584
24.5498
25.8926
25.3940
23.3182
22.5602
25.0558
27.1405
27.0547
27.1800
25.8936
27.9354
27.6025
26.5224
26.9208
28.2763
26.4115
29.2238
29.1357
30.4985
29.2451
28.4762
27.5213
28.1572
28.5402
30.7796
32.1206
28.6376
28.3287
28.9496
28.4418
29.0289
31.0487
29.3173
26.2080
28.6725
30.1816
26.6963
25.1692
25.0673
25.4698
25.5508
26.3948
26.5331
27.9948
28.3852
25.4953
26.3516
30.9488
28.8878
27.2683
27.8456
27.1198
28.3315
29.2515
26.7768
28.2059
25.5100
25.9788
26.6833
29.6282
29.0243
28.9666
30.3526
29.2270
29.0105
29.7709
27.3015
24.8281
24.6165
25.2708
26.3033
26.7285
28.0055
26.1775
26.4381
25.3003
26.0886
28.1494
28.6248
27.2716
28.1774
28.6475
29.1717
27.5560
26.6146
28.9365
24.7565
25.3820
24.6672
24.1167
25.5306
27.5440
26.1606
28.3540
28.5707
26.7244
27.0636
28.7383
26.2812
26.4090
25.8561
27.1414
29.6009
30.0313
28.4233
30.1974
30.4348
27.7114
27.5913
25.2505
27.2932
28.8747
27.3350
26.6371
26.7846
27.1828
26.4239
28.4194
27.4535
27.6759
26.2421
26.4415
26.2259
28.9114
28.2456
29.9231
32.0786
30.7061
28.5441
27.5609
27.4163
26.9919
27.8046
27.9406
28.5987
25.8819
24.5794
25.0361
26.0601
24.4178
25.1101
26.2120
25.8983
24.4502
28.4235
27.4230
24.5913
27.5529
28.1630
29.8788
28.7741
27.4532
25.3407
24.8695
29.7341
27.7558
30.4515
31.1291
28.3779
26.5889
26.9475
25.7508
27.1367
26.0150
29.0942
28.5943
26.7676
27.1103
28.2115
26.1144
26.8063
29.5300
30.0643
28.9570
31.1493
28.6507
31.3718
31.9561
28.3778
27.2810
28.5807
30.4998
28.6185
27.6922
27.3740
30.0332
27.8506
28.0978
25.4897
27.6291
23.9075
27.0044
28.0221
27.0832
28.1045
27.9480
25.5661
28.0430
29.4109
25.7539
28.1860
27.6742
27.1146
27.9802
30.2507
27.1218
26.6279
26.9400
29.8751
28.0938
27.8193
29.1320
29.0135
28.4698
30.2877
30.6336
29.7021
30.5696
30.8423
30.4561
29.2525
26.9639
28.6394
29.5484
26.6967
27.8633
29.0973
29.8919
27.7560
27.2939
24.1024
26.7039
28.1060
30.9764
25.4228
27.1064
29.5967
29.3606
27.4112
25.2594
28.1517
25.1795
28.6425
29.6163
28.3441
29.7827
28.1383
30.3097
31.3948
31.0193
32.8733
30.4248
30.5143
29.0196
28.1803
27.5073
27.8757
28.0210
29.5823
27.0866
27.6238
27.4963
27.5579
27.7429
27.9960
28.9287
27.8198
28.5680
29.1265
28.5817
29.9193
29.4797
30.3160
28.0459
28.2022
29.8170
30.4698
31.0212
28.2728
29.0056
30.4484
30.1155
31.1682
30.5968
29.6002
27.2036
27.5666
29.3410
28.7395
27.4726
30.6584
31.2588
29.9927
28.8750
28.6882
29.1500
27.2665
26.9808
27.3602
26.0760
27.1060
28.1745
26.6670
28.1257
24.8263
23.6375
22.8332
24.8415
24.9550
25.0873
25.9268
25.0514
24.8265
25.1684
23.9102
23.2462
27.5921
28.8290
29.1201
29.7693
25.0936
25.8808
24.5967
24.6409
29.1025
25.5212
23.8831
24.2637
25.7249
23.9502
22.8676
25.7318
25.5360
25.9009
25.4538
25.3797
24.0372
26.6357
25.5707
24.4212
24.9103
23.2728
24.0682
24.9078
26.8814
25.2528
28.7171
28.1695
25.9095
27.7641
32.9287
32.4280
31.6970
31.6755
30.0176
31.8805
29.2472
30.8005
28.8685
30.1867
27.4857
31.3907
29.1021
28.7532
29.2599
28.6493
27.8842
26.4756
27.9183
29.2233
29.7437
30.3196
33.1618
33.5307
30.0583
29.3266
27.1809
30.3252
27.8286
26.7179
27.9373
29.3286
29.5777
26.2585
27.4452
29.4248
30.9702
28.4927
29.7014
29.1283
31.2548
28.7255
29.1377
27.6046
28.6592
28.0604
29.6736
27.5072
27.8931
29.6055
29.2709
28.2637
31.1752
28.1053
30.3039
29.6214
30.1659
28.9616
30.3081
26.5634
29.5348
30.7193
26.5297
28.0653
30.1475
30.8219
29.8558
28.0053
27.5846
26.7488
25.4517
26.3300
25.0300
26.3838
27.8324
28.5727
27.6166
30.7727
30.9102
27.5692
30.6165
25.5390
28.9974
28.2697
29.5456
29.1396
28.8325
30.5104
28.9664
29.7258
29.9288
28.4399
30.3364
30.7077
28.8160
30.8610
32.4366
30.4397
30.2751
30.9035
30.3684
29.2792
27.9493
27.9804
28.0524
28.1472
28.0930
27.8621
29.1634
30.5981
30.1747
26.9828
27.3873
28.2962
26.3596
26.6567
24.9946
26.8361
25.9451
27.4223
29.7010
28.7141
29.9890
30.5231
25.7406
28.1093
26.8911
27.6042
27.8802
28.2219
26.3206
26.1406
30.2110
27.9131
26.2392
26.5575
26.9859
27.8788
30.9623
29.1638
28.8945
28.1646
26.0797
28.3411
28.1805
25.2743
28.2248
27.8908
26.9753
25.4234
29.3374
30.8040
29.0022
30.6790
28.2859
27.4046
27.9447
26.0449
25.8812
27.2520
29.0717
28.9497
28.0137
25.4301
27.5941
24.5994
30.9226
28.7038
26.0151
27.0867
26.2972
27.4205
26.0219
25.7341
25.5458
27.4315
27.0730
25.3279
26.3742
25.3792
26.4184
25.6958
25.4723
24.6059
26.4995
26.1761
25.8129
27.8289
25.0687
27.6448
24.6070
24.4968
25.9249
25.6230
26.1662
25.7678
28.4736
26.5482
28.9065
27.9372
27.2370
26.3413
26.6028
27.0311
29.6304
26.6099
27.2809
29.4020
27.4127
29.1327
29.2620
26.0888
28.2990
26.8687
28.6350
26.9600
25.9072
28.2749
28.0116
28.6729
25.2396
29.0259
28.1384
28.0448
27.9935
25.6483
27.2618
29.9326
28.7229
32.6420
30.1720
30.8578
29.6274
30.5704
32.4497
32.4395
30.6692
28.5290
27.2154
29.2871
31.0177
28.6520
30.6753
30.4611
29.6614
29.6259
28.5424
30.5729
26.7265
27.7187
26.9977
28.8860
32.8936
28.8631
29.2866
29.3843
29.5215
28.0611
27.5475
28.1852
30.6795
27.5629
27.7552
31.5580
30.8852
28.3451
28.2316
29.1538
27.3542
25.4583
24.5263
24.9961
26.2714
27.1822
29.9577
30.2910
28.9778
28.8771
30.1248
28.4653
28.3915
29.0577
28.8252
27.4492
28.8633
29.8602
28.7897
30.7732
30.0209
27.9685
28.0641
28.9779
27.3568
27.5487
27.9322
26.9718
28.8034
27.0319
28.7614
26.5520
28.0141
26.3418
29.0244
29.7386
26.4861
27.9424
30.4121
30.2314
28.2885
30.1606
29.2583
28.0796
29.0783
29.0983
30.7556
30.2411
30.9942
29.4970
28.4044
29.3608
25.3442
27.6243
26.7914
26.9369
27.9727
29.4606
27.7257
30.1539
29.3535
26.8925
30.8364
30.3156
27.4901
27.9257
30.6733
30.5836
31.0902
29.1116
29.5740
28.4831
27.5443
29.1054
29.1016
30.4756
29.6399
30.6810
29.5306
30.4912
30.4800
29.5881
31.6751
28.3128
29.5395
29.7862
28.9855
31.1426
30.3859
32.0387
25.9429
27.5258
29.0118
29.5168
29.6409
28.7052
30.3921
30.6166
29.0323
30.4003
30.8786
27.8050
28.7773
26.7886
27.5634
27.9248
28.5511
29.1009
31.0355
28.7152
29.4442
30.3609
30.8182
29.9827
33.9248
34.9116
30.6835
30.3459
29.8943
31.4640
30.2944
28.4091
29.8585
27.4527
28.7030
28.3366
29.9905
28.5615
29.3652
31.6114
27.3657
25.5514
29.2643
32.1698
29.3570
30.1142
28.9402
26.9665
28.7518
32.3153
29.6337
29.5031
32.0568
31.6192
30.9986
28.9388
24.3752
27.4342
29.6776
28.5365
29.0114
26.1449
29.3219
31.1378
30.0741
26.4922
30.1235
28.6959
30.4124
29.2966
28.7445
29.4700
28.4097
26.7814
25.0095
26.3639
25.1814
27.1289
29.8383
26.3951
29.1359
31.0785
29.8509
28.6262
29.0973
30.7711
29.0989
26.8662
27.9985
26.1722
29.3764
31.0231
28.2480
28.3434
28.9124
28.6300
30.5769
29.5423
30.4933
28.4772
28.4833
27.7552
30.2585
30.7402
27.4296
26.9740
30.7176
29.5462
29.0352
32.0146
29.4493
29.0739
27.9280
27.6274
27.4991
26.1375
24.6195
28.9644
27.0052
26.7018
24.5837
28.0640
30.1874
30.5916
26.8991
29.6495
29.9048
29.4533
31.4271
33.5127
32.0579
30.4488
29.1876
30.1165
32.6219
30.7913
28.7067
28.0366
27.6801
29.5324
26.7046
26.5395
30.1907
29.0990
30.5549
31.1619
31.4535
28.1528
27.0600
29.6546
28.3903
31.7569
28.6294
28.6473
29.5943
29.2424
27.7119
28.8075
30.0088
27.2169
31.0966
31.2252
30.5811
28.7155
29.0074
30.1474
32.4341
31.0053
28.8237
29.2101
24.4313
31.1300
29.7455
29.6787
31.2296
28.4944
28.8297
32.3595
29.9479
30.4105
29.6405
30.1179
29.8901
30.4690
28.1237
30.0485
29.8927
30.2668
27.5889
28.2364
28.7436
27.3777
27.7243
30.2596
29.0142
31.0093
29.1501
29.9965
30.5541
29.7183
27.3867
25.2199
27.2868
28.6067
28.9327
27.8430
29.7940
32.3004
31.0002
32.3012
29.4684
29.3019
29.2400
30.7060
26.9293
30.3392
28.1957
29.4712
32.1798
31.1897
33.5542
31.9165
32.2662
31.4742
28.5719
30.7551
30.3907
32.5752
30.3426
31.2725
27.8931
27.1120
30.1252
29.8893
29.9943
30.8677
29.6681
29.9046
28.6567
27.2367
31.5843
28.3570
28.0155
28.7134
29.2825
29.7492
31.6390
28.1727
29.9586
28.7473
29.0877
29.3934
28.1259
29.0226
28.4169
31.1838
28.8198
28.7186
28.4584
26.0814
29.0208
28.5504
29.9273
30.7628
30.2576
30.4295
30.8511
31.0564
33.0409
30.5051
30.9006
29.8699
31.7340
31.2737
28.8436
27.3718
29.7014
27.8092
28.9957
28.1939
28.7755
26.1294
26.7622
27.0748
27.2241
26.3668
26.1047
29.0523
30.9221
30.2164
32.0548
31.0497
29.2506
27.0302
27.1895
29.1353
28.7205
25.5999
26.4097
27.4347
24.9419
25.7986
24.8324
24.7029
24.1734
25.9281
26.2102
24.8378
24.8649
26.9983
27.7018
27.5644
27.8976
28.9182
28.0366
28.7047
29.2197
30.6128
28.2741
28.2589
24.7771
26.4596
28.2104
28.5581
29.4955
29.9766
28.9779
29.9938
28.3425
28.4811
29.6895
28.3751
27.3380
27.1370
26.8308
27.0802
28.0640
26.8438
29.2205
29.5392
28.8446
26.2924
25.7610
28.0215
25.6266
24.8817
24.6721
27.3380
27.3044
30.5569
33.2481
35.1016
34.5786
33.3902
31.5805
31.8019
32.5891
30.9179
28.1444
29.1651
32.8505
31.7022
27.1006
33.5185
32.2369
35.4357
30.2518
29.2469
31.8343
30.7476
33.4497
33.0899
26.4094
32.4642
34.0173
34.4633
34.5754
31.4453
31.5375
31.0856
31.6394
30.8112
31.1547
30.4742
30.3718
27.7612
27.0986
28.0408
28.2371
27.2533
28.8906
30.0819
30.0131
29.4230
29.4963
28.6005
29.9883
29.7013
27.4597
30.0394
28.8215
26.1684
27.0863
28.8305
28.8357
30.0789
28.0414
30.7175
26.2279
30.4640
32.7190
35.1006
34.5248
32.8908
30.3351
29.0987
27.7587
28.0949
29.9358
28.9422
29.0334
29.0445
29.6380
28.7305
31.5202
30.9982
27.6776
26.1406
27.1808
26.6599
24.7542
27.3538
24.3171
28.7000
29.6880
28.5967
30.8090
28.1500
28.7882
28.3868
29.4813
29.3784
29.9550
33.4426
33.2919
31.7914
30.0728
29.8795
28.6151
30.4790
30.7372
30.4434
27.1836
29.8548
27.5591
28.2991
27.8475
27.5711
28.5604
27.6589
29.8631
27.8111
30.1689
31.0741
26.3205
28.6262
26.9835
28.9899
30.0355
30.7671
31.4090
30.4634
29.8880
30.9542
33.1295
32.3087
33.5539
29.3499
31.7880
29.6945
31.1282
30.3129
29.8572
31.6404
31.0044
30.3309
31.1408
29.9890
28.4503
29.6909
32.4060
29.7480
32.7352
29.3703
30.4948
29.7249
31.3873
31.2399
32.1340
36.5070
34.8596
32.9918
34.0749
32.1645
31.9980
31.5717
31.0016
33.5058
31.5122
33.6096
33.0932
30.0508
28.8650
31.6937
30.7851
29.9075
29.7771
30.7514
30.1458
29.2080
31.0144
33.7375
34.2730
37.2686
35.2338
35.1146
32.3976
31.7308
32.5879
31.5058
32.4101
32.6033
33.3711
31.1684
32.5665
31.0295
31.3395
32.6726
33.7338
29.6518
30.7936
29.1186
31.0954
30.8271
31.7177
29.7173
29.9943
31.1833
33.8713
30.0619
28.3613
29.6785
30.1586
30.8530
29.6227
29.1683
30.3806
31.7431
30.9097
28.6962
28.9698
28.9813
30.2052
30.5911
27.9488
28.3654
28.9480
31.9073
34.0867
32.4902
32.3396
31.8631
32.3566
33.3707
35.8292
34.0576
34.7230
33.1477
32.9949
30.9456
32.1843
32.0209
30.4734
29.7670
28.9279
31.6584
33.6401
32.9428
36.3966
33.7511
32.6767
34.8152
34.0433
34.2277
34.5518
33.5705
33.6490
35.0966
34.2654
34.0940
33.9789
32.7168
33.3770
32.4646
33.8338
33.4725
31.7720
30.3858
31.2939
33.3864
30.4623
32.0990
33.0215
33.3385
36.2177
31.9214
32.8622
35.2120
33.8832
35.5883
34.9076
33.9656
30.0574
31.6165
33.4792
36.4408
35.1259
34.2522
36.1403
31.6026
34.7536
35.9292
32.9032
34.5369
32.6049
34.1267
32.9068
33.5155
30.6615
30.8568
31.9885
29.9812
29.7505
30.3648
32.2133
31.8683
30.6247
31.3605
29.6407
31.7694
29.2485
27.1319
27.9768
29.9359
33.7626
31.5731
30.5815
33.5902
30.5484
31.3707
31.0238
29.6145
32.7531
32.2549
32.0866
31.4278
31.5840
31.3441
32.0109
34.7445
31.2945
30.7449
29.9722
32.4730
32.6008
31.2536
31.0128
29.9935
33.0224
34.1209
32.1247
29.0380
31.0944
32.9463
33.4524
31.7193
32.1413
35.3543
32.8838
30.9881
31.6263
30.9061
32.2503
31.2988
33.4617
33.6266
31.6157
32.3010
32.3757
30.6499
29.9854
31.0301
30.2982
32.7099
31.6682
31.6622
33.1527
32.5172
31.2467
29.0964
28.1635
31.7259
33.4264
31.7075
31.6432
32.5288
31.1195
34.4052
33.3315
32.1099
30.5021
33.3965
34.4182
33.3044
31.3516
30.7316
28.9136
28.0485
29.9745
28.9183
29.2896
30.3998
28.8764
31.8393
30.0084
28.0843
26.5626
31.1781
26.1602
28.1592
29.6143
30.8924
30.8817
30.4149
29.9384
27.2866
28.4840
24.5364
26.1646
24.0144
26.4487
27.8987
26.2420
26.7547
26.9134
29.0477
26.3546
27.6822
28.2067
26.8222
25.0462
28.1566
25.3432
24.3764
26.6677
29.1508
28.7653
26.7953
25.8700
25.6509
25.3227
25.4585
25.1632
25.6224
26.4380
24.7586
25.9424
25.5587
24.2403
27.3525
24.3451
24.3137
29.0812
28.0194
28.0483
27.0097
27.0947
26.6139
29.4436
26.2205
28.8900
29.5315
29.3850
28.5947
26.1716
25.6435
28.7795
25.7024
26.5195
25.8815
29.6230
29.9299
25.6083
29.6856
32.0170
30.1349
30.5367
32.3304
29.0905
32.1652
31.2788
31.2458
32.3778
31.3556
30.8855
30.4878
29.5266
31.1615
27.2069
28.5010
29.9686
28.4106
27.1143
28.4099
28.0570
26.2164
27.0567
28.0798
27.5938
28.7957
32.6975
28.9861
29.4054
27.6369
28.0284
30.2330
31.9164
29.1391
28.7909
29.5657
28.2292
25.9254
25.9316
27.8031
29.8513
28.0835
26.0772
25.8350
26.7930
30.9441
27.9989
28.3586
31.3455
31.3149
31.7460
28.0785
29.6977
30.9725
32.0984
28.3164
29.4625
28.0404
31.6787
31.3220
30.2886
28.1299
29.5801
31.1171
29.8351
32.8674
30.7520
30.5318
31.8562
31.1282
31.9237
31.2068
30.6788
31.2988
30.7780
31.4841
31.4512
32.1829
36.3834
35.3527
30.7861
28.9223
30.8541
31.0065
27.3872
31.0872
30.8843
32.7290
32.7665
33.2565
30.8392
30.4627
29.7190
28.7099
27.3154
25.2290
24.3592
26.3532
25.1576
24.8984
27.9586
27.6011
29.4717
28.1368
30.1953
29.0522
28.5891
30.2933
29.2534
28.2005
29.1519
31.3363
27.3872
27.7034
27.7090
29.0643
27.6092
27.3095
26.5022
28.1250
28.7667
27.3117
29.5731
26.7207
29.4126
28.0796
27.3890
28.1943
28.9925
27.7652
27.1387
28.3378
27.5668
29.4352
29.2464
30.2211
31.7634
31.2182
29.0248
27.6835
29.4697
29.4541
28.5926
27.6926
26.2451
25.3037
25.2896
27.4161
26.4008
28.3855
28.8299
31.3421
28.5806
30.0377
26.8202
26.6435
28.2075
29.1453
26.8969
26.8908
27.3785
28.5891
29.5431
28.7638
27.7831
28.4086
27.1332
28.8746
26.3806
26.3207
28.3035
27.7411
26.2254
25.9041
26.6495
27.9025
25.7229
24.1949
26.1564
28.0369
27.4957
25.5839
26.9890
26.5084
28.4869
26.2628
27.8054
29.6100
29.7275
27.2772
28.6075
27.4164
27.3836
24.3046
24.5382
25.4715
26.8635
27.1079
26.2457
25.7058
24.6936
24.1939
24.8898
23.3384
24.3930
24.6370
24.7633
24.1395
25.7757
27.4025
28.6182
24.2556
28.1735
25.6843
26.9936
25.7300
27.3148
26.0331
28.0642
27.3782
28.1942
28.2600
27.7872
25.5536
26.2401
28.8855
28.4262
24.6289
28.3040
28.0123
29.9630
29.1578
28.5349
28.6923
31.3324
28.9729
27.7587
28.0069
26.7503
27.1246
27.0634
26.5228
27.2032
27.2181
26.9013
26.9400
28.6672
25.6525
26.2248
25.4495
26.3186
25.2171
25.0486
25.7417
23.5186
23.4899
23.1923
25.3717
24.9895
24.9456
23.1777
24.2468
23.0224
23.3321
24.3576
23.0107
25.4614
25.3446
25.4311
25.5863
26.1948
26.0436
28.5446
25.8275
25.6119
29.0015
25.9445
25.3995
24.9261
25.1115
25.4463
27.4051
26.8456
26.8177
26.6288
27.7434
28.6076
25.2930
28.5844
29.4680
27.7439
27.1086
27.8494
30.8561
26.7252
25.6573
26.3173
27.5158
28.0770
26.0013
27.9862
28.1450
27.7607
29.9447
30.0257
29.3667
28.3795
27.3879
27.0247
27.1087
27.3689
29.1113
29.7588
30.9966
29.8213
30.7851
28.2104
26.1225
27.5382
26.0360
26.1868
27.2003
28.2524
23.4825
26.2608
27.7236
27.5325
28.8969
28.4787
28.3782
26.2584
28.9724
27.1546
28.1795
29.4975
25.6711
24.6069
26.6234
27.3859
25.3794
27.6901
26.5683
28.8533
31.1163
29.4210
29.0385
27.7693
25.8680
28.0132
26.3548
27.7438
27.8059
25.7069
24.9734
24.3389
28.1240
27.9741
28.1674
26.8863
26.7292
26.2460
25.7256
24.9475
25.7700
25.9284
25.7262
25.8401
24.8354
25.6633
26.5719
24.7679
28.9594
25.8776
27.7273
28.9143
25.6578
29.0326
25.4261
27.3220
24.5433
24.6441
23.0925
24.6576
26.8281
27.7401
27.0913
27.4083
24.1106
26.0709
26.6370
27.6895
26.4816
24.3095
23.1992
23.5056
24.6463
25.6559
31.0469
27.6134
28.7266
26.8332
25.6870
26.1856
26.9611
26.7830
26.8992
28.6776
26.0624
24.0660
26.1757
28.5769
26.1186
28.2437
29.3720
28.9736
28.6772
28.3101
26.9993
29.7046
30.5871
29.1101
28.4013
27.0061
28.3123
27.5648
26.8330
26.5613
26.1837
25.8163
27.0682
25.0539
26.6819
25.7297
23.8152
25.0149
24.8865
25.8087
27.9859
27.8236
25.2048
25.0992
25.3110
25.7505
23.2607
22.7642
25.1233
25.5596
24.9899
26.9269
25.7831
27.2774
27.7082
25.6344
24.9956
25.5919
26.8669
27.1898
27.9261
26.2915
27.1521
26.5130
26.8439
29.7605
27.4364
26.4213
25.9655
24.7259
25.5454
23.3807
24.1595
24.4585
24.4181
26.1362
25.4203
24.9075
23.2304
21.0402
23.4636
26.4441
24.2095
24.1894
26.0159
26.5583
24.5929
25.5550
24.1007
24.9966
23.5309
24.6497
28.1998
28.0337
27.6375
27.4636
26.1743
26.5544
26.1174
28.3608
27.5257
26.6526
25.8040
25.4123
29.3409
28.3263
25.9119
27.7947
28.8579
26.0270
27.1013
27.0733
28.3491
31.2787
29.7556
28.2485
29.3627
28.6022
27.4740
29.6453
26.3747
28.7146
27.3758
27.8070
27.6075
30.1530
28.7928
28.7250
28.1083
26.9399
31.8164
29.0881
29.3371
28.0635
26.9009
27.1402
25.7595
27.9020
25.8036
26.0763
27.3489
26.6211
26.9802
27.5119
24.8978
25.3473
25.2030
24.9180
26.8064
27.5586
27.9522
28.8247
31.6007
29.6650
29.6341
28.6474
27.4492
26.8646
29.5874
28.2881
30.0506
29.5856
28.4349
28.2684
27.8928
26.7109
25.8617
26.1289
26.6882
30.8465
26.2749
27.9628
30.6078
29.9463
30.4141
28.8005
28.8151
30.1540
28.5781
30.6982
28.9624
29.7547
28.9041
29.1981
28.4213
27.5143
27.6716
29.4690
26.4247
28.0384
30.7032
29.9419
29.8790
29.3766
26.5727
27.8836
26.6091
29.2746
26.9753
26.8331
27.7377
27.7800
28.4808
28.5139
30.2580
30.5100
30.8916
30.6448
31.6860
29.5950
29.7398
29.2496
31.4100
29.4690
30.6236
26.7665
27.9200
29.3251
27.8036
28.4352
30.7771
29.9830
28.7289
30.2728
28.0485
28.7920
26.7478
26.8895
27.9149
26.8066
26.7384
26.4195
29.0080
27.8657
27.0986
27.6538
26.8730
25.9212
25.9471
27.9264
25.8368
27.0869
28.8129
26.0238
26.6246
28.2417
28.8426
28.5245
28.2661
27.9647
27.0230
27.4664
29.0411
29.5993
27.3626
26.4123
27.4322
25.6213
26.6413
26.0911
26.3590
25.5519
26.8208
28.5026
26.7061
28.5755
30.2285
29.0810
28.8125
26.7412
29.2605
29.7689
29.5085
30.0400
30.6521
28.3511
29.3366
28.9577
27.9874
28.4012
29.0960
28.9449
30.2988
29.4218
27.3464
26.7150
30.2115
29.6462
31.5787
31.3286
31.6563
30.9267
30.2098
28.2795
29.5001
26.1877
28.1674
26.4465
28.5114
27.1767
26.6195
27.4751
28.5585
27.4067
27.9935
25.6703
27.5297
25.2739
26.3362
25.5219
26.0190
25.3984
27.2384
26.1757
24.8484
25.2139
28.1298
26.5053
25.6326
25.3876
30.0832
28.0350
25.3726
27.5885
25.6613
25.3208
27.9044
26.4958
26.5782
27.0555
26.4372
25.5165
24.5481
24.5368
25.5725
26.9011
29.5414
26.5436
26.6509
26.5421
25.3190
26.3279
27.2812
24.9645
26.4887
27.5247
25.1482
28.9176
26.7736
27.4615
27.4770
28.9855
26.6281
26.5515
24.7716
26.2074
24.7364
24.5446
25.9715
25.4781
25.1690
24.1526
25.5868
23.5357
24.3800
25.4603
25.5170
25.0355
24.7982
26.3485
26.7161
28.2763
27.5865
25.3616
26.6383
26.0791
23.4371
25.8499
24.0162
26.9617
25.6968
28.5749
27.0102
28.1265
27.4027
29.0517
28.8134
30.3614
30.6759
30.7613
31.8739
29.3684
31.8216
30.4540
30.8788
29.2855
28.3920
27.8174
28.3750
26.7903
28.5339
26.3859
27.0332
27.0436
28.2141
26.8401
29.5250
26.5573
27.6095
25.1381
24.9921
26.0879
28.6364
26.9914
28.5439
31.1061
31.0508
27.4718
28.4626
30.5376
32.3609
31.4665
32.9377
33.1165
32.4366
31.2499
30.7983
28.3019
28.3429
29.1727
28.1571
26.4314
28.3480
27.0205
29.5053
27.2053
27.2520
25.6436
27.2873
26.5135
25.2873
26.6236
27.7506
26.6837
28.3833
28.1300
28.1466
26.5014
27.9058
27.4359
28.3175
28.5607
27.6182
28.4320
27.9749
26.3191
27.5075
27.3827
28.5313
27.3967
28.2389
29.5619
31.8285
29.3676
29.9474
28.2698
28.0615
30.2673
25.3005
24.4229
25.9809
27.6980
26.8128
26.3864
25.6479
28.0800
27.8158
25.7805
24.2013
24.6361
25.8176
24.4310
25.5129
25.8288
26.8352
26.2198
24.6919
25.5782
23.8852
25.3252
24.0236
27.8356
26.3325
25.8159
26.3099
27.1392
26.7717
25.8873
27.2851
26.8314
26.7397
27.6630
28.3163
27.2393
28.1556
28.3543
30.7488
27.4989
27.0029
27.1744
26.4726
26.9272
24.8017
23.8326
25.7118
25.5053
25.0491
25.5529
25.8785
22.8981
24.3225
22.3886
21.8768
24.6773
27.6055
26.6925
26.6664
28.8869
28.1928
26.7138
30.0505
27.5220
28.7252
28.2279
29.2039
27.5734
26.6990
26.7917
27.5267
25.6656
26.4168
24.1792
25.3651
22.6642
24.7443
26.1174
25.6918
26.7846
24.6834
27.1969
24.6573
25.1343
25.2968
25.2706
25.6703
23.3157
25.5564
24.7351
22.7634
24.1554
25.4538
25.6494
26.3541
28.2866
28.3587
29.4322
28.5694
27.1114
27.9380
26.8649
24.9671
27.7040
28.7607
27.0517
27.5449
24.1885
28.1367
27.6294
26.7645
27.9318
27.3869
30.0904
29.7615
29.9084
26.5084
28.3797
26.6247
27.3252
25.4023
26.5737
27.1432
29.1104
29.5239
28.4272
28.0743
26.5507
24.4231
24.9586
24.7374
26.2667
26.3517
26.7437
26.5279
26.0570
25.8840
28.8958
27.2045
26.0086
26.7485
28.2581
29.6541
29.4802
27.0841
25.5180
27.4843
26.4806
25.0400
26.0079
26.1765
26.8848
26.9248
25.7373
26.6160
26.5897
27.9337
27.2669
24.7605
27.3834
25.7789
25.8495
28.9761
25.4062
26.0147
26.0950
24.2781
25.9909
25.7185
26.5810
26.1797
28.4109
26.8548
28.4164
26.3331
23.7375
26.5135
28.5426
26.1707
24.4766
27.9516
27.0212
28.1062
25.9530
26.7411
29.1774
27.3677
28.5473
27.7692
26.0575
26.8793
28.0528
25.9291
26.4438
26.0349
24.8326
26.1244
26.5931
26.4612
26.1854
28.7516
26.4665
28.0395
30.1227
28.5950
27.0086
25.2487
28.1641
27.4395
28.9020
28.5146
29.0193
28.8433
28.7180
29.3763
29.5351
31.2297
30.5765
28.5056
28.4424
30.7438
29.1776
27.8732
27.5823
27.4907
27.2319
27.9138
26.8403
24.5488
