28.7334
28.7034
27.4375
29.3213
27.8266
26.2886
28.2219
29.2069
30.3593
28.4349
31.8012
29.4507
29.6944
26.1680
31.2534
26.1856
26.5731
25.6930
27.9308
27.7169
28.2685
28.6091
26.7196
30.1602
26.8331
26.7104
27.1302
29.1376
30.3243
28.3027
29.2995
26.9710
26.8064
25.8851
27.2471
26.6567
25.9597
29.6377
27.0035
25.6776
25.7062
24.8912
25.5051
26.3356
27.5916
27.3845
27.8256
26.9856
26.6694
26.8414
28.2948
28.8982
28.8952
26.4584
25.3286
28.7116
28.3300
25.7163
24.2859
26.2715
28.3512
28.5883
27.2884
28.5173
26.5113
28.6307
27.5068
26.1043
24.4613
26.1677
29.3515
26.1119
28.5404
27.6845
27.9586
27.6110
27.2712
28.6390
28.0306
27.9313
29.4102
28.2125
26.4663
28.4638
26.6554
28.7436
28.2834
30.0158
26.2959
27.9026
27.4845
29.1482
27.8547
29.0465
29.6046
29.4992
29.6607
28.7945
28.6644
27.8907
28.4361
27.7560
28.1784
26.5762
26.5606
28.8175
28.2667
28.3067
28.4140
29.6928
28.0351
28.9655
29.0060
29.4205
29.9264
27.5040
30.5864
30.8508
31.9598
29.2411
30.0612
29.4612
28.8183
31.6135
30.6624
30.9763
30.4533
33.2965
31.2951
29.1141
32.6238
30.4620
29.7883
30.7705
30.6357
28.2757
30.8021
31.8994
30.1524
29.3666
33.0074
32.8558
30.6528
31.0363
30.6777
29.1261
29.6565
30.5281
30.5423
29.4244
32.0450
29.4842
29.3573
28.9355
31.1847
30.1299
30.2561
30.9496
30.7363
27.8441
29.3982
27.4412
27.3456
29.1878
31.5526
28.4132
29.8989
29.9853
29.4783
28.0291
28.0003
28.7224
27.9736
26.6083
28.1901
26.6763
26.2282
25.8404
28.7779
29.0622
28.2573
27.1589
28.4545
29.5539
31.5356
29.0893
30.3258
30.6276
31.0411
30.0711
28.6729
28.7902
28.8502
29.7246
29.4060
28.3576
29.6619
30.6594
27.7776
30.5403
28.4250
29.0132
29.7527
29.1349
29.1681
28.3237
25.0734
29.1281
29.2065
28.8868
27.8786
27.0941
31.3014
28.5153
28.1071
28.9442
29.6309
28.1487
28.8974
29.0416
27.8594
27.4161
28.1684
28.6772
28.6383
28.5312
30.6301
31.3896
27.5794
32.2885
32.7573
30.0177
30.0454
29.0297
30.2358
31.8264
30.8995
30.0767
29.4944
31.3979
29.0151
31.3378
32.6765
31.9112
29.9840
28.5618
28.6542
29.4979
28.1637
28.7256
29.2848
27.1014
29.2229
30.3001
28.5105
30.6616
29.3232
28.1544
30.1472
29.2039
28.3794
28.6008
30.2630
31.3033
31.5940
29.3691
30.0460
29.2621
28.6154
26.1420
28.4889
28.6099
29.8003
27.0536
27.8603
29.5308
28.7567
28.8339
29.2262
28.1294
27.0011
27.6839
28.9079
29.3126
29.1080
28.1119
26.7791
27.7263
28.4329
30.4345
29.0005
28.4584
29.2295
28.0398
29.3701
29.0866
26.0944
27.0343
30.3309
28.8287
29.8640
28.7845
29.0574
27.7118
27.5637
29.4241
27.3140
28.2530
29.1970
27.3243
29.7276
28.2628
28.8266
30.9249
28.8042
29.4145
28.7858
28.6533
28.0595
29.7566
27.2873
27.4638
28.5521
27.5435
25.6858
29.2559
27.1074
26.6401
26.9689
27.0769
26.9387
26.9194
26.4067
26.9231
28.1507
27.3545
26.8639
24.9860
25.7788
27.6072
27.4570
24.1603
26.4715
28.1289
25.5703
27.0890
28.0844
28.3607
29.3278
27.4957
26.5783
26.1245
24.4966
25.9546
29.8814
25.4737
27.8283
28.7135
29.6658
27.4654
28.1084
28.3820
28.3191
28.4297
28.1955
27.8678
28.7566
28.6686
27.5459
26.1681
27.6169
27.0296
27.2200
26.7712
26.1762
26.7171
28.2577
27.1077
28.8718
28.5806
27.3879
25.5842
25.4583
27.1835
26.7167
27.8914
27.0378
30.0568
26.2068
26.4728
25.2375
27.4672
27.6142
25.8540
26.2594
24.3071
26.9738
26.2312
25.8465
25.2623
25.4793
26.1579
27.0824
26.1655
26.3178
26.4826
28.8757
29.5240
27.4193
27.9658
27.5958
28.4831
29.3492
28.3049
26.9813
28.4524
29.8864
29.5510
30.8308
27.7209
28.6244
29.2331
29.4845
31.1616
27.9065
27.8893
30.5842
30.8662
27.5406
27.6793
28.6744
27.3497
27.0825
27.9330
27.9433
28.1530
30.3804
29.2219
28.5196
29.1349
28.7397
28.5203
26.5814
25.4221
28.5071
25.8242
28.8287
28.7706
25.9933
26.8334
25.5037
26.3246
25.4786
27.5393
29.2600
28.2546
27.6522
28.2590
27.7656
28.5681
28.3388
27.4437
27.3308
28.1731
28.7502
32.1140
28.5631
29.6454
32.4081
28.9936
28.9452
29.6707
27.6799
26.3520
29.0844
29.3454
29.5702
28.4622
28.2645
28.7922
29.5002
28.7878
25.6319
26.3421
24.3740
26.9712
28.6525
27.2888
29.7219
28.3508
26.6169
26.4966
29.1870
27.3854
27.1511
28.7892
29.3715
30.2579
27.9844
25.8471
25.3999
27.8260
28.0014
28.4996
27.0247
29.0026
26.9098
27.9644
28.0204
25.8091
26.2382
26.8077
25.1286
26.6153
26.1628
27.0101
27.9036
25.3304
28.0697
28.3047
27.5859
28.6787
26.8890
26.8409
26.7327
28.0507
27.9872
28.5335
27.4014
26.9089
26.1736
29.2761
25.3874
24.8099
24.4120
26.2819
26.6656
26.2771
27.1335
27.8749
25.4248
26.9941
26.1355
24.8382
28.2567
31.4380
29.9546
30.6116
28.6927
30.3363
29.8681
29.1077
28.9470
30.0813
27.9420
28.0351
28.0596
25.8974
27.9907
27.2834
26.1896
27.4377
25.7580
26.5285
23.5557
24.8920
23.6477
24.6914
24.4149
23.8336
26.3601
25.7127
25.8975
25.1612
27.1264
25.9877
27.0875
26.9880
26.1285
26.2838
25.0617
26.8582
27.3604
26.0004
26.0309
25.7377
25.5689
26.6564
26.8044
25.6381
25.3232
26.9605
26.6839
27.4404
30.2104
26.8788
27.8520
28.3662
29.1927
26.6717
28.9050
28.6535
27.6856
28.2000
28.5393
29.4414
27.7814
25.6340
27.4204
28.3083
27.9168
29.2225
29.9272
27.7516
26.8687
25.8382
24.9620
24.9625
25.7380
27.8101
26.2319
30.4532
26.3194
29.9617
29.3597
27.7931
27.8094
27.7634
27.9713
28.1870
31.2955
28.0351
28.7775
30.4110
27.4610
30.9597
30.1767
29.0978
27.7959
27.8579
29.1325
31.7948
28.3676
28.8656
26.9772
30.4017
30.9087
30.4835
31.4538
26.5875
28.7874
27.3862
28.0957
27.0984
27.0785
29.3871
28.3206
28.7216
28.8924
27.4763
29.1446
28.2696
27.4196
29.2689
28.2223
27.6740
27.5998
27.5321
28.7955
26.7620
26.1718
28.2436
31.2472
29.4149
28.6759
31.0116
24.5887
28.5679
29.1298
26.2878
26.5376
28.1528
28.4935
27.4133
26.6013
29.2347
29.1060
28.8290
29.3561
29.4030
28.0010
31.1366
28.9868
27.5989
26.3434
25.8170
26.4865
26.8047
26.1890
27.7071
26.0103
27.5244
27.5610
25.5051
26.7652
28.0995
28.3445
26.9334
28.8269
25.1503
25.7321
25.6170
27.4787
28.8114
27.0374
29.9953
27.3125
25.1378
28.3956
27.7058
28.0490
27.8552
29.0721
26.6725
27.3234
28.5367
29.5207
32.1483
30.6957
28.8400
30.0089
28.0965
29.6368
30.8126
29.7459
27.7833
27.5042
30.0465
31.6693
30.6152
28.0756
30.8492
30.6272
27.0903
29.5720
29.3587
28.3421
29.9663
27.7733
29.7589
30.4012
27.6623
29.5845
30.0429
28.3183
28.1364
27.7228
28.9304
29.4629
25.9874
27.0935
25.3091
26.7571
26.0538
30.1319
29.0453
26.5868
28.2847
27.9101
27.9319
28.8061
29.6163
30.2553
27.2501
27.9176
29.2907
31.8012
28.7823
29.6383
28.2529
27.1924
28.6459
29.9093
29.0466
29.3429
27.5182
26.8384
27.2259
26.6973
27.6263
29.7911
28.1694
25.8493
26.4642
26.8767
28.0643
26.6581
25.9666
28.3197
30.3892
29.8172
30.8803
28.4375
29.9169
31.2634
30.1013
30.5631
27.7794
29.1858
27.8570
27.0355
26.2758
26.5858
23.5711
27.1881
28.3088
26.8516
27.4604
26.3696
28.0148
29.4264
28.5146
28.1796
27.3050
26.6060
28.8895
28.2551
30.2108
27.7251
27.4221
27.9374
29.0633
29.6307
27.7880
27.7464
29.1444
25.2668
27.1809
27.5304
25.7805
26.6258
28.2284
27.5730
26.9946
29.6235
26.8102
26.0479
26.3275
27.5428
28.1066
27.2734
25.4516
26.4300
26.6139
24.5455
25.3422
25.1610
29.4467
27.8522
26.1252
25.7882
26.8385
26.8494
27.0962
27.5915
28.7931
28.8453
27.9201
26.0560
27.2245
28.0240
26.5323
27.1706
27.4703
28.1427
27.9289
30.8339
27.5511
27.5397
27.6033
26.7311
25.4081
27.3469
27.6602
27.3235
25.6409
27.2811
26.4063
25.6468
26.6665
25.9090
27.8166
28.2245
28.0921
25.4985
26.2242
25.4561
26.1646
26.2860
28.4229
28.6417
27.5845
25.1595
25.9752
26.9441
25.6662
28.6970
27.8937
25.5896
24.7976
26.1459
26.2529
24.3849
24.9870
27.6699
27.6171
26.7461
25.6658
26.3939
27.5782
25.3990
27.9785
27.4549
28.8055
27.9750
27.4672
26.7219
24.6877
24.7636
27.1905
27.0486
28.9608
27.2300
24.9852
26.2377
26.1126
26.4510
27.3642
25.6079
26.1964
25.6688
26.9688
28.3126
26.9660
28.0393
27.4163
28.2608
26.7150
25.0776
24.5227
27.6313
28.0143
26.9855
29.2130
26.2241
24.6845
27.4165
26.7134
26.8325
25.2544
27.2276
27.6564
26.6979
26.8420
26.3043
25.6698
27.9645
25.8101
25.6539
29.1934
27.6352
29.7778
28.1582
26.2344
28.5598
28.8890
26.6286
26.5251
25.9564
27.6205
27.3649
28.2445
27.9109
28.7851
27.6303
26.4399
28.1150
28.7685
28.9603
29.1041
25.4142
24.8390
25.4119
25.1591
24.8104
24.5707
25.0893
24.2144
26.7374
27.4771
25.4322
22.8708
25.3824
24.6863
24.6093
25.3103
25.8688
24.9358
23.2344
24.3838
25.6016
26.4972
25.2357
25.3006
25.7810
27.4668
26.3413
26.7761
27.2427
26.8540
25.8588
24.6202
24.1158
26.4412
24.7086
23.9656
24.9383
23.6536
26.8065
25.6673
23.7883
24.9414
27.0137
25.9564
24.6961
24.7701
24.8815
24.3645
26.6090
27.6789
27.5935
26.7739
25.7055
23.6001
27.2449
25.2796
24.1880
26.8372
26.4235
24.7035
25.2728
25.9403
25.6680
24.7741
24.5575
25.5755
27.1084
26.0348
23.7608
25.5783
26.1626
26.6547
26.1500
24.6065
26.6697
27.2036
26.9819
27.5108
26.2059
25.2672
25.7841
24.0969
25.7722
25.5493
26.1528
27.7894
25.2219
23.9435
26.7366
24.4293
25.6544
23.7793
24.3142
26.3296
24.8362
25.5810
24.6379
27.0422
29.6515
28.7168
28.3305
27.2305
29.7649
28.1795
32.1294
29.2134
29.0777
27.2112
27.9206
25.9163
27.3251
26.4728
25.6163
27.4331
25.1770
25.7242
25.7346
28.8293
27.2275
24.9784
24.9722
27.6524
25.1298
26.7488
26.1857
24.7591
28.2559
27.9065
26.8555
26.7695
28.1385
24.8583
26.9161
27.7602
28.7379
28.4237
25.5726
25.3609
28.8829
25.4661
24.4519
24.1987
26.1269
26.4328
27.5852
26.3230
25.3575
25.6642
26.6094
25.7349
24.7603
25.0611
24.0920
24.2637
24.2564
24.4031
26.1091
25.3501
24.5112
26.6418
24.5473
23.8674
27.6799
28.2846
26.6869
26.1102
27.7970
26.4058
26.3283
24.8623
24.3625
23.6714
24.3043
24.7995
25.2440
25.5835
23.7625
24.5779
26.2506
26.4318
25.6114
25.1572
25.2142
25.3398
24.2587
25.3874
28.4154
27.5424
26.0500
27.4819
26.5313
26.6919
27.2188
26.8413
26.7678
27.7318
27.9957
28.2142
29.6536
25.9944
26.3533
25.2534
26.3305
25.6916
24.0171
25.8389
27.3733
26.5655
26.6050
26.3305
26.2189
25.9734
26.2063
23.7108
25.4719
25.6102
25.0722
25.7156
27.9305
26.7556
27.5039
27.3909
27.0317
25.7687
27.6437
28.1738
26.9244
26.3967
26.0570
26.1484
27.4852
25.8042
28.0398
27.4138
28.9777
27.6172
27.9118
27.1010
27.7223
26.1688
26.5789
25.1709
24.6493
27.1068
26.6480
26.3477
28.0381
26.5534
25.1968
24.9820
27.0612
26.8197
25.5598
23.6297
25.7867
25.6271
26.4564
25.6444
27.6356
27.7063
27.6556
27.0574
26.7655
25.1005
28.2251
28.7267
26.5577
27.1287
27.7466
29.1622
27.0700
26.7136
27.4064
26.9991
28.1389
27.1579
26.7230
25.9959
29.5721
29.5339
31.1372
27.6222
30.6759
28.3956
28.9984
29.7454
31.2222
29.9323
30.8331
29.4579
30.1712
30.0433
31.4614
29.5349
30.7153
29.9081
28.8341
31.1623
30.6765
29.2687
29.0811
27.4116
30.2504
29.0361
29.0136
27.1896
27.8409
27.7392
26.5899
27.3210
26.3682
25.5983
25.6647
28.0638
26.6127
27.4307
26.7151
27.9303
29.2085
30.4786
26.5906
28.9147
29.3003
32.2325
27.6982
25.7087
28.2686
27.5700
27.1151
27.2314
26.2267
28.4258
27.7818
30.3103
29.5784
28.7840
28.7229
31.1097
30.6273
30.1692
30.8710
30.4826
29.2374
28.3486
28.2613
30.4054
29.0875
30.0599
29.1511
29.0853
31.1811
30.6307
31.2055
30.1540
29.1806
30.2125
31.4282
31.2789
28.4944
27.5965
29.1510
29.0959
27.2919
26.7567
28.3163
28.1806
27.1828
28.2284
27.1689
26.7933
28.5285
27.5254
27.2656
28.9370
26.8670
28.1002
28.4865
30.0050
29.7937
29.0041
29.3388
27.5401
31.0142
29.1928
29.1224
27.9693
26.2208
27.6302
26.9953
27.6617
25.7529
28.1487
27.9984
28.7730
29.9061
27.8481
28.4721
30.6258
27.2784
25.2123
28.5974
29.7889
28.6333
29.2656
30.3740
28.4300
26.0446
27.3990
24.7553
24.9808
25.0231
23.8958
25.4159
23.7611
22.8845
24.3829
23.2433
22.0006
24.0306
24.8638
25.5264
23.8899
24.4930
23.6245
24.6589
24.3955
24.6592
25.1327
27.8881
25.0321
26.0560
29.8152
26.6948
26.6999
26.2611
26.5209
29.2390
27.1349
26.1548
27.2642
25.4257
25.9753
25.8758
25.7550
24.7223
26.3277
26.9204
27.4732
25.4581
24.7032
26.2904
24.9072
25.0962
26.2055
26.8117
24.1461
24.5206
26.2668
24.3126
26.7623
23.1357
25.8109
28.6952
26.4381
28.2749
26.3411
24.6360
26.6033
26.0054
22.8821
23.8515
26.2876
25.4709
24.8471
24.8659
25.7619
26.1490
26.2764
23.9780
24.7879
24.1080
21.2966
24.3551
23.4696
23.8119
25.1385
24.7342
24.9071
25.5953
26.9252
27.0441
24.5415
27.2720
26.1801
29.3262
27.7534
28.2610
26.3275
25.8198
23.8832
24.5515
24.8426
23.5544
26.6335
28.0618
24.5644
25.3409
26.1412
21.8007
24.2081
25.7555
24.4400
23.5868
24.1227
27.1046
24.0698
23.8846
27.2893
25.5908
25.1658
24.9994
25.1631
24.9918
24.9470
23.0776
24.4953
25.1649
23.5630
23.9936
26.9084
24.4782
24.4005
24.7673
24.1432
24.1451
24.4504
24.9146
25.2118
25.6977
26.3383
25.0602
23.5413
24.6527
25.9205
21.8953
24.7407
24.6743
23.9368
24.9684
23.9227
25.3047
24.6445
25.3972
25.0860
24.8558
27.0081
26.1496
25.8484
24.9307
26.6577
25.1742
24.4977
24.6966
26.3093
27.5319
27.1394
26.0081
24.2813
23.9432
25.8825
25.0820
25.3159
24.4780
25.6182
24.2617
25.8240
25.4475
25.9883
26.3500
27.1139
25.4203
26.8038
24.2075
24.7458
27.1547
25.1998
26.9419
27.4676
27.2857
26.8474
24.9123
24.9819
23.5046
26.1763
26.3764
26.1875
27.3974
27.5726
25.6198
26.1429
25.8879
28.1290
27.9131
27.4367
29.1009
27.7016
26.2547
26.1391
25.4500
24.4796
23.6571
25.0639
25.9757
27.1567
27.6918
27.3705
27.4575
26.6971
26.6736
24.7038
27.6968
24.7769
26.4508
26.6812
26.4306
25.3206
24.9914
24.8823
25.3766
25.3838
25.4838
23.8551
23.5074
25.7966
25.0750
24.5343
26.7096
27.7200
27.1526
25.5945
22.6894
27.5449
24.4017
22.7883
23.3126
24.6116
23.3062
24.6074
24.0476
23.3260
23.5177
21.8216
22.2357
24.6030
26.5986
24.2642
26.1965
26.2499
24.4800
27.5611
24.4690
23.4455
24.6623
26.2878
25.5652
24.4609
26.4523
27.1973
27.6185
28.1810
28.8079
26.9155
24.4081
24.5024
25.6405
25.8804
28.1140
26.9398
26.0506
24.6182
25.6960
25.9041
23.6757
27.1274
24.8938
26.0742
25.8419
25.2799
26.9521
24.8981
26.4112
27.7004
26.7595
26.6376
25.6267
26.1513
27.2823
27.8968
26.5978
25.2961
23.9717
24.2001
24.0707
25.1807
23.7855
25.6031
25.1485
26.3344
24.4366
26.6662
26.9266
27.3013
25.0792
24.9414
25.7647
26.5610
28.1894
25.2664
22.6661
26.8706
25.9681
24.8161
24.2296
23.9698
24.4185
24.4009
26.5171
22.8934
24.6749
25.1539
24.4337
23.8283
22.3665
24.2759
25.1459
25.4014
24.6743
24.9513
24.4438
24.4541
25.0007
26.3629
26.4490
24.1065
25.2299
25.0797
24.4030
24.7422
24.7942
24.7616
25.7153
27.4837
23.5939
24.7378
25.7816
23.1962
25.1255
26.4188
25.5665
25.9553
25.6522
26.3479
26.0347
23.9252
24.6496
25.9263
23.4477
22.8121
26.1149
26.2933
26.8967
26.2319
27.0639
25.0288
27.1856
26.3135
27.3579
28.5403
28.1290
25.7926
27.7908
27.2386
27.0318
27.3096
25.8642
27.2012
28.5642
25.8968
26.9140
25.5562
25.0788
27.1115
26.3264
25.4328
28.5320
23.7225
24.1738
25.0038
25.7833
27.7269
27.1599
26.1478
24.6080
25.3198
24.1390
25.5208
26.0614
24.2782
25.7534
25.3298
25.1228
24.6041
24.8764
25.5539
25.8990
24.7127
26.2055
26.7599
23.1488
24.8623
24.4966
26.3924
24.5584
26.1974
25.4105
23.6772
23.0789
23.8931
22.4981
23.4468
25.1326
24.5211
26.9485
25.1041
25.3348
24.8955
24.5926
23.7577
26.0827
24.9029
27.8325
24.7670
25.3770
25.1122
25.0157
25.2720
24.3877
24.1827
25.9986
24.5695
25.9657
25.0041
25.4890
25.7828
27.0342
24.7819
24.5687
25.0649
23.9116
23.9107
27.6529
25.7150
26.6341
24.3050
23.8472
25.4239
25.9726
25.1312
27.3992
25.9081
24.9220
25.5072
24.4025
25.7198
24.9548
23.4298
22.7138
23.8176
23.9702
23.7088
22.6105
21.4266
21.5029
24.4811
25.3084
22.3577
25.0701
24.8758
24.0193
24.8100
25.1444
24.3078
24.4788
26.6940
25.0412
25.5421
24.9494
25.4383
23.9719
24.5598
25.7097
23.7613
23.2398
25.7634
23.4410
23.2168
26.4288
25.8328
22.7030
24.3693
23.6280
24.2643
25.6662
25.5179
23.9717
23.8315
24.4715
26.2600
24.5068
24.9488
26.2709
24.7652
26.3403
26.2556
26.6011
25.1901
24.9249
22.5108
22.5540
23.7442
24.6923
26.4199
26.3111
26.1291
24.3107
25.2023
25.1449
28.4547
27.7848
26.8252
25.0710
25.4260
28.0833
23.2401
23.6551
25.4969
26.0120
24.4283
25.9197
24.4729
26.6242
25.4206
23.7735
26.0309
25.4384
24.3199
24.7316
25.8711
23.9128
23.3142
25.9386
23.9887
23.4804
23.8435
24.5946
25.1930
24.7548
25.4798
23.5624
25.8851
24.4195
23.5849
23.6462
25.4431
24.6232
23.5751
23.4565
26.3220
25.5166
24.6149
28.1323
25.3583
25.3425
24.2431
24.5789
24.3594
24.0728
25.0715
25.4981
26.0095
26.6602
23.4118
24.4855
25.0548
23.7738
23.4307
25.2633
23.2488
24.4467
26.5935
25.2699
24.2693
24.2137
23.1545
25.7878
25.5688
24.3328
23.6600
23.0374
23.3864
24.1796
24.1687
24.2460
23.1757
24.4545
24.2644
23.6359
22.3459
22.7596
22.6566
21.1932
22.0843
22.2115
23.2756
21.3701
23.9454
23.5661
25.3277
25.1373
24.2211
24.2386
26.3258
23.9347
24.1802
25.3103
25.3196
23.9427
25.0979
25.3327
26.0027
26.5719
26.4293
23.2154
27.1835
24.9885
25.9297
25.7849
26.0091
25.5385
24.0751
24.7210
24.9319
24.9306
27.8250
26.6654
29.0238
28.5394
27.9604
26.5190
25.5478
25.8393
25.4490
26.1818
24.9183
25.6055
25.9565
24.6793
25.3731
24.8807
24.0928
25.5689
24.4365
24.9182
26.3097
23.5988
25.4802
24.8016
26.3737
26.1142
25.5985
25.6333
24.8696
23.9627
24.5161
25.2855
25.2189
25.0818
25.6787
23.0535
25.3182
25.8110
26.6830
23.8812
24.7334
24.9895
25.0680
25.1247
22.1932
24.8929
23.5361
24.2231
24.0609
23.1956
24.2534
24.6563
25.1167
23.6421
24.7527
24.5965
24.6960
24.4091
25.9292
24.5557
25.3092
25.8759
25.8276
25.5754
26.0995
25.3263
25.0571
25.8235
24.2606
24.4391
26.8765
25.7925
24.4958
25.0450
25.8967
25.6710
26.3396
25.2741
27.1445
26.9121
26.7641
26.6226
25.3888
27.0318
24.9649
23.2794
22.2065
24.6223
24.9089
26.4672
24.7257
26.7129
26.0836
26.4298
25.2348
25.9701
26.0396
24.9558
25.0851
24.3702
24.9039
24.6584
25.9246
25.8932
26.2566
23.8247
23.8293
24.9214
25.6284
25.3221
25.9504
27.5181
25.4074
24.6265
25.1332
24.4459
24.4157
27.2371
26.6062
27.6732
30.4108
27.5093
26.6895
26.2038
25.9356
24.7934
25.4781
24.8627
24.0238
25.0382
25.9258
26.1953
25.9898
24.0998
25.1325
27.3988
28.5125
26.3708
28.8094
27.6818
25.5830
23.7759
23.6394
25.6176
26.3104
26.2903
26.2146
25.7456
26.2134
26.9914
25.9742
27.1452
26.4886
26.3286
25.3350
26.4056
25.2443
26.5655
26.6288
25.4785
25.6798
26.9344
27.4411
26.0606
25.4122
26.7063
25.8374
24.7640
25.3289
26.3787
24.3944
25.4075
24.2484
23.2672
25.2434
26.4619
25.3972
25.7502
24.7683
27.3904
24.8239
24.6896
24.3125
24.3629
24.2378
26.8085
26.1899
25.2030
24.1800
25.9185
24.8880
26.3703
23.4659
22.8189
23.7899
25.2348
25.1155
26.2246
27.8681
28.1591
25.1014
25.4311
26.4897
26.2430
26.1472
26.0604
27.1040
27.6014
28.0534
25.4136
24.8941
26.0118
24.1592
26.5966
26.9276
24.9025
23.9504
27.5258
25.5190
27.2554
24.5657
25.4091
25.2319
25.8792
23.3023
24.1273
26.1410
24.4813
25.0053
24.9875
23.3131
25.6047
26.0467
28.0470
24.7126
26.2695
23.9390
24.8396
26.0272
26.4149
25.8937
26.8717
24.8480
25.0267
24.5769
25.5077
25.5834
25.3667
24.5002
24.5020
25.8198
23.2899
23.1838
24.1262
24.1415
24.2817
24.6339
25.1785
24.8578
22.8730
24.2525
24.6164
25.3847
23.7487
24.9920
27.7005
26.7039
27.9321
27.5095
29.2917
27.4682
24.3241
25.1002
25.1381
25.7075
25.8484
26.2491
25.6876
27.5435
25.8614
26.6803
26.7634
27.4560
27.5961
27.9331
26.5712
24.8027
26.1967
25.4117
26.1247
28.0964
27.9290
26.3394
29.9787
26.9909
26.6658
25.0027
26.0963
26.7774
28.0710
28.1043
25.3040
26.7080
28.2859
28.5037
25.7187
26.3452
26.0561
27.5031
28.0155
27.7514
26.0374
26.3719
27.8196
26.1646
27.5417
23.6756
25.8581
25.5688
23.9520
26.4315
28.6515
27.6352
27.8652
26.6379
26.7578
26.3421
26.6489
27.4617
27.9442
27.4551
26.3039
27.4683
28.1209
26.9243
24.9072
27.1648
25.7122
27.8731
29.3822
25.2666
25.6189
24.1325
26.2531
25.2635
24.6675
26.5663
27.6537
25.0952
26.9914
25.8543
25.6378
25.9858
27.7059
25.9461
27.0049
28.0730
25.4003
26.1992
26.4188
26.3658
26.2184
25.7180
26.0170
26.4100
26.1740
27.3328
27.6877
25.7998
25.6929
26.2778
28.2759
28.5091
26.9551
27.1249
26.5812
25.8320
25.6684
25.8905
24.4019
26.3043
25.8932
25.8212
27.1472
26.5031
24.3127
25.7444
26.0236
23.9745
23.7716
26.2777
25.3179
25.9816
26.2476
26.1596
26.4403
27.1032
28.9321
31.8987
28.3975
30.3742
28.1591
27.3596
27.7435
27.6191
26.0849
26.0732
26.9599
25.6128
25.8178
25.7362
26.9292
25.4347
23.5670
25.1398
26.7170
23.2460
24.9798
24.7783
24.5740
24.4047
23.8940
23.8064
23.7675
27.2849
25.0044
26.6385
25.9111
25.5506
23.1692
24.1302
24.8974
25.7939
24.7094
24.8391
25.0882
27.5738
25.2820
23.4355
24.6244
24.4677
23.1821
23.2058
24.8478
23.8546
25.5095
25.7297
24.6641
24.7608
23.5757
25.8675
23.6786
24.6167
24.7366
25.1396
26.4791
25.9477
27.9146
26.2593
26.8277
23.8587
26.4683
25.4969
24.1334
27.8459
26.0360
25.6970
28.4056
24.4022
26.8475
28.4126
28.2470
29.7978
27.6510
26.9524
27.7090
25.6152
26.8312
26.1182
25.9946
26.6887
24.5160
27.0046
27.4257
27.2308
25.2467
28.5563
26.4767
26.7743
23.9799
25.8033
24.6990
24.4725
27.5024
25.6352
25.9711
25.6347
27.9715
25.0406
25.5539
25.2042
26.7568
24.5376
25.2475
23.8500
22.5424
23.7173
25.7623
24.5420
25.0471
24.6189
25.6470
27.5331
26.2958
25.4058
27.1771
26.1936
26.5968
24.5584
24.7280
27.1611
26.6269
28.6794
28.0055
26.9333
25.9214
26.0555
24.7431
26.7815
26.6647
25.9598
26.1574
25.9245
26.2670
25.1754
23.9852
26.1880
25.0782
25.9849
24.4729
24.9218
26.3367
24.2976
25.5263
24.9641
26.4307
25.2804
26.1190
27.9937
25.0137
26.8368
25.7340
25.0455
24.8152
27.0118
24.6655
25.6211
24.9977
24.0069
26.3151
27.2835
24.4341
28.1621
27.0193
25.6796
25.8762
26.7073
24.6973
25.6729
25.3267
24.4530
25.0639
25.0292
24.9959
25.3723
24.9174
27.2821
25.2798
24.7876
24.8411
25.6604
25.7897
26.1552
27.0003
25.4968
24.9358
23.5948
26.0525
26.9109
25.7419
25.9819
24.9944
26.5357
25.3788
26.5758
25.3443
25.3135
26.1938
26.3691
27.6265
26.8427
26.1002
26.8192
25.1047
26.5287
26.8426
25.9597
25.7486
25.0780
26.9228
27.0144
26.1486
23.9132
28.0424
28.2500
28.4543
26.1067
27.4418
28.9678
27.4942
29.0511
28.7291
25.9030
27.0719
27.6756
25.8730
26.1168
25.5856
25.6181
24.7300
27.4241
29.6808
28.9033
25.9990
27.1727
30.3495
28.0297
27.2564
27.8194
26.8898
27.1033
27.7093
25.3484
27.0873
26.9539
28.2168
27.8486
27.3151
27.9176
27.0704
28.2359
27.5548
27.4961
28.7488
28.0810
27.6729
27.4278
27.6781
27.2230
24.3703
25.4297
24.8795
25.4063
25.2566
25.7629
27.2110
25.3111
25.8594
28.9933
27.8632
28.0335
28.1180
25.6894
26.5193
27.6760
24.1764
25.9244
25.0161
26.4452
25.9726
25.5654
26.8412
26.4958
25.4783
27.0716
25.8973
24.9250
25.6428
26.3925
26.8675
29.5607
29.2043
26.9670
28.1167
25.6654
26.1044
26.5182
25.9222
26.4637
27.6508
25.8815
26.2729
26.8430
26.2247
26.1122
26.8745
27.2711
24.1350
25.9256
26.4760
24.9876
25.2688
26.2592
26.7567
26.4583
29.1929
27.1021
28.6585
27.0051
26.1190
26.8500
27.9697
27.6438
28.6318
25.5006
26.9040
26.9291
26.5296
26.8019
27.7873
27.4163
27.0726
26.5280
28.3044
25.8055
26.3452
27.9026
27.9218
28.3965
28.4235
26.4934
30.2901
27.6899
27.7145
25.9087
30.0459
30.8626
29.0932
28.2258
27.2272
29.9273
28.4295
26.8788
28.0631
26.7128
29.8450
29.3422
26.6085
27.8854
28.3485
27.7101
27.9671
28.4759
28.5766
28.6388
31.3626
31.2471
30.9068
28.3740
28.8794
29.0023
31.2222
27.9725
28.8646
27.0707
29.6357
28.9379
29.0855
28.5604
29.5669
27.8507
28.5057
30.5531
29.7918
27.6492
27.5112
27.4808
28.0410
28.6070
26.7191
26.5597
28.1521
27.1357
28.9088
28.3113
28.1876
27.9303
27.3229
26.9107
28.1718
27.1589
26.4060
28.0808
27.5303
26.6736
28.8660
29.3772
28.2313
30.1846
28.2783
26.0868
27.7692
25.5992
26.9884
29.8237
30.4776
29.4920
27.9326
27.8282
26.7319
27.8294
28.3901
26.8013
26.8924
27.3607
27.1907
26.9186
26.6508
28.1541
28.5422
28.4170
27.5398
29.3681
30.1738
30.1893
29.3814
28.7244
27.8734
27.0160
26.2580
26.6672
26.2641
27.7406
28.1741
26.8062
27.9911
25.4456
27.6890
28.9383
27.4904
28.8872
27.1983
26.6213
29.4069
27.6489
26.0756
26.5612
26.0292
27.3538
28.0415
25.9581
26.0173
26.1504
25.6867
24.2163
25.8784
26.5035
27.1862
25.8666
26.0595
26.1481
25.1827
26.4787
26.2891
25.0269
27.6327
26.5538
26.7027
25.7631
26.9677
25.3353
24.3640
23.8953
26.0555
24.7521
26.2037
27.1482
28.2084
25.0071
26.4758
24.7517
25.4379
24.8542
25.4689
27.7118
24.7303
26.1686
25.7234
28.7805
28.2876
27.6515
29.9864
26.7344
25.4308
25.5315
27.4341
27.3748
27.9963
29.7840
28.5395
29.3079
29.2837
27.8683
28.0319
27.5509
27.6433
28.7173
29.8925
28.5682
31.3447
30.4720
30.0388
30.7001
29.7442
29.3380
25.8295
27.3919
28.6121
29.4156
30.8981
29.0202
28.6544
28.1647
26.9014
28.9285
25.9744
29.8154
28.5378
29.6823
30.8559
29.7577
29.8884
27.8664
29.8523
29.6051
29.8700
30.6952
30.3951
29.0025
30.2586
29.6575
29.1686
29.8811
29.5283
27.4536
29.1682
28.2390
31.3435
32.4650
30.0059
29.4440
27.1080
29.1438
28.8944
30.3716
30.4028
30.3112
31.0198
30.5065
28.2711
26.2065
28.4560
29.2825
26.9849
28.6807
26.8759
25.7039
26.3558
28.2305
28.7076
27.5578
27.0843
26.6659
24.8896
26.6434
27.2819
27.3898
27.4951
24.6035
26.2779
26.5158
25.5685
24.7683
25.7718
24.7270
26.3472
25.2453
25.3803
23.9685
27.6348
27.1736
25.9660
27.5571
28.2003
27.4445
26.7467
26.5987
24.6089
27.7199
24.4212
26.0106
24.0865
25.0039
27.4482
26.4360
27.4014
26.2842
28.8123
27.2181
26.4122
27.3466
27.7944
25.3488
24.6062
25.6686
26.8637
26.9702
26.7970
27.1594
26.7672
26.5654
26.4171
27.5440
26.7184
28.0204
26.1632
25.3370
27.2054
29.2299
28.2897
27.1212
26.9891
27.6647
28.9906
28.0844
27.2008
24.6194
26.0013
29.0662
25.2323
25.6844
27.3725
26.9157
26.5298
26.9556
26.9702
26.6544
27.0656
25.5679
26.4559
25.3999
25.8529
25.9993
26.5663
26.1730
25.6790
25.4315
26.6003
24.1396
25.2215
25.4016
26.4636
25.6821
25.1534
26.7922
27.0591
27.6904
25.7618
27.3680
25.8135
29.3507
25.5195
26.2056
26.3319
28.0542
25.8277
24.9775
25.9805
25.7529
25.0877
26.1239
27.6682
27.8931
26.6509
25.2188
25.2212
22.3499
24.2448
25.8144
26.6316
24.3786
24.2504
25.1431
24.7594
25.7490
27.4691
28.6762
26.5181
26.9856
27.6820
27.0375
28.5891
28.0607
27.0197
28.8253
29.7267
28.4930
26.4441
26.8409
27.0900
28.0058
26.9171
28.9631
28.3475
28.3330
29.0583
28.7887
28.0717
27.7806
26.7790
28.3614
28.0023
27.8405
27.6409
26.7938
26.9828
27.3752
27.5865
27.6652
28.8308
29.4578
26.5571
27.5149
29.5054
28.1251
29.3719
27.7580
27.0574
27.4556
26.5258
25.4576
28.1859
27.5024
26.9290
28.3131
27.7896
29.5865
29.3542
29.0334
25.8824
25.3757
24.6086
26.4108
26.0489
26.8366
24.9679
24.5380
24.4205
25.6959
26.9240
26.2561
27.1222
28.5046
25.4119
27.4142
28.6970
28.2727
28.5714
30.1692
27.3123
29.1467
28.6625
28.4803
26.6786
27.1679
28.9628
26.5925
27.2811
25.4116
25.7539
25.3714
26.5931
26.9674
29.1310
25.8299
27.7539
26.8459
27.0520
28.8961
26.3198
25.7526
28.1922
26.8688
24.9738
26.2021
28.0511
28.4156
26.4854
26.4147
27.6458
28.3082
26.7715
26.5545
25.1746
26.1932
25.1633
22.6960
26.7265
25.0817
22.9852
24.6243
26.1506
26.5259
26.6152
24.7310
27.8884
26.3360
28.8228
26.2536
27.6036
26.6602
26.4686
27.7432
27.3516
27.5837
27.4598
27.2692
24.9448
29.2268
29.0156
28.5476
29.3479
28.9752
27.8300
25.6695
27.6548
26.7839
25.8333
26.6572
25.8329
28.3845
24.4785
25.9753
24.8789
25.5409
25.1920
26.4942
25.3227
25.4278
25.2291
26.9781
25.8273
25.3143
25.3747
26.2443
24.5625
23.9051
26.9024
25.6925
26.0662
25.4526
25.6003
24.6824
27.1656
26.4926
23.8872
27.2465
25.1484
26.2905
25.9077
26.1830
25.9654
25.5030
27.2293
27.9840
24.9351
26.4699
25.6255
25.1577
25.9128
23.6689
23.4606
24.5322
24.9565
25.4515
23.5758
27.2454
24.8050
24.2577
24.7467
24.7017
24.3472
25.5607
23.8090
23.4831
24.9983
25.8164
25.4011
26.3801
25.4291
26.4759
24.9406
25.8949
25.7878
25.9510
24.2388
22.7700
25.4016
25.7554
24.8243
24.6755
25.7336
25.1657
25.0147
26.4576
26.5136
24.2013
26.3968
26.6340
25.8793
25.4743
27.2253
24.7730
27.5738
28.0175
25.4464
28.0859
28.1407
29.3804
27.5098
26.9017
27.8332
28.3544
28.6408
27.2574
26.5076
28.8507
27.3247
25.9139
28.7282
27.9278
29.2141
29.2818
27.8782
28.0211
30.6314
27.7359
25.4633
28.7555
26.2287
25.2367
25.8519
27.9094
27.9123
29.3931
30.5324
27.2289
25.7158
25.2958
26.2340
26.5855
27.6794
25.9668
23.7222
26.8059
26.6915
27.3134
25.4403
23.9530
25.6981
25.5147
25.5253
27.8950
24.8738
26.0421
28.2704
25.8895
27.4518
28.1977
27.7837
27.6358
27.1982
27.5771
26.7535
26.5492
26.5700
27.6855
26.3685
28.1995
26.7273
25.2328
26.6011
26.6513
24.7217
25.1841
25.2172
25.7179
25.7687
27.5545
26.4134
27.6447
27.2767
24.7391
26.6109
25.6239
25.8050
26.0385
25.0669
26.1333
24.7549
25.7147
26.5104
23.3055
24.2692
25.6813
26.8303
26.2791
26.0249
25.9813
24.6109
24.7586
25.5844
27.9598
28.1015
26.7979
27.2867
26.8575
27.3269
28.6773
26.7054
26.7788
27.4197
26.6870
27.2577
27.6185
26.0672
27.8066
25.6113
27.3095
26.2021
26.3438
26.6779
27.8568
28.6284
27.2259
28.2899
28.6854
27.6114
28.3920
28.2139
28.5577
27.2952
27.4535
28.4190
28.2250
26.6304
25.9188
25.0425
26.3103
25.6990
25.0185
27.7745
24.8932
25.4600
26.4506
27.5017
28.8827
27.6372
28.9392
28.1490
29.6653
29.4281
28.9372
26.1781
24.7639
26.4596
26.0039
28.0353
27.0263
26.1016
24.2489
27.4429
28.1424
27.1238
26.1481
26.4050
26.8262
26.7755
27.2744
27.1869
26.2091
27.2800
26.1657
27.4802
26.5769
28.4778
26.8320
26.2082
25.9943
26.7129
25.1875
27.3548
25.6925
25.5949
28.0230
25.3003
27.6519
28.7853
28.7650
29.8092
29.5779
27.3534
28.4471
28.0132
27.8594
28.1361
29.1409
28.1252
26.2265
23.5685
26.2035
26.3299
27.2996
24.6154
26.3939
26.2102
26.7042
26.0800
25.6574
25.7428
27.4935
26.7740
28.1384
28.7110
29.9922
28.0552
27.7164
26.6287
31.4071
27.7305
28.9028
30.2404
29.5007
30.4957
26.2293
26.6326
26.4452
27.5446
28.1152
27.3982
27.2259
30.9059
30.8860
30.1611
30.7132
29.8226
29.1781
27.9512
26.4892
28.5223
29.0329
28.0287
29.8676
28.1791
27.2481
29.7794
28.1786
29.7950
30.4143
28.3739
27.3596
28.6072
27.5021
29.2964
29.0498
27.9804
28.3437
29.5618
27.3030
29.2876
29.0387
26.8714
31.0448
29.7623
27.6348
28.8170
28.0941
29.4380
29.0130
28.8982
30.1642
29.0075
27.3454
28.0810
27.9304
26.2492
28.2604
27.3132
29.1144
26.5986
26.5943
26.8235
25.8884
29.0760
27.4054
29.4769
27.4451
28.2457
27.0215
28.6759
26.4586
26.8298
27.4996
27.0292
26.6340
27.7404
26.9430
28.1847
27.5481
26.0341
26.0084
27.4798
27.7250
28.3651
27.3571
27.8698
27.0278
27.2659
29.7096
27.7703
28.8120
30.4366
28.6946
28.5200
27.5952
28.5011
27.7603
30.1820
28.5516
25.1863
29.9156
30.2146
31.1946
30.9210
29.6922
30.4508
27.2137
27.8113
27.5577
24.7593
24.5015
25.5731
27.3931
27.8983
27.6562
28.1976
27.3909
28.6254
26.2750
24.2619
26.2564
26.5759
28.6332
27.2318
26.1901
29.9072
27.0843
27.6763
28.8686
28.1676
26.7505
26.0070
25.9724
27.3994
26.7833
27.0035
26.2987
25.3102
25.8116
25.8326
26.5731
24.9582
26.0005
27.2913
26.2395
27.4759
27.6229
26.6123
26.8106
24.7986
25.2657
26.4930
26.3764
26.9051
28.4095
26.8059
26.4111
27.0835
25.2399
28.1487
24.7392
27.3521
31.0685
28.8649
30.1876
26.8290
28.6345
25.9890
28.6818
27.9060
27.2639
30.6550
27.4826
27.4228
29.6639
28.1322
25.7379
27.6638
29.5032
27.5063
26.3284
28.0020
26.8137
26.2768
26.8349
27.8667
28.3829
31.4843
26.2339
26.3576
26.1815
29.6331
30.4696
31.7667
27.8009
26.6972
29.1090
26.7509
29.4946
28.0311
27.2610
27.4753
28.5046
28.9118
30.3509
28.8618
28.9352
25.3777
27.1750
25.4740
26.3081
26.9482
25.5800
27.3553
28.4392
27.7908
28.2266
27.8509
28.0566
28.2134
30.3098
29.2089
30.2142
30.3054
27.1121
30.4359
28.2169
28.6245
27.5731
29.5061
28.0195
30.0022
29.3836
29.8312
29.4920
30.8731
31.5034
29.9810
27.5288
27.0367
28.3606
26.5027
27.5556
28.1676
28.4644
28.2967
26.9428
26.4240
25.7933
26.9141
27.4946
27.4210
25.7998
27.4354
27.1596
26.9023
28.0594
28.5860
29.1220
28.9897
29.5641
28.6723
27.0800
26.4312
27.0457
27.7681
27.2199
27.6002
26.8442
26.8041
27.0773
26.8535
27.7249
28.6553
24.4428
28.0800
26.1948
26.0467
26.7014
26.9587
24.0509
24.6242
26.1127
25.5368
26.9140
29.0055
27.5515
26.3406
27.2300
28.6497
27.5643
28.2125
28.0534
27.5586
28.0863
25.6591
26.4518
26.0719
28.1426
26.5273
25.4758
25.5152
27.0203
27.4188
27.5381
25.8198
26.5020
27.3528
26.7150
26.5472
26.8130
27.7348
25.2296
25.1786
25.9992
26.2421
27.1027
26.8066
28.3308
29.5581
28.0428
28.6314
28.1397
28.2712
27.7011
26.5267
28.0333
27.8122
25.7838
26.3982
27.1051
27.0013
26.7694
25.8510
28.1936
27.7152
24.5894
26.7930
25.8627
25.0070
24.8033
24.1956
27.1273
25.8836
26.7807
27.0419
24.9451
25.0156
25.5256
26.0358
26.7372
24.7676
26.1041
27.1607
26.3284
25.3094
23.3696
22.8752
25.2970
25.0943
24.7546
26.9150
24.7226
25.0385
24.1542
26.7958
29.4907
27.1539
25.1893
23.1013
24.2275
24.1829
24.8589
23.8278
25.5930
25.1107
24.6880
26.1226
25.5832
24.4100
26.4722
25.1604
25.9460
26.1305
26.3869
26.1153
26.1304
25.4008
24.3995
26.5135
25.0509
24.0496
23.7837
24.9936
26.7755
27.2269
25.8646
26.9422
24.1433
27.1515
26.7675
24.8176
27.6557
24.4575
24.9463
23.4751
26.4234
26.9006
24.6130
25.5876
24.1036
25.0590
26.9680
26.5498
28.0679
25.3450
28.3620
26.4962
25.6588
28.0046
27.9802
27.1949
28.3404
28.6458
28.3379
28.7842
29.8141
28.2971
29.5607
27.5543
24.9078
25.7400
26.4225
28.0707
26.9099
27.5528
26.6276
25.7039
25.3549
25.6202
26.1754
28.8635
27.6116
28.1596
27.5057
26.7624
26.3056
26.5270
28.4706
28.3326
27.0464
25.4000
27.3828
28.3926
26.0734
26.7517
27.5270
28.1378
25.8688
28.0493
28.5770
29.1738
30.0258
30.2592
28.0605
28.1934
27.4105
28.4252
27.8907
27.6118
28.6694
26.6629
28.6272
28.2642
26.9855
28.0860
29.0856
27.3679
25.4785
24.8538
28.5429
26.7330
27.2261
27.3343
27.3264
27.0775
27.8245
28.4096
30.0117
27.3654
29.0697
27.7868
28.1026
27.5060
27.4829
26.9595
28.6634
27.2943
25.9709
26.1948
25.3691
29.7274
25.8937
28.6796
27.1815
30.2512
27.2375
27.3926
30.6845
30.7577
28.7824
28.8837
28.9208
25.8210
26.4417
28.5537
29.5493
28.2761
27.1134
29.2191
29.6851
26.0184
28.0873
27.8100
28.2067
27.6985
27.2327
28.5503
25.5632
26.8728
28.8681
28.5458
28.1918
27.4692
28.9553
26.7336
27.9722
29.7635
27.1050
28.4139
27.9969
26.6263
26.5944
27.6856
29.3389
27.8456
30.7738
27.9321
27.7967
31.4784
26.6927
26.1572
28.2267
27.3136
25.7221
25.0902
27.9060
28.5885
26.9854
29.6979
30.5469
29.7293
28.7861
30.3446
30.6102
29.9792
28.5069
28.3655
26.8624
27.1501
27.9046
26.5164
25.1408
26.8044
26.5718
25.4124
26.8347
27.1652
25.0002
27.3249
28.3660
26.2033
27.5832
26.2261
27.1512
27.5961
26.2036
27.3004
28.8037
25.4620
25.8967
27.5334
25.2516
26.6198
26.5468
26.2338
26.2569
26.3134
25.4168
25.6590
27.5612
25.6441
25.6576
24.7997
28.1926
26.4938
27.0322
26.9372
27.2412
28.1011
27.3072
29.1369
28.1634
26.4893
27.2408
27.3871
27.6311
26.1603
28.7622
28.3173
27.5342
27.2005
26.0666
26.1597
26.5165
26.2672
27.5702
26.0068
27.7120
28.6832
27.4639
28.3032
29.3255
28.7156
28.7412
27.8523
26.9195
26.4053
25.4831
25.9093
26.1953
28.1685
25.8572
24.7083
25.5355
25.2387
26.9794
27.2889
27.5718
24.7745
26.0548
26.4094
27.8864
25.7388
26.3016
26.7504
27.0403
27.7693
27.7515
30.2746
26.6928
27.3856
30.2240
27.0416
26.8869
26.3237
27.3958
25.9101
26.2266
24.8143
22.5377
27.1528
25.7919
23.9262
25.3523
24.3703
27.2273
25.8637
26.2815
24.2995
25.7421
25.7587
27.6255
26.5671
25.2812
24.0146
24.0094
26.2999
26.4947
24.9594
25.8807
25.8326
25.3810
25.9546
26.0194
27.0703
29.0735
27.9979
26.4192
28.2495
26.9799
24.5276
24.4733
23.6135
25.0576
26.5332
27.4612
24.9363
24.0797
26.2334
25.6901
25.8371
23.8670
23.5631
23.8822
25.6512
26.2579
23.5916
24.8636
23.6698
23.9854
24.6520
26.3170
27.2370
27.1143
24.4612
25.0064
26.3858
26.5962
25.2011
24.2668
24.9422
27.0481
25.9731
27.7800
26.6207
24.6985
23.6109
25.0784
24.5897
22.3409
23.1991
24.8617
26.1418
23.4224
27.5254
25.7694
26.3772
25.9832
26.8052
27.7550
26.3353
24.0520
23.8999
25.2407
24.6429
25.3225
29.5997
22.6602
24.1574
24.0152
24.8388
26.6766
26.5015
27.2995
26.1471
25.4591
25.0797
25.4235
25.6983
25.4450
27.2538
25.9964
26.4068
25.3935
24.3051
25.9142
25.1097
23.8470
22.7571
22.4389
22.7083
25.2033
25.4223
26.3673
27.2175
26.1159
25.7994
24.7916
26.3090
23.0793
22.5415
24.6655
25.0226
23.8849
24.1426
26.5946
26.5289
27.6991
27.1191
25.7072
26.5696
24.6161
25.3902
27.2933
27.3826
25.9927
26.1985
25.5706
23.6634
24.8111
22.8766
24.7305
23.5099
24.3183
23.7836
27.1177
27.7964
25.8711
26.6449
28.2838
26.9649
30.4688
31.0623
28.5050
29.6221
27.3831
27.9753
27.9615
27.5820
29.3130
27.4841
29.8851
29.0994
29.7183
24.6006
25.7188
26.6174
26.7440
27.4530
26.3296
26.1899
28.0440
27.9081
28.7245
25.8069
27.9345
26.7685
27.1646
29.5819
30.3784
26.5212
29.3132
26.3834
28.1369
26.5945
28.2787
26.1989
25.5975
28.1039
25.9468
28.2130
28.4927
31.3385
27.9903
29.0355
27.9989
26.9882
28.7987
28.8816
28.5934
27.1281
30.0565
27.0126
28.3988
30.6840
29.5728
28.5740
25.8230
27.8937
27.2666
26.9259
27.2724
26.6387
27.0248
25.7375
27.9723
27.1735
27.1802
26.6261
26.2760
25.8419
27.3612
25.5489
28.1205
28.2644
27.2490
27.4150
30.0630
29.7226
26.2457
28.3191
24.2274
24.5520
22.3937
23.7193
24.2520
25.3713
25.4170
27.2133
27.9290
26.4983
27.3967
27.1735
26.4973
26.9071
26.2101
25.3207
28.8987
25.3955
25.1803
25.1726
28.4684
27.0623
27.3428
26.6850
26.6436
27.6514
26.3595
26.1822
28.1422
30.0454
27.8496
30.3436
28.1152
26.3585
24.4943
25.1124
25.3128
27.2853
27.4059
27.4212
25.1485
25.3177
26.3261
24.5800
25.2899
26.4470
26.9185
27.1126
26.7083
28.0458
24.9420
28.9447
26.8009
28.0878
26.5678
25.0754
27.3650
27.3437
28.2854
26.5853
25.9301
27.7151
29.1541
29.0110
27.1057
28.0052
27.6161
27.2613
27.6468
25.6694
25.8185
27.8720
29.3912
26.4463
25.5646
26.2088
25.2618
25.5281
25.8375
28.0730
25.4677
24.4454
28.3713
25.9368
23.2655
24.6889
25.3061
25.9060
26.8192
26.9798
26.8057
26.2532
26.9780
27.2984
24.6236
24.2854
26.5731
23.7421
27.2348
26.7327
26.2796
26.1620
27.4256
25.0798
25.5999
27.4477
26.0551
27.2063
25.5972
26.3670
26.0936
27.3527
28.6011
27.1919
27.8222
25.9935
27.4943
26.4944
25.9732
26.2747
25.6870
25.2112
25.8070
26.3117
28.5185
27.0439
27.1142
27.6082
28.5808
29.5356
29.6661
29.1503
28.1999
26.4936
29.6203
29.9097
27.3892
27.1159
27.7485
26.5547
29.5085
27.1096
28.7408
27.1305
26.0825
26.0873
24.6001
25.1306
26.6441
27.6075
27.2983
24.6143
26.9320
26.9699
28.4083
27.9482
28.2079
26.2114
25.3977
26.7247
25.6471
28.4737
28.1229
25.1524
26.4901
28.7096
27.0712
26.0678
26.3150
26.7851
27.2164
25.9901
27.0056
27.5152
25.2492
26.4388
27.4632
28.3923
27.9169
26.8385
27.8383
28.0231
29.2676
27.7289
28.8307
26.3288
27.8508
29.5353
27.9718
26.8504
24.4081
25.3350
27.4972
25.4569
23.3070
24.5567
29.2189
27.4023
24.6341
24.0617
25.5788
27.1710
25.3679
25.8062
28.1505
26.8560
29.5397
28.7779
26.8845
27.7548
26.9606
26.7851
26.7841
29.5393
27.9873
26.8080
26.5460
24.7829
26.8474
28.4437
27.2800
27.6717
27.8702
26.3873
26.4006
28.2436
25.2635
26.8984
27.6773
27.1802
27.2381
27.9137
28.3136
29.9356
26.1178
28.4423
25.8153
27.8559
26.3208
26.2417
26.8044
24.8807
26.1677
26.3911
24.0498
27.9382
28.2266
27.5939
25.4890
25.2491
27.5321
27.2691
26.9684
26.7446
27.5602
27.2419
26.3594
27.8380
25.7825
27.8563
26.3187
29.0121
27.4783
26.2428
26.3623
26.4503
26.1730
24.0596
25.9781
25.9824
28.5078
27.7679
25.5191
27.1847
26.9747
25.7876
29.2384
27.8471
26.6438
30.0861
25.8420
27.6696
28.8897
29.9520
28.7187
25.5577
25.3194
25.0206
25.3085
28.4878
26.1220
28.3956
26.8360
26.6387
28.7938
28.2798
29.1171
28.5113
24.9252
26.5876
25.0348
25.5460
25.8488
26.1047
26.4728
25.8972
25.5620
27.5842
25.8428
23.3826
25.6882
26.8740
26.9593
26.3595
25.8746
25.6020
25.8381
26.8346
26.6902
25.0849
25.9989
27.7134
23.8608
25.2300
25.6307
27.5381
26.6283
26.2559
26.1601
25.0730
24.2081
26.6015
26.3622
27.3252
26.0233
24.5957
25.6918
25.5521
27.6830
29.3697
28.9310
26.2624
25.6044
25.7816
24.4423
24.6662
24.7797
23.9255
24.2666
28.8079
27.0514
25.5362
25.2801
27.2511
28.1525
28.3609
30.1084
28.2567
27.7903
26.0568
25.4797
27.4756
26.0904
23.9035
24.5100
24.5840
24.4557
27.9252
24.5069
26.8326
25.8830
25.8744
24.3471
27.1906
26.5752
27.7671
28.5205
29.6748
25.0094
28.1271
26.6108
26.7423
25.0534
25.9964
25.3452
24.7329
25.2657
26.2634
25.7769
24.8438
25.9658
24.4081
26.6151
27.6389
27.9503
26.1912
24.3787
26.2205
27.1315
26.5552
26.7845
24.9298
25.3779
25.8885
25.8047
25.1858
25.7763
26.0374
26.1953
26.1617
26.0271
26.9512
27.5787
28.4774
26.3127
27.4573
27.0179
27.6050
26.4386
30.9477
27.8517
26.7736
27.6521
28.2190
26.6129
29.0087
27.6844
24.9330
27.6942
26.2050
28.8525
28.3692
27.2101
27.0006
26.2103
24.8905
27.6743
26.9320
27.0180
27.3188
24.8070
25.4220
27.2824
28.6504
26.5867
28.7526
27.3662
26.5688
24.9939
23.9505
26.5737
24.6019
25.8346
25.5614
25.5665
24.1771
23.2943
25.8708
27.8646
25.7048
26.4734
26.6064
28.1171
26.2114
26.2829
27.6931
26.8679
28.7427
29.1116
26.2748
27.0717
27.9544
27.5631
28.4249
25.8571
25.5071
25.7953
25.9270
25.1478
23.9190
24.0486
23.6253
23.8246
24.1530
25.3294
23.7617
24.2291
27.2869
25.5254
24.4525
24.6738
24.6985
24.7324
24.4974
25.1531
24.1439
25.5268
28.1898
27.2633
27.8265
25.6302
27.6347
23.5874
23.7094
24.8580
22.8498
23.3078
23.3994
22.5458
23.3977
22.2159
25.0115
26.0854
26.9992
25.0970
27.2510
26.6337
25.0976
25.7048
26.2134
24.1760
25.4476
25.2679
24.3701
25.5080
26.2253
25.5468
24.0110
24.8942
26.6105
25.1378
27.3132
24.9744
25.5586
24.5060
24.8847
26.5069
24.3921
24.9463
25.7029
25.1727
27.7471
27.2467
25.7839
27.5414
27.6703
25.8490
27.1811
26.0128
28.4956
24.8356
28.3904
27.7092
27.0319
27.3159
25.3096
22.7235
23.5373
24.2072
24.7314
27.0406
24.2773
26.2381
27.8723
29.1111
27.6054
25.7175
24.1608
25.0991
27.3264
25.8443
25.5865
26.8366
24.4630
27.8723
27.6224
27.9933
27.7466
25.5173
27.7769
25.4007
28.4957
27.3412
28.4034
27.5849
28.6160
26.9010
28.4119
27.3619
27.1678
27.3098
27.8460
27.6134
28.0170
25.9356
26.1570
26.7678
28.9615
28.2099
23.6431
25.8034
25.1691
24.8184
26.1181
27.7372
28.0156
26.5053
26.3009
27.9611
26.3160
26.9220
28.5013
25.8958
27.4419
28.4593
26.0928
25.0542
26.1921
28.6137
28.2919
27.6607
27.7338
26.1082
26.3548
26.9240
26.1449
25.3206
26.4951
25.0458
24.2085
23.8603
24.5616
25.2735
26.0458
26.5753
27.5731
25.9625
27.5655
27.0768
26.6819
26.5632
26.6554
28.1923
28.4267
27.2246
25.9213
26.0269
28.2356
26.5999
28.9326
28.7153
28.4879
26.1156
26.2294
28.0434
25.9012
24.9736
26.8463
25.3657
24.8305
25.0784
25.1402
23.4960
25.1494
25.1020
24.3746
25.7446
26.1839
27.3527
27.0874
27.0527
26.4042
27.9223
26.7736
27.3054
26.3919
27.4552
26.9618
26.7576
27.7897
25.5660
28.1367
28.4145
26.3243
26.2120
23.5604
26.6869
24.3614
25.5146
28.5151
30.2456
27.9888
27.7527
26.7335
26.9467
26.6879
25.9676
27.8694
28.2686
26.3243
27.1221
25.5566
26.9881
28.2010
25.4830
26.6023
27.9616
27.9492
28.8674
27.7569
28.1251
27.0305
25.7785
28.6515
27.9086
26.5025
29.2520
29.0885
26.5371
27.6077
24.3814
28.4863
27.1764
26.6741
26.0313
27.7539
25.8447
26.5140
26.0446
27.9313
28.0104
29.7955
28.3677
29.5072
26.9654
26.2827
25.7786
25.3708
25.9735
26.8065
25.5395
25.1134
27.3340
26.8460
27.7611
25.3188
26.3503
23.5290
25.1968
27.4755
24.9825
24.2820
26.1358
23.3928
23.8575
25.1162
24.6271
25.3791
27.1192
26.9621
27.7949
27.3158
26.8277
27.1325
28.9690
27.6183
25.6179
27.1734
27.0055
26.5782
24.2888
26.2753
27.3898
27.6929
26.0325
28.5360
29.3577
27.7121
30.2905
28.7686
25.4653
25.8377
25.8881
26.0311
26.2286
27.4735
26.8445
28.3339
27.4353
28.0982
28.4041
25.3767
25.9732
25.5138
26.5998
25.9108
26.8398
23.1872
23.4339
25.1488
26.7262
27.0104
28.0737
26.8387
25.5068
26.5679
26.2374
26.9193
28.3421
26.9540
25.8554
26.3283
26.5372
26.3876
26.4977
28.2302
27.3523
27.6754
28.4099
28.4132
29.3915
28.6091
27.7173
27.8660
28.4856
24.4246
23.1743
25.3978
27.1971
26.7542
26.5920
26.5868
26.0067
27.0432
26.6270
28.0207
28.9957
26.6216
28.6278
24.9886
25.1911
25.7971
26.6174
27.0978
26.6642
27.1400
24.9784
26.4924
25.0541
25.2902
26.0803
26.3283
25.7767
26.2187
27.3825
27.0232
26.1341
25.2009
24.3118
24.5108
23.4299
23.9680
23.9254
22.0272
24.8746
24.6434
25.6339
26.0479
26.9045
25.9543
24.2941
25.3516
23.2491
23.4698
24.8852
23.8855
24.5295
28.1858
26.5312
25.6634
25.3665
24.5441
23.7702
24.2974
24.9308
24.6826
26.1224
26.8152
25.4291
26.5062
26.5995
25.8506
23.7572
24.2053
27.9344
27.0368
26.7230
25.4494
25.3332
25.3907
25.8885
25.1824
26.2858
25.3701
25.7776
25.9637
25.5675
26.9033
26.1510
27.1162
26.7348
23.8162
24.8687
26.1080
28.2245
23.9771
26.4766
26.9456
28.0434
25.1825
25.8099
24.0656
23.7263
24.9695
26.1168
26.5914
25.4985
24.5311
25.2029
27.8640
25.3103
25.9711
26.5546
25.4320
26.6306
27.8930
25.2785
22.8689
25.2858
26.2290
26.8859
25.2417
24.3040
27.1203
25.6723
24.6504
25.0602
25.1554
26.1340
25.9845
25.5782
26.4735
25.6979
25.3506
26.4038
26.4102
26.3155
24.0099
25.6767
26.4509
25.3924
27.8477
26.7414
26.3888
26.9822
28.4960
28.2475
29.5099
25.7975
26.4941
25.8807
27.0410
28.5555
27.9164
27.1707
25.5566
27.2615
25.3890
26.6204
24.4941
25.1029
26.9159
26.5494
28.0499
27.0439
27.1314
25.1853
27.7029
27.6351
28.7802
28.8459
27.3023
26.2534
27.1748
27.2052
26.8184
29.0524
25.7473
26.8487
28.3291
27.1296
24.8264
23.7254
27.8036
26.4776
26.9976
28.4009
28.7354
29.3728
27.5824
27.4769
26.2168
27.2094
26.8996
26.0716
26.5464
24.9521
27.5750
29.7544
27.8838
25.9111
25.8844
28.0267
26.8967
26.8956
26.2756
26.1092
26.8204
28.4149
27.5158
27.4110
27.1390
26.8005
29.4614
26.3960
27.9682
28.7187
29.4263
26.8445
29.0925
27.1953
26.4937
24.9349
27.3884
28.4016
27.1303
27.2076
27.4317
27.8353
27.7521
27.1535
29.0740
26.6914
28.0743
29.4997
27.4178
25.3026
24.5226
24.7956
27.0409
28.7015
28.1041
26.6192
25.5342
24.8672
26.1593
26.2406
26.4090
26.7808
27.0983
24.9550
24.4083
24.2166
25.2419
27.3793
27.0319
28.1070
27.3454
26.0290
24.9949
22.7443
22.7310
24.6971
25.1389
26.0420
25.2921
25.9493
27.6103
27.2497
26.2684
28.3411
30.4356
27.8542
26.4420
28.9735
28.6111
29.6954
27.9044
28.8515
29.7072
26.9304
24.9916
26.6791
26.8710
27.4428
27.4712
25.8463
25.9405
24.4967
28.5210
25.9194
28.0003
26.6717
26.2513
23.6758
24.5361
23.1132
25.3242
25.6602
27.8550
26.9735
27.4138
28.6625
27.6789
28.3127
27.8743
25.7629
28.4624
29.8315
27.3093
27.2693
28.0132
26.3580
27.7991
24.3879
28.5325
26.7881
26.3700
23.6926
24.1863
26.8384
25.5350
27.3541
27.6023
27.2352
27.7256
26.3365
25.9059
25.1112
26.7654
26.6644
27.1731
25.6693
25.5220
26.2730
25.9906
26.3630
26.0954
28.5871
28.8275
28.7067
27.6703
25.9521
25.9742
27.6288
25.1709
26.4584
24.7193
24.7945
24.7502
25.6200
24.9809
27.0818
26.7079
26.8824
26.5057
25.4844
26.1255
26.1876
27.8582
30.0701
26.4691
25.6806
26.2846
28.0053
25.6479
25.9777
25.7082
24.8228
25.8630
27.3916
28.9965
27.8602
30.8358
29.9802
28.5726
25.2488
27.2693
27.3926
26.6297
24.8313
26.8720
27.6292
27.5637
29.6681
28.8258
27.6872
26.5298
30.3871
28.3206
28.8646
29.3795
30.2865
27.6277
28.7092
28.2734
27.4052
28.5296
28.7991
26.0926
26.1571
25.0916
27.1352
26.3621
25.8761
26.4252
24.9408
25.5536
27.0912
28.7155
28.4624
27.6219
26.9043
27.2843
27.4626
27.3027
27.3907
28.3491
27.3760
27.3563
25.5610
26.4300
27.8422
29.5387
28.1234
26.3964
27.2465
28.7186
26.6226
25.3278
25.7323
27.0417
30.4755
27.7428
27.6114
28.9767
30.2493
30.9730
27.4478
27.9193
27.0874
26.7934
26.6016
25.6343
25.9910
26.0529
27.4552
26.9209
29.0298
28.5013
25.8817
27.5921
26.8048
27.1452
26.2876
26.2636
27.1033
29.0552
27.6216
28.1388
30.7113
26.3722
25.5950
27.2373
23.6579
26.7007
27.4202
25.9806
26.4518
28.1273
28.7787
26.9311
28.7935
25.0909
24.6159
24.4279
27.3843
27.4857
27.6612
26.3793
25.9390
24.5385
24.7400
27.4748
27.3240
26.7479
29.2003
26.9496
30.1063
28.6778
30.6880
28.5497
28.9739
26.8516
27.0038
29.0402
28.9418
27.3316
26.9897
29.1338
27.4637
26.4223
27.9846
27.7641
29.4026
29.1536
25.8732
27.3384
27.4332
27.4719
26.1118
24.5823
24.3524
26.1419
26.5411
26.4909
28.0758
25.1584
26.7559
28.0398
27.5493
27.2223
26.9974
26.1325
27.1458
27.9502
25.2730
27.5753
24.6956
24.7586
27.5580
25.2152
27.1194
26.5209
30.0684
26.6722
27.5673
27.1598
26.5289
25.9863
26.7174
29.6793
28.5235
25.4229
24.2513
27.9905
28.4683
26.1903
26.8502
26.5930
28.5719
27.7394
26.9886
25.2038
27.1557
26.7857
28.6071
27.7892
27.9005
27.5787
27.4964
29.3764
27.0276
25.3656
25.9465
27.8779
28.2607
26.4968
29.5325
26.4484
27.2855
29.4909
29.7176
28.9041
28.1642
26.6672
27.2607
29.9440
29.9184
29.1206
28.1156
29.5352
27.1112
25.7675
24.4054
26.1265
26.9306
28.3649
28.9651
26.3666
24.7262
27.8914
28.2655
27.7847
25.2551
26.2278
27.8689
27.6007
28.5616
27.9510
28.4188
29.6283
28.4537
28.2809
26.4577
26.3365
28.2723
30.4750
30.2719
29.3626
25.9947
26.1288
28.7410
28.9810
28.5677
26.6846
27.1323
28.4373
26.7621
28.3597
27.4556
26.3579
28.3209
27.3451
25.9602
28.1588
27.4232
26.5592
26.7969
28.2761
26.8894
27.0967
27.7381
24.9912
26.2171
26.9938
25.7259
26.7104
26.1724
26.6594
26.5752
28.0993
30.2464
26.1053
27.5791
25.9414
26.6801
27.2507
26.3958
28.1921
26.0277
27.6931
27.4379
26.8801
29.2474
26.5839
27.4634
29.1010
25.3502
27.4227
29.6188
29.4870
29.3510
30.1419
30.9592
30.7039
28.2343
27.1587
27.3317
26.9526
29.1920
27.3663
25.5226
25.5838
24.4591
24.2369
25.2750
26.9893
24.7995
24.3615
25.8202
25.8139
26.3666
25.8532
26.1682
25.6296
25.2545
28.8435
25.6652
27.5080
27.5881
26.5488
26.9768
26.0024
25.5761
26.5741
26.8487
25.1957
26.8519
29.3716
26.7484
29.3391
27.5727
26.1378
26.3592
27.9914
27.3550
28.0798
28.1699
27.1319
23.6651
25.7071
27.2244
27.4597
29.4234
31.1275
28.0295
26.6737
27.8693
27.0306
27.3561
25.9102
25.6844
28.3767
23.3837
23.1225
25.9299
25.0394
23.2037
22.9753
25.4762
26.0209
26.6314
25.9367
25.7196
28.0177
27.4050
28.1340
27.8674
26.3319
26.2341
26.5143
25.4582
27.1867
26.9737
27.2454
26.0507
28.7363
31.3613
27.6429
26.4939
25.5290
26.8934
27.6027
29.0005
28.9821
26.2666
25.0064
26.0142
26.4493
27.1124
27.0060
27.4551
27.4648
28.4582
29.6163
27.0984
24.2764
27.0125
29.3084
27.8440
28.4758
25.1663
26.0269
26.6709
26.8592
24.2288
24.3896
24.6970
25.7185
26.9908
24.7550
27.8779
26.1651
27.6788
25.7181
23.5417
26.1728
26.1464
26.7316
25.0859
25.4682
25.0391
23.9440
26.8607
27.3903
25.5967
26.5511
26.9019
27.0462
26.9891
26.6927
28.6223
27.9828
24.6119
25.6544
24.4973
25.7650
25.7625
24.7399
24.3742
23.9089
25.3634
25.1768
26.6037
27.1408
27.2772
24.4178
24.7858
23.2612
22.7340
23.8353
23.5783
23.7776
21.9736
24.2628
24.2876
23.7697
25.6073
23.3021
23.5347
22.2375
25.7398
25.4173
25.8701
27.5472
26.9411
24.4087
25.0902
28.0777
29.6778
28.5049
27.1595
24.6681
25.4221
24.6715
25.2584
25.3773
26.1769
26.0517
28.6096
25.5729
24.6074
26.7553
27.1435
26.0874
26.1236
24.7551
27.8024
28.6906
24.9247
25.5755
26.2307
28.0211
28.0917
26.3044
26.4773
27.2176
28.6208
27.7726
26.7773
26.1255
24.2531
24.8400
25.0105
25.3670
26.0831
27.6080
25.2677
25.6735
26.3240
26.7953
26.9342
27.1796
27.6929
28.1519
28.3626
28.9193
27.3218
30.4253
28.1845
28.4051
28.2760
27.7080
27.3517
27.0030
25.2908
29.5238
26.1886
25.0427
29.0841
28.5707
28.3739
26.5637
28.8894
28.2555
31.1468
28.7514
29.7778
26.7955
27.1745
27.2357
26.2642
26.0555
28.0932
27.6564
26.2891
25.4902
26.0201
23.7028
24.4639
24.6125
26.2911
25.9401
25.7586
27.6638
27.1163
28.0608
25.8371
28.4760
26.3335
24.0606
27.4336
26.6992
26.1805
27.3706
28.9810
26.2577
27.1093
26.9215
28.3845
25.8596
24.4863
25.5657
25.1080
29.7128
28.1421
27.5545
27.5757
25.3610
27.7029
27.8447
26.6186
25.0124
26.5486
24.5221
26.1631
25.2496
26.0817
25.1894
25.1928
27.4071
28.0111
28.8256
26.9545
27.4175
27.5716
27.6789
26.9877
28.9763
29.4222
28.6704
29.2067
28.2033
26.3000
26.0721
27.7097
25.3851
25.9438
26.4707
25.0870
24.8977
28.2457
26.4533
24.9053
25.4402
26.6284
25.6841
25.3157
25.0379
26.8005
26.8553
25.6995
26.7682
26.8406
28.0686
26.8301
27.4570
25.2797
24.6313
25.3689
26.2383
25.7516
25.9973
27.5413
26.0807
26.2184
26.6116
25.7196
27.4239
26.2247
26.6114
25.8662
24.3884
25.3433
26.3395
24.7451
25.4913
27.1536
27.4990
26.2230
27.8331
27.9915
25.7610
27.2754
29.6022
26.1885
24.9465
26.9379
24.6037
26.0239
25.8452
26.3332
27.9459
26.8311
24.5074
24.8790
24.9853
23.8019
23.7738
23.1158
25.4037
25.3572
26.0571
25.1565
23.9092
25.6067
28.7802
25.3933
25.2058
25.4923
24.4238
24.7146
24.2510
24.4203
23.9553
24.2651
25.5014
24.6587
24.5966
24.7487
25.4129
24.1415
27.0322
25.0040
25.2137
26.9690
26.1046
24.9801
24.5635
23.9133
25.3537
25.9441
26.4087
24.9418
25.7307
26.7505
27.0009
26.4316
25.7887
25.6527
24.5186
26.2550
25.7352
24.6974
24.0107
25.2627
26.0413
25.1472
24.8765
25.8561
23.0292
25.0823
25.7924
26.3109
26.7749
26.7770
27.7084
26.8238
27.1692
29.8202
28.5508
28.2367
25.1985
28.4479
29.3748
29.6419
26.9948
26.9067
25.7655
24.5995
22.5105
24.7318
24.5277
24.8137
23.9390
24.1107
22.9801
23.1839
25.5539
25.1064
24.4326
25.9110
26.7912
26.0949
27.4081
28.0078
29.4689
24.9709
25.8485
23.3665
25.6651
27.7189
29.0511
28.0315
27.1273
27.4869
31.4729
27.7733
29.4873
28.7637
28.3961
29.8902
29.8079
28.0573
28.4592
28.4640
27.5745
28.1286
28.4120
26.8078
25.5251
27.5134
28.8124
26.8799
26.0587
28.7293
27.0937
27.4819
27.6033
26.4820
26.0217
27.2629
25.9382
24.6771
27.1492
24.7788
27.5856
27.4331
27.9470
24.3863
24.9510
26.0668
26.1602
26.8807
27.8567
28.4027
26.9397
27.3153
27.4201
27.4625
29.8987
27.8589
28.6293
27.9608
27.7959
27.3038
27.4902
28.1382
24.7089
26.4181
26.8066
27.7731
28.2949
25.5853
29.0325
29.8038
29.5276
27.3795
25.8602
30.0072
28.9849
27.7059
24.5205
26.2606
25.7327
27.4338
28.3161
26.4842
25.4746
27.3608
26.3037
29.0969
29.2442
26.7777
29.3434
26.9645
27.3260
26.9983
28.6790
30.0734
29.4521
29.1382
30.2582
27.7287
28.5090
26.5887
25.9866
28.3817
28.8273
28.5760
27.4598
27.4628
29.7597
27.7839
27.7683
28.2916
27.2843
27.3456
29.8328
28.3796
27.6561
29.7865
26.0380
27.0217
27.3698
28.3777
27.4876
28.1225
27.7314
27.8292
27.8945
29.0668
24.8025
25.1535
24.2066
28.8862
30.4564
27.9489
27.8919
27.7047
29.5332
30.5074
29.9618
28.7217
27.6311
28.7869
30.8053
29.2351
29.4548
28.7232
30.8734
32.1036
28.8704
28.0492
26.3381
26.0966
26.4436
28.1365
27.3719
26.6943
25.8230
26.8458
27.0214
27.1318
28.8258
28.9190
28.5202
28.3104
27.7199
27.3296
27.0332
28.5656
28.7877
28.7653
27.3750
29.2118
27.6686
28.0322
28.5573
27.7071
26.7061
26.9315
27.4524
27.3424
26.4464
28.6255
28.8196
27.5160
27.1340
28.2530
29.5114
28.6952
26.7466
27.9763
26.7226
26.9599
25.3060
26.1972
27.7810
28.3109
27.1915
26.9301
25.1661
26.9294
30.2640
27.8011
27.2883
27.3458
27.3278
25.8670
27.3117
28.9471
28.5662
30.7420
29.7076
27.6737
27.6682
28.3999
29.3541
27.3160
26.1872
26.1995
27.3497
26.8692
25.6214
27.4077
28.5739
28.5473
28.3478
29.4038
29.9730
27.8656
28.5401
28.7279
27.6932
26.6725
27.1950
26.4705
27.3468
26.0560
25.8264
26.5132
27.0888
25.2638
25.6889
27.7956
26.2725
26.7171
25.7357
26.3522
26.4960
24.2133
25.0057
27.3866
28.5377
27.4159
26.8231
26.0600
26.4678
25.6003
25.7295
27.9107
27.4688
25.6669
26.7819
26.5591
27.9631
24.4084
23.9756
26.7327
26.7471
27.3414
25.5459
26.4689
26.0460
26.1771
26.7059
25.5697
25.9751
24.6777
25.1084
26.2583
28.7201
27.9020
25.4844
28.1229
26.2727
27.0286
27.4516
28.5749
26.9865
25.6564
26.4939
27.0693
25.7191
25.8771
28.2126
27.2867
27.5509
25.8659
26.7420
27.0730
28.4748
27.9866
25.5446
27.8986
26.5077
29.8425
28.7349
29.9171
27.7253
27.8814
28.6438
29.9402
28.7456
26.5386
28.3403
28.0708
28.7564
29.3442
29.4702
27.8514
26.5682
26.3706
28.9356
27.9778
31.3924
28.2348
26.9401
27.1701
27.0359
25.9831
27.2000
26.5432
27.9781
30.0808
28.3939
29.0608
27.8105
26.8131
29.9171
25.8484
26.7551
28.8066
28.0620
27.4558
26.4040
26.3849
26.0040
27.9164
28.2773
27.0731
26.9715
27.3241
30.0306
28.6984
25.8075
26.4503
25.9927
26.6414
27.2360
26.3360
24.9949
26.8957
24.9089
25.6778
25.6202
30.0494
27.6443
28.0957
26.2896
25.4960
26.9600
25.5918
26.8022
25.9619
27.4988
27.4561
26.9015
25.4896
26.0804
27.1638
26.6918
26.5912
26.3042
26.9407
28.1577
28.0096
27.7639
27.0862
25.8634
25.3077
25.9039
27.2881
28.1705
27.3064
29.4362
28.2046
27.1304
30.3857
29.0276
27.1840
27.3588
26.6985
27.2246
28.6469
27.0087
26.1267
23.1838
24.4402
24.9567
25.9774
26.0696
25.8708
28.9387
27.8159
27.6210
26.7263
25.3431
26.8999
28.0699
28.3784
26.5051
27.4796
26.2592
28.5658
26.2386
24.8506
26.8696
28.2229
26.8632
27.4770
29.1637
27.5406
28.7153
26.6750
26.2947
27.0037
28.9801
27.5911
26.6749
27.3331
28.7093
26.7744
27.9310
27.0010
25.8692
26.4087
27.2872
25.4316
28.1703
26.5906
24.8411
26.2695
26.3476
27.8563
27.2610
27.8332
25.3810
26.0741
27.9142
27.2821
25.7428
26.1289
26.0559
25.5791
25.0372
29.2960
26.1011
29.2657
29.2157
27.5825
29.1628
27.5851
26.9672
26.0617
26.5010
25.5271
24.3346
27.3545
26.8643
25.7764
26.5257
24.3698
23.5568
25.3475
27.0299
25.9515
28.2830
28.7523
27.3742
29.5919
27.5925
25.9902
25.8024
27.4411
26.9787
24.7651
27.9037
26.9368
25.9392
26.0557
26.5846
24.8750
24.4496
24.5829
26.4174
27.8093
26.4192
27.3044
29.4908
27.0440
27.0499
26.7243
27.1934
25.6395
26.2130
28.1059
26.7875
25.6202
26.0682
25.4257
26.6077
25.4990
27.0015
28.6117
26.4917
27.3685
25.3542
24.7744
25.1069
26.4451
24.4827
27.9339
26.4704
26.1883
25.3717
29.2669
27.9243
28.9044
27.6926
25.7945
26.3613
25.8983
26.6886
28.4964
25.2307
26.3340
26.5631
26.8061
27.2875
25.2820
28.5894
27.4516
27.6352
25.6142
25.0649
23.7716
26.5729
26.7284
27.0510
26.5308
27.3291
26.6907
25.7693
27.9552
27.0840
27.1957
25.3563
24.7012
26.2588
23.6414
25.9251
26.5717
23.8614
26.6782
26.7367
26.9179
26.4657
26.6414
24.0607
24.7506
26.8121
25.5328
26.5129
28.0825
26.5809
26.2803
27.6422
26.2367
24.7319
25.3955
25.9090
25.2265
28.8140
26.0568
25.1987
23.7534
23.9658
26.1839
23.1870
26.1213
26.9533
26.5432
26.7532
27.4160
28.3264
28.8410
30.7948
27.2427
31.5979
31.3659
29.8605
27.5299
30.7129
29.0757
28.1514
28.9201
25.2621
25.9993
26.3787
25.7176
26.7329
25.7114
27.1089
26.8607
26.3505
28.2184
27.5602
27.0852
28.6434
27.2168
26.5405
24.8074
29.4132
27.7696
26.1455
28.7915
27.2579
29.8037
28.5116
28.5306
28.8850
32.4863
31.4214
31.7868
29.2297
29.5661
31.3458
28.7446
30.8648
29.5649
28.3112
29.5351
29.9933
27.0000
28.0999
25.7307
25.9085
28.9325
27.7035
28.3961
26.0486
28.0264
26.4224
30.1807
28.1215
29.2168
25.1787
27.2659
27.3404
31.5661
29.9574
25.9236
27.4534
29.6598
28.8570
27.8528
26.0749
27.3737
24.6722
23.7708
28.6638
27.8918
28.1923
29.3132
27.6341
28.8275
28.3104
25.5033
26.9862
26.5787
26.9537
26.5697
27.7229
29.9652
27.4101
27.0402
27.0835
26.0852
25.1624
27.0549
25.0813
24.2849
26.7842
27.7942
28.5361
29.6076
26.6305
29.1693
25.4213
25.6286
28.0312
26.2004
26.2686
25.5579
24.6549
26.1119
26.9222
27.1300
27.4328
27.3357
24.6797
30.4359
26.3033
26.9294
25.0755
24.9770
25.5060
26.5761
26.6575
25.7717
26.2314
27.5972
29.4512
27.8611
26.6370
24.3724
27.5087
27.6707
27.6527
29.4214
30.0052
28.4962
26.7969
26.8044
28.5518
28.3774
28.4389
28.3225
27.9659
26.2290
30.5925
30.1226
28.7590
29.7992
26.1897
27.7154
24.4029
26.4353
25.4353
26.6785
24.3303
26.5351
29.1745
29.4293
26.4294
26.7822
26.9765
25.6299
26.2233
25.1141
26.2692
25.4986
24.9277
25.3393
24.5616
26.9910
27.0258
27.5826
27.8823
27.1479
26.0587
25.7758
26.0747
27.6951
26.9863
26.2121
24.5099
28.7606
27.3286
28.0797
28.4762
29.4910
29.1493
29.1594
29.6857
29.0216
26.8218
27.2236
28.4842
27.9758
27.9435
27.3222
26.7602
26.7048
26.9529
28.8839
27.7133
25.9474
28.8125
27.3338
32.0306
28.7542
27.4780
28.7152
30.1541
27.3936
27.1067
25.9430
26.0163
27.7859
27.6288
26.0633
27.7014
29.1643
28.3128
28.9909
27.0327
28.1752
29.8551
27.7695
26.3827
26.5027
25.5954
25.9330
30.3335
28.0591
28.3416
30.3437
28.0496
26.8831
26.7615
26.3216
27.9682
29.5900
28.3188
26.5268
28.8635
29.2963
27.4301
26.2782
27.5004
25.9952
28.7128
27.2911
28.2672
26.5410
25.4212
24.0649
25.5858
27.0225
25.9339
29.8277
28.9117
28.1076
28.1715
25.8723
26.8098
26.4854
25.4565
25.7358
23.8281
26.1818
25.8792
26.1269
25.9818
27.8980
30.9968
30.5727
28.9441
29.4473
30.7232
30.6784
28.4597
28.3135
27.4034
25.5679
24.4827
24.5563
24.7137
24.7080
26.7928
25.2492
25.8085
26.1434
27.8709
26.5101
28.2484
27.7670
29.9822
28.5488
28.0210
28.9731
28.4336
28.9738
27.2131
28.0231
28.3963
27.3562
29.6321
29.3617
30.7078
28.0285
28.3496
27.5248
24.3672
26.3843
27.8965
25.2475
24.7492
25.4653
25.9636
26.8808
27.8727
26.6453
27.0052
25.2858
25.6683
25.4058
26.2459
24.6159
24.0792
26.1215
24.5928
28.2314
26.5516
27.2517
24.8754
24.9418
27.6725
26.9521
26.6073
29.8401
30.1747
29.9947
31.9139
26.6688
26.2677
25.8814
24.2505
24.5981
26.0589
26.8228
27.3526
28.1816
26.8738
29.4398
27.9751
26.5558
25.6409
26.0075
29.7748
28.6020
26.6480
27.8476
28.7639
26.9490
28.5674
28.4063
26.3712
26.0317
24.3567
28.9260
27.8442
30.5500
29.7653
30.6648
29.8058
28.5526
28.2428
28.9173
31.8247
28.3541
24.8519
26.2702
25.1566
27.9031
27.3703
26.5981
27.3221
29.0283
28.6834
28.2639
26.6721
28.3122
28.1018
27.0505
28.1505
27.1605
30.3324
30.3198
27.3281
25.2583
29.6455
29.0014
26.8475
28.3904
28.1689
27.5033
28.9683
29.0931
30.4108
27.8288
26.9445
27.9189
27.3827
26.7742
28.4905
29.5931
29.1434
28.6395
26.6532
26.6660
25.4427
26.9654
27.7325
27.0462
24.5975
29.5045
29.3921
27.2493
29.1176
30.7674
29.1886
28.8548
29.3576
29.0610
27.4940
29.6754
28.7773
31.7163
30.6464
29.3229
28.3938
27.5718
30.9447
32.8919
29.6063
28.1031
28.9224
30.4707
28.4658
27.2452
27.9634
26.5442
28.6952
26.9155
25.6690
25.7661
27.6582
25.5463
30.0519
27.3043
27.4563
30.1192
28.7855
29.0065
26.9716
25.9909
26.3038
25.9060
25.3158
27.0260
27.3533
26.8058
27.3435
26.2204
26.6289
24.0560
25.7673
26.6263
25.0308
24.3854
26.0802
25.4340
27.0342
26.5645
28.1090
26.6349
27.3302
26.8609
29.6393
26.3320
27.7720
26.9869
27.1316
28.5329
30.0136
26.4094
28.9437
29.7938
27.9893
28.9401
29.5481
28.9712
30.7232
31.2588
30.9089
27.9935
29.2258
29.0176
27.7659
28.5313
26.0325
28.5802
26.7968
27.8931
27.0298
26.3134
27.1840
26.6166
27.9232
25.4339
27.6624
24.7919
26.0695
28.2051
29.1645
26.9011
28.1028
27.9957
26.6355
28.6603
26.6803
26.2459
27.4884
25.2989
25.1929
26.9149
28.0288
28.9919
28.8710
27.7754
27.0323
28.2000
29.9361
27.7016
25.4881
29.5640
29.1630
27.1484
27.1507
25.1355
26.8134
28.5849
29.7268
28.9432
26.2347
28.6324
28.8535
28.9255
28.9929
30.1438
27.3386
28.2140
29.4169
25.7997
28.1313
26.2591
28.3808
27.4736
27.1144
27.5162
26.4225
24.4692
27.1111
25.8287
26.5207
27.8656
26.4318
26.6725
26.6014
25.0241
25.9051
25.1820
25.1752
25.1433
25.7787
26.7589
26.3538
26.4907
27.6997
27.7850
27.0548
27.9747
26.6751
26.8379
26.2014
25.1683
25.7005
26.0674
28.0881
29.3804
29.0509
27.0865
25.6570
26.4032
26.7137
28.3803
29.0084
28.1610
28.7642
29.1399
27.9864
27.1602
26.6379
25.7197
27.6962
26.2949
26.3544
30.6347
28.3901
28.2652
29.4845
28.1707
26.4330
27.1882
26.1830
28.5364
27.3256
27.9192
29.3270
28.9835
29.3100
28.3093
30.2299
31.5033
28.3865
26.8983
25.7819
28.0996
28.9031
28.4477
27.5415
28.0223
29.6302
28.3228
25.1251
29.9389
27.5500
28.2855
29.6368
24.5272
23.5700
24.9894
23.7428
27.0299
26.9561
28.7958
30.2052
29.3074
31.0482
29.0613
29.1192
27.8926
27.4956
27.1954
26.9540
27.6630
28.9016
30.7498
28.2573
27.3221
25.8191
28.0621
27.4303
27.1333
26.8784
28.4225
28.5934
29.7655
27.3496
30.4727
28.8602
33.2849
32.9989
31.3487
29.4268
32.0273
29.4675
29.7825
29.3939
25.9110
27.0575
28.1297
29.4602
28.1739
27.0780
27.4804
26.5542
24.6293
26.6466
26.7770
25.1851
28.6866
27.9511
28.1648
29.1047
26.7885
27.2430
27.0970
24.8314
26.1641
28.4109
31.6150
28.5146
30.2243
28.4208
28.3292
25.8415
27.2932
27.4144
28.4424
28.1688
28.9263
29.6060
28.1578
29.2799
27.1665
27.1042
27.0011
29.3296
27.9515
28.5238
27.4389
30.3298
29.4800
30.7781
30.1517
28.2245
29.7344
28.5811
30.9871
27.7416
28.7837
27.8285
27.2966
27.4298
26.4232
24.2681
29.1600
31.3886
29.7593
29.5942
29.0632
27.7919
29.3557
27.4890
27.4143
28.9340
24.4161
27.7556
27.6804
26.9670
25.8410
26.4057
25.2921
25.4838
27.2104
27.6434
29.0456
27.8611
25.6991
25.7903
27.6364
27.1056
25.6374
29.0762
29.7340
25.5661
26.6918
25.7734
28.2535
27.9076
27.9185
27.2098
29.6068
31.9657
27.9519
29.8396
28.1109
26.8405
27.1189
26.6647
29.3587
28.7121
27.2813
28.1337
27.1698
24.3221
28.5341
26.9086
26.1556
25.8925
27.2451
27.1151
26.7757
27.1194
27.3518
27.4805
26.3714
25.1360
23.9249
26.8959
26.7626
28.0634
28.4317
28.2405
27.4891
27.1420
28.7422
27.4872
28.1880
28.2422
25.9586
27.0900
28.9204
28.0456
26.0173
25.6116
26.9704
26.0213
27.4562
28.6755
28.2512
28.2343
26.3607
25.4987
29.0598
29.4261
27.4982
29.6913
28.2270
27.5817
29.0760
30.6721
28.7974
26.4448
28.7196
28.4773
26.5483
26.5765
25.8169
26.2676
27.7115
29.8283
26.0772
28.0965
27.7102
29.9875
28.2877
28.5278
28.6335
30.8370
28.6114
29.2500
27.6749
28.1075
29.3292
27.9208
27.7433
26.7315
27.7549
30.1215
29.0699
27.3663
28.2047
25.8957
25.7379
25.8825
25.5247
25.4375
26.7558
27.5967
27.7207
28.1782
29.9448
30.1002
27.2745
27.1728
26.4889
27.8488
26.9272
27.3570
28.9406
29.1170
28.3789
29.3235
27.9113
28.9344
28.8849
27.7596
27.6600
30.9494
29.2686
27.3946
25.4871
28.5119
28.9061
25.4525
28.3573
29.9961
29.9982
28.7016
27.9405
29.7589
28.6299
26.8100
25.7525
27.3883
28.3641
30.0307
29.9727
30.8726
26.8937
27.9929
28.5711
29.7241
28.8179
30.1904
30.0289
29.0751
28.5461
28.1539
27.0457
25.4576
26.8854
27.1883
28.0826
27.3019
26.8073
28.2625
28.1144
27.4418
27.7612
27.4050
27.8886
26.8196
26.3895
28.6008
28.9163
27.2225
27.8270
27.2823
26.0683
26.5841
25.4735
25.4113
25.5932
28.3645
27.5715
25.6126
26.5383
30.7799
26.6724
28.5063
29.0172
30.2709
26.8108
27.5102
27.4012
31.4171
27.6372
28.2567
27.7659
29.8189
26.9086
27.0275
28.5831
25.9688
27.0806
26.0604
25.7250
26.6399
25.9023
27.2443
28.9258
27.9694
25.8224
28.3298
29.2155
30.4999
29.6945
30.1157
27.1272
28.3771
30.7244
29.9974
29.8418
29.7095
28.7938
29.0795
27.0990
25.5564
23.8911
24.6150
27.7856
26.9277
28.0041
29.0704
28.0837
28.1304
29.2150
25.9460
27.0719
27.5029
28.0366
29.1843
27.9701
26.0853
26.7813
27.9868
27.3489
29.5983
29.2003
29.2660
28.3238
29.1103
30.9006
29.7180
28.2576
28.5212
29.6931
29.8079
30.5403
31.1237
28.5141
30.7729
29.2276
28.6364
30.6691
29.1578
31.5890
30.1488
28.6596
28.3633
28.9354
27.3508
28.2745
26.2060
27.9692
27.5115
27.6829
26.2288
28.3205
27.6722
26.8179
28.9424
27.7191
29.1604
27.4970
26.9947
26.4111
24.5061
28.6100
26.1803
28.1127
27.4008
26.7471
29.6332
26.6352
27.1617
24.9710
27.8895
27.3303
26.7633
28.4078
28.5735
25.5478
27.7212
26.7299
25.6419
25.8183
26.2964
26.4576
26.7790
27.0186
26.0824
26.9842
24.9032
25.5418
27.6403
27.6556
27.3985
30.5114
28.7563
28.2555
25.1324
27.7840
24.2563
24.7253
27.1861
26.8568
27.0772
30.7672
26.9470
30.7255
29.9297
30.4010
28.6379
29.1387
29.4888
29.2543
28.0165
27.7768
28.6485
28.8666
31.2044
31.8836
31.9461
29.1517
29.3505
28.6997
27.8079
26.0719
28.8251
28.8597
27.8847
28.6989
26.7960
30.8455
28.2287
30.1922
28.6708
26.5354
28.3431
27.6079
27.3611
25.5677
28.1639
28.1239
29.7036
29.3902
30.9645
26.5748
25.6254
29.2991
30.5755
30.8788
29.6478
28.2184
25.6714
26.1824
30.8619
28.4085
26.2298
28.7329
28.0633
30.3721
29.2167
29.3433
29.3815
28.4798
29.6882
29.7818
27.5689
29.5542
25.7277
28.6494
29.8630
29.0652
24.7219
25.9643
27.2167
27.0647
25.6982
27.4746
28.1711
27.6538
25.3627
25.4056
27.7607
25.8594
27.6515
25.6772
26.8015
27.6719
27.1869
25.0540
27.0557
24.7893
26.7084
28.5416
26.0267
27.0781
28.9068
25.2865
27.0535
25.1802
28.9782
27.9435
29.9832
30.6570
28.8101
29.1338
27.1612
28.8708
30.0299
30.1607
26.1304
27.5896
28.6835
29.1510
30.1821
28.8481
29.9919
26.9956
26.7851
28.5693
30.4494
28.2143
27.4600
25.9210
27.9461
25.9724
26.5091
26.3194
26.3030
25.7392
26.2221
27.2433
26.2193
26.7712
26.1953
24.8745
26.6184
27.6674
26.1117
25.8760
27.9819
27.2314
28.4414
26.6409
27.1919
29.1763
25.8523
27.1894
28.9773
25.9782
28.9441
27.2906
26.7625
25.9929
26.1252
26.5622
26.1608
26.6683
29.4171
26.5850
26.5350
28.4181
25.9797
26.0023
26.4907
28.1409
27.4240
25.8524
27.2994
26.9864
30.1173
29.0850
25.6371
25.8825
26.5790
26.8047
24.6968
26.6068
27.5525
27.3951
26.4055
27.1027
27.1893
26.9073
27.3273
26.0387
26.8987
28.7381
28.2230
27.0913
26.8188
27.7154
28.5223
30.0869
28.2130
28.4306
26.0006
24.5681
25.0537
23.3091
24.6253
24.4120
28.1177
25.9688
27.9553
28.8723
27.1452
27.3785
27.7795
27.5919
26.9632
25.6338
26.9953
27.5321
28.4055
25.9425
27.2923
28.3416
26.7900
27.3385
26.8393
24.2714
26.5547
26.7719
27.5636
25.8382
28.3640
27.8727
25.2020
26.7048
28.3634
28.2844
28.0235
27.3980
29.6696
26.9547
27.1319
25.6931
29.4868
26.9471
28.3343
29.3112
29.9983
28.5894
27.4606
27.1007
28.6749
27.9125
28.9079
29.3628
28.1192
24.4830
26.8889
26.0230
23.5146
25.8687
27.0637
27.3273
24.8007
25.3963
26.0897
27.0030
24.5276
24.4165
27.3841
26.3379
27.5030
28.0842
24.6428
24.9687
24.8671
26.4285
28.7287
28.9529
26.8160
23.7759
24.3707
24.2247
24.3602
23.8181
26.1160
25.7411
26.5216
24.4243
28.2556
27.6696
28.0635
29.8614
29.0216
26.3521
25.8828
24.8692
26.2761
27.1394
27.4829
26.5963
25.7553
24.8980
26.6204
26.1071
25.6982
26.8427
25.3314
26.8055
29.1674
28.3439
29.5802
26.8079
28.3867
25.5534
28.8536
29.2213
28.2998
28.3563
28.8822
29.9056
28.8987
28.4854
30.6296
28.1523
28.6419
27.8378
27.7434
25.1989
27.4838
25.7407
27.4753
26.7124
26.0924
25.7970
27.6056
24.4843
25.6770
26.8116
27.2257
27.3025
24.0852
26.0314
29.3046
25.8316
26.7354
26.4560
28.8028
27.7463
25.8460
27.4758
28.1360
26.7678
28.1085
28.1177
26.9442
27.9079
27.3661
27.4915
30.9122
28.5744
29.0547
31.2677
30.8554
30.0144
29.9659
29.2262
29.5574
25.1193
26.5970
26.8056
25.9417
26.3678
27.5328
25.4267
24.6939
29.1454
29.4348
26.6111
27.1228
27.1453
24.6947
24.0415
25.0735
25.6407
26.6290
26.3905
26.6989
27.1520
27.7939
27.8050
26.0515
27.9529
28.5673
28.4155
25.0010
27.1147
26.7506
26.5534
27.3368
27.5419
25.9542
27.5043
26.3459
27.6689
28.9021
28.9043
26.3767
27.8793
28.1242
28.2841
27.7429
26.5622
26.2563
30.6429
31.9317
27.4877
27.5475
29.0118
27.5313
29.0519
28.2689
29.8896
27.9972
26.7928
26.0056
27.2961
26.1269
25.1410
26.3778
26.3561
28.1444
26.9483
26.6543
28.2291
27.3698
28.7339
27.1814
25.1167
27.8792
29.0517
26.8522
27.6634
25.6353
26.8550
28.9070
29.0282
28.0658
28.3649
27.2962
28.6690
27.1589
27.4752
25.6141
25.0474
23.5389
24.7515
27.5256
28.7829
26.9142
26.8865
24.5578
26.2451
25.5593
27.4753
28.7916
28.3249
28.9632
27.2664
25.6667
27.3488
27.2562
29.1732
30.4982
25.1171
27.8222
26.5446
27.6103
27.3093
27.6106
29.5835
26.4233
24.1977
24.5197
24.5682
23.6440
24.9741
25.4161
27.0555
24.0483
26.0894
25.0868
27.6747
26.5026
27.0747
25.5832
28.1040
26.8477
24.7611
25.9490
29.3301
30.6905
28.1463
27.5880
28.5417
30.7326
30.4104
29.4795
29.4588
30.2503
28.6794
27.2645
28.2232
27.8431
30.3548
30.4950
29.3684
28.6871
29.9135
29.4831
30.0693
28.1566
28.4891
30.7303
25.8375
28.6560
28.0910
25.9068
25.7438
28.9464
25.9750
26.8030
25.3425
24.0473
24.5667
27.0078
27.1585
28.0248
28.6324
28.7911
28.2814
26.6003
28.4190
27.6355
29.7299
29.3650
29.4179
28.5639
24.9656
23.2649
26.1996
24.9190
27.5676
25.8956
27.9641
25.6596
26.5572
25.9157
25.0832
25.6226
24.9946
24.1736
25.0406
25.2689
26.8089
25.3728
25.9344
28.2754
28.0768
26.2631
25.7658
27.1302
27.4162
27.0669
29.5271
28.2148
25.9135
26.7622
27.2918
27.5381
25.6874
25.5006
28.1879
26.3240
27.8066
27.7882
27.9231
26.4113
26.2447
29.0535
26.3362
25.6962
26.0386
26.3431
25.7027
27.2979
26.5100
27.7143
28.3146
26.2612
25.8777
27.2674
27.6000
26.9185
28.2143
28.0401
26.4597
28.5895
27.2930
26.7097
27.5366
25.4982
25.3768
27.4988
27.8242
25.7774
25.5161
26.2815
28.2020
26.0400
27.7612
26.9541
26.5068
28.6765
27.4598
28.5538
28.7942
28.2514
28.4281
31.1607
30.6305
28.3585
26.6388
27.5986
25.2144
24.4689
26.9492
25.6570
27.1638
25.9748
27.5457
26.1583
26.0359
26.4649
26.8500
26.9200
27.1542
27.4474
25.6514
26.8027
27.5639
27.2791
27.5960
27.1411
28.8255
28.4351
25.3505
28.0212
27.7462
27.3719
29.1832
29.6095
29.8134
26.4758
26.1838
25.1880
26.3105
27.9484
28.3146
27.4607
25.9010
26.1448
25.6009
29.2599
28.0570
29.3568
26.3245
27.5644
29.5362
27.6294
27.4938
30.1778
27.8789
29.6213
25.3083
27.2269
26.9242
25.8112
25.5534
26.3560
27.0043
29.0282
28.0558
26.6769
26.5827
27.5461
28.5323
27.9283
26.5368
26.6312
26.0420
27.9779
28.0264
29.1877
29.7926
24.6457
26.4602
27.3950
26.8111
28.9273
24.9885
24.5709
26.1321
26.8071
27.0703
26.2134
24.4521
27.5296
26.1217
24.7956
26.4029
29.4394
29.1882
25.9179
28.3198
29.9733
27.5825
28.2623
28.7205
26.8351
27.7893
26.8316
28.5737
25.8650
26.8316
29.0385
30.2032
27.8115
28.0836
27.4684
26.9234
28.6681
28.2664
30.3038
27.6603
27.2362
25.5709
29.8943
28.2810
29.0911
31.4985
29.2294
28.9543
28.3688
27.2541
26.9743
27.4595
27.4582
29.2213
28.4547
27.9796
30.0212
27.4767
29.1735
28.0224
28.9068
26.8294
30.9429
27.6894
29.1946
28.7126
31.5135
30.9509
27.9582
29.5749
29.7615
29.5989
27.2621
26.4501
27.2067
26.8537
26.9219
26.8221
29.7630
26.5749
25.9189
25.9941
26.8783
25.4763
26.3710
26.8367
26.7196
25.6345
29.1330
27.7124
28.3482
29.2100
26.8988
29.1703
27.4571
29.0887
29.7858
29.8675
27.8134
29.5672
27.1560
26.5504
26.2136
25.8648
27.0223
26.3290
27.7704
27.6747
26.5518
27.8870
27.8155
26.6431
25.9743
26.7307
27.0364
30.2537
30.0707
27.9390
29.7325
26.0644
25.5114
24.4791
26.5467
28.3757
28.7279
28.3194
27.6711
29.2695
26.3768
28.4294
28.4477
27.1946
29.0074
29.9514
28.2750
28.2848
27.6069
28.3342
28.0660
26.3465
29.2885
26.5459
27.3387
30.2389
31.2827
26.7645
25.0242
26.7289
26.3689
28.3114
27.3882
28.4200
28.6741
27.9345
27.4249
26.7841
28.6564
29.4368
27.9766
24.7587
26.2945
25.4311
25.2088
26.7725
29.5108
26.1227
28.5124
26.9219
27.4430
27.3361
26.8992
26.1864
27.9977
27.0496
26.5801
29.2753
25.9641
27.0907
28.2398
27.2146
29.3787
29.0423
30.2865
29.2958
28.4476
28.7545
28.0271
27.0827
29.3545
28.5482
28.7215
28.9235
28.3566
28.7492
28.7211
28.0471
28.0677
29.5771
28.2106
29.0662
26.9466
27.7739
30.0886
28.2680
31.1777
27.7730
29.7800
28.1111
27.7438
29.8352
28.7905
30.6541
29.4435
30.9393
29.3774
30.4994
31.6491
30.0953
31.3187
30.4729
27.5580
27.0708
29.4272
25.9716
27.0301
28.6391
29.0006
30.2857
29.9242
28.0924
29.4623
25.9070
28.3371
27.7011
28.5588
29.9966
30.7226
30.5535
28.1995
29.6910
28.8674
27.5233
31.2044
27.6262
26.3386
26.4042
25.9801
24.5192
27.4521
28.3507
25.9366
25.5560
25.7397
28.8577
27.4053
30.0229
26.9043
26.8044
25.9055
27.2942
27.9173
27.2060
27.2273
27.8254
29.7086
27.8627
29.6440
28.5834
28.0584
27.0537
28.6839
26.0057
24.4840
25.6090
24.6763
25.9578
25.0839
25.6339
26.9842
27.4143
26.4302
27.9753
28.2311
24.8225
26.8319
27.7149
25.5416
26.6679
26.4269
28.5553
26.8599
28.9006
26.5736
27.8906
27.1361
28.6117
30.5678
27.5571
28.7755
28.3805
27.1998
28.2172
29.2801
26.8832
28.6273
26.8918
27.5971
27.4458
24.6733
27.5670
26.5283
27.3479
27.6615
27.2341
28.8792
26.0096
26.0217
27.2623
23.7963
27.1832
26.5655
28.0406
29.2789
29.1400
27.6023
26.8782
25.8597
27.6997
27.5704
27.6911
28.1083
27.3058
26.6032
25.3431
26.6030
27.6735
28.9155
28.1996
27.4663
28.7055
28.0982
28.4232
28.1812
28.9982
27.6360
26.7555
29.6330
28.2641
29.2060
29.2226
29.7012
29.3619
27.7847
27.8620
27.1461
26.3413
28.5046
27.2953
28.9381
29.4911
30.2178
27.3023
29.0181
30.9779
31.4316
28.8366
29.3520
29.9646
28.4934
27.7938
30.1181
27.8982
29.6996
29.5758
29.2277
32.9309
30.3096
30.7336
28.8161
28.6414
29.2671
28.7203
27.9148
28.0805
29.2713
30.5998
31.1719
31.0365
29.0183
31.5657
30.0548
27.6314
27.5173
28.2352
27.4256
28.1702
27.6325
28.6747
27.7557
28.1865
27.6674
27.4243
26.5570
24.4974
26.3943
26.3066
25.8341
24.3628
26.8098
27.3207
28.4717
26.3274
27.6084
27.1279
26.1285
28.6362
27.8323
26.9804
26.8122
25.5538
28.2129
29.4854
31.2280
29.2041
29.9224
28.1410
30.4294
28.1170
28.2127
27.8863
26.4204
23.3929
27.5997
30.7944
29.5131
30.5485
28.7187
29.4050
27.0288
28.6069
28.0052
29.4551
28.4834
28.2216
28.7359
27.1993
25.3044
27.6903
28.2234
26.3681
24.8578
26.7706
27.3609
28.8720
28.2907
28.8269
28.0999
27.6473
27.3805
28.0423
28.2740
26.3100
28.3158
27.2632
26.3160
26.1090
29.1057
26.7520
28.2969
27.1150
27.6861
27.5754
27.9161
26.5494
26.8299
27.7525
28.0943
29.1047
28.7827
28.7132
27.7038
28.5420
29.6046
27.2993
28.2113
26.6253
26.2255
26.5779
25.1734
26.4500
29.0425
26.6646
27.2146
27.0235
27.3459
27.8140
28.9039
26.8030
29.5752
29.6018
27.6709
29.7511
29.2375
29.4628
32.5207
30.2687
29.7195
29.9199
30.8348
29.3405
25.6613
28.9310
29.5805
29.1817
27.7929
29.1061
29.2812
27.1731
27.2373
27.2172
28.4458
28.4878
28.5032
30.2268
30.4414
28.5000
29.2553
28.2012
28.0045
27.6782
27.9178
29.4772
29.6666
29.6313
28.1543
28.1279
29.0197
29.1431
25.6972
27.0743
28.0884
27.7524
28.3222
30.0573
29.1294
30.6449
29.3407
27.6762
27.5442
27.9564
27.0856
26.1528
29.8663
27.2109
29.5557
26.1964
27.0975
29.7063
30.0666
28.0497
25.7949
28.7188
27.6025
27.5939
29.5392
29.9175
27.2857
27.4509
26.6510
25.2309
25.3778
27.4662
28.5819
27.0960
27.3154
28.4044
26.5837
26.9698
28.5156
27.2712
25.4990
25.9292
29.1627
28.5864
26.8110
26.5390
25.9269
26.3926
27.4098
29.0499
27.5486
29.0594
30.2623
27.6815
26.3197
24.4207
27.6857
27.6503
28.2759
26.6875
27.7985
28.7368
29.7788
28.6783
28.4932
29.5914
30.4651
30.5656
29.2583
29.4003
28.4468
29.8183
27.2035
28.4792
28.4973
27.2610
29.0092
27.6487
30.5844
28.6920
29.5243
29.3176
27.2002
28.6246
27.1685
26.7347
27.3113
28.0918
28.8062
29.2675
28.6295
27.6216
30.4479
29.4018
29.2830
27.9457
29.0285
29.2321
27.9948
28.2230
28.7395
28.7453
29.7379
28.0914
28.0075
27.5529
30.1289
28.6799
27.7648
28.3628
26.5520
29.1985
28.1514
29.0048
28.8504
29.1564
28.4624
31.7513
30.8476
31.8253
29.9137
31.1625
31.1140
31.6845
29.7697
31.3864
32.5141
30.2325
29.1018
27.8690
30.6692
30.1093
30.9800
28.9474
29.0256
28.9037
29.1452
27.8707
28.7080
27.6033
30.2779
30.3144
27.8893
31.4047
28.8148
30.3859
30.1585
30.2896
28.4102
29.3423
28.2419
28.0682
27.9278
28.3865
30.7663
28.9925
27.5264
26.7055
29.5117
29.9689
31.0800
31.4349
31.0002
31.1832
28.3804
30.1349
28.2631
27.7770
26.3190
27.9874
26.8995
30.2037
28.1266
31.8585
31.4480
30.3487
31.0702
30.2306
28.8546
28.8830
29.9448
31.4374
29.1832
31.3599
29.0716
30.8031
29.4565
29.0748
31.4835
30.8936
29.7869
29.4816
29.8621
27.8895
30.0911
28.5366
27.2946
27.4316
28.5716
30.7574
31.1809
29.7579
28.3977
27.4071
27.9415
28.8066
28.1453
27.1663
28.1488
27.8759
27.7645
29.4411
28.6933
31.2420
28.5941
28.7625
28.7124
28.1465
28.1692
29.7066
29.4694
27.7689
27.9835
29.7591
29.9427
29.7058
31.1413
31.0741
29.4785
29.3506
28.6762
31.1223
31.6322
29.6657
30.5210
26.5252
29.1131
30.6885
29.5899
29.1725
30.5484
29.3498
30.2717
30.4401
30.6132
28.9901
27.2459
27.6605
27.4020
28.8277
28.7670
27.1127
29.2434
28.9693
28.4526
30.4615
27.2341
28.0837
26.9872
29.0223
29.7576
26.3600
27.8485
29.0061
28.7909
28.2414
29.0334
29.8638
28.9158
28.9606
28.9199
27.8903
26.3326
27.5832
28.9977
29.4473
29.5411
29.8544
28.4607
26.4401
28.8045
30.2195
28.2176
27.9324
29.1964
29.5460
31.4889
31.0206
31.1612
28.7073
27.1824
28.3528
27.0851
27.6694
27.2919
27.6858
27.7829
30.8045
29.0002
27.1517
27.7037
27.4343
28.2795
28.3464
27.9982
28.0567
28.1416
28.3314
28.4830
26.8398
30.4203
29.1650
29.6704
29.0106
28.9347
28.0956
30.0165
28.5876
29.2515
29.0401
29.2466
27.9436
28.0917
31.3155
29.7510
29.3797
31.1996
29.0102
29.6708
29.6431
27.9966
32.3642
30.2274
28.7386
28.3112
29.5931
27.2708
29.0968
27.2383
29.0032
28.6982
26.8384
26.5587
25.9277
29.0052
31.1680
33.1060
29.2055
28.9631
28.9567
29.0614
30.4072
29.0359
29.6980
30.8572
31.1337
29.4116
32.4256
29.2704
27.9251
31.2993
31.7653
30.6200
30.4130
31.4668
28.1930
28.8133
26.2905
28.5430
26.6265
26.9259
28.8575
28.7682
29.2100
28.2894
26.5479
29.2356
28.0633
28.2060
28.7106
29.4708
30.3918
30.1786
30.9813
29.9624
28.6161
28.3391
30.7509
31.5207
30.1762
29.0964
29.5315
27.0683
26.4421
25.6501
26.7036
24.8861
28.4012
28.3268
27.4452
27.9081
27.7711
27.6610
29.6703
29.2587
30.0982
28.3053
28.3567
30.2453
29.6042
28.5056
31.2694
30.4113
28.5642
29.1236
29.3315
27.6493
28.5561
27.5366
27.4930
27.0764
27.8739
28.4071
28.0433
