24.7063
25.2686
25.5725
26.1499
25.4255
25.0844
26.5145
28.5628
27.1775
28.7785
24.0440
26.5042
25.6073
25.0239
25.4936
24.0477
27.5068
24.9350
26.7366
26.1020
26.2661
26.2117
26.8643
25.6916
25.4021
27.4806
27.2396
26.4061
23.9364
24.7914
23.1906
25.6070
25.9022
27.6432
27.9837
23.9949
26.4629
24.8569
24.5895
24.9947
25.5831
25.0556
26.0716
25.4969
25.3887
24.1863
25.4400
24.0246
23.6400
24.5148
23.2667
23.9168
24.1569
24.1274
24.8462
26.3216
25.5081
25.0274
24.4400
24.6673
21.7875
23.5480
24.6105
24.4201
24.6750
24.7179
25.9400
27.3530
24.7927
24.9824
26.2096
25.9972
24.2800
24.8967
24.4462
25.7719
25.1353
23.3348
24.4308
25.5870
23.6987
24.9837
23.9681
25.3715
25.8947
25.9432
27.8181
26.3471
25.6211
25.5734
25.0632
24.4394
24.9553
24.1177
25.9735
24.6888
25.2860
26.6008
23.5684
24.3387
24.3623
24.7040
24.6898
24.1807
23.9100
25.2386
25.7964
24.3609
24.4820
25.5392
23.6578
25.6105
24.2349
23.3224
23.3957
25.7844
24.6947
24.7142
24.4787
24.6538
26.2698
25.2940
25.9516
23.6936
25.7996
24.6685
25.2089
24.6310
23.0716
23.7745
23.7892
23.1239
22.3714
23.4604
25.6162
26.2046
23.5291
23.0443
24.7576
24.4397
23.5196
23.9668
23.1362
22.3174
22.7596
25.6316
23.3601
22.9505
22.9413
23.9315
25.7545
24.2173
24.4053
23.8782
25.4659
23.7942
23.9909
24.1078
23.9788
24.3835
23.1273
23.2779
22.8664
22.4677
23.9752
22.9373
24.4400
22.8710
23.2859
24.2884
23.7137
24.5757
25.5313
24.9540
24.9485
24.7260
23.9280
26.5182
27.0490
26.7746
24.7550
24.9320
26.1350
24.9354
25.6198
27.2886
24.0505
25.4213
24.7697
24.2413
25.1970
26.3124
24.3952
25.4616
23.3005
25.2770
25.1651
24.2384
23.2465
23.3885
22.3801
22.9472
22.9403
23.8691
22.3304
23.8054
22.7005
22.7152
22.6887
24.3562
23.0161
25.6625
25.5827
23.0857
24.3200
27.4194
25.0324
23.3268
26.8819
27.8940
27.9068
28.4386
27.5742
27.9811
26.0001
26.6567
26.5273
27.3645
26.4378
26.9312
26.0388
26.2053
25.5103
23.6814
24.4298
25.6948
26.3706
24.3774
23.9864
25.3909
26.9289
23.8823
25.8635
23.5128
24.7182
24.7821
23.5231
23.8234
24.5716
24.4384
23.5987
23.7247
25.0542
26.2677
24.3577
25.6148
23.8597
26.7381
23.9491
26.4456
26.2872
26.8534
28.5916
28.4584
28.1259
24.8184
26.3829
23.8510
24.7633
27.3601
25.6496
27.0626
25.9409
26.6190
25.6063
25.2637
25.9683
25.9496
24.9267
25.8433
24.8703
25.0074
24.9267
26.0341
26.7647
27.3422
25.4492
26.0386
26.3938
24.6039
24.2229
25.3421
25.8748
26.5398
23.9828
26.1375
26.6602
26.2856
26.4462
26.4617
26.1623
26.0297
26.3612
28.6963
27.0321
25.3575
25.7092
24.7705
25.9350
25.3230
25.1349
23.8194
25.5240
26.3288
25.1744
25.1485
25.4772
26.0582
24.4287
25.2178
25.0190
26.9247
25.1855
25.0792
25.9702
25.0975
24.7354
24.9937
24.8136
24.4849
25.4001
27.3197
24.9062
25.3963
24.5820
25.0195
24.5008
25.1184
24.4410
24.9378
24.8528
24.0080
24.4533
24.1587
25.1942
24.1477
23.9683
27.7251
27.3896
26.9602
28.0192
26.2292
27.0183
27.9570
26.0301
25.1405
24.3570
26.3072
24.4977
23.8812
25.1055
26.7236
28.0462
26.6908
25.8635
25.1482
24.8939
25.1731
23.4064
25.4430
24.9481
25.6438
26.6714
23.8622
24.7967
25.9208
25.2305
24.2369
25.5913
27.3182
26.2367
27.0741
26.4344
26.6443
26.6596
25.5488
24.7498
24.6788
25.5185
26.6671
25.3763
24.2135
25.3856
25.6934
25.4458
23.6025
24.8763
23.9363
24.9215
25.6256
24.2588
25.5157
26.4293
24.4065
24.3327
25.4879
24.4920
25.6621
24.0784
28.0009
27.3828
27.5120
26.6453
25.1590
28.1933
28.7433
28.0701
31.0720
28.4869
27.3303
26.7294
27.6430
26.9800
25.9922
29.2410
28.4790
25.6512
24.5451
26.0089
25.9889
27.3729
27.3973
24.9851
25.8212
27.3780
26.1562
26.0211
24.8093
28.7634
26.4663
26.3255
27.8131
27.7260
27.9672
27.5561
27.1730
23.8281
25.8150
28.6482
27.6463
27.7253
26.0370
24.8948
24.3222
25.3987
25.6648
23.9039
24.2830
23.3128
23.3738
23.3817
24.3093
25.6647
25.5516
24.5415
24.5210
24.9840
26.2331
23.7814
23.9525
25.4214
24.5100
25.4020
26.8859
24.5965
25.3784
23.1972
25.6643
24.1484
23.6904
22.5450
24.4044
25.8879
23.4766
26.2583
24.2023
23.8071
23.7623
22.9346
24.5928
24.3502
24.9070
24.8025
25.6556
25.7070
25.0698
26.1815
26.3481
24.5254
24.4454
26.5485
26.8874
24.9943
24.8107
24.7015
24.9350
25.7353
23.7634
26.1715
24.2410
25.0737
26.1210
25.8845
24.0276
24.3004
24.3731
22.9712
22.3606
23.4759
23.0850
25.0281
23.9727
24.1739
24.7770
23.0275
23.4165
23.8767
25.5237
26.0529
23.6218
25.9086
24.5956
23.7470
25.7961
26.1132
23.7648
23.6764
22.8863
24.1516
24.3936
26.1646
25.8245
26.2808
25.3191
26.5028
22.8347
23.9912
23.3165
23.7362
24.1126
23.5313
23.4362
23.7226
23.5041
24.4049
22.1242
22.5171
24.3031
26.0543
25.5873
25.2429
24.6823
23.0312
23.9387
22.5673
22.9968
23.7140
23.9752
23.5319
23.0843
24.0162
23.8704
23.5321
22.3090
22.8729
22.7781
22.7813
24.7625
26.4637
27.3968
26.2080
27.3648
26.4275
25.8042
25.5351
24.9076
25.7876
24.4357
26.3784
26.5410
25.6157
25.0239
26.0482
25.5948
27.0291
27.9986
26.7232
25.6202
26.7366
28.0533
27.2755
26.9142
28.2443
28.5923
26.1168
26.1296
24.0490
25.5532
26.2212
26.9446
25.9952
23.7398
25.5815
22.6318
23.4148
22.5694
25.1932
23.4649
23.8587
22.9710
23.9990
23.4143
23.3134
23.1183
23.2137
24.5767
23.8507
24.7489
23.3482
25.7461
25.5768
25.1144
23.8741
24.5110
26.3025
27.0264
26.5029
25.9667
27.9468
26.1610
26.1009
27.5113
25.2089
25.2855
26.0155
26.1519
28.4699
27.1953
26.0204
26.2748
26.9200
25.2405
25.8523
26.7876
26.5400
26.8106
25.1036
24.7449
26.3717
26.3057
25.8158
26.3503
24.3415
26.7466
25.7385
25.0707
26.5484
25.9829
26.1081
25.8682
26.7479
27.4159
24.5297
25.9024
25.3875
26.3719
26.1806
22.5628
24.6032
25.8218
23.9235
24.4870
24.1471
25.4178
25.2673
23.9412
26.1100
25.0666
27.2164
25.8302
24.0780
23.6486
24.4905
24.9595
23.5768
24.1036
22.7650
24.0295
27.5194
27.7393
25.8640
25.7485
28.4089
26.4678
26.7398
25.5922
25.1921
24.6733
24.0355
24.5445
25.7847
26.9458
26.4191
24.2431
25.4790
25.4020
24.7825
23.8857
24.8496
23.9100
25.4641
25.7636
23.6309
23.3955
23.6010
23.4964
24.6764
23.8233
23.8647
24.3550
22.2063
25.5648
23.3311
24.3167
24.9104
24.3675
25.3036
25.1539
26.1756
23.5640
23.8538
23.5814
23.9245
22.4466
25.2136
25.1572
23.0760
25.8593
26.1298
26.4910
26.2796
24.3655
26.4709
24.9781
23.4618
24.4551
24.9411
24.7602
25.1550
22.8093
23.1597
23.9046
24.7014
23.2664
24.6857
23.0049
23.2970
24.6126
25.6921
26.2350
24.4395
22.9244
23.8405
21.8725
22.6301
22.7052
23.5293
23.5288
23.1470
22.7991
22.6031
23.3458
24.1757
23.8611
24.8158
24.8357
25.3123
27.0595
25.9097
24.3771
25.1153
23.9817
23.1059
26.1721
24.6983
24.9254
23.6032
24.7092
24.1932
24.9595
23.4087
24.1182
24.2926
24.5926
22.2725
24.3575
23.2877
24.1249
23.8345
22.4980
24.2581
23.9027
24.2045
24.1336
23.4552
22.1769
22.1591
22.0560
22.6909
24.4318
25.5124
24.4901
24.5107
25.9186
23.7056
26.8249
24.2633
23.8061
26.0672
24.8038
25.4444
26.8855
24.1989
24.7593
23.9418
25.0982
26.0645
24.0763
25.2775
24.7809
23.7327
23.6188
23.3122
24.9590
24.5125
25.3009
26.3454
25.6558
23.7699
25.0217
24.4511
24.6548
23.1813
22.4874
23.8288
24.5518
25.1010
25.6203
25.6913
25.9688
25.1531
23.8662
26.0171
26.4713
26.2940
24.8934
27.8674
28.0151
26.7958
26.8808
26.8730
26.3559
26.8140
26.5293
27.0336
26.8513
27.7288
26.1505
25.6911
27.1243
25.0836
27.2577
25.9411
26.6504
22.5946
26.0152
26.8113
27.6702
27.2681
27.4531
27.8212
25.5079
24.2017
25.9901
26.7612
26.4356
28.1971
26.1956
24.9940
27.0149
26.7511
29.0929
29.1772
28.6409
28.3349
26.5076
26.4325
25.0031
24.5686
24.5773
25.1116
26.0324
25.2171
25.1509
24.7477
25.5443
25.7355
25.0361
25.5810
25.6366
26.0495
25.7754
24.8394
27.7307
28.1947
24.5519
24.0248
23.7740
24.3729
23.7868
24.8519
24.0703
25.1233
26.4182
27.0787
25.5704
26.7238
26.0039
25.4287
27.0205
25.1681
24.3689
26.9527
27.5169
26.2532
29.3548
25.9735
26.8154
25.3703
25.4731
25.2157
26.9260
26.0478
28.4211
27.4961
26.1081
24.9148
25.3650
22.4135
23.7080
23.0260
24.0316
23.6035
22.1089
24.9875
24.4127
23.4938
23.2279
24.6084
23.9741
24.2347
23.2870
22.5182
21.8859
21.8368
22.2206
23.6141
21.2011
23.1500
23.0050
24.8533
24.0378
21.8211
22.9615
22.4724
24.6700
28.0453
26.9608
26.5747
27.8065
25.3360
23.9426
25.3615
25.0308
24.4214
24.4706
23.8590
22.4719
24.1812
24.1988
24.3723
24.8972
23.6424
25.0576
24.9985
25.1903
24.3416
23.6779
23.9486
24.0516
25.2615
25.1108
24.5865
25.0762
26.3820
25.1641
24.3783
25.3073
25.2822
25.0379
24.2847
24.6441
23.8293
25.1137
23.8720
25.6288
25.8137
24.8561
25.4107
24.2194
23.7660
25.4136
24.9501
23.2486
24.5014
23.7455
25.0723
26.7820
26.2351
25.3448
27.2169
27.3289
26.9445
27.9803
26.8646
25.1802
26.1258
25.7205
24.9858
25.4466
24.7004
24.4520
25.7513
24.0626
23.0119
22.8480
23.1368
23.9357
24.5241
23.6724
24.8592
24.6926
24.5947
24.7178
26.6828
23.5532
24.2419
24.8719
26.4266
25.6206
24.1976
24.2616
25.1814
25.3306
26.5055
24.5021
26.0349
26.7516
25.6855
24.8047
24.8614
25.2030
26.4165
26.5391
26.0237
27.3217
26.0387
27.6003
26.6994
23.8691
25.3638
25.8255
25.1990
24.3244
26.4209
26.9172
25.7903
25.1189
23.7765
26.3358
26.8308
25.0882
26.9157
24.2887
26.9280
25.8713
27.0665
24.5058
26.1979
25.9426
25.0767
26.4891
26.4168
25.2341
25.1642
27.1696
25.3364
25.5283
25.7200
27.1082
27.4184
28.9363
26.8432
28.0916
26.6976
27.7754
26.5699
28.0197
27.9042
28.2417
28.1706
28.1643
27.8065
26.2976
28.1800
30.0040
28.8792
29.4227
30.1842
27.6902
26.9603
29.1504
27.4759
26.4465
27.9122
27.1164
28.6532
27.3360
24.2778
24.9615
24.7971
26.7427
26.5437
24.5431
22.8958
24.8787
25.9069
24.6796
24.7188
26.7933
25.1084
24.9464
27.0208
27.0617
26.4113
26.8772
27.0578
23.1154
25.3417
25.4200
24.8875
22.9829
22.8303
22.7638
23.3279
23.3168
24.9555
23.9079
26.4909
24.8927
25.9989
24.8299
24.9860
23.9370
23.8406
25.2422
24.3613
25.4390
24.0225
26.2095
24.7422
25.2597
27.4092
28.3610
27.9702
26.6107
28.3718
27.7272
26.7413
27.2089
26.3491
27.2916
27.3487
25.3665
26.2549
26.6702
28.0377
28.3937
26.8499
26.8215
29.2217
27.5211
27.8295
27.6284
27.3403
27.6877
27.0174
25.0145
27.8071
27.3939
26.5636
24.3290
23.5059
24.5978
24.5950
27.7034
24.6134
25.4553
27.6849
24.8315
25.7895
23.2656
25.1886
22.9799
26.4236
24.7674
26.9854
25.2190
24.1614
23.4718
24.2302
27.0616
24.3959
25.6198
25.3315
25.0426
24.3679
23.7767
24.8600
26.1117
24.1597
24.1862
24.3863
25.0642
26.4746
25.9273
24.7368
24.7142
25.9922
27.0570
29.2908
27.6706
26.7390
25.5249
26.5787
26.9278
26.5119
28.3280
28.7195
27.8489
25.7267
27.1250
25.8699
26.6232
25.5565
23.8913
25.3160
25.7346
25.2321
26.5449
26.8408
25.1955
25.6083
26.4708
24.6349
24.8420
24.1710
23.0594
25.8088
23.9752
24.9618
26.6983
25.6572
26.2208
26.4693
27.4956
27.7664
24.6422
25.5764
27.3764
25.1852
24.8756
24.1760
24.8870
25.5884
27.0318
26.2875
26.5004
24.9259
25.2108
23.8024
24.7198
25.1760
26.6923
25.8769
25.6641
24.0341
23.5948
25.7857
26.9832
25.2772
24.3261
24.7708
25.4314
23.8347
25.2261
25.6240
23.8076
23.2317
24.6266
25.8677
27.7000
26.0394
26.2809
27.5339
27.6472
27.0217
26.2283
24.5669
26.8087
26.5305
27.7873
27.4180
26.7162
27.0051
28.5614
25.3428
25.6509
25.8456
27.1022
25.3074
26.4658
25.6456
25.7404
25.8829
24.3467
26.2158
25.1367
26.8435
24.5934
24.9755
24.0986
25.4975
25.5613
26.1185
26.5505
24.6934
28.1534
28.2684
28.1751
28.4035
28.3122
25.3382
28.0612
30.0288
26.4245
27.4501
24.0409
27.4649
27.6630
26.4912
27.2843
27.7847
27.8132
27.3031
27.8030
26.8032
27.7470
30.4230
27.1985
25.6532
27.1220
28.0360
27.3397
26.5047
25.7673
26.1661
26.2098
25.9351
24.8504
24.9919
26.3011
27.5672
27.8955
26.0471
24.9023
27.5007
26.3551
27.4250
25.0543
26.3012
26.5533
28.1442
28.9499
25.7394
25.5202
24.3679
26.7952
28.0169
26.8002
27.3963
26.1186
26.7136
27.8174
28.4383
26.6209
26.2693
25.9646
28.3602
26.6757
26.3755
28.2459
27.6270
27.1754
24.9594
27.2223
26.3935
26.0842
24.1332
26.8609
24.4773
27.0338
26.9338
26.7922
25.8410
26.5538
27.4378
26.3723
25.0227
24.6034
24.6453
25.6641
26.1364
23.8683
23.9795
25.0433
25.1055
25.2462
25.9262
25.1971
27.9739
24.4336
25.7566
24.2148
24.2572
24.6416
24.2181
24.4936
24.2379
24.9450
26.5969
24.6853
26.6468
27.3255
26.2500
25.3799
26.6431
26.0186
24.1857
26.5229
26.6256
24.1940
23.3098
23.7679
24.0917
24.2753
22.7506
26.1917
23.1218
24.2847
22.5106
26.3831
25.9570
26.1782
25.1414
24.2475
25.1082
24.9128
23.9271
24.3180
24.4478
24.0036
25.1505
26.2202
24.0471
25.1774
24.4101
24.5104
25.4276
25.5441
24.5758
25.5952
25.5371
25.0552
24.1775
24.9907
25.7509
26.4295
26.8759
25.7970
25.5271
24.4679
24.2840
26.1628
25.8551
25.0880
23.8436
24.6223
26.4091
25.0842
26.7993
25.7667
27.5390
26.2024
26.0653
25.4014
26.3051
25.1269
25.9935
26.6200
26.1854
25.2008
25.3472
24.2924
23.7837
25.3501
25.7632
24.5648
23.9073
23.4015
24.2909
24.9379
25.3452
24.8149
24.4393
26.5621
24.9866
25.5065
25.0656
24.9719
25.8202
25.6646
26.0257
25.5216
25.1117
26.4286
25.8317
26.8903
27.6714
27.1551
25.6355
28.2206
27.1815
26.1804
27.8510
29.4457
27.4604
27.5171
26.8560
28.6096
28.3501
27.4374
26.7194
25.7503
26.3742
26.0658
28.0609
28.5869
27.4848
27.8128
28.2335
28.3200
27.8549
26.7549
26.7338
27.5031
27.5177
25.2818
26.9351
26.7037
27.5302
27.4480
26.7012
27.5400
28.5417
29.1248
29.9403
28.3000
29.2104
26.9879
24.9322
24.3111
24.1108
26.8026
25.5167
24.6714
25.0578
22.8517
23.5278
25.8678
28.4825
26.3950
28.1449
29.5672
30.8014
26.4569
28.1839
27.6608
26.2709
26.9885
27.4439
27.3711
26.0190
26.2021
27.1342
29.9832
28.0316
29.1714
26.4179
26.0547
25.1730
24.6938
24.1416
23.8243
24.9119
25.7181
26.3713
27.3252
26.4676
26.8852
26.7634
28.3243
28.2700
27.3233
26.0211
26.4780
25.0209
27.4512
27.6591
29.6390
24.3315
24.6951
23.2041
25.1709
26.2331
26.2812
25.2721
23.2746
24.0703
23.3029
22.9530
22.3968
21.3584
23.3207
24.0649
23.8587
24.9922
23.5374
23.1487
22.5420
23.1732
24.0853
22.7331
24.8168
24.6267
23.6113
23.3320
23.8318
23.5427
23.0802
23.2475
24.1318
23.5271
22.0417
24.3040
23.2180
23.4260
23.3775
23.7961
24.1470
24.9989
23.6633
24.2459
24.0769
24.8691
24.6038
24.3055
23.9778
23.9432
23.2854
25.2986
22.3785
23.6808
24.8598
24.0172
22.3634
24.7458
24.0492
25.0891
24.7069
24.2009
25.7351
24.4952
25.5810
25.4525
25.9038
24.3829
25.0290
24.2911
25.5361
25.1630
25.0007
25.3950
24.1284
25.1878
24.4095
25.2414
24.9501
25.3826
25.0458
24.8724
25.8271
25.7053
24.3285
26.2629
25.3552
25.7754
25.9772
26.5847
26.2016
24.6821
26.7423
27.2354
25.6928
24.9966
24.2444
25.1925
25.8914
25.3084
26.4568
25.0771
24.8118
24.4302
23.0306
23.1352
24.3867
25.3539
24.0699
26.3407
26.4155
24.9729
26.2399
25.3589
25.9280
25.1604
26.0230
23.9200
25.1602
27.0215
25.6454
26.2546
26.6402
23.8090
24.7928
23.9208
24.1490
24.1854
25.1473
25.3160
26.5696
23.6764
25.0694
25.6673
25.4866
26.9783
25.2745
25.0005
24.1433
24.0327
25.5809
26.8550
24.7656
25.0633
24.3973
25.7283
24.9978
25.5669
26.6631
24.2083
23.8307
24.5932
24.9533
22.7306
24.3730
24.6626
24.5738
25.0067
23.1233
24.4712
25.6681
24.6465
26.0871
24.7007
25.2768
24.5321
23.4506
27.0925
26.9973
27.8695
27.4317
25.7568
27.7562
25.7085
26.1088
25.5791
28.0419
27.7122
27.0070
26.5808
27.7491
27.8851
26.7323
28.4466
26.1414
28.4375
28.2784
30.3262
28.5625
29.7137
26.4144
28.4562
28.1377
27.9013
28.1436
28.1355
29.8687
28.4073
29.5945
25.9938
28.6023
28.3632
26.7909
26.9988
25.5768
27.9268
26.5840
27.7033
27.0204
27.3905
29.7473
29.3687
29.6326
28.8412
28.3086
27.1273
27.2088
26.6756
25.6805
27.0893
27.4240
29.1278
28.6942
28.4221
27.8067
29.1775
29.2867
28.7073
29.0884
30.4265
29.4171
29.0336
30.4933
28.1070
29.6490
29.7776
27.5199
29.0418
29.2751
28.6416
29.9558
27.6559
27.2904
28.8001
26.8601
28.1889
28.6265
26.2534
28.4269
26.0447
26.8482
27.3242
29.2578
28.2366
27.8778
27.1793
29.2537
27.8888
27.3910
29.6261
28.2201
29.4921
28.6328
28.1749
28.5989
27.1762
26.7281
27.3140
26.6604
27.3718
26.8993
29.1674
31.2476
29.0952
27.3576
25.8129
28.3369
27.7803
28.8314
28.6911
27.7918
28.0655
28.2802
27.3173
27.6228
25.7215
26.7529
25.7279
26.9150
27.3184
28.5016
27.6241
30.3967
28.8003
27.5533
28.8373
27.1143
26.4695
28.5257
26.8852
24.4631
26.8600
28.3274
28.0507
26.1760
27.1580
26.6911
26.9276
26.4562
29.0272
28.7782
30.2970
28.5601
30.0431
29.3959
28.7310
27.6744
28.4806
31.4924
28.9529
28.4621
28.9334
29.2902
30.1074
30.0606
29.8647
27.1543
28.4815
26.6020
26.5439
24.8726
26.7263
26.6655
26.5089
26.8604
28.3331
29.9199
28.8429
27.3343
26.8806
27.9390
27.7758
27.1556
27.3283
29.0842
30.2259
27.9552
26.6011
30.7848
28.6987
27.5019
28.9549
29.6311
28.0281
28.1540
26.1785
27.7192
25.0365
26.5196
26.8811
25.9825
24.7200
26.3860
26.9471
27.2535
27.5753
27.7594
27.9330
25.8094
24.4017
26.7350
26.0625
25.7041
26.0020
24.3093
26.7768
28.5389
29.2570
28.9665
29.1196
27.9375
29.7463
29.1537
27.9273
28.7263
28.7672
29.2081
28.5051
28.4861
28.3138
28.0535
30.1558
29.7106
27.9500
29.3320
27.0969
25.7285
26.9478
25.5710
28.1460
28.9172
27.0215
27.8102
26.4528
28.4296
25.1519
25.7975
26.1807
26.3995
27.4959
27.4039
27.3956
27.8078
27.9527
27.9933
28.0225
28.5296
29.1640
29.3141
29.0281
28.0735
28.0799
29.6139
28.1723
29.2461
29.1787
27.8526
27.9982
27.5101
27.3410
27.4861
28.4506
28.6150
27.5409
25.8664
26.0288
26.4301
27.7384
26.7340
29.0597
27.7080
25.1812
24.8752
25.2069
28.0498
27.7332
28.0122
25.6867
27.9959
27.8176
27.3383
25.9144
25.6141
29.0872
26.7948
28.1616
28.3089
28.9480
27.0364
27.0220
27.0800
25.0309
24.8928
24.3430
24.0355
25.4036
24.2344
24.7630
25.0860
26.6727
24.5970
25.4975
25.4239
24.8188
24.3459
24.6098
24.3673
24.8858
24.6205
24.6886
25.8276
25.0745
26.7085
25.3190
24.7723
25.0860
25.7048
24.1210
25.1730
26.4549
26.6667
25.8567
25.7742
27.4458
26.4806
24.9769
25.5423
24.0543
26.9784
24.8433
25.9045
24.6518
25.4110
27.2560
27.6513
26.4935
26.1826
26.9204
26.9917
27.3771
27.5658
27.2040
27.9680
28.3258
28.3814
27.0910
27.8599
25.1084
26.0525
27.4115
25.9781
27.1221
28.3563
27.8180
27.3718
26.5572
28.8495
31.7523
30.1989
28.2767
26.8433
29.2229
27.8388
26.0351
26.7781
23.7362
25.5516
26.0535
25.0973
26.7963
26.5841
27.2049
29.8524
27.0863
26.4780
26.2117
28.1592
26.0875
24.7464
27.2628
24.9748
28.2403
27.6131
27.8334
27.7088
27.5072
27.5608
26.5483
27.8314
26.6207
27.1261
25.4842
27.4718
24.2662
25.1654
26.2302
24.8831
24.7511
24.9380
25.9228
25.6490
26.6658
26.8956
26.0560
24.4889
25.5792
25.7636
24.1287
25.5585
24.6713
25.7276
23.7823
25.2926
23.2931
25.4650
25.4961
24.5085
24.6948
23.9314
24.4187
24.3839
24.5012
24.9739
23.8403
24.6719
25.3636
26.5590
23.9866
25.0649
24.5036
25.3538
24.4775
26.4205
24.9670
24.8579
25.9075
25.0907
25.0314
26.2737
26.9018
27.5905
28.0226
25.2004
26.0905
25.9689
24.9467
25.4256
26.0731
27.0638
27.5356
26.5730
24.8257
23.8691
24.8828
25.7133
24.9001
25.3008
25.4887
24.9263
25.1456
25.9302
25.6929
25.8632
27.4550
26.5852
26.9160
29.9123
29.8931
29.9181
30.0669
28.9337
28.8984
28.2555
28.2064
25.7667
28.0070
30.0240
29.1904
29.5999
26.8513
28.4227
25.8736
27.1751
26.3610
25.0880
26.5354
26.6541
26.2183
25.6549
25.8504
26.0880
23.8524
24.8235
27.0596
25.9086
27.5782
29.3591
27.5155
28.7417
26.7424
27.1734
27.7911
27.9293
27.6810
25.8549
26.1550
27.6464
26.9611
23.8073
26.4212
25.5906
24.4221
24.5507
24.1278
25.1746
24.4670
24.0023
22.8016
23.9422
25.1420
25.0463
25.9502
25.9678
28.4282
27.3762
27.4955
27.7530
26.6204
27.1841
24.9406
27.1887
27.1470
26.8723
27.6009
29.4074
28.0092
27.3131
25.3607
26.4569
25.1804
26.4879
25.7541
26.4965
28.4318
25.4078
26.0604
25.9594
26.2087
27.1832
24.7125
26.7553
27.0320
27.2281
27.3254
25.6867
25.3793
25.9727
25.7904
25.1964
25.7346
24.5124
25.6460
24.7603
25.8583
24.5261
22.0950
22.5356
22.8069
23.4309
25.0982
23.8174
22.3614
23.0721
24.1709
23.8641
24.2723
24.0924
23.5649
25.4507
25.7383
25.9209
23.8296
24.3223
24.8417
23.8210
25.0510
23.8902
22.6411
24.6955
24.5128
25.3275
25.4080
26.9152
26.1725
27.8376
27.8401
28.9100
30.7770
31.0379
28.4444
26.6974
26.9364
27.4611
27.3722
28.1600
26.8730
26.3844
25.1379
29.5146
27.2456
27.8975
28.7219
27.8994
27.7763
25.8171
26.5538
25.1680
25.4111
26.8285
28.5319
28.2141
27.5749
25.4771
27.5765
28.0039
25.6664
25.5559
26.9731
28.4674
28.3349
29.3345
28.1201
27.4795
29.0262
25.6898
27.9775
26.8360
29.0715
29.7042
29.8583
28.1493
26.7749
26.3774
27.9922
27.5455
29.9114
28.0523
28.3228
26.0734
25.9270
25.9232
25.7504
27.3698
29.1409
27.9744
27.6714
27.8376
25.9097
26.0686
29.6640
30.1316
28.7697
26.1131
26.3373
25.9224
26.6684
25.3580
25.5379
26.2809
25.4505
27.1414
25.9715
28.1281
26.4651
28.6759
28.4360
27.4019
25.4941
26.2080
28.1560
28.7920
26.5606
26.6066
26.5918
29.5347
28.6752
28.2716
29.4132
28.6018
27.2209
28.2912
26.5527
25.7940
29.5992
26.8491
27.3696
28.5593
27.9283
25.4711
27.6784
25.6483
27.6353
27.9264
26.9094
26.1640
27.0494
26.9531
25.3299
23.7540
24.9259
24.2889
24.6327
22.8278
24.0688
25.9844
23.7693
23.6125
23.8552
25.1811
23.6582
24.7268
25.1162
25.8403
25.9572
25.1040
24.3989
25.1165
23.9646
27.6623
26.7042
23.3458
25.4533
25.1609
28.6020
28.6345
28.6916
27.4121
26.0794
26.6701
27.6743
28.1638
27.2143
26.8131
27.6288
25.4288
26.7773
25.8849
26.2742
24.1689
26.1208
26.4406
23.4303
24.9350
24.7341
26.4916
26.4063
25.3869
24.7051
25.7607
24.5185
25.2963
29.4201
27.2884
27.2565
26.1915
24.9960
26.0936
25.9632
27.2138
27.7358
27.3927
29.0337
26.6232
25.6429
25.2382
25.7506
26.9769
25.0653
25.4807
26.4345
26.0466
25.8178
27.2739
25.3573
27.8793
27.9864
27.2543
29.7217
28.7349
28.7820
28.3596
27.6963
26.8933
26.3348
27.3828
25.7476
26.6509
25.3415
23.7478
25.4627
26.2394
27.0387
24.5813
27.0529
25.8082
27.3224
27.1398
27.7064
27.2039
28.3062
29.3316
28.3987
30.4270
29.3293
29.1629
29.4315
30.8473
28.8149
28.5884
27.4708
28.3337
26.8750
26.7942
22.7185
24.2761
25.8062
24.6679
25.5100
26.0620
26.6023
25.9230
25.3061
27.0685
24.6833
25.3847
26.3062
26.5476
25.9054
28.2777
25.7755
25.8130
23.9202
26.4983
25.6079
26.2157
25.7846
25.5119
25.4665
25.7616
25.7332
23.9399
25.6525
26.4157
26.6244
26.8263
26.3893
24.6872
24.7740
26.3851
26.9574
26.9398
28.1623
26.4870
26.1823
25.8224
26.4348
25.7364
27.0022
27.2261
24.9772
26.0991
25.1092
25.1236
27.6862
25.4725
25.4719
24.4894
26.3858
24.4235
25.8964
27.1552
24.9839
24.5395
25.5361
25.6047
24.3788
24.3776
25.2319
25.7488
25.4464
24.0252
24.9743
26.1351
28.3102
27.2424
26.4129
28.1507
26.8398
26.3290
26.9471
26.6461
27.5386
26.4275
26.1881
25.9691
27.7570
26.2726
29.4608
29.9550
26.7406
27.2006
27.7132
25.7243
28.6872
26.8025
25.9072
25.4068
26.3484
24.9324
26.3575
25.5373
26.0830
26.3872
26.0380
24.9879
24.9094
24.5735
25.6686
27.8317
27.2231
25.3302
24.8213
26.8146
26.6118
28.2383
26.0137
26.6582
27.8450
27.2243
27.2790
26.6629
25.1963
26.1535
26.3856
26.6538
25.0967
26.7765
26.7397
25.4053
25.7717
25.7488
26.5615
27.5486
28.8435
26.8912
28.3078
30.1065
26.7530
27.8405
26.4409
26.9091
27.8420
27.4807
28.3714
26.9608
25.3720
23.8105
25.5981
24.8670
25.8363
26.0391
26.0352
24.2432
26.4916
26.7072
27.1946
25.5663
26.6262
26.5203
26.3465
27.7187
27.7949
26.3834
27.2313
26.5262
26.9876
26.8710
26.7837
26.6602
25.5187
26.0706
27.4561
26.8781
26.3735
26.8514
27.3145
28.3132
26.8922
26.3665
26.6474
26.5559
26.7161
26.6771
26.8746
28.0530
26.5273
26.3073
25.2442
25.8029
25.3135
24.9453
26.2696
26.4478
25.2514
27.6758
25.8344
25.2163
28.4265
26.1147
27.0911
28.2299
26.5246
26.9764
25.8116
27.1448
28.0931
27.2343
27.8086
28.1501
28.4283
24.9147
25.4337
25.5820
25.9634
27.9280
28.5430
26.7964
26.1673
26.8280
24.9458
27.6105
26.1379
26.8391
27.0117
26.7207
27.2042
27.8241
27.9517
27.0488
28.2523
26.9693
27.1524
27.0866
27.2067
27.0049
28.8592
28.6844
26.9730
26.7755
26.7781
25.1806
26.5690
26.4212
26.8213
27.5300
25.7914
25.3418
26.2751
27.0549
27.5418
26.4418
27.0550
27.3071
26.7155
27.9017
27.3465
26.3843
26.3754
25.4449
25.2847
25.4749
25.7109
25.6650
25.3014
25.7642
24.1705
23.8289
25.3941
25.6210
25.4498
24.8337
25.2302
25.6146
26.4533
24.0440
24.7231
28.3210
26.6173
24.9073
28.1791
26.1645
26.8353
26.4455
27.0804
26.4380
29.6770
25.7270
26.8949
25.6007
26.5934
26.1232
24.6849
26.8040
27.0140
27.0871
25.9307
27.7234
26.7110
27.0807
26.6873
26.9753
26.0766
25.7135
25.5551
25.9135
26.9030
26.0378
26.1405
25.5378
26.1880
26.2537
24.4760
25.7893
26.9659
25.8260
25.9880
26.6672
25.5448
25.4061
25.0554
26.0888
24.9090
26.1208
24.1413
27.7309
26.8539
26.3463
26.4903
25.2582
26.5566
26.1560
23.7934
24.8596
25.5585
25.4872
25.3102
26.0393
27.8598
27.6247
27.7115
28.6993
27.2341
28.3629
29.7249
31.5615
28.0036
26.8602
25.2559
24.5607
26.2928
27.6369
27.7189
28.5389
28.5390
29.9811
28.9009
30.2576
29.9483
30.2715
28.1769
28.1855
24.3093
26.2157
27.2171
28.0310
27.1496
28.5689
28.5780
27.2360
27.7352
27.6531
27.0342
28.3218
28.0656
26.7252
27.5745
26.3792
28.8999
26.7200
26.7790
28.3459
26.5606
26.2570
27.5500
27.3571
27.2333
27.2591
26.2703
27.2514
28.1783
27.9623
26.7179
27.6462
28.7550
30.6857
28.8169
28.7937
28.9216
28.7214
26.5790
30.3459
28.8291
29.3101
28.6645
28.7410
29.6804
27.7832
26.6692
27.4605
27.8374
28.4855
26.6232
29.7288
27.7656
28.2975
28.4908
29.4850
28.2242
26.7973
27.8303
26.8864
26.9009
28.2426
28.2153
28.0083
28.6562
28.2131
28.1407
26.4097
28.0445
28.6757
28.2632
25.7011
28.0281
27.6322
26.3697
26.9061
26.2211
26.9684
25.7750
25.8411
26.1287
27.1398
27.0979
25.8666
27.3659
27.4104
27.1850
27.8773
27.7970
27.5694
27.1200
26.7350
27.9070
29.3258
27.1981
27.4613
27.2177
26.7316
28.4617
29.8236
28.1970
26.8909
25.1368
25.8474
27.1310
27.8924
28.3453
29.7349
27.5842
28.1944
28.2179
27.6989
27.8589
27.2581
28.1814
26.6120
28.0305
25.6753
26.4948
26.1239
26.3501
24.5940
25.8613
25.9379
24.8513
26.7288
25.6205
26.4252
28.2660
26.7856
26.6555
27.5967
27.3504
26.1571
25.4667
25.3255
26.7305
26.0841
26.2153
25.7295
27.8717
26.0408
27.0978
27.8437
27.1626
28.1070
27.4694
27.9083
28.5062
29.1521
29.7689
27.5747
27.5852
26.4004
27.8509
27.6586
28.8524
30.8716
31.0078
28.6720
29.2905
28.4833
29.4851
28.4446
27.4761
27.5720
27.6004
27.5384
27.8804
27.8904
27.3131
26.3534
28.5697
28.6442
27.6633
28.6734
27.5411
29.0086
27.1300
26.0049
27.1270
27.6593
26.0915
28.7736
26.4202
26.6730
26.2715
26.8635
27.2413
26.8732
27.3386
28.5594
26.1387
25.9882
25.8567
27.8110
26.7675
26.4927
26.8022
25.2856
26.8758
25.9847
27.6150
27.0653
26.6149
25.8909
27.2752
27.0256
27.7981
26.2571
25.5854
26.2870
26.5110
25.8478
27.5663
29.5502
29.1010
27.5034
27.1837
26.3190
27.3655
28.2067
28.0910
28.4256
25.5656
29.1091
29.4172
27.6328
28.3801
26.8669
27.0022
24.8524
26.7215
24.5627
26.1203
25.0599
24.2669
26.0939
24.9691
27.0279
25.0032
24.7255
25.8206
26.6427
27.3555
27.0707
25.6791
27.2485
26.4844
25.1421
27.5291
26.9611
27.8093
26.4942
25.0333
26.4904
26.3944
28.5895
25.4450
25.8424
25.8102
25.3068
26.3320
27.1938
27.8318
25.8428
27.8582
26.7541
24.8694
29.2954
27.6114
27.0960
28.2765
27.0450
25.6304
26.6283
27.3476
25.1615
25.7077
25.1987
26.8550
25.6988
25.5903
26.9064
26.9472
27.3414
27.0543
26.5749
27.8615
26.1052
25.8315
25.9693
28.2762
28.0629
26.3610
26.3904
28.0385
27.8624
25.3922
25.6918
26.2375
26.0164
26.1282
26.5532
27.9184
28.4047
27.5428
27.5652
25.6835
26.8445
28.7840
25.6251
25.6281
26.2677
24.6966
26.9889
26.9459
28.0895
28.3253
25.9021
26.8755
25.4923
27.5073
28.1789
26.2042
27.5586
26.8424
26.4891
27.3355
27.1175
28.0161
29.6960
26.0077
26.7247
28.1831
27.8857
27.0403
26.7110
27.8257
28.1886
27.3763
26.5380
26.5312
27.3825
27.0212
25.7677
26.4422
27.1248
27.4991
26.1292
27.2480
27.5337
25.3422
26.1952
25.3632
24.4042
27.5675
26.9251
26.8453
27.4908
27.6992
28.1144
25.0412
26.3302
27.6988
27.2250
27.5877
28.6898
27.4570
26.8783
25.9490
27.4664
27.4128
27.3108
28.6696
29.6092
28.8622
29.3861
29.0230
27.6841
27.3661
27.7557
27.7952
27.7464
28.1800
29.4503
28.8213
25.7378
27.1592
26.7678
28.1250
27.3368
26.8838
25.7636
25.2839
24.2804
23.9009
23.6060
23.2059
23.8570
23.7651
25.2945
25.3289
23.9842
22.7700
23.1823
25.5002
26.3622
25.7877
23.8159
24.1697
23.7641
24.1828
24.6749
26.5405
25.4967
26.3764
24.9118
26.1548
23.9983
24.3443
24.4281
25.5840
25.8903
25.8804
26.6633
27.1859
26.9118
27.9731
26.6342
27.1617
26.7091
25.5186
27.0767
27.2082
26.1576
26.0231
26.2019
26.0289
26.2143
25.3953
27.4166
26.3750
27.1715
25.8353
24.5935
25.1804
25.2012
26.8680
25.9183
26.4016
26.4842
26.0413
25.4385
24.6207
23.5961
24.9000
26.8072
25.9290
23.7703
24.0724
23.7399
22.6969
22.1251
23.9736
23.6606
22.7958
24.6870
24.2400
24.3641
23.8837
25.2068
25.9152
25.6682
24.7845
24.3888
24.8101
24.3088
24.7572
25.8730
24.3145
25.1905
26.9316
26.2843
25.4677
24.6783
24.8399
25.5050
24.4842
23.1451
23.8357
23.9010
25.0145
24.3643
25.3743
24.7007
24.2238
24.0629
24.8535
25.6688
25.0317
25.6601
25.6993
24.9026
26.2302
25.0869
25.4689
25.4937
23.4469
25.6499
23.1756
26.0438
24.7160
28.1245
27.6449
25.2454
25.4164
26.7977
26.7580
25.6430
26.8493
25.2850
27.5300
24.4584
23.9291
26.4068
26.1638
25.2697
25.1452
26.7609
27.2602
26.2999
25.1054
23.6887
26.2572
27.2051
25.4881
26.9041
25.0395
26.7757
27.2337
25.2189
27.4337
25.4633
26.6357
24.4780
24.6233
25.5951
26.7511
26.5769
26.2229
27.2815
27.8216
25.8427
26.3157
26.1066
24.8478
26.6437
24.4626
23.8257
24.3501
26.1226
26.1100
26.8382
24.6149
24.5181
26.0076
26.6814
26.1866
24.2856
24.6604
25.9338
25.6243
26.1365
25.8246
26.1229
25.6532
25.6756
27.1359
26.4675
26.5865
27.2889
27.6890
27.6917
27.8322
29.1112
29.9273
27.5198
26.9735
27.5532
26.2664
27.8146
26.7620
27.8829
27.9380
26.9415
28.5791
28.9077
25.9399
28.2683
27.4192
28.6972
28.4729
26.7230
27.6483
27.7281
28.0598
28.3793
27.7758
27.0102
29.0373
27.7461
27.2089
29.1082
26.4224
29.2440
27.8752
27.5857
28.5029
27.5757
29.0305
28.4165
29.2751
27.3141
27.9727
27.0245
27.5658
28.3476
28.1517
27.9321
27.4855
28.9872
28.7618
27.7325
27.3879
25.3553
27.0116
28.2662
27.0344
27.8248
28.0130
28.9196
27.4710
28.1997
28.5034
28.0994
28.5158
28.6043
28.7730
26.2870
28.7215
28.2225
26.8181
27.1785
26.4063
26.5866
27.3554
26.0915
26.7926
27.9999
26.8634
27.5985
28.4740
28.6165
27.2481
27.5930
26.5800
27.1467
27.5109
26.9129
28.0096
27.7438
26.5400
25.8267
26.7334
27.0002
25.9220
26.9478
27.0751
27.1546
26.3372
25.7705
25.8799
27.8388
28.2443
26.8016
25.5152
26.9137
25.4516
26.2749
25.4030
26.8662
27.6534
26.6362
27.0536
26.3836
26.5809
27.1243
27.6333
27.3563
27.4196
26.4369
26.9131
27.9065
27.4708
28.1147
27.0618
25.4711
25.8627
27.1808
28.3620
26.8376
28.3593
26.9389
25.8472
28.8404
27.3897
26.7968
25.3991
28.3649
27.6682
25.8400
25.9564
24.9482
25.8746
24.3518
24.3601
25.8248
26.7623
26.8974
25.4088
26.3547
24.5544
22.8105
24.2628
23.4621
25.8059
23.5149
25.7025
24.4844
24.1280
23.2841
26.4485
24.2273
26.2047
22.9801
24.3768
26.1219
26.4365
23.8803
24.1402
25.2014
24.3942
24.4804
25.5100
25.0999
23.7773
25.4429
26.7384
24.6800
24.1591
24.2844
28.0307
27.0524
24.2172
25.2960
23.8790
24.2675
24.2173
25.0282
26.1374
25.3501
26.2871
26.4836
27.1570
25.1947
25.0745
26.1480
25.3466
25.7676
25.3749
26.5934
26.0094
26.8736
26.3239
26.1307
25.4815
27.3236
26.2671
27.4641
27.3814
25.6667
26.1624
26.1853
24.9075
23.6307
23.9494
23.7229
25.1029
25.2416
26.4113
25.1259
24.6092
25.1166
24.7586
25.8774
25.1427
24.9111
24.6366
25.0538
25.9466
26.8632
24.5796
24.5131
24.6357
25.6473
25.2792
23.2923
24.4493
26.3117
24.1221
24.3766
24.9074
24.6583
25.7350
25.9863
25.3245
24.8003
24.9773
26.4925
26.6341
24.3622
25.4775
25.1746
23.2073
25.0811
23.6226
25.1173
23.0982
25.2225
25.0674
26.1426
24.7683
24.0490
24.4430
22.8253
24.5742
23.1809
23.8226
24.2137
25.3668
26.7506
27.4994
25.0331
26.4718
25.8442
28.0427
25.8614
23.7750
22.7009
22.4651
23.4743
23.3028
24.3037
26.3395
24.5809
23.9251
26.7772
24.8669
25.7003
24.3506
23.9069
26.0487
27.0404
25.6102
24.1653
25.4551
25.2198
27.6220
24.6015
23.3883
23.7293
24.4627
26.5787
24.9914
26.6150
25.3927
24.3992
23.9355
24.5684
24.2092
25.6423
25.3195
24.8766
25.3869
26.4593
27.9128
26.3366
27.7369
26.3414
25.0288
25.6161
26.5459
24.8451
25.6070
24.2622
27.2046
25.5655
26.3422
25.2135
25.4987
25.6809
25.9567
25.9701
25.2135
23.9261
24.7848
26.1289
25.6622
23.1746
25.0555
22.7836
23.8596
26.1606
25.9825
26.9621
24.6204
24.8485
25.6868
26.4197
25.4831
24.9009
24.8844
26.4580
23.1104
25.2287
24.5710
25.0432
23.5874
22.1981
23.8486
24.9693
22.8717
24.3008
24.8377
24.5429
26.9080
24.7048
26.3757
27.0308
24.7525
24.8821
25.3146
25.4090
24.8243
24.5004
24.8861
24.0650
25.5297
25.2864
24.6071
24.0605
23.5238
24.4913
23.3118
24.2716
25.0261
24.1256
24.2777
25.1612
24.3141
24.9326
23.4320
25.5524
24.4678
21.6021
22.0991
23.7833
24.5965
25.3913
22.2011
22.6260
25.5447
25.5400
24.5287
24.4636
24.2795
25.8017
28.3514
25.6286
26.9766
26.9956
26.9928
28.4785
26.6442
25.4455
24.6081
26.5868
26.8759
25.2027
26.8894
24.8292
27.7477
27.0543
27.5927
27.8620
27.8741
25.1899
23.6375
26.3097
24.1940
25.2843
23.2940
25.0548
23.6755
23.6128
25.7764
27.2254
23.3236
26.3566
28.7276
28.1422
26.4128
26.0494
27.0454
26.8168
24.2375
24.2512
23.1166
23.5571
24.3945
25.9349
25.5730
25.3075
25.9004
24.6464
24.4767
24.8709
23.9313
23.8202
25.4798
23.0393
23.3702
24.2313
23.7026
23.5539
26.0790
25.0491
24.8849
27.2046
25.7512
24.4140
25.7186
26.2345
26.3080
25.2817
25.0251
24.7687
24.1027
26.0451
26.0469
24.5688
24.6855
27.2173
24.6230
25.6924
26.8145
25.6568
24.8972
26.8505
29.0478
26.5433
26.6202
26.8583
24.9515
24.4945
23.5386
26.9557
24.7306
28.0620
23.5904
25.2735
25.1448
27.4406
25.7040
25.8209
26.5248
26.4807
25.1669
25.0518
24.4970
25.7267
25.2228
27.5931
27.0112
27.4394
25.7117
27.7214
28.4365
26.4811
26.3411
24.3535
26.0129
23.5674
23.7018
24.0742
23.7173
24.8310
24.1813
23.6199
25.2673
24.6573
24.0918
25.0213
24.2078
23.6974
25.1439
24.5470
24.3640
25.1916
25.0070
24.8619
24.2396
23.5336
24.3136
25.6317
24.8704
23.2655
24.2515
25.4817
25.4860
25.6229
25.3204
26.3976
26.0666
25.7866
25.5165
26.4393
25.8156
23.7373
25.4286
23.6953
24.4949
24.8159
23.3426
24.4586
23.8168
24.1779
23.7400
23.5318
23.4430
24.8905
24.6501
23.8102
23.9358
25.0875
23.6735
25.0788
24.9067
26.0876
25.3995
24.3681
25.4493
25.5326
25.5161
25.3444
25.3791
24.9089
24.8825
26.7036
25.8558
24.3147
25.1333
26.2813
26.9334
24.7633
24.4716
24.5576
24.7518
24.7966
23.8111
26.2659
24.4158
22.2913
24.3671
23.9043
23.5895
24.0332
23.3828
22.1679
24.0753
23.5969
26.5324
22.9068
24.4751
25.4346
23.2995
25.9320
24.7015
25.9396
26.1669
26.1640
26.7409
25.5673
25.3369
23.8835
24.1920
22.3381
22.8160
24.7706
23.3385
24.7843
23.8114
23.0395
26.0526
24.7795
23.8229
24.2661
24.4697
25.4425
24.6141
23.8156
21.7338
22.2989
23.2490
21.8115
23.0343
23.1557
22.3546
21.7415
22.0826
24.5097
25.0045
22.0573
22.3795
23.2380
25.3610
23.1108
24.9190
23.9551
24.0388
23.1684
23.8080
22.6962
21.9503
22.3265
22.8661
23.4020
23.7146
24.7280
25.3209
24.5742
22.6145
24.4406
23.8474
25.7557
25.5241
22.5709
25.2893
23.9440
24.1419
22.9869
23.9088
24.2515
25.9417
25.1282
25.9193
25.0040
24.6707
25.2389
24.6801
25.2130
24.6592
23.6499
25.3903
23.4171
23.2508
23.7752
22.8920
25.8068
24.6661
23.3220
22.2420
22.3999
23.6105
25.4600
23.4118
23.4843
26.5765
25.2791
25.9070
25.7748
23.6214
24.0371
23.7191
24.2122
25.4754
24.8403
25.9180
26.9185
24.9432
24.5193
24.0526
24.9319
21.5117
25.4349
26.6757
25.7715
23.1526
23.2882
24.4135
25.0559
24.5217
23.4930
25.5539
25.7356
26.4819
25.6479
25.3999
25.5295
24.8390
24.4692
23.5007
23.3758
23.6834
22.4284
24.0090
24.2640
23.4089
23.5838
23.1662
24.4746
25.5724
24.1478
27.0786
25.4455
24.2671
26.1995
26.4020
26.4142
25.3004
26.4220
25.6876
24.0437
24.4641
24.5855
24.5430
24.4658
24.3574
23.3192
25.3396
24.7603
24.6681
25.9222
25.3668
25.5129
24.9264
23.3773
24.6399
23.9151
25.4348
26.2705
23.7116
23.6872
25.4521
26.3557
25.3081
26.1782
24.7964
27.0566
26.8897
26.5454
25.3168
24.8953
25.3474
24.7014
25.1539
25.8531
25.0260
25.8799
25.7188
25.6945
26.1032
27.0146
25.5778
24.5536
25.9916
25.6500
23.6108
25.1153
25.7703
26.6504
25.8385
25.7788
24.9936
25.8232
24.6908
24.4228
25.6307
26.9075
25.8639
27.6276
25.1745
25.9903
27.1377
26.9184
25.7566
26.6013
26.8872
23.6372
23.6872
22.8666
25.9354
25.1229
22.3918
22.7930
23.2559
22.4873
23.3602
24.0905
25.5596
24.2651
24.0977
22.8759
23.4283
25.9804
26.4681
25.4946
26.4895
25.4207
24.6661
24.0977
23.8752
22.3382
24.3877
23.8844
26.3909
23.7350
25.2877
23.6514
25.3539
25.4495
23.7773
24.7330
23.7026
24.1975
24.6188
25.0122
24.2795
23.6750
25.4799
23.1834
22.8215
24.9567
22.1305
23.2195
23.7213
22.9611
24.7763
22.1822
24.9861
24.2387
22.3874
24.7583
24.3028
24.0523
25.0955
24.4860
24.0190
23.3012
22.6795
23.7836
23.4240
23.7650
25.1214
23.2827
24.7769
22.5567
22.7980
23.4353
22.7516
22.7611
25.2024
25.0888
25.7752
26.3241
23.2042
22.2554
24.0002
23.9384
24.4413
25.8198
25.6117
23.8395
24.6207
25.0538
24.0202
24.4149
25.6303
25.2087
27.0177
25.2564
23.3928
21.7715
24.6696
24.0594
25.7565
25.4412
22.4498
24.8681
24.3750
22.7468
23.0239
23.7867
24.0446
26.6756
24.3087
23.9758
24.4079
23.4640
23.8892
24.3638
25.5679
24.5081
23.3248
22.9555
26.5045
24.6543
25.7129
25.4495
26.5293
23.7648
23.7426
24.8625
25.0534
23.4423
24.6165
25.6072
24.1633
25.7426
24.6095
22.3141
22.9975
22.3981
23.5441
24.0135
21.2289
23.6825
21.8644
22.5757
22.6306
22.5040
24.6038
24.7337
23.1973
22.6846
24.0162
23.6379
24.4599
24.0811
24.0500
23.6325
25.4860
22.6941
23.2522
23.0465
22.9655
23.5991
24.3156
24.3074
25.7707
24.0039
24.1310
22.5119
22.9531
24.7985
23.2099
23.3770
25.5539
25.4924
25.7048
23.6488
23.8944
22.4028
23.9722
23.5921
22.9838
25.3591
26.7487
24.5750
24.2970
25.9594
23.6021
23.9993
25.0556
24.5816
26.7432
25.2056
24.8124
23.7245
24.6122
25.2453
24.3042
25.7119
25.4188
24.1396
24.5197
26.4177
25.1583
24.2618
24.3567
25.6224
24.6974
25.7132
24.9411
25.9993
26.5683
24.6339
25.0936
26.3002
25.3549
26.0972
24.5972
23.7589
24.6587
24.6255
24.9684
24.0874
25.6146
25.3972
24.1087
24.5748
25.8600
24.1405
24.7653
25.3056
25.7559
26.8727
27.3035
27.5757
26.5051
24.3273
22.9594
23.9473
23.8299
25.5358
24.3759
24.3182
24.0182
24.0711
23.2848
24.1734
23.2425
25.1774
25.7087
25.8397
25.4086
26.4952
25.5295
23.7599
24.4333
23.5142
24.4828
24.1371
23.7143
23.2590
24.7334
23.6974
24.0324
24.2342
23.6774
23.6513
25.2937
24.1864
24.4069
25.3896
23.7366
24.5321
24.7775
25.4476
23.3540
23.7412
25.6064
27.4689
26.3333
24.4550
26.0326
24.9723
24.8815
23.3899
24.0188
24.1272
24.0731
24.1805
24.5820
24.5974
24.8422
23.9745
26.3566
25.3217
23.7297
26.3280
25.3306
24.9760
23.9155
25.5837
24.9100
24.7591
25.1153
25.5300
25.1367
24.9839
24.2580
24.0283
25.2060
23.6316
23.6509
25.9100
25.8788
26.1082
23.3564
24.6494
24.9863
27.1509
26.1421
24.8187
23.9153
22.8591
24.8181
25.0557
26.0581
26.1613
26.8173
25.3588
25.6103
26.1903
26.2722
27.1096
26.6283
27.4098
26.0890
26.0423
25.8167
24.6310
24.1511
25.0649
25.0454
23.7299
24.0617
24.2957
24.5029
24.6691
24.0075
25.4363
22.5053
24.3752
25.8602
25.1846
24.6154
26.1253
25.3385
24.4446
25.0606
24.7761
26.0009
25.2584
25.7512
25.0322
24.4147
24.9149
24.6763
26.2167
23.5976
26.2276
25.0658
25.2599
24.7655
24.5735
25.2707
24.5014
27.4746
25.0061
23.4956
25.3541
25.0228
26.5056
25.2534
24.1351
26.8986
25.4438
25.0307
26.9840
25.9752
26.8737
26.1575
26.6502
26.2102
24.0332
25.4261
24.6198
26.6368
24.3725
25.8503
26.0331
24.4555
24.9785
22.8891
25.6241
24.1918
24.5127
25.1476
25.7996
23.8395
25.9541
25.3287
25.4391
25.9632
23.7547
26.4077
26.7864
24.1549
24.7181
24.0061
22.9014
24.3711
25.5066
23.8233
23.6737
25.4131
23.9580
24.6111
24.2813
24.4853
24.8305
25.3480
25.2818
24.8927
23.7033
23.6841
26.0382
25.2716
24.0209
24.7769
23.0602
23.8175
25.8415
24.8888
25.0553
23.3691
24.3031
25.3654
23.6703
23.5281
24.4560
25.8036
23.2237
23.7585
22.7050
24.9846
26.3349
26.2427
22.4829
24.8961
24.7444
24.1320
23.1310
25.8324
24.2629
26.3968
24.6195
24.2986
25.2811
24.3118
27.3862
26.8790
25.8607
27.7868
26.4697
28.3243
26.0932
26.4561
25.8803
25.4338
24.7205
23.6811
23.7140
25.2763
24.6042
25.2036
27.2985
28.1804
25.2692
27.6126
23.9467
25.0735
25.6575
24.3356
24.6691
23.0612
23.4859
23.5342
23.9217
25.6921
27.2878
24.1976
27.7324
25.7345
24.0689
26.7214
25.1010
23.1080
24.0734
23.9946
24.2901
22.4460
23.3556
25.0239
23.7665
22.1629
24.1167
25.2116
22.8744
26.1987
26.0716
25.7348
25.1842
26.3773
26.2517
24.0564
25.1738
25.4438
24.1618
22.4849
26.0225
24.7768
23.5860
23.8989
24.6171
24.9611
25.1609
26.8083
26.0518
24.8744
25.4590
23.7458
25.6275
26.4435
25.6538
26.3988
24.3690
24.4869
23.3700
25.8713
24.6148
24.6890
24.7246
24.4778
25.2177
24.3136
25.0420
24.7069
25.7508
24.5634
24.8324
25.8671
24.7541
25.7798
24.1459
27.3989
26.3246
25.5356
25.5079
24.2637
26.0496
24.7118
25.5397
26.1679
26.7242
25.8726
26.3662
25.2171
24.1703
24.5788
24.9751
24.5841
25.0122
24.9181
25.0517
25.1250
24.2713
24.3979
23.1143
24.8065
25.0196
25.6832
25.1270
24.8321
25.9618
25.1377
23.7909
24.6019
23.8969
24.6445
26.4513
26.8968
26.1409
26.4839
26.2156
26.5612
25.2549
25.8453
25.3484
24.3526
23.7537
24.7322
25.6089
24.3568
24.6106
23.3751
22.8727
23.6790
24.2416
24.5668
23.6188
24.7242
24.4409
26.4455
26.0423
28.9740
25.6527
25.1636
25.9687
25.8217
26.1986
28.9284
25.2243
25.4087
25.5811
26.5129
26.2596
26.4232
25.5465
24.6007
27.0322
26.0378
25.7728
24.4517
24.7647
25.9466
24.0714
27.2752
25.9933
26.1980
26.7836
24.9162
24.7658
23.3264
24.5839
24.0784
25.0514
24.2517
26.6429
25.2170
25.1142
26.0615
25.2696
24.4398
24.5613
25.6724
25.7318
25.4233
23.6626
25.5249
26.0413
24.8103
24.2044
23.7265
25.2463
26.1093
25.5158
27.0191
26.5319
28.2380
24.9092
25.7915
25.2382
24.3870
25.2035
25.4221
23.4721
23.6222
23.6014
25.8125
26.8795
24.3436
26.0928
28.2801
25.4826
26.1170
23.9111
27.0589
24.4256
23.7400
24.6988
23.6839
23.0020
24.2794
23.8393
26.7648
25.0255
24.1949
24.1857
23.4350
25.1380
25.1256
24.0364
22.7883
22.6488
21.5693
22.5692
22.5299
22.0291
21.7550
23.6986
21.5760
21.8134
20.7916
23.9235
23.4241
23.7913
23.2789
23.3763
23.0937
23.9378
23.9693
24.2858
23.0359
23.2500
22.6620
23.9885
21.5869
21.2042
23.6431
24.1393
21.7903
24.0643
23.8523
26.0102
24.1998
24.6890
25.2018
26.5318
23.9928
24.7541
26.0255
26.3900
25.6590
24.4824
23.3933
23.4946
22.3008
22.5797
25.7800
24.1927
25.8220
24.1317
23.8790
23.8857
24.6613
25.7711
27.4087
24.6967
23.3790
22.3660
24.1564
24.0721
22.0156
22.7149
22.5526
23.9483
23.7701
22.3909
22.3229
22.8380
21.3229
22.5411
22.4940
24.0477
22.7075
21.4230
22.1105
21.1534
21.4331
23.3615
22.5736
24.4130
23.4134
24.0165
23.2723
21.9200
22.5446
21.7250
24.1902
23.2155
23.1204
23.0621
21.3174
25.5825
25.5227
24.3641
22.8850
23.5255
23.4062
22.6385
24.2289
23.8445
24.2300
25.6074
23.0571
24.8796
24.4457
23.6822
23.8337
24.2003
23.6980
23.1719
24.5303
25.4770
23.3259
24.4094
24.2567
22.9750
23.4620
24.8315
26.6613
22.5242
23.6942
24.6963
24.7770
24.0640
27.0732
23.7671
25.4289
23.8087
24.1322
24.0819
23.4012
26.6239
25.2832
24.9945
24.6409
23.9661
24.1732
26.2271
25.6048
26.4735
25.5550
23.8442
26.3264
26.3646
24.9016
25.1510
25.8966
26.4145
23.3198
25.6609
24.9186
24.0802
22.3451
22.8909
22.8344
24.8305
23.7200
25.8533
26.7409
27.0814
27.3382
25.1986
24.3446
24.8156
25.6284
25.2273
25.7599
25.3875
25.4477
23.5363
25.0809
25.7266
26.1155
25.2859
23.5196
27.9252
25.0118
25.0240
26.8004
25.4465
28.4353
27.7939
27.0274
24.8248
23.9849
23.0247
24.2478
22.9299
21.7531
23.1616
25.0826
22.3200
23.9991
24.4713
22.5094
24.5897
22.2306
25.4621
24.5053
23.9294
26.0280
25.4602
23.1712
27.0478
26.1773
25.9024
22.9787
24.7013
24.7124
24.0008
26.5741
23.9764
26.3968
24.6116
22.8911
24.2674
23.2099
24.4980
23.0849
24.4170
23.9052
21.9271
21.3657
22.9903
25.3859
26.5976
23.6478
24.6202
25.6958
24.8728
24.1982
22.9745
22.4425
23.5380
23.8364
25.1747
23.4461
24.8042
24.8313
26.9885
23.9466
27.5446
26.2801
25.7610
25.5684
27.7467
28.9470
28.4912
25.0954
25.4825
25.5702
27.4186
27.1889
25.5482
26.4388
26.2851
24.8294
24.4826
25.6276
24.0858
26.3781
24.9176
24.9218
25.5332
22.7600
24.9801
23.2245
24.8669
22.4287
23.8968
23.3914
23.8323
22.8322
23.9397
21.7640
25.2391
23.8087
23.8335
26.4848
23.7449
24.0024
23.8993
22.8761
23.2656
23.3381
23.0593
21.5465
21.0842
20.5039
20.4979
20.3147
22.7847
23.9226
21.9881
21.6880
21.6139
21.9726
22.1513
22.2006
23.7112
23.6060
23.2185
22.4433
22.1233
23.0823
22.2291
22.7948
23.2522
22.6239
23.5822
23.1836
23.3088
24.5084
24.0061
25.6838
25.4507
22.2727
22.7365
23.7160
22.0864
24.8357
26.7198
24.9275
23.9026
25.0697
24.7716
27.5338
23.3633
24.5243
25.3571
25.3088
24.2615
22.3472
23.6363
23.2586
23.9695
23.9597
23.2547
23.7634
23.4154
23.6825
22.2368
24.6531
23.2879
25.9296
24.4854
25.5325
25.0532
26.4543
23.9906
24.9665
24.9988
23.5017
24.6260
26.3240
25.2137
25.8281
28.5199
25.8052
25.2850
22.6747
24.4703
24.9061
24.5245
24.1870
25.2884
22.6855
23.9561
22.5789
21.6574
21.4550
23.4553
23.6067
23.9718
23.3656
23.0879
21.7475
21.9288
22.3596
23.6030
22.7887
22.6224
23.5378
23.9223
22.6909
23.2781
22.4471
24.7777
24.5246
23.5654
24.2485
24.9660
22.4433
21.9812
22.5041
23.3084
22.4161
22.1793
23.0524
23.9589
24.6692
24.2814
21.8179
24.0805
24.1430
24.2296
24.0260
24.3951
25.4637
22.1213
23.0967
22.6437
25.0225
24.9408
24.7522
25.3770
22.5980
23.4456
24.2576
22.7506
24.3731
22.0467
23.5895
22.9365
24.6438
25.3817
23.9499
24.0488
25.1524
24.9464
23.7859
25.2975
25.2197
25.7179
24.9741
24.5321
24.1653
24.9447
24.8230
24.7321
23.6178
23.6686
25.0740
24.5944
22.3997
24.0358
24.2325
23.1901
23.1814
22.3377
24.1124
23.4403
23.2298
24.0854
25.3039
24.6160
24.0815
23.4423
24.6146
24.3921
23.1368
20.9643
22.9605
24.5472
22.7331
23.3261
23.5812
25.0554
23.3949
22.7929
23.9677
24.3840
23.1266
22.9501
22.6141
22.9502
22.9736
22.4996
24.2615
23.7795
23.2517
23.7466
23.9682
23.4951
22.3126
24.5563
23.1545
23.9759
22.0774
23.4947
22.3740
23.4599
23.3899
22.5873
24.5038
23.6728
25.3786
23.3464
25.5982
21.4715
21.3095
22.6379
23.8243
24.3447
22.8584
22.9863
21.0640
21.0186
24.1149
22.7801
25.3626
23.5968
24.2301
24.0479
22.6930
24.7771
26.2808
22.7883
22.5925
21.6089
21.5286
22.7243
22.8358
23.8626
24.4301
25.4553
24.9797
25.7308
23.4978
24.3874
24.6384
23.6751
23.4261
24.7829
24.4440
24.4271
24.4313
23.3627
24.8150
24.3251
25.1057
24.9982
24.1034
26.0211
25.6189
24.2190
26.6904
25.9718
23.4437
24.3711
24.1031
24.5689
23.1928
22.8636
22.8325
24.5388
22.7477
25.1810
25.0093
25.5280
25.9699
24.5230
23.8188
22.1348
22.5319
23.6066
24.2203
22.6105
23.3095
23.4757
23.3637
22.6487
24.8491
23.3879
23.5874
23.9171
22.9574
23.0522
25.8781
22.5376
21.7746
24.1834
24.2445
25.1725
24.8695
23.3431
24.6457
24.6121
25.0659
24.5466
23.3261
23.3456
23.9353
24.1859
21.9173
22.6727
22.8814
22.4285
23.2280
23.9638
22.4365
24.5974
23.9666
21.4143
23.6529
22.2746
22.5797
22.3325
23.5311
25.3196
24.4567
22.8693
24.2158
22.8760
25.1060
26.6445
24.1952
23.9157
25.1171
25.7937
26.1755
24.6083
24.6140
25.2838
25.2636
25.3768
24.1619
23.1421
23.4164
24.9513
23.9442
27.8093
24.8275
24.4927
23.7625
23.9317
24.4272
25.5214
24.7780
25.1627
24.6018
23.3034
22.6483
24.2864
23.6448
24.2946
23.8653
22.3883
23.0749
24.2507
23.9094
23.2034
23.2009
22.9378
23.3226
23.2843
25.0456
25.3444
24.6941
23.0570
22.9919
23.7777
25.5214
22.3823
21.9085
23.4084
22.0383
21.8697
23.7652
22.9466
25.6077
23.3869
23.8837
23.7713
24.5750
23.5292
25.2850
25.5193
24.5908
25.2366
24.1810
22.8952
24.2205
22.7097
21.5112
22.6728
23.1261
24.0555
23.4734
24.0112
24.8243
24.0899
24.9065
25.3557
24.1459
24.4887
24.9508
23.9400
22.5863
23.2559
24.3126
23.7141
23.7802
24.4166
24.1159
23.4892
24.5118
23.4208
22.9327
24.6447
24.5903
21.9371
23.5366
22.5498
23.6956
23.1435
23.0897
24.6118
22.7870
24.4179
21.5716
23.8904
25.1511
23.4163
24.3581
24.2562
23.6126
22.7558
23.2748
25.5084
24.5210
24.9692
23.9408
22.6057
22.8812
23.3228
24.1247
23.3407
25.1477
24.5718
23.5345
24.6227
25.1328
22.7784
22.2055
23.3081
23.7816
25.0456
24.9506
24.7282
22.6899
22.1882
21.8498
25.2859
23.5138
23.2718
23.0679
26.5476
22.4412
21.3650
21.8852
22.2205
21.9233
22.8853
24.8168
21.6096
21.6027
21.9497
21.5868
22.5353
23.0082
22.6239
23.1322
24.0265
24.5435
23.4872
22.4269
22.2536
23.0074
24.5416
22.9501
22.3876
23.3997
23.9897
25.0912
23.9079
24.6072
23.1391
26.6097
25.6086
24.0218
23.8201
25.4026
27.4929
26.4148
27.9086
26.0754
25.6960
25.1955
26.0510
26.3592
26.5973
27.7943
26.6032
27.0091
26.3703
27.9468
27.0347
28.3447
26.7292
25.0300
24.8627
26.3746
25.2300
25.6114
26.4925
27.4248
27.1073
26.4993
25.6745
25.0979
24.6707
25.6571
25.2479
28.0370
26.0145
23.4616
24.4981
23.3699
22.9253
24.5945
25.8088
27.4142
26.7883
25.4235
27.6797
27.0643
24.4930
22.7025
22.6951
22.9865
24.1320
22.4881
23.5292
24.0507
25.0473
23.7180
23.2382
23.9800
24.1070
23.0466
23.7374
24.4678
25.2774
23.7550
22.9910
22.9204
24.7212
22.2022
24.6358
24.7235
24.7583
25.6680
25.6705
24.2558
27.0496
27.7108
23.6830
24.9107
23.3689
24.1105
23.6978
23.1803
24.1584
23.2494
22.2256
23.3214
22.9035
22.4759
23.7046
23.6825
25.8746
23.6583
24.7034
23.7761
23.5531
23.0482
22.7475
23.4421
23.9318
23.5985
24.8807
24.6710
22.7233
23.1476
22.7357
22.9635
24.4817
24.6921
23.5930
23.7589
23.6869
23.0979
23.5530
22.7548
23.1845
23.2972
23.1967
22.9119
23.7690
21.7200
23.0511
23.6166
24.0992
25.0226
25.7786
26.6549
23.4851
22.7972
24.3354
23.4748
23.9393
23.3426
24.6060
24.3798
23.9571
25.1069
24.3278
22.7672
23.0175
23.3598
23.7481
23.4147
24.1240
24.8050
24.2275
23.5519
23.1649
24.8394
22.8118
22.9719
23.9964
25.5450
24.7754
23.4081
25.5431
24.8920
25.2381
25.5019
26.9386
27.4596
27.5514
25.4621
27.3299
27.4215
27.7963
26.6632
28.4325
26.1581
27.5985
26.1062
26.8099
26.1731
26.9358
26.3631
25.8167
26.3478
27.7011
26.7946
28.0421
26.9778
25.2991
24.2260
24.7438
24.4458
27.2492
25.9664
25.5243
26.9722
26.0956
23.8515
25.8145
26.8933
26.3025
25.8552
25.0041
25.5115
25.4556
25.3070
25.2063
27.9336
26.1142
26.9937
25.3021
24.9717
25.1778
24.9488
24.1561
26.3085
26.0417
26.8599
27.8422
28.8719
28.2772
27.7044
27.8240
26.0234
24.3380
24.4331
24.7353
24.1711
24.2243
25.7176
26.2287
27.5505
26.7449
25.3150
24.3974
26.6340
24.5805
26.7922
25.6662
26.4058
26.5187
24.4445
23.2811
25.0348
23.9494
24.6357
27.3835
25.8564
24.6014
25.8057
25.7761
26.7384
25.6665
27.8737
23.7504
25.0420
25.6411
25.2075
23.8635
25.0193
24.7510
27.0802
27.3082
27.5417
26.0064
25.4520
24.9183
25.8994
26.1209
26.5451
25.1514
26.2936
25.7924
25.2104
22.9606
23.2585
24.4033
25.1501
23.8666
24.5016
24.0644
23.5843
25.7502
23.5633
23.5726
23.7600
24.1350
23.3294
23.9480
22.4493
23.1026
24.7112
23.1684
24.7293
24.2267
24.2497
25.9082
24.4457
22.4504
23.8891
23.2555
25.0165
21.8338
23.4157
22.5488
23.3640
22.6833
22.7051
22.2263
23.4711
23.4291
27.9151
25.4958
26.0191
24.9111
23.0026
24.2143
24.2670
23.7491
22.9961
22.9769
22.2722
23.8776
23.0584
23.5875
24.5889
23.6461
23.5926
22.1910
21.0202
25.0976
23.6834
23.7299
24.4216
23.4434
23.6931
23.4309
23.5629
27.2410
26.8593
27.8671
27.0877
26.6686
24.3299
25.8362
27.0608
23.6303
23.9113
25.2843
25.8810
25.0617
23.0053
23.8690
24.5831
26.5239
25.4474
26.0191
24.8108
25.2008
24.7439
27.0315
23.9010
25.2477
25.6458
24.8663
23.8502
24.7233
23.8186
25.3491
23.9072
24.9020
23.7581
23.2422
24.2735
23.7945
23.2208
23.4565
22.9954
22.3047
23.2562
24.8198
25.5194
23.6483
24.0353
23.8597
24.0975
23.2799
25.9130
24.1964
25.1136
23.6415
22.5150
24.1183
24.9474
24.0653
24.7667
23.2191
22.8777
22.9953
22.7453
22.0929
22.5810
23.3704
22.9044
24.0664
23.8410
23.6580
23.8979
24.0701
23.9099
23.0290
22.4223
23.1917
23.4407
22.8419
25.9809
24.7721
25.2364
25.7503
23.4872
24.9443
24.5938
25.6240
25.1346
24.7833
26.4043
24.3638
25.2788
25.6085
23.7718
26.1973
24.6850
24.2779
24.7667
24.2958
23.3853
25.8372
24.6215
24.3039
26.1471
23.8108
25.2929
26.4200
25.6219
26.4380
27.7138
26.4261
26.8934
25.1476
27.0776
26.0799
25.4017
23.8189
23.1684
21.6198
22.6354
23.2039
25.0996
26.7740
26.1944
25.4152
27.3371
25.6078
23.5199
25.4325
23.9133
24.1778
25.6176
24.6964
24.5467
25.2343
23.9215
24.3107
24.3221
24.2237
26.0200
25.6854
25.3497
25.4546
25.8639
26.1306
24.6601
25.9548
25.4928
24.7922
25.2983
25.4223
24.5259
25.5520
24.5720
25.0191
26.6543
26.0334
25.3043
25.0608
24.1974
22.5772
22.9775
24.4065
24.4684
25.6644
24.1659
24.0126
24.4443
24.5468
22.5770
24.1809
23.2026
22.5794
25.3627
22.7165
22.8294
24.7731
24.9558
26.5207
25.6552
23.3080
23.7728
24.4415
24.2250
23.2854
24.5406
23.0780
22.4269
21.4858
23.3820
22.0585
22.2627
21.8331
22.7315
23.9640
22.7452
23.4055
23.2427
24.0025
24.9486
22.6878
22.6316
22.0118
22.8490
22.9732
22.3033
21.7495
23.8297
22.3105
22.5626
23.4409
24.5651
24.4867
23.2176
22.1052
22.5354
23.3813
23.3285
23.1747
23.6700
24.5479
23.7625
24.0625
22.3125
22.3526
22.9808
22.9022
23.0561
23.0942
24.5017
23.4665
22.3778
23.0509
22.8441
22.5343
22.1690
22.8858
23.5204
23.5905
22.8590
23.0621
22.6025
24.3775
23.1247
23.8387
23.9456
22.2366
23.6572
22.3251
24.1920
25.8038
25.1261
23.8714
24.4079
23.3255
23.8618
24.6963
24.7444
22.1456
22.8195
24.3832
24.6369
22.8487
24.5954
22.3067
22.7514
22.5262
21.2894
22.0842
23.7439
21.0018
24.5026
23.5886
24.4471
24.6983
23.9096
26.8963
24.2260
21.8392
23.7919
23.4976
23.1533
22.8934
22.9029
23.2388
25.2528
23.9252
23.9640
22.1504
23.5302
24.3847
23.0574
22.3716
21.1551
23.1555
23.8054
22.6042
22.3355
22.0370
22.5980
21.3059
22.1142
22.3679
23.7810
24.0594
21.7254
23.6393
21.5952
23.7121
23.3272
22.6543
22.1855
22.6605
21.6080
23.5833
22.3137
22.2116
22.1615
24.3199
22.0712
23.7423
24.4576
23.5075
23.2442
23.6764
24.0641
23.5424
22.9577
23.4747
23.7435
23.3302
23.4228
23.5504
24.0191
25.1961
25.8286
25.4320
24.7999
23.7723
23.6387
23.6212
22.6498
22.9902
23.5973
23.2316
22.8533
23.5297
23.9933
24.4972
23.1578
23.1587
23.8809
21.2498
22.8817
21.9512
23.5210
22.0144
23.3214
24.1194
26.4271
23.0662
23.6336
22.5622
24.2943
26.7562
24.3617
23.5035
24.8238
24.1113
24.1688
23.4628
23.7568
24.3046
24.7588
23.6386
22.3150
22.2497
22.6168
26.1509
24.6925
24.9780
23.9983
25.3703
24.4321
25.3267
25.6489
23.6464
24.0699
23.0903
23.4694
24.6555
25.1516
24.8230
24.7204
26.9621
25.9384
25.6122
26.8498
25.9590
23.9660
25.7085
25.0144
25.4458
25.3866
24.6986
24.8916
25.4405
24.1268
24.9323
22.4895
24.8305
25.2361
23.9072
23.5910
24.0725
23.2482
22.8480
24.0777
22.4989
24.2317
22.3774
22.6332
23.0402
23.2950
22.2391
22.9342
22.3666
22.0274
22.8524
20.8875
21.5394
20.4431
21.9608
24.3189
22.7518
23.4273
23.8026
23.8430
24.9176
24.3770
23.4167
22.7201
24.7945
24.5984
24.6874
26.0347
23.7482
24.6163
23.1286
23.5025
24.4191
23.1825
24.1323
24.9739
26.5451
24.8425
26.3195
23.0118
24.0983
26.2626
25.0699
23.6608
23.3678
22.5123
21.5728
25.3567
24.2173
23.9356
23.4205
22.9949
23.0107
24.5329
25.8303
24.3577
28.0910
25.4611
25.3196
23.7960
23.5195
24.3677
24.3588
26.3605
26.5234
25.7715
25.0166
25.6095
24.9202
25.7193
24.0246
24.0665
23.4566
23.1853
23.4520
25.3501
23.1538
24.6107
23.2366
25.1754
25.8036
25.7812
25.7983
27.8536
26.7165
23.8515
23.1342
23.9351
24.7076
23.6768
23.6324
23.8087
23.7957
23.3725
21.8946
21.3994
23.0021
23.1784
24.9687
25.1325
24.3336
23.6380
23.2076
24.9991
23.3082
23.7207
23.4444
22.7577
23.6314
24.7216
22.6932
22.3301
22.4964
22.5724
23.5858
23.9197
23.9971
25.6820
24.5388
24.6986
25.7649
24.4742
23.7295
23.8622
23.6106
23.4084
23.9372
23.9680
24.1393
25.1179
23.2215
23.8009
22.7850
22.8814
24.6667
23.1403
25.4953
23.8026
23.5301
25.5447
24.1321
21.4793
24.3703
23.2924
22.8157
23.7871
23.2660
24.5156
23.0592
22.9465
24.8261
24.8962
24.6120
24.6905
24.7481
23.5155
23.5761
25.4703
24.2482
22.5105
23.8498
22.9782
24.0046
24.8658
25.2591
22.8034
23.7548
23.8454
23.3077
22.2195
22.1471
24.0827
22.8669
22.8089
23.2582
23.0113
23.4258
23.3813
23.0999
22.2132
21.6394
21.6513
21.2956
21.1546
22.4915
23.5687
24.5256
24.0737
22.6696
24.5941
21.5592
21.8369
22.7252
23.1413
22.6916
22.8354
22.9707
21.8499
22.3117
21.6832
22.7424
23.2540
23.4274
23.6414
23.9409
23.9036
23.6411
22.2661
22.3153
22.0022
22.7483
23.8691
23.3870
23.7150
23.4545
20.8078
21.3807
22.6047
21.8800
24.2566
22.9647
23.4101
22.8149
24.6578
22.7465
23.0876
22.7622
23.4186
22.5775
22.7182
24.2607
24.2553
23.0012
22.0097
24.7289
25.6244
24.0838
25.0959
24.3447
22.7752
22.3025
20.9637
22.3248
22.3010
23.6608
22.5962
24.0091
23.0012
22.1119
23.2421
22.4435
22.1531
23.4269
22.0463
23.6340
23.2588
22.2688
23.3574
23.4889
23.1286
23.1343
24.3913
23.4159
24.0075
24.3118
24.1868
25.6706
24.3343
24.2482
23.2960
24.0161
25.9590
24.1054
24.6471
23.9312
23.4217
22.3432
24.0767
23.9361
25.1608
24.0059
24.6174
24.6948
24.1758
22.2218
22.4711
22.3386
20.7585
23.4393
21.8538
22.7267
22.3139
21.8534
22.3443
24.6050
24.2172
23.6211
24.7348
23.0771
23.9627
25.0498
24.1018
23.1003
22.8956
23.2202
24.9643
23.0220
24.5240
25.1851
23.4462
24.7058
23.7241
23.1576
23.2527
24.6656
25.1922
25.4599
23.2557
26.5382
26.6801
26.7224
26.3883
24.5094
25.8120
26.3284
25.4077
27.7329
28.3853
23.1657
25.4753
25.4845
24.4809
25.5324
24.8176
23.7362
26.1899
25.7327
26.6159
26.5811
24.7592
26.7813
25.6539
25.5283
26.8894
27.4668
26.6585
28.2398
27.4785
25.5287
24.1826
25.2984
23.9408
23.8448
23.9819
24.3756
23.8822
24.2300
24.8403
25.9259
24.3114
23.9974
25.2433
26.0004
26.1505
25.1962
27.4497
24.6558
25.5602
26.3248
26.5580
25.0287
25.4232
25.6118
26.7653
25.5245
26.0918
24.8387
25.7612
27.5786
26.9668
26.8716
25.1569
25.4912
25.4210
24.2542
23.1547
23.2290
21.7800
22.2138
22.7205
22.8182
24.2831
22.4944
23.7873
23.2729
23.9877
23.4724
21.6450
22.4976
21.7789
23.8986
23.4451
22.6561
23.9155
23.4892
23.7469
22.3400
23.4976
23.2531
21.0455
22.6573
23.6972
22.5486
24.6609
25.5256
24.3537
24.6876
24.0124
25.0788
22.9393
21.8595
22.0151
22.5655
24.5860
24.6117
23.2007
23.9922
23.7876
23.4983
22.1026
22.5597
21.8144
21.6515
23.3356
24.3880
23.6723
23.1642
22.6332
22.5972
22.7325
23.6927
23.3648
24.7465
27.1142
25.0486
26.3186
25.7121
25.4146
24.2955
26.1133
24.6989
23.4457
24.5893
24.6067
24.8169
24.4889
24.1624
24.1629
24.0301
23.3412
23.4566
24.5994
26.0367
24.3236
23.5413
23.0549
21.3110
22.8322
23.1237
22.6937
23.5169
24.5762
24.6342
25.6314
25.3484
25.6765
28.1143
26.6055
25.9441
24.1158
24.8505
24.3657
25.6900
26.7672
23.8863
26.7227
25.5955
27.9717
25.4476
25.5991
25.2660
25.5215
25.0169
25.0410
24.6963
25.0468
25.4923
26.4913
26.7610
24.1467
24.2503
22.9760
25.4556
25.8882
23.8371
25.9895
25.3746
23.8329
24.3291
25.9840
24.1284
24.0883
23.1964
24.8511
23.0519
24.2093
25.0224
25.0299
22.7320
24.5743
24.6446
22.0258
22.7310
24.1983
26.1312
23.2250
24.8615
25.3633
26.0409
26.8837
27.9108
24.9014
25.6839
26.3428
24.6546
26.2572
26.5403
27.0174
26.8139
25.3344
25.6837
25.4915
25.6548
24.1822
26.0407
24.6177
25.5945
25.4686
25.7875
26.5284
25.1120
26.0155
25.3190
24.8558
25.3088
23.6771
26.4984
25.0722
26.7058
24.0113
24.9418
26.2850
25.3445
26.1718
25.4605
26.9091
27.1404
25.1838
27.5027
24.4004
23.6240
23.1264
21.2069
22.1357
21.6627
22.2319
24.1750
23.8661
22.7402
24.7901
22.3854
20.9590
22.8327
25.1297
23.8686
23.9529
24.1964
24.4932
22.7066
23.6424
24.0045
23.8701
26.0201
25.1282
25.1041
24.7934
23.0178
25.0721
25.2037
24.1581
25.1943
24.2672
23.8034
24.7012
26.9912
26.3188
28.1172
26.2317
26.1839
24.5636
26.4335
26.1399
24.1077
23.4809
24.2924
25.0235
24.4447
25.9971
25.9416
27.7681
27.5688
25.2329
25.7870
22.9846
25.2843
24.0823
24.2073
26.9835
25.7226
24.0129
23.4678
22.5256
24.4428
22.9746
23.3342
23.4776
22.2073
24.3378
25.1420
23.5610
24.2008
23.8812
25.2753
24.8943
23.2563
23.1119
24.0604
22.1190
22.5848
23.8196
24.9246
24.7796
25.5343
23.7985
24.2886
24.5511
23.8258
21.7977
22.8499
21.2301
23.7947
23.1829
21.3748
23.6687
25.7807
23.7044
26.0456
22.9007
23.6858
23.0803
22.8147
24.3667
23.5935
23.6999
24.0249
22.9649
21.8457
23.5546
23.1699
22.6831
24.0235
21.2988
24.1678
26.3703
24.1379
25.5494
25.3759
25.5143
27.8577
26.6855
27.4789
25.0281
24.4018
22.1604
22.6475
24.0337
22.8184
23.5577
23.4325
23.9270
24.7434
24.7534
25.6200
24.9055
25.2733
25.0290
24.6724
23.7251
23.6864
24.4134
24.9094
22.8791
24.4727
22.6181
26.0286
24.0549
24.2035
23.9956
22.4114
22.7436
23.1601
23.4138
24.1383
22.8331
22.1477
23.7550
22.5113
23.2341
24.0655
24.7026
23.7730
23.4230
25.8389
26.7315
25.6529
24.0238
25.4812
24.2745
26.1632
25.6931
25.7533
23.3237
24.0710
23.6526
23.4974
26.3836
23.5772
24.6510
24.4541
25.8220
25.2821
26.5859
24.9071
25.7435
25.3311
23.4032
23.4035
25.4686
26.7190
24.5855
23.3768
24.2727
22.7683
23.9898
23.1293
23.5878
23.1160
25.1344
23.6467
24.6106
23.9272
23.9513
25.7650
24.3568
23.2534
23.0155
22.0657
22.9146
22.6442
23.6054
24.2454
24.9995
25.6768
25.3939
26.3838
26.1486
24.4337
24.0313
24.9271
22.9265
22.6381
25.5521
25.7297
24.9117
23.7369
25.6023
22.9084
22.9258
22.7236
25.2762
24.2637
27.0876
26.4933
23.6064
25.2448
24.3781
24.5894
24.2360
23.6757
23.6782
25.3734
26.0709
25.5220
26.2355
26.5485
26.9826
26.1556
27.2883
25.6973
25.7949
23.6748
25.9494
24.7286
26.3959
25.7319
23.9141
25.4248
25.3537
26.8180
28.0246
28.2454
25.8354
27.1920
27.3092
26.7585
27.1988
26.3746
25.4657
24.7089
25.1339
25.6463
26.0034
24.9215
25.3753
26.0234
24.5855
25.4139
23.7428
23.0354
24.1713
24.5315
25.0113
23.3363
26.2706
25.9846
25.1223
25.6846
25.5530
24.5033
24.1621
25.3983
26.9437
24.2871
26.5163
23.3991
25.3856
26.6893
25.3377
26.7111
24.2762
25.4954
28.7966
27.5913
24.5486
26.9383
24.8865
25.1386
25.9246
25.6434
26.3288
26.9406
26.2568
24.5419
25.1154
25.5349
24.7512
23.0010
24.4911
24.7050
26.0304
24.3469
24.8311
25.6141
24.6363
23.8089
26.9020
25.4298
25.3051
25.4802
23.0371
24.1552
24.2398
25.0629
26.4038
25.6990
25.2105
26.4770
27.4885
25.5099
23.9920
25.0450
23.0892
24.8204
25.3834
25.4296
23.8693
22.8183
23.3090
23.4893
22.3612
23.0826
23.5558
24.6406
23.8884
24.2133
23.8936
23.9851
23.5681
24.3703
23.4440
22.6329
23.5402
24.4335
24.5943
24.8442
24.6719
22.1360
22.6910
25.3325
24.2376
23.3225
21.9086
22.6968
23.4420
23.9665
24.6617
24.6309
24.1078
24.8032
25.8127
24.4025
25.9402
24.9100
26.4720
25.2798
23.8833
24.2293
24.2796
24.0874
23.8889
23.2553
23.1102
22.2845
24.1260
25.0674
23.5701
24.1471
24.1351
24.6303
26.7259
25.2838
24.1188
24.3484
25.0320
24.0585
24.1137
22.3449
25.2488
24.4219
25.9837
23.8068
22.7478
24.3176
25.1199
23.7167
25.7480
22.1357
21.6022
21.8641
23.7702
26.0572
22.9381
23.7040
23.1002
24.5389
26.4525
24.9704
23.4763
24.3327
23.9132
23.9174
24.9289
25.5295
25.2899
25.1590
24.0412
22.8732
21.8573
23.4288
22.5109
23.9563
24.2238
21.7931
23.5803
25.1950
25.6300
25.2905
24.5260
24.0201
23.8826
21.4939
22.9023
24.9831
24.0065
23.7029
23.7031
23.3225
23.8022
24.9916
23.6448
25.9398
23.7983
23.9616
25.2725
26.8401
24.8465
26.5252
25.5472
25.0024
23.9826
23.2468
22.0822
26.5640
24.6418
26.0360
25.5337
25.6899
24.1430
25.6294
26.7620
26.0170
24.3423
25.2689
25.6097
24.3647
25.4788
25.1914
26.6854
28.9906
26.6046
25.3485
24.9188
25.6298
25.8976
27.6895
27.2309
27.3945
26.1883
26.4991
26.2444
25.1552
24.2400
24.3728
26.5392
25.2286
25.3669
24.8540
25.4349
25.4563
25.9749
24.6939
25.6322
25.0958
27.5092
28.0250
27.8927
25.6881
26.5110
24.1935
25.3327
25.3569
27.1561
25.2857
24.5703
27.4069
27.0956
24.8679
24.2794
26.4350
23.6194
24.9188
24.2498
24.7646
24.1811
25.1500
24.8010
27.3818
25.2580
24.3326
24.2156
24.7411
26.7286
26.4923
25.0124
26.7882
24.3780
25.8319
25.1376
25.1307
25.2020
26.8929
26.4090
24.4332
23.7570
22.5642
25.3202
26.3037
24.9286
23.9747
24.0803
24.7805
25.5312
24.2765
24.2572
25.4063
25.5692
24.8422
24.7220
24.0426
23.4115
23.8115
24.7707
26.1797
25.4823
25.1223
26.1418
24.3099
25.0753
24.4893
26.0851
26.3239
26.6877
27.1936
25.6749
25.5086
25.1699
26.6117
25.3268
24.8219
24.5109
26.0114
24.9141
24.5096
25.1131
27.1609
28.9852
25.6601
26.6154
26.2222
26.2120
25.8986
23.8261
24.5453
26.0514
23.9055
25.2219
26.7109
25.5735
23.4320
24.3958
23.5244
24.5359
24.2954
25.2814
25.8045
26.6704
27.6532
29.2095
25.0143
24.9688
25.9698
23.9535
22.6173
24.6779
24.9714
25.1788
23.9968
24.5738
26.7466
26.6736
25.6460
25.3605
25.6837
26.3900
26.3836
24.8426
24.1085
25.0212
25.1196
24.7678
26.0535
24.3971
24.5251
25.4379
25.8196
25.7328
25.2264
24.9182
25.6426
23.4727
24.9277
26.9720
27.1464
27.3576
27.0198
28.6217
27.5158
27.1693
26.2321
26.8630
23.4291
23.6861
25.7885
25.6599
24.5774
25.9218
26.4343
23.6440
23.6873
24.2497
24.4894
26.4198
25.5270
24.5552
24.8755
26.3453
25.9393
29.1979
30.0361
27.9634
26.2751
26.0263
25.6232
26.1312
24.6320
26.2265
24.5706
26.0792
26.7997
26.3629
26.8022
27.5159
26.1582
25.9562
26.6930
24.7407
25.5439
26.8474
28.2246
27.8261
26.6296
26.2074
26.5151
24.9089
26.8407
26.1973
25.7502
23.7379
22.2520
24.6814
23.8740
23.7502
24.6961
27.1508
27.1300
25.9339
24.7434
25.9105
25.0490
25.9029
27.7334
25.7755
23.4629
24.8482
24.6430
26.5925
26.6936
24.8168
28.0394
27.0124
27.2686
25.8597
28.2864
25.7208
26.8368
25.2975
26.0504
24.4087
24.6702
26.0868
26.8668
29.0794
28.3678
25.8800
28.0333
28.2163
26.5222
27.4976
26.9436
27.6235
28.0477
26.2615
27.6115
28.1120
26.9157
27.7109
27.2413
28.8086
27.1653
27.8237
25.9797
25.2360
25.6653
25.8143
23.4198
24.1904
23.5807
22.5063
23.4510
26.0774
25.9188
25.4620
24.3153
24.6744
26.7403
27.7617
28.3282
24.7555
28.0495
28.5427
27.8026
28.4424
26.4766
27.7017
27.6462
25.7124
26.1615
25.9941
26.3926
27.6917
27.5493
25.3846
25.8612
29.7925
27.7441
28.8324
26.9669
27.7067
27.2790
26.7025
25.8417
27.2618
26.6992
26.6413
25.6059
24.8849
26.6478
24.6225
23.6884
26.6641
28.9274
28.0142
27.5505
28.9301
27.7384
26.3470
26.5956
25.3137
27.3724
29.2898
27.5947
25.6942
23.9006
25.1289
25.5266
26.4583
26.0928
27.7130
25.1459
27.8933
27.7387
27.9123
25.6083
29.2728
25.5428
27.1455
25.0367
28.4460
28.2972
30.4555
27.3743
28.1028
26.9648
24.5329
25.4179
23.7027
26.1352
25.5551
24.7216
24.0950
24.2137
24.5292
26.1470
24.3513
22.5927
25.3049
23.6292
26.8652
26.4296
27.6155
27.4814
26.8054
29.9185
26.4568
25.8839
26.2079
27.3062
30.7147
30.0855
25.8687
26.4310
28.3643
28.7257
29.5419
26.4054
30.3296
25.9753
25.5019
27.3761
26.8006
28.5389
25.6233
26.6530
27.3818
25.7546
25.9237
25.4314
25.5839
24.9183
25.2743
25.6365
27.3071
26.6047
26.1743
27.0966
27.0251
25.4172
25.2588
26.2443
25.1963
26.7874
27.9791
24.7859
25.8144
25.0781
25.7830
24.4648
27.5443
24.2465
23.7530
24.0253
24.3140
22.4903
23.6554
24.3563
25.1710
25.4786
25.4819
24.2608
24.4939
26.2993
26.9448
27.3997
25.0068
24.4097
26.9710
24.1897
27.2730
24.2860
25.6949
24.2024
23.8648
24.9145
25.2552
24.4942
25.1520
25.3817
23.3548
23.4385
26.9946
25.4573
25.4298
27.0570
25.7806
24.3801
23.7604
23.8015
27.6618
25.6920
27.0122
27.0126
24.0980
25.8344
27.2384
26.9421
25.5521
26.7317
26.0382
25.2826
22.9500
25.5679
26.0343
26.6717
25.7199
27.8787
26.9808
24.0060
27.1841
25.5337
27.7825
25.7224
23.8272
23.4755
22.9362
21.8811
22.4315
23.6761
23.3688
23.5350
24.7930
25.2241
24.0621
24.0077
24.2585
22.3079
24.2001
24.9750
24.7598
24.7246
23.1934
25.2019
26.4162
25.6527
26.2626
25.3582
24.8594
24.9288
26.5399
26.9349
25.2610
25.8195
26.7456
27.1002
26.0342
24.2472
28.0277
27.3022
28.1261
27.1382
27.2811
25.4606
25.2281
25.2457
26.7482
24.3889
24.9235
27.4307
25.4359
27.1182
25.5728
25.3100
26.3786
25.5847
25.9175
26.6986
26.4699
25.3546
26.7045
25.7226
25.9128
24.3480
24.8356
26.4614
26.2853
28.1658
27.9893
26.0375
27.4502
26.0579
26.8136
27.2858
28.5983
27.4636
25.1475
25.9280
26.0120
25.9229
26.0208
26.3646
25.5276
24.2766
24.7337
25.2072
24.4950
25.5149
25.1581
24.4723
25.8919
26.2099
25.4895
26.5401
27.1997
23.9931
26.4514
24.3648
24.6304
24.7792
24.9795
25.9661
24.3490
25.3826
22.8353
24.3584
22.9210
22.5433
23.5099
25.2718
24.8490
25.3722
25.2585
27.3253
27.5880
27.6185
27.6965
26.4733
23.2362
25.1193
26.4884
26.6615
26.9570
25.8083
27.2142
25.9851
24.1962
24.6784
24.8364
25.5716
25.7129
26.4446
25.4198
25.4384
25.1309
26.8289
27.6221
26.1322
27.3815
28.3182
26.3440
25.6481
26.5111
24.7877
24.2604
27.2407
28.7493
26.9031
25.7385
23.3879
23.6544
23.6216
25.9501
26.6620
25.3646
24.4471
25.8968
26.1898
24.9844
25.8475
25.3762
25.1800
23.9690
23.9914
23.9704
25.7464
24.8969
25.5489
25.3387
26.8518
28.4526
24.6900
25.5806
25.7686
24.7774
25.2741
25.4290
26.3955
25.4764
25.9578
24.7769
25.6650
26.9713
25.1969
23.2163
25.2463
25.0757
24.1278
25.2680
24.6905
24.5327
25.3805
25.0555
26.5710
24.3647
24.2455
24.5892
23.8453
24.0220
24.3987
23.6438
24.2857
23.5508
24.9606
25.2621
24.3387
25.5593
26.4719
25.8958
24.2562
23.9370
25.8733
22.9524
23.5722
23.2169
24.8356
23.8460
23.9484
23.9708
23.2962
23.0491
24.7024
24.1273
24.5624
22.7254
22.5927
20.7606
24.2874
23.5600
22.3734
23.8676
23.1673
23.3501
23.7699
22.7055
25.3252
24.6873
23.7201
26.1809
25.7728
24.2825
23.8052
24.6321
23.9313
25.1480
23.8318
24.1698
22.3410
21.4628
22.3092
23.2653
24.8758
24.0755
24.3652
25.0865
25.9661
26.6712
26.1287
25.6392
23.7250
23.9083
25.6876
23.5109
22.9551
24.0930
22.7477
25.1507
24.5726
24.1125
22.2531
25.0492
22.9451
25.1420
24.9736
22.2088
23.8652
22.6005
24.2688
23.6584
25.5093
24.8073
23.4467
24.6095
27.1101
25.8415
27.9169
24.3306
24.6340
23.4973
25.2445
23.6825
23.4798
23.1088
24.1221
23.7496
23.6290
24.0440
24.6343
24.0863
23.5174
24.3717
23.4788
24.5684
24.9294
25.9797
25.6870
25.4367
26.3493
24.2992
23.1956
23.3795
23.0736
24.8093
23.5701
25.0841
26.0034
25.0240
28.3557
28.3726
25.4603
23.9564
24.4426
25.6676
26.5645
25.9878
25.4588
24.3537
25.3409
25.2332
25.5580
25.5820
24.9451
25.6865
26.2015
26.7850
25.4117
24.4901
24.3190
25.6250
26.6849
22.5897
24.5956
24.8000
25.5846
24.5768
25.1054
26.0443
25.1914
22.6476
21.4258
23.2827
22.4295
24.9472
23.5266
24.1602
22.7812
24.5248
24.2659
25.6228
25.6074
26.4453
23.5384
24.3666
23.8290
24.5690
24.0930
23.3968
21.6124
23.1599
23.3737
24.3722
23.8500
23.7336
23.6214
24.0977
24.3915
22.9273
25.1835
24.3622
25.0515
23.9774
24.5933
24.5876
25.9767
24.2623
22.4931
26.6365
24.4177
24.1622
25.2392
25.3708
23.7796
24.3120
24.6002
27.0273
23.9057
24.2083
24.4578
24.7793
25.3449
24.0221
23.1737
25.3260
23.0326
23.2897
24.9259
23.7848
24.0454
24.4723
24.1459
23.8942
24.1591
27.0698
25.7326
26.0859
25.5363
24.5467
24.0890
23.7988
24.0800
22.8986
20.8875
22.3323
22.1277
23.9914
24.0330
23.3822
25.2959
26.1772
25.8906
25.9688
25.2974
26.4111
25.7249
25.0719
24.5874
26.0489
22.2452
24.6772
23.7800
26.0912
25.6999
25.3100
25.0994
25.6199
27.3440
25.3602
22.3238
25.7140
26.5176
24.3143
23.4801
22.4132
25.5915
24.1546
25.4834
23.5280
24.6553
25.5655
24.4942
23.5595
23.8804
24.4722
23.7437
25.6595
24.7900
22.9246
22.8794
19.6413
21.8332
23.9776
23.9306
23.9998
24.4808
23.9144
24.8141
21.8039
24.1503
23.1443
24.0769
24.2486
22.3716
23.8612
24.9270
21.9126
22.8031
22.3820
23.5118
23.7860
24.4590
25.9484
25.7207
26.2787
25.8814
27.2883
26.3408
25.5905
24.0099
25.7790
24.3265
25.1563
26.5283
26.6074
26.3609
25.5120
25.3880
25.1693
24.1524
24.1740
24.6363
24.9973
25.0917
23.2943
23.6771
24.4068
26.4184
25.6460
24.4555
26.8424
24.6425
25.1792
23.6753
24.4593
23.6172
22.1291
23.6537
21.7314
22.3311
24.1988
23.1627
24.8249
23.6134
24.1991
26.9431
26.7856
23.5337
25.8721
24.8134
22.8409
26.6016
25.5024
24.5618
25.1307
27.2732
23.9487
25.1544
26.3275
23.8888
24.6338
24.1105
24.9014
24.0321
25.2527
26.9247
25.2774
24.6114
24.2576
24.7861
23.1839
26.0374
25.2087
25.1106
24.9216
23.4392
22.7751
25.2223
22.1476
23.9564
23.1367
23.5915
24.2870
24.0909
23.2342
23.4178
23.2548
24.2913
25.7474
23.5187
24.6389
26.2792
24.3536
24.4748
24.7021
25.3874
26.5856
26.1368
24.9519
24.3762
24.7838
23.7656
24.5993
22.8009
24.1011
23.0873
23.6741
23.1788
25.6540
24.4640
24.3441
25.0860
24.5993
25.3251
26.8907
27.8901
25.0724
25.1382
25.1972
22.8316
25.8245
24.5363
23.9106
25.3572
25.0137
23.7747
24.0206
22.6407
23.0649
22.9512
22.5479
22.1479
22.7011
24.0408
26.0385
23.9185
25.8446
25.3893
25.7764
24.8617
22.9816
25.8751
23.8297
24.5997
24.1004
25.0503
24.7430
23.3456
25.4744
23.1651
23.2918
24.4509
24.0895
23.5088
23.6458
24.8448
23.1674
24.0712
23.1261
23.3753
25.4435
25.4354
24.5515
24.1901
23.8613
26.5826
24.4743
24.0046
22.5967
25.2993
24.0113
23.4726
23.2580
24.1035
23.1580
24.4236
24.1631
24.0625
23.7798
23.3671
22.7935
23.9766
24.2447
23.8290
24.7778
23.6229
23.4494
23.1399
23.0610
24.1273
24.3100
24.1150
24.9820
24.3845
24.9852
24.4389
23.7464
23.6894
22.4650
23.5609
22.0612
21.8810
21.8771
22.7186
24.2782
22.9798
23.5495
23.8135
25.2560
23.9582
24.3227
24.1248
25.3011
21.8321
23.0465
23.0779
23.2447
23.5965
23.4337
22.9621
24.2337
24.5809
23.7378
22.9676
24.0026
24.2985
24.0556
22.9502
23.0885
23.2590
22.5761
23.4096
23.2323
24.0336
23.5412
23.2718
23.3194
24.6785
24.0866
22.8412
22.0541
25.1303
24.2230
23.4808
21.9643
24.1225
22.3193
22.5569
24.2904
23.2662
22.6558
23.6688
24.0602
24.9530
23.1024
23.9150
24.5425
23.7946
24.2760
23.4599
23.2957
24.0210
23.0220
22.9328
22.9894
23.7921
23.1400
20.9553
22.5928
22.5182
25.5517
23.0222
23.0687
22.8471
24.3464
23.0807
24.9275
23.7217
23.5769
25.3838
24.9575
23.4678
22.5690
24.6847
22.7332
23.8210
21.7645
22.7789
25.4528
25.4644
24.4633
24.0416
25.2128
23.5989
22.1898
22.0563
22.5967
23.4711
23.7632
22.9086
23.0208
23.7081
22.2237
24.5216
22.1743
21.5586
22.3208
22.1932
24.2517
22.9282
23.5494
24.0706
24.3905
23.1209
22.5031
22.4111
22.9133
22.4706
22.5461
22.4839
23.6066
24.0880
22.3206
23.7025
24.0511
23.2925
22.9922
23.1627
24.0216
21.9333
22.2640
23.3939
24.0566
25.1735
23.5606
25.5702
23.0357
23.0886
24.4616
23.4273
26.6028
25.4799
24.6448
24.6059
26.4810
25.1971
25.2041
25.5496
25.1791
26.1742
25.0073
25.5547
24.7544
24.2770
24.2488
26.3360
25.0173
25.0233
24.5647
23.8192
26.2095
25.1706
25.0700
25.9440
26.0279
24.3984
24.2163
25.1817
26.8151
26.7661
25.0367
25.8557
24.1712
26.7882
26.4235
26.1976
24.9647
26.5892
24.9646
24.5837
24.0304
25.8398
25.7719
25.9747
25.8380
25.0865
26.1912
23.3072
24.9610
26.4775
25.4573
22.7245
24.0597
24.3173
24.0154
25.3105
24.4948
24.4325
24.9602
26.3230
23.6375
22.2144
23.3290
23.9000
22.4119
24.6596
24.2775
23.6527
23.3433
22.9210
25.1610
24.2229
24.9179
24.2749
22.3627
24.0226
23.3032
24.1094
25.2276
25.5289
22.6594
25.1235
24.8206
22.7153
22.2055
24.5482
22.1879
23.3712
23.5055
24.4702
21.8965
24.0767
23.8193
23.4323
22.7925
22.0981
24.7033
22.6134
26.4010
24.1927
22.0890
23.0548
23.5874
23.9110
22.8475
23.2803
24.4850
25.0375
24.3336
23.5714
21.7437
23.7051
23.8698
23.0055
25.2364
23.2980
23.9707
22.9429
22.4052
22.9630
23.4720
24.1851
24.0463
25.2088
24.7188
23.6914
23.6939
24.3636
25.1959
24.5772
24.9499
25.1343
24.2207
22.9205
24.8586
24.3869
22.7880
23.6333
22.3716
23.4737
23.5838
22.0913
22.3877
21.4552
21.8879
23.2007
22.0720
22.0071
21.7903
22.0374
23.1438
22.5465
21.1429
21.9250
23.1837
22.4912
25.9346
24.4112
22.6665
24.0861
23.1646
21.6024
23.5150
24.1953
23.9488
24.1006
23.4361
23.5774
27.4227
24.5158
24.7568
24.8467
24.4548
23.7994
23.2765
24.0904
24.0491
22.8345
23.3024
24.3639
23.8874
24.0860
23.4830
24.7629
23.1765
24.8913
23.9442
24.6770
24.4062
24.2782
25.0425
23.7815
22.6941
24.7257
24.0007
24.2805
24.6714
23.4200
22.2746
22.7824
23.0303
24.0388
23.6451
23.3128
24.5056
23.2590
23.6479
24.1227
23.9187
24.5706
23.9380
24.3567
25.8616
25.3168
24.4428
25.0737
22.9031
23.4304
24.6252
23.8139
22.1733
24.1719
25.3268
23.8710
23.3996
26.1703
24.0075
22.1789
22.4095
23.8624
23.3265
23.5260
24.4332
22.6691
22.3317
22.1180
21.9665
23.4413
23.3875
23.5021
22.9609
24.7327
21.9531
23.0767
23.3618
23.9276
23.3389
22.9628
24.2431
20.7314
23.2381
22.2492
22.8869
22.7953
22.2504
22.3251
22.3525
23.3613
24.1915
23.5177
22.7600
21.9624
23.6059
23.9343
22.3209
21.9444
22.1412
21.4860
23.2769
23.1923
22.8891
22.3137
23.4179
23.8353
22.5676
22.4961
23.8970
24.0172
24.2965
24.3193
23.5231
22.2515
22.8069
24.1793
25.6052
25.0351
25.8727
21.6287
23.7767
23.0510
20.4794
22.3049
24.5507
24.6583
24.4519
22.8478
22.6083
22.3013
21.6544
22.3534
22.2365
21.4099
21.7172
22.4288
23.6044
23.9727
24.4073
24.1505
21.9544
22.8555
22.6266
22.1129
22.3514
23.7599
24.3884
24.3208
23.3772
22.5341
22.8054
22.7551
23.2602
21.6206
23.1861
23.2116
21.6748
21.7458
22.1649
21.5535
22.3849
22.3589
22.5252
22.9185
23.8370
23.0549
23.6215
22.5850
23.3501
22.4753
24.2434
22.8965
23.6084
21.1324
22.4514
22.9953
23.8863
24.0422
23.7410
23.3310
23.2535
21.7913
22.1238
23.3225
23.4456
23.5888
23.9454
21.8711
23.5071
23.4623
20.8213
22.9156
22.7077
22.4406
22.6808
22.6145
21.6618
20.9447
22.8916
21.6955
23.4203
24.0113
23.2446
24.3648
22.8799
22.0589
23.4973
25.4104
22.9647
22.2129
22.7427
22.2843
22.6143
21.8787
21.8113
23.0530
23.3049
22.1445
21.2251
24.5530
25.5634
25.9246
24.5130
24.6675
25.1301
24.2609
24.2389
24.4340
24.3385
24.7970
24.4534
24.4868
27.2210
24.6851
25.3885
24.6799
24.2408
24.0161
25.3273
23.8856
24.8829
24.9415
23.8107
22.3301
23.3557
23.3684
23.0056
23.2287
23.7295
23.9256
24.2809
24.8477
23.8589
24.1293
24.6304
23.4281
23.6348
24.4438
25.8366
24.7441
23.5666
22.0215
23.0537
23.8767
26.2599
25.5561
24.5920
24.8357
25.5807
26.2699
27.1449
22.4821
23.3755
22.3925
24.4955
23.7056
24.5837
24.7647
24.1878
27.0527
26.7751
25.6655
25.6660
23.8465
24.8976
24.8801
26.1371
24.6455
23.8612
22.9002
24.0427
25.3661
25.1936
24.6498
24.9703
25.7450
23.1504
21.0847
23.5261
24.6927
24.5136
26.4391
24.9132
24.0628
23.9009
25.0092
24.8252
26.2812
25.6713
24.8804
23.8134
25.8756
25.4176
25.0777
25.8750
25.2088
25.7516
24.7526
23.3857
25.8973
26.7421
26.4782
25.3082
24.0700
22.7872
21.6340
22.4457
22.3843
22.8982
24.3343
25.5750
23.9049
23.6546
24.9847
22.7913
21.7388
22.2128
23.0114
23.2431
23.5182
23.3809
24.1078
23.3054
23.8029
25.0667
25.3757
26.5214
28.1909
25.0028
24.8554
23.9817
23.9932
23.7878
23.4720
25.9178
24.0625
24.5357
23.1875
25.4040
25.3577
25.1649
24.2658
26.2609
29.3708
27.8695
25.4764
28.2381
26.5102
23.1875
25.4674
25.0003
24.9847
26.6558
24.6963
24.2133
24.5694
24.3118
24.4208
24.7026
27.3935
25.6402
27.4231
24.9892
24.9938
26.1262
25.6536
26.7104
25.6083
25.3441
25.3009
25.7200
25.9667
27.4387
26.2228
26.8943
27.3913
26.0159
26.4178
26.8597
25.3627
25.9610
24.7757
24.9871
24.2452
25.3097
23.7923
23.2770
23.2560
24.3807
23.1736
21.9269
23.0276
22.1509
23.5352
23.6062
22.8953
23.8022
23.5126
23.2567
22.8075
23.3160
23.4159
22.0305
22.8543
23.4091
23.6051
24.9120
24.2795
23.5262
21.2745
25.1978
23.5720
24.0824
24.4459
23.6865
23.6664
24.0782
26.8393
24.4864
24.0639
27.7582
26.6018
25.6280
23.1657
24.5587
25.7342
24.4906
26.5537
24.7086
26.0921
27.0656
25.4458
25.5584
25.5818
25.6012
24.0525
25.7921
24.7447
24.5722
21.8667
22.1575
22.8823
22.4773
23.3578
23.4392
23.3192
23.4100
24.4206
23.0589
25.7839
24.4379
25.4225
26.7714
24.4783
25.1359
27.3935
26.6037
24.8693
26.0500
25.3923
23.9508
24.1212
26.7576
25.5819
26.3362
25.8772
25.1391
23.6219
23.4953
23.9628
23.8770
24.9694
25.6141
24.9063
25.2587
27.5505
27.9376
25.7601
24.0074
26.1815
25.2766
26.2312
26.3421
23.7644
24.8632
25.0939
23.5312
26.7185
27.2246
30.0940
27.4003
28.3194
26.1430
24.3301
28.5433
26.9202
29.7038
28.4182
25.9221
28.3748
26.6628
25.1804
25.7520
26.7171
25.4946
24.7451
25.8214
26.7330
26.3444
28.3839
27.2030
26.7367
30.0215
29.3689
25.4252
24.3793
26.0438
24.5532
22.8786
23.8830
24.6713
23.7035
24.4374
24.1586
23.8512
23.4772
24.2700
24.5008
23.5177
23.8999
23.0922
22.6290
23.4471
22.7451
22.2599
22.1317
21.8674
22.8230
21.8640
22.3048
23.4817
23.8351
22.8735
22.5544
23.2455
23.7584
22.2520
22.1987
22.6628
23.7833
22.1630
24.1736
22.4185
24.2277
20.8020
25.3609
24.4232
22.3501
24.4303
24.4823
25.1493
23.6619
24.6248
26.0410
24.6813
23.7183
23.7355
23.9619
22.2250
22.5342
24.1463
23.0183
22.5842
22.8788
22.8873
22.3483
23.1695
22.3324
24.8210
22.9685
23.9327
24.7918
23.0037
23.7490
