25.0444
26.9138
25.2600
26.3130
25.0912
25.2766
25.5355
24.9831
24.7324
25.1138
24.9007
25.6946
25.9647
26.0136
25.3730
25.7779
26.1602
25.2288
26.2255
27.1103
25.0017
25.6487
25.3484
24.8808
24.4824
24.4424
24.2985
25.8487
24.9595
24.5138
25.1448
25.9085
25.0256
24.7157
24.4755
25.7335
26.6187
26.5383
27.6482
26.5535
25.7707
25.9595
25.1395
25.4816
26.7706
25.9729
25.6166
25.4175
25.4575
25.8315
24.9594
25.1650
25.5471
25.2397
25.3154
24.7178
25.1449
25.3360
24.8337
25.0064
24.5205
24.5492
23.9435
25.1238
25.6988
24.9539
24.9462
24.6760
25.5597
24.8389
25.9188
26.0507
25.5629
25.8409
25.2453
24.6443
26.0789
25.1280
26.6271
27.6700
25.3777
25.9243
26.2615
25.3191
25.7685
27.2340
26.0090
26.0116
25.8951
26.4164
26.1187
25.5799
24.7929
26.0613
25.4225
25.7803
27.3515
26.3652
26.1441
26.6704
26.7094
25.2329
25.6729
25.8401
26.4135
26.2716
27.2459
26.4829
26.8310
25.8089
28.1701
27.0034
26.6360
27.0136
26.6237
26.7288
27.0993
27.5581
27.2357
26.0001
26.1652
25.9824
26.1817
26.4045
27.8517
26.7750
27.9004
26.9037
27.0324
27.2979
27.2329
26.7561
26.4150
26.6038
26.7402
25.9234
26.3607
26.9243
26.4659
27.2178
26.3328
27.4931
28.5506
27.6940
27.9061
27.9828
27.3041
27.4067
27.5818
27.0176
26.8812
26.8413
26.4451
26.0925
26.1756
26.5147
26.9549
24.9204
25.4994
26.1148
26.8534
25.0377
25.8487
26.3156
24.9474
25.4153
24.8282
25.5571
26.2693
26.5084
24.4804
25.4456
25.7242
26.4206
26.0649
26.6490
26.9179
26.8202
26.4731
26.4670
26.5629
27.6627
26.6744
27.6585
28.1343
27.5239
25.6100
26.5328
26.3526
25.4135
27.0149
25.4276
26.6149
26.5180
27.1535
26.9519
27.4332
26.5978
26.7976
26.8445
26.0753
26.1160
25.9047
26.6356
27.6301
27.2018
26.2193
26.4242
26.8112
27.1514
27.4169
27.1509
27.2061
27.2870
26.9424
27.6345
27.7591
26.4780
28.2336
26.6240
26.8448
27.7939
27.3296
26.6035
27.2571
28.0436
27.9166
27.6102
27.3797
27.6189
27.6738
27.5906
26.9158
27.8390
27.9672
27.5261
27.9969
28.2402
27.4674
27.0078
27.4987
26.0923
26.9210
28.0056
26.6220
27.6032
26.6272
27.3472
25.9348
26.4118
26.8723
27.1295
26.7173
26.3531
27.6638
27.4023
26.6801
27.2555
27.7268
26.5262
27.2238
26.5324
25.7024
26.7608
27.1856
26.9697
26.8569
27.4710
28.7005
26.5702
26.7999
26.8041
26.5257
26.5860
27.6807
27.8467
27.9586
29.1307
26.3093
27.4325
27.4100
26.2544
28.1472
28.1572
27.2401
27.7445
27.6102
26.9006
25.2758
25.3494
27.6768
26.9132
26.7739
25.7895
26.0816
27.7491
26.9669
27.2215
27.3093
26.9643
26.8775
26.8012
27.2533
26.3071
26.9829
26.8113
26.3642
26.9151
27.2563
27.1290
26.8235
26.9015
26.7013
27.1778
27.3985
25.7212
25.2715
24.8679
24.8838
24.3328
24.5998
24.6460
24.7651
26.0268
25.0294
24.8867
24.7782
24.4117
24.1411
25.5787
24.7104
24.7538
25.1661
24.7115
25.1982
24.4696
24.7227
25.1131
24.2427
24.9789
24.5655
24.2726
24.3866
24.4564
26.0305
26.6534
26.7033
26.5654
26.6286
26.9886
25.0521
25.4357
25.4300
25.0870
25.2598
25.1840
25.4480
25.1202
25.0232
25.4705
25.3272
25.6534
27.3263
24.9695
26.1882
24.8919
24.9437
25.2881
24.7797
25.5562
23.8144
24.4986
24.5717
25.1530
24.3810
26.6092
24.9557
24.8418
26.0817
24.9535
25.1540
25.2775
24.3449
24.6810
24.7610
25.5691
25.0910
24.7297
25.4149
24.6614
24.5358
24.3885
24.8835
24.8957
25.7535
23.6585
24.1156
24.6369
25.1283
25.5434
24.3717
24.5621
24.4996
26.2676
24.3505
23.9894
24.8463
25.7809
25.9516
24.1191
25.1094
26.6416
26.3516
24.3773
24.5710
24.1268
25.5359
24.5140
24.2758
24.8406
23.9563
24.7765
25.1002
24.7305
24.5475
24.8849
24.8874
24.4850
24.7832
24.9360
23.9022
23.9607
24.4086
24.4312
25.2031
27.1512
24.8465
25.8859
24.6821
25.2703
25.6142
25.3266
25.5146
25.5516
26.5518
25.6239
26.9285
25.8033
26.6729
25.6427
25.3569
25.7343
26.3320
25.9379
24.9793
24.5780
24.9432
24.8626
25.1113
25.4723
25.3654
24.7029
24.5937
25.1575
25.1938
24.9470
25.6452
26.7570
24.5723
25.6098
25.1968
24.5685
24.7157
25.3428
24.6952
25.0410
24.9799
25.0942
24.6601
25.2729
25.0980
24.7189
24.7365
26.3207
24.6176
25.0585
24.4014
24.9555
25.3970
25.4262
25.0056
24.3604
25.7618
25.9091
26.0305
24.1988
24.2968
24.1171
25.3266
24.9426
24.0607
24.5957
24.7410
24.4865
24.3395
24.1404
24.9082
24.2564
24.1220
24.6704
24.9762
24.2020
24.0884
24.3184
23.9514
24.0013
24.5548
24.3513
24.4146
23.7636
24.4697
24.1028
24.5888
24.5018
24.6017
24.8094
25.7982
25.4207
25.0024
25.9141
25.3342
24.3864
25.0291
25.0599
25.1015
24.8720
24.5089
24.4228
24.5492
25.2075
24.3415
24.6368
24.4409
25.1044
24.3409
24.5257
24.9576
24.4206
24.0659
24.6896
24.7186
23.4785
24.4929
24.7783
24.2464
25.0195
24.1281
23.9445
24.8581
24.2706
24.9794
25.3377
24.5341
25.7037
24.7906
24.2844
24.9371
24.8785
24.0771
24.6557
24.5265
23.8966
24.6503
24.3793
24.4509
24.4454
24.5429
24.6994
24.8200
25.3340
24.3459
24.6038
24.7232
24.1052
24.5866
25.2436
24.5998
24.1718
24.4999
24.4415
25.1987
25.0409
24.6366
23.8567
23.9658
24.8484
24.6387
23.9778
24.3673
24.1725
24.8724
24.8753
24.6108
24.2877
24.9538
24.3871
24.2489
24.1981
24.7200
24.0865
24.1916
24.4496
24.3013
24.9110
24.3293
24.8068
24.4526
24.5371
24.5848
24.7865
24.5195
24.3046
24.7485
24.1055
24.5456
24.5337
24.4198
23.9182
24.8315
24.1592
25.2360
24.5703
24.5922
24.5910
24.0271
24.3996
24.4289
24.6827
24.8470
24.5632
24.5924
24.5596
25.0554
24.2237
24.0102
24.0207
25.1494
24.2746
26.0480
25.2504
24.8144
24.6952
24.3000
24.9103
24.3534
24.3997
24.5377
24.2795
24.3659
24.4805
23.8138
24.0350
24.3526
24.7712
25.2870
24.9427
25.0980
25.4607
25.6545
24.9135
24.9435
24.8410
24.4456
25.2445
24.2427
24.0563
24.9022
24.7592
24.1823
24.4785
24.0933
25.2993
25.2114
24.9752
24.5783
24.5937
24.8198
25.3738
24.4867
24.8725
24.9182
25.3619
25.8870
26.0394
24.9235
24.2879
25.1682
24.7440
24.3008
24.1522
23.5200
24.5757
24.3404
24.5222
24.0690
24.7242
24.0729
25.2951
23.5334
23.9199
24.4793
24.6671
24.2836
24.6242
24.6910
24.3020
24.4078
24.7139
24.4041
23.7272
24.5053
24.9215
23.9039
25.2791
24.3800
24.6006
23.8138
24.1255
25.0183
24.9266
24.7711
24.7372
24.4363
24.5602
24.2529
24.0549
24.9919
24.5362
24.5900
23.9494
23.3676
23.9110
24.1075
25.1823
24.9253
24.8664
23.9076
24.9467
24.6369
24.0659
23.8223
23.9083
23.6246
24.2259
24.0177
23.5239
23.5412
23.7464
24.0014
24.1477
23.7588
24.2117
24.7138
24.1243
24.2471
22.9251
24.6969
25.4054
25.2344
23.8130
24.5129
24.9400
24.9372
24.5946
25.3161
25.0985
24.4737
24.7861
23.9278
24.4144
24.2241
24.6307
24.5400
24.5444
25.1331
24.5482
24.9903
24.9204
25.2079
25.5131
24.1307
24.1164
25.9675
24.3491
24.1866
25.3347
25.1605
24.8373
26.3707
26.0181
25.0544
25.7571
25.2611
25.5193
25.4042
25.5855
25.5230
25.9955
25.3047
25.8226
25.9788
25.4822
25.5726
25.3792
26.0128
25.1280
25.3562
25.3872
26.3533
25.4468
25.7934
24.9386
26.0028
26.3632
25.2309
25.3131
26.0758
25.3584
25.3699
24.9401
25.5227
25.9286
25.8316
26.4152
25.9813
26.3559
25.2713
25.2406
26.2562
26.2085
25.6524
25.5027
25.7716
26.4837
25.3662
24.9715
25.0391
25.2592
24.7015
24.9540
26.0189
25.5699
25.5991
25.6108
24.9206
25.6749
25.4487
25.4836
24.9276
25.0314
24.5295
24.3962
25.4014
24.6727
24.7648
24.6798
25.1295
24.8283
25.0124
26.0838
25.5056
25.4642
24.6071
24.0562
24.6178
24.6642
24.6985
25.2631
25.9878
26.7828
24.9494
25.0668
25.3106
24.7926
24.7768
24.5111
24.9009
26.0058
25.2076
24.7927
25.3457
25.8067
25.5443
25.2005
25.1893
24.6349
26.1928
25.5583
25.5639
25.5844
24.3540
24.5114
24.6790
24.6642
25.7527
25.1675
25.6720
25.9878
25.2142
25.6214
27.8913
26.1566
26.0317
25.2482
25.8264
24.9404
25.3855
25.7797
25.1734
23.5682
24.2674
24.7559
24.8897
23.9431
24.9471
24.0647
24.2078
24.5085
24.5246
25.7363
25.2147
25.0478
24.6922
25.0133
24.7978
26.0996
25.5614
26.1460
25.7391
26.4055
25.0748
23.8530
23.0296
24.4689
23.4917
24.7886
24.4130
25.6255
25.0956
25.7186
26.5692
26.1200
25.0958
25.9103
26.7946
25.9466
25.5010
25.5661
25.2608
25.0708
25.6745
25.5378
25.1242
24.7734
25.2266
24.8570
24.3944
25.1338
24.2094
25.3833
24.7837
24.8830
24.7440
25.2665
23.7300
24.7927
25.4426
24.7774
24.6440
24.5451
24.7231
25.3166
24.8596
24.0653
24.7194
24.5859
25.4887
25.2470
25.8354
26.0507
24.6164
24.3205
24.4695
25.1152
24.9299
24.5942
24.8580
25.1065
24.7784
24.7816
25.1321
24.9533
25.3917
24.5328
25.9060
25.3515
25.6298
24.8729
26.0517
26.1103
25.1354
25.5394
25.5103
25.1262
25.6143
25.4845
24.2521
23.9865
24.7324
24.9771
25.2361
24.7843
24.0875
25.1601
24.5564
23.9635
23.9094
24.2493
23.5757
24.3245
23.2537
24.5317
23.4672
24.2107
24.4050
23.3534
23.4214
23.4113
24.0850
24.3455
23.7688
23.3890
23.3270
24.3762
23.7947
23.8764
23.9194
23.9949
24.3183
23.9284
24.8141
24.3263
24.1465
23.7689
23.6988
22.7983
23.7745
24.8534
24.3016
23.9859
25.1747
25.0646
23.4511
25.4661
26.0726
25.9998
26.8543
27.4869
26.9279
26.4576
26.1756
27.6392
27.8504
27.7634
27.1243
27.7319
26.9052
25.6736
25.7623
26.3224
26.4224
27.9703
28.4749
27.7877
29.5695
27.1902
27.5447
26.4638
26.9454
27.4450
26.0518
26.7496
27.6703
26.9741
26.2659
26.5300
28.0857
27.7093
27.1125
27.6140
26.9926
27.3521
26.4664
27.3463
26.7064
26.6537
26.1874
25.9749
26.3675
25.5900
25.0224
25.4040
26.2049
25.4075
25.7565
27.1049
26.0193
26.0829
26.2933
25.8422
25.9777
25.7176
25.3358
25.2480
24.1565
24.0870
23.3208
25.2152
25.4638
24.9633
25.1262
24.6721
25.4608
26.0881
26.0054
25.2389
25.3290
26.1990
25.4433
25.9676
26.5365
26.0845
27.3789
28.1809
28.8409
27.9032
27.7515
26.4290
26.5336
27.7257
27.6832
28.3735
27.6759
27.5240
27.1462
26.7720
26.9699
29.4516
27.5507
26.2661
28.3674
25.6706
26.9867
27.5949
27.0297
27.1342
28.2757
27.8239
27.3927
27.0446
28.0509
28.8733
27.4984
27.0300
26.1760
28.8082
28.5991
29.7284
27.3645
28.0465
27.9420
28.2678
27.8688
27.2835
29.4240
28.0578
28.6196
28.3018
27.6488
29.3082
27.8919
28.2843
28.3176
27.4358
26.3053
26.7534
26.9288
25.3977
26.4042
28.4676
27.3357
27.0922
25.7348
27.1952
26.2409
25.9946
27.0490
26.4385
26.0931
26.5528
27.3430
27.1699
25.2959
27.0626
24.3981
25.2170
24.4115
24.9877
24.6078
24.7407
25.1125
26.3074
26.9043
26.2356
26.7092
26.5172
29.0299
27.0198
26.8825
25.5637
23.9811
23.4031
23.9389
23.4371
25.3202
25.8883
26.7425
27.9899
27.5592
26.1866
25.6581
25.6961
26.9631
26.9830
25.3572
26.5003
26.1374
25.6596
25.0906
26.1096
26.1026
27.7993
25.3749
26.8511
26.5332
27.2745
26.2481
26.1264
28.0477
26.2510
29.3891
28.9106
27.0365
27.6843
26.3396
27.0085
25.7156
27.6982
27.6593
26.8747
28.6136
26.3147
26.5047
29.2642
26.6771
28.1924
28.9233
29.6679
30.4525
29.2867
27.6917
26.4468
28.2123
25.8011
26.2457
25.9431
27.5682
27.7388
26.2033
28.4912
25.2512
27.7932
27.8983
29.9439
26.6950
27.7316
27.1856
28.3555
26.7986
28.0131
28.4078
27.9195
27.0073
27.7175
29.2156
26.1760
24.8581
27.4827
26.3944
25.7973
26.1117
26.9970
27.7356
27.1316
29.2446
26.9973
27.0181
27.0196
28.4130
27.1934
26.1661
27.8386
26.1403
27.4322
28.4246
27.2413
25.0862
25.6319
25.6646
27.7676
26.1976
26.7158
25.6726
27.5255
27.8037
28.8624
27.4013
27.2269
27.6016
30.1791
29.1809
29.9450
27.1733
25.5842
27.4416
25.9828
26.8143
25.7935
26.0957
26.2266
24.2886
24.6807
25.3914
26.7424
25.4557
26.4937
26.8617
24.8324
25.7766
26.6405
26.4176
25.6536
25.0320
25.3528
24.2828
26.0138
27.5257
27.3348
26.2803
25.3145
27.5161
27.4622
24.2915
24.2905
24.2729
25.4933
25.4470
25.3035
24.0039
25.3514
25.2030
26.0397
27.3014
27.4171
28.5954
27.4567
26.7369
29.4241
28.2770
29.1644
29.3228
27.4266
28.9120
28.0876
28.6303
30.3998
30.5064
27.8660
30.2901
29.0879
29.0734
28.7022
28.9494
27.8494
29.1245
29.9118
30.9728
30.0719
30.2684
28.0830
28.4537
29.0608
27.1318
29.3610
29.4586
28.9549
28.4091
27.9707
28.9642
29.0486
27.7582
27.6731
28.0332
28.4067
28.7870
28.6199
28.3778
28.0897
27.6579
26.7865
27.9725
27.9008
27.2259
26.6282
26.9828
27.2724
26.2899
27.3826
26.7371
25.7687
26.5098
25.3436
26.4576
27.1538
27.8893
29.0291
28.0327
30.5875
28.2659
27.3037
27.0597
27.9250
26.5806
28.1327
26.9189
27.5785
27.8757
29.0926
27.4787
26.8662
28.7867
28.0675
27.9773
26.7832
26.8972
28.4766
28.2142
27.9854
26.7138
26.6867
26.8904
27.9810
27.6241
27.2522
26.1110
28.2017
28.0816
26.4668
28.6785
26.7198
27.4662
27.6693
28.6164
25.9533
26.3717
25.1240
27.4579
28.9681
26.3267
27.1663
28.9123
28.1112
26.5390
25.7504
26.7482
25.9788
25.9173
27.7738
26.9751
26.8647
29.2508
26.4874
27.0227
26.0409
25.7643
24.8720
24.5544
27.2417
26.3541
26.5732
27.9235
28.7711
28.9786
26.8257
27.7329
28.0692
28.6271
29.0174
28.6269
28.4906
28.7382
26.7555
28.0143
27.6681
27.3963
25.8479
26.9798
26.8826
28.3771
27.8959
26.3024
29.3346
27.8316
29.6728
29.0859
28.7923
28.6650
28.2537
26.6288
26.8974
26.8105
28.3972
26.9524
27.3012
26.4168
27.0331
25.7484
26.4993
26.1454
28.4051
26.9163
26.5863
27.0790
29.9081
29.8797
28.1786
27.4528
26.3000
27.4520
26.4316
27.5991
26.2406
24.9452
24.9169
26.3017
25.9280
26.6547
24.0009
26.8456
26.1086
27.6169
27.0528
26.8939
27.8100
28.1837
27.6813
26.7552
25.8871
26.3387
26.6040
25.7679
27.6101
26.6844
25.8222
26.0792
27.0927
24.6968
26.7546
25.7028
27.4549
29.0033
28.1259
26.1400
27.1751
27.5380
27.1252
27.2980
26.8178
27.9437
27.0211
29.2704
28.8474
30.9961
30.3672
30.3854
29.1748
28.1200
29.1085
29.4729
29.0084
28.2454
29.0326
29.5133
28.9031
27.1868
28.7474
28.9357
29.3496
28.5135
29.2503
28.5807
28.7939
29.1297
28.2744
26.3288
28.1955
28.4219
28.0533
28.4595
27.6211
26.7891
27.3171
27.5361
28.7238
26.0596
27.7381
28.3611
29.3188
26.3628
27.2064
26.5479
27.3428
27.3216
27.9571
27.8802
28.5437
26.4696
28.2004
29.6086
29.9725
29.6708
31.1383
28.1223
29.4251
28.1145
27.3515
25.5154
26.0412
27.9259
30.0081
26.6346
27.7646
25.9877
25.9907
26.2320
25.7340
26.3355
26.8208
25.8037
25.7144
25.5730
25.2117
25.9183
27.2596
25.9691
26.4574
27.1159
26.2372
25.1171
25.4148
24.7558
26.2649
24.4838
26.0839
25.2884
26.1208
26.1043
25.5872
27.2032
25.8755
25.8556
27.3077
26.0945
26.1246
27.6758
26.5236
26.0448
26.6209
27.4612
25.6309
25.6572
26.3517
25.3020
26.0740
25.6305
27.2684
26.4613
27.1193
26.6533
26.5911
26.7806
25.6678
27.2561
26.7858
27.1424
28.3469
25.3401
25.6780
25.3710
25.2525
26.6752
25.8312
25.5605
25.9438
25.0530
25.3129
25.0051
25.3721
26.6453
26.4676
25.5474
25.6439
25.7390
24.9649
24.9667
24.3270
25.4200
26.1400
25.3796
26.3040
25.9681
25.8292
26.6927
26.2390
25.9183
25.6603
25.6198
26.0009
27.2699
26.2251
26.5677
26.5394
26.8833
24.3586
25.0557
27.0605
26.0537
26.2965
26.4369
25.3425
25.6162
26.1332
25.1059
26.1864
24.8934
25.1037
25.1469
24.9368
25.7041
25.3340
24.8356
26.3865
25.2720
27.0116
25.5645
24.0650
25.9703
26.7907
26.3781
25.4354
27.3064
27.5122
26.0734
25.4662
26.7071
27.4520
27.1483
26.5931
26.8982
25.0135
26.5542
26.9239
27.1637
26.4486
27.0672
25.8524
27.5094
26.8168
25.1064
26.7788
25.3286
25.1691
26.7545
25.5331
25.8187
25.4609
25.7208
27.2936
25.4710
25.3985
25.1405
26.1766
26.3028
24.6956
25.8568
25.9362
26.1011
26.9594
27.8089
26.2477
27.0447
26.5308
24.6513
23.9132
24.9685
24.4913
24.5155
24.7857
23.6812
23.6897
24.5259
23.6158
23.2606
23.0781
24.3082
23.7738
26.4980
25.2774
24.3416
24.9025
24.9754
24.3792
24.6938
24.3761
24.2499
23.6711
23.7171
24.0545
25.0613
24.2640
24.6660
24.9537
24.1900
24.6381
23.6047
24.0351
24.0439
24.6019
24.0948
24.3682
24.1472
24.2753
25.8576
24.4521
23.2196
24.8314
24.3829
24.1658
24.0159
24.5812
23.9172
23.8328
23.7043
23.3017
23.6861
23.9179
25.7420
25.0960
24.7856
25.1431
25.5810
25.9407
26.6913
25.2941
26.0217
25.3471
26.2243
26.2408
24.2276
23.7551
24.6112
24.3057
23.8268
24.7135
24.6598
23.7912
24.3960
23.3031
23.6009
24.6229
23.6877
24.9347
25.3586
25.0643
24.2771
24.1316
25.7773
26.0087
26.2327
26.3869
24.7543
25.4137
25.2187
26.9828
25.5720
25.1931
24.9968
24.6537
24.7635
23.6037
23.8348
24.5519
24.9908
24.0365
25.2187
24.6276
24.0757
24.8297
24.5316
24.1464
23.5422
23.2344
24.4717
23.8354
23.8612
23.2246
23.5992
23.1416
24.7121
23.6941
23.5370
23.8439
23.4320
24.3263
23.0645
24.4374
24.8510
24.3847
25.0416
25.2195
26.0896
24.4458
24.2134
24.4213
25.2170
24.0208
24.4452
23.4591
26.0931
24.6246
24.8506
25.0539
25.0077
24.9277
24.8050
24.7867
24.8723
25.8338
27.1080
27.9541
28.1748
28.4067
26.1361
25.2283
25.2209
25.6957
26.2608
26.2829
25.2499
25.0988
26.0991
26.3184
25.5468
24.7824
25.6334
24.9292
25.3630
24.7901
25.3644
25.2922
25.5795
25.6608
26.6814
25.2031
26.8175
25.2744
25.5328
25.5842
25.5291
25.3895
25.0563
25.1741
25.3155
26.1442
24.7758
26.5392
25.6546
26.7098
25.9450
25.8108
27.4091
25.1298
25.9720
27.5951
27.8755
26.7607
26.1026
25.8927
26.7035
26.0919
25.6170
26.4348
26.2648
26.6798
27.2162
26.6018
26.7385
26.5323
25.9010
26.2141
24.7092
24.5344
25.8548
25.1711
25.5191
26.0585
25.8238
25.3010
24.8911
26.2721
27.0804
25.7603
26.9084
26.3501
27.7575
26.9529
25.3901
27.5616
25.8281
26.0437
26.2334
25.7587
25.4276
25.6655
24.6983
23.6015
24.0669
24.6902
26.3364
25.5829
24.2067
24.1586
25.2585
25.0533
24.5652
25.0674
25.2055
25.5965
25.6142
24.5586
24.2714
25.7255
25.7546
24.4792
25.2095
23.6737
24.6141
24.1194
24.9081
25.2461
24.5096
25.2255
24.3109
24.6959
24.6703
24.0892
24.4970
24.1303
24.2573
24.2824
23.6967
23.1462
25.0423
23.7847
24.1791
24.3997
23.9442
24.8649
24.6071
24.8370
24.4021
24.7310
24.4680
25.2012
23.5127
24.1599
23.9675
24.4152
23.3528
25.3738
24.4402
23.6832
24.7920
25.3040
25.2270
23.9131
25.0038
25.3461
25.1593
24.0265
24.9151
23.4621
23.5832
23.4282
24.4739
25.0563
25.5967
24.6244
23.3999
23.4839
24.3886
24.3923
24.2799
24.8474
24.6542
24.6477
24.5082
23.8427
23.9500
24.1694
23.8067
23.7045
24.2788
23.4794
24.0416
23.7134
25.5653
24.3148
25.6087
24.8377
24.5082
24.4891
24.2481
24.8176
24.6846
25.1993
24.5951
25.0023
24.6879
24.9627
25.5864
25.6925
26.0194
25.1322
25.1099
24.5205
25.1278
23.9154
24.0949
26.5577
25.8859
26.8337
26.4688
29.0173
27.7521
27.2828
27.1734
26.9352
26.5144
27.1855
26.5026
26.1926
26.1886
28.0789
26.2657
26.4044
27.5895
24.0619
24.1216
23.3866
23.8663
23.4689
24.1235
24.7391
25.8316
25.4839
25.0979
24.5727
24.8255
24.6008
24.7716
24.1486
24.9430
24.6931
25.4450
24.1710
25.0798
24.8609
24.9085
24.1531
24.1946
24.2452
24.4217
24.5599
24.4475
25.6321
24.4648
23.5756
24.1895
24.2905
24.5715
24.2658
24.0887
24.6478
24.3606
24.2533
24.1642
24.0655
24.1026
24.1402
24.4416
23.8421
23.4412
23.9162
23.2710
24.6195
23.9438
24.5781
24.7516
23.9645
25.8421
25.2415
26.1132
23.8365
24.4485
24.1498
25.4630
25.1209
24.2366
25.2030
24.7849
24.7854
24.0465
23.9887
24.3448
24.2617
25.3250
24.8517
23.9268
23.7600
23.7530
24.7036
23.9835
23.8084
24.1956
24.1594
23.6940
24.7984
23.9013
24.4715
24.2497
24.8544
24.2603
24.3953
24.0860
24.5005
24.5170
24.8897
24.9793
25.8116
25.4418
24.2945
23.5858
24.2172
25.2592
26.0647
26.1704
25.7669
25.9918
27.4834
25.5934
24.6571
23.6579
25.4941
27.2040
26.0508
24.4810
26.3503
25.5723
24.8173
24.8126
23.8430
24.7061
23.8862
23.8545
23.3603
22.9155
23.0808
24.2616
23.1508
23.3949
24.1391
23.4371
23.8017
23.7541
24.3335
23.7059
23.6024
23.8447
23.4456
23.7681
23.9131
23.5396
24.0184
23.8247
23.7830
23.6355
23.5005
22.9783
23.3676
22.8308
23.6420
23.1071
23.3120
24.2033
25.3885
24.9913
25.2073
25.2624
24.6800
25.5681
27.2275
26.4104
27.3537
24.9631
26.0735
24.5449
27.2280
24.6540
24.5245
24.6975
25.1807
24.1655
25.6104
25.8318
25.3405
26.6014
27.2576
24.0442
24.3949
23.8841
24.6230
23.9105
25.2409
24.3489
24.1370
25.0487
25.3230
24.6430
24.7959
26.2510
25.2199
26.4495
25.8662
25.7844
25.9719
25.9601
25.2826
24.7476
24.8024
25.5218
24.9031
25.2934
25.6260
24.7688
26.2203
25.3495
25.5053
26.2620
24.8636
24.8452
26.1215
25.8436
26.5071
25.7357
28.2308
27.3281
29.2161
28.6515
26.2539
27.3802
27.8630
28.6412
26.4051
26.6276
25.7717
24.9647
25.0500
27.8189
27.6374
28.0046
27.2973
29.3139
29.5271
28.8980
26.3250
27.0169
24.6523
26.5392
27.1560
25.1608
26.6046
27.0305
27.7105
26.1222
25.5910
25.3705
26.8602
24.8253
25.2487
24.0723
25.6023
25.5839
25.1267
24.4744
24.9550
23.2380
24.3898
25.5972
24.5578
24.7173
25.0649
24.8992
23.1325
24.7175
24.8614
24.7702
25.1878
25.5408
25.0266
26.9291
27.5778
28.8585
26.8123
25.7882
26.5093
27.0096
26.9134
26.5837
26.4147
25.7861
26.5526
25.4636
25.6325
25.6618
25.9173
26.6768
25.8112
24.9363
23.6448
24.7595
25.6535
26.9208
26.6612
24.9394
26.1054
25.1487
24.1412
27.1429
29.7019
27.2586
28.7682
26.4112
27.7555
25.4110
25.5947
26.7061
26.5823
25.0383
27.1356
26.8297
27.1710
25.6629
26.0798
25.5874
24.9976
26.6190
25.5200
24.8582
25.1226
24.5143
26.5952
27.7787
26.1866
24.4353
24.9435
24.0082
26.5875
26.4083
25.7221
28.1755
25.2884
25.3827
24.9923
25.1375
26.8956
24.9575
25.7469
27.3599
26.3593
26.2241
26.0491
25.9266
25.1159
24.7040
25.9176
25.0691
25.5810
24.8145
25.0710
25.6903
25.6276
24.7785
23.7753
24.0757
24.5165
23.5634
25.6423
25.2585
24.6249
24.2673
25.5862
24.7723
23.5623
24.5172
25.5516
26.3609
24.1719
25.1425
25.3754
24.2228
24.8321
24.0575
25.2531
26.2842
25.0620
25.6497
23.8609
24.3982
23.3960
24.9153
25.0114
24.2317
24.6551
24.5956
25.0154
24.1883
25.1609
23.7233
24.9749
23.5848
23.4713
24.1762
23.8705
23.3362
24.6204
26.2151
23.5753
25.0183
23.8023
24.0421
23.3017
24.5751
25.1037
25.6146
25.8049
24.5367
24.8144
25.2783
24.4978
24.1484
26.8084
23.7345
24.8332
24.7937
24.0082
23.9030
23.5856
23.7659
23.7243
24.8149
24.0302
25.0860
25.7456
26.5339
26.2891
25.3199
24.7893
25.4431
24.9282
26.8152
26.0633
25.7820
25.4131
25.8586
25.6895
24.2533
26.4137
25.8321
26.3177
24.4979
25.0120
24.4686
24.9917
24.1495
24.4651
24.5954
23.9636
24.0959
23.0061
24.1156
23.7502
25.0360
25.2747
25.3892
25.3938
25.4313
25.1900
24.7735
25.0460
24.8942
24.6331
24.2205
24.5918
24.9757
24.8232
24.0282
25.0669
24.8314
24.2207
25.1720
23.9024
23.0791
24.4308
24.3904
24.3298
24.4888
23.7663
24.7756
24.7451
24.0282
25.4722
26.0347
24.1362
24.6894
23.9276
25.4072
23.8397
24.4816
23.7388
24.9012
25.1830
24.7417
24.3183
25.2033
23.9457
24.3830
25.5128
24.3545
25.2813
27.0137
25.8365
25.0923
24.3992
25.1771
23.6558
24.2740
25.2692
25.8996
25.2478
24.5511
24.7403
23.6226
23.9235
24.6676
24.6619
24.5979
25.0361
25.4706
24.2304
25.7853
26.0980
24.6580
25.0189
26.3025
27.0256
24.0403
24.3560
24.1023
25.1716
25.5521
24.7229
24.6754
24.8613
25.5441
25.5220
25.6224
26.2215
27.4193
26.6117
25.1908
23.7756
22.7728
24.5242
25.3961
24.4368
24.1183
24.1889
25.2594
25.7089
23.7965
23.9489
25.7766
25.8204
27.7862
26.4538
27.2733
27.7485
27.1656
26.4313
27.2314
26.8116
25.4018
24.4913
25.5748
24.5318
23.2828
24.5142
24.0184
23.8989
23.6893
23.4188
23.2666
23.9098
23.4206
24.0699
24.4505
23.6350
23.0474
23.6589
24.4422
23.8997
23.8867
25.0466
23.6055
24.1147
25.7583
24.9284
23.7212
25.5098
22.7373
24.4187
24.4378
24.4578
23.8907
23.1689
21.6757
22.1945
23.2485
22.7421
22.9295
23.0553
23.4318
23.5381
23.9800
23.6679
22.7270
22.3051
22.6910
22.1627
22.2923
23.5582
22.7580
21.8641
23.1308
21.2473
22.4563
22.0640
22.7711
22.4676
22.9020
24.0664
22.6966
24.3560
23.5490
22.9843
22.8147
22.8510
22.3379
21.8287
22.5365
23.0792
23.1899
23.3037
23.9437
24.4009
24.6178
23.7766
23.4734
23.5233
22.9261
22.8709
23.8491
22.5903
23.3249
23.7481
24.2554
23.7508
23.8919
23.7414
23.3347
23.7850
23.9469
23.9032
23.3837
23.6336
23.6954
22.8076
22.3684
23.4024
22.5220
22.9525
23.4463
22.9160
23.6466
22.6904
22.9331
22.5872
23.0412
23.2263
22.6515
21.9948
22.9273
22.9787
22.0430
22.9177
24.8726
23.5679
24.6299
23.8029
22.5333
23.6708
22.5090
21.4828
21.9008
21.2242
21.7121
21.9674
22.2756
23.2585
23.4898
24.4334
24.3009
24.7927
24.5500
24.9833
24.8400
25.4900
24.5154
25.3301
23.8475
23.7476
26.3492
26.9878
25.9522
25.5010
26.1342
25.8616
25.2022
26.3408
25.5289
24.1477
24.7801
26.1130
26.4098
25.7987
25.0927
26.4850
26.1120
28.0701
27.7912
26.5440
26.0292
25.3836
25.6811
25.0844
24.5208
25.3984
24.6531
24.8328
24.4227
24.0035
23.8772
23.6252
22.6827
24.1780
26.5146
25.6487
25.2146
24.1421
25.3752
26.3787
26.3715
27.4625
24.7050
22.3234
25.4657
23.2999
25.5500
24.0973
25.0668
24.0161
22.6543
23.1209
23.7194
26.6561
25.1786
26.0124
25.3996
25.8122
25.9291
25.4848
25.5892
26.8869
26.4535
26.9732
26.7736
26.2213
26.7256
27.0780
26.0340
26.2464
25.6519
23.4021
24.0802
25.9779
24.3132
24.1844
24.0495
25.7275
23.7941
25.3999
25.1643
25.8372
25.7925
26.2154
27.7670
26.6458
27.0217
26.0066
27.3652
25.9394
25.1287
26.1966
25.9218
26.8981
27.4487
26.6572
25.0557
26.9166
26.6092
26.2728
26.7074
26.1698
27.3508
26.1758
26.5925
26.8954
25.9246
25.9247
24.3020
25.0427
24.1053
24.5165
23.4710
24.2580
24.3383
24.5339
24.4905
24.6863
24.9359
24.0858
23.7278
23.9307
23.0691
23.0802
23.9318
23.8056
23.4230
24.4805
24.4086
23.9923
23.2381
22.5990
24.2330
23.3394
24.0648
23.8559
23.7305
22.4222
23.5774
23.2330
22.5229
23.4869
22.9718
22.8627
22.8957
24.3271
24.2456
23.0809
23.1481
23.8112
24.5295
25.6005
28.1445
26.0910
25.3270
26.4672
26.7110
25.6003
24.9277
24.6325
24.0792
23.5037
23.7837
23.5432
23.4393
23.3964
23.1651
23.1067
23.1968
23.4612
23.3751
23.7666
22.8462
24.2019
24.0204
24.1157
22.9642
23.4763
24.1912
23.1933
23.8625
23.6439
24.0185
24.3095
23.1484
23.8102
24.1739
23.9434
23.7247
24.0181
24.6056
25.5703
24.8569
24.2608
25.0123
24.3294
23.6189
23.9007
23.5311
23.2603
23.5885
22.8038
23.2079
23.3623
23.8277
23.7043
23.7323
23.8658
23.1235
23.5005
25.0299
22.8817
22.8065
23.2951
23.2454
23.5035
23.4345
23.0839
23.1355
22.8529
23.2184
23.0601
22.5776
22.8509
22.6905
22.4851
23.1766
22.9758
22.9841
23.1951
23.3910
24.3033
23.5698
22.6067
22.8502
22.9505
23.3407
23.4615
23.2989
23.4265
24.1778
23.9435
23.8320
23.8671
24.7405
24.4617
24.5272
23.0345
24.2466
23.7938
23.7949
24.5459
23.6068
25.4662
25.0935
24.3776
26.3597
27.7173
25.4445
24.9006
26.5838
25.4455
24.6247
25.7183
25.4457
24.9157
24.0770
24.3528
24.0270
23.9823
25.1830
23.4219
24.2360
23.1858
23.0019
23.2462
22.3784
22.7683
23.4973
25.0217
25.6193
25.2814
24.5894
26.3868
25.4996
24.7720
27.0496
25.6960
26.1985
26.2059
24.9175
24.9272
24.5083
25.2365
24.0397
24.7031
23.9585
23.0414
23.6959
22.6008
23.0476
22.7618
22.9191
23.4053
22.6980
23.1992
22.8819
23.3602
23.1580
22.9910
22.7200
24.0773
23.3069
22.8545
22.9581
23.1002
22.8803
22.7120
23.4039
23.1881
23.0231
23.0032
22.4278
22.6282
23.0650
23.2273
21.9527
23.2629
22.6018
23.4828
22.8627
22.6705
22.5941
22.9999
22.4467
22.6905
22.7693
22.7368
22.7392
22.6686
22.6736
22.0645
23.2326
22.8339
22.9304
23.5897
22.7803
23.2519
22.7812
22.5508
22.8378
22.9182
23.3169
22.9858
23.1732
23.2317
23.1898
24.0218
23.6316
23.2443
23.5938
23.7154
23.3799
22.8849
23.2521
23.9836
23.7586
24.9823
24.5546
24.9929
24.3386
24.1465
23.3313
23.2197
22.7211
23.1806
23.1235
22.8032
23.2793
23.2984
23.6033
23.6030
23.7012
23.2505
23.3143
23.4857
23.3978
23.0468
22.5976
23.3863
22.8047
23.3518
23.1149
22.5544
23.2613
22.7718
23.4181
23.0429
22.7565
23.4987
23.3013
23.2814
22.6527
23.0120
23.1796
22.9814
23.4192
23.0093
23.0364
23.3011
22.7884
23.0628
22.8711
22.9481
22.9933
23.1136
23.1690
23.1454
23.3064
23.1135
23.3052
23.0362
23.1297
23.5920
23.5656
23.0391
23.3325
23.3032
23.5282
23.2669
22.7245
23.1917
23.3758
23.1899
22.7377
23.0536
22.8036
23.0197
23.2759
23.4249
23.1125
23.2942
23.4819
23.4089
23.1029
23.2250
23.0204
23.2579
23.5262
23.1486
22.8412
23.0218
23.1576
22.8498
23.0421
22.8503
23.7218
23.9197
22.9211
23.2601
23.2425
23.3287
22.8615
23.1479
23.7531
23.1725
22.6589
23.3530
22.8426
22.7199
23.0327
22.3477
22.7028
22.9140
23.2422
24.2661
22.8771
23.4515
23.7043
24.0338
22.8735
23.1399
23.4898
23.3243
22.7388
23.1360
23.1927
22.8049
22.5556
22.1857
22.4794
22.3534
23.2927
22.3922
22.3470
22.4482
22.5060
22.6671
23.1365
22.5034
21.7479
21.4103
21.9782
21.8191
22.8574
22.9666
23.8030
23.6819
24.8467
24.8390
25.0930
24.5300
25.0173
24.1282
24.4053
25.0172
26.1302
25.2114
25.8955
25.6426
24.7860
26.7572
27.5580
25.4314
25.7761
26.4298
25.4272
24.0399
25.7380
24.6980
24.0516
23.3931
23.9089
25.1060
23.4622
24.2015
24.6025
23.6909
24.8466
24.8275
24.0759
24.4854
24.1666
26.7481
25.8238
24.2618
25.5987
24.2668
24.0792
24.6832
24.1855
24.4377
23.7737
23.6879
24.3828
24.6062
22.8471
22.9840
24.2162
24.4456
25.9296
26.4272
26.5707
25.4778
24.0517
24.5611
23.5363
24.3258
24.1344
25.8854
25.4761
24.6148
25.0826
24.6738
24.5505
25.4416
25.7568
25.9170
23.9434
24.7106
25.0986
24.5594
23.6000
24.2881
25.4912
25.6393
24.8361
25.7981
24.4357
24.7965
23.6067
23.6428
24.5925
24.9675
23.0252
23.7710
23.8527
23.1824
24.5255
25.9640
25.4930
25.1776
25.9312
24.7675
25.3744
26.4591
25.6190
26.6163
24.6445
23.9700
24.1012
24.6127
24.2756
25.2911
25.7307
25.9661
25.9045
25.2939
24.5209
25.1624
25.5092
26.0445
28.4078
26.1506
24.7339
25.5956
25.8485
26.2125
24.6569
22.8626
23.4396
22.2104
22.6834
22.4259
22.9389
22.4305
22.9972
22.4213
21.9961
23.1203
23.7151
22.5615
23.3487
23.6067
22.9435
22.8294
25.2811
22.8543
23.1237
23.4603
23.0936
23.2410
23.0379
23.6551
23.4530
24.0188
23.5952
23.6734
25.1596
24.9604
24.7063
24.6493
26.0116
25.6769
24.7338
22.8901
24.5718
24.5043
26.4877
24.6714
24.5494
25.8984
22.4602
23.1666
23.2737
24.5257
25.0782
24.2526
24.4834
23.9566
25.5224
25.6108
24.7860
26.1554
24.8669
23.1301
23.5521
23.7652
23.3936
24.1112
23.2810
23.7607
23.5909
24.6471
25.0393
26.1074
25.8380
25.9793
24.0736
23.1793
24.6692
24.7330
26.3817
26.5454
25.7483
25.3794
25.8930
24.8748
25.3183
25.5052
26.0937
25.6429
25.3479
24.4882
25.5700
26.7696
25.5738
25.1323
25.1135
25.0242
24.1306
24.8182
25.7801
24.8433
25.9378
26.2249
26.0606
25.6954
25.8604
26.2777
25.8308
27.2075
26.9025
26.5524
27.0082
26.9064
26.1244
25.3034
25.6581
26.1671
26.8156
26.3385
26.0731
26.4554
26.6628
25.4126
26.1684
26.1503
25.3979
25.8127
26.6425
25.9411
26.9792
25.7776
26.4064
26.7984
25.9290
27.0963
26.0431
26.3773
27.2046
27.7579
27.6319
27.2758
28.0229
28.6861
28.0678
27.4584
27.4626
27.4419
26.8706
25.4670
26.1325
25.9001
26.3659
25.6243
25.9308
25.5548
26.9548
27.0952
26.8097
27.4496
25.6007
26.0263
27.2655
26.9415
28.4324
27.9370
26.6389
26.3738
26.3344
25.6387
25.8747
25.0821
25.2063
23.8022
23.3093
23.5437
24.3256
22.7690
23.8259
25.0829
24.6361
23.7339
24.9016
24.7509
23.7790
24.1187
24.4685
23.8797
25.2557
24.3286
25.2431
24.3894
25.6197
23.9828
24.2342
23.7361
24.1966
24.1348
24.7946
24.1984
24.3541
24.1418
26.3092
25.4483
24.9162
26.0334
23.9957
24.3652
24.4148
23.7606
23.3412
23.4542
23.3362
23.7851
24.2160
23.1720
23.3495
23.5953
24.7023
25.1688
25.5047
25.9298
26.0034
26.0867
27.8210
25.8111
27.6547
27.1287
28.8937
27.2428
27.1915
27.8918
28.9550
27.5330
27.8359
26.4410
24.9429
25.5289
25.6693
25.9159
25.1072
26.5284
25.3566
27.8474
29.2556
25.5441
27.4222
25.1794
25.7796
28.6032
29.9757
28.5565
26.7742
26.0349
27.7063
26.9209
25.3100
25.0324
25.7408
26.1803
24.3878
24.2669
24.9960
26.2514
25.7465
25.7060
25.9294
26.6122
25.4818
24.6300
25.4067
24.5858
25.3391
24.4139
24.7170
22.5828
23.6612
24.0567
24.4642
24.0056
24.0682
23.0461
25.1493
24.2018
26.1711
24.7726
24.9933
24.6388
24.9523
24.5048
24.4508
24.9258
24.7982
24.1899
24.6650
24.7231
25.1266
24.8694
25.4241
25.1602
23.8761
24.6413
24.0885
24.8384
25.6150
24.4524
24.9907
23.8128
23.6965
23.6491
24.5552
23.8077
25.2236
24.6642
23.4630
23.4560
24.8994
23.9798
25.0027
25.3394
26.0978
25.3415
24.8955
25.2698
27.3583
25.8083
26.3619
26.2211
27.0590
26.0399
24.5115
25.0007
25.2758
24.8548
24.9283
25.1919
24.9565
25.1005
24.3433
25.1799
24.4980
24.3276
23.8349
24.2361
25.0326
25.2159
25.0477
24.2213
25.0106
25.0966
25.1963
25.6660
24.9143
24.7689
25.4215
25.0175
24.1696
25.1262
25.3860
25.8191
24.3765
24.5681
25.2810
25.2156
24.3434
25.7276
24.4436
25.9232
25.9022
24.0358
23.3280
24.6792
25.4532
25.4566
25.4732
24.1984
25.0535
24.0684
25.3219
23.6893
25.0120
24.2381
24.1790
24.7481
24.6242
24.7629
26.2923
25.7973
26.3860
25.5969
23.9740
24.7765
24.7543
25.4229
24.1857
24.5020
25.4220
24.9982
24.7882
25.1264
24.4485
24.6036
25.0809
24.3430
23.4478
24.6598
23.4230
23.3679
23.2194
24.3412
23.6413
22.5753
23.3913
23.3383
24.4223
24.4763
25.6721
26.2789
25.6365
24.3361
25.8729
24.8344
25.5361
24.0013
24.5766
24.5750
25.2894
24.4363
24.2191
23.2961
23.6787
23.7846
23.4102
23.9429
23.9779
25.2539
26.8508
25.6162
24.4343
23.3479
24.1654
24.5047
24.5160
24.2329
24.5933
24.4601
23.7946
24.1272
24.0612
23.8413
23.8984
23.1036
22.7661
23.6916
25.0047
23.9044
23.7350
24.6504
24.3930
24.8014
24.4267
24.3089
24.3963
26.4492
25.1372
24.8173
24.6830
25.1011
23.9161
24.1868
24.3661
23.6444
23.5807
23.0365
23.5046
24.0852
23.7282
23.9787
24.0373
23.6947
23.2258
23.1201
23.9720
23.8140
24.3482
24.4023
24.5399
24.0136
24.9326
25.0342
24.3237
25.1114
25.6623
23.8198
23.6910
23.1373
24.3489
24.7736
23.8357
23.2646
23.0097
23.9707
24.6722
24.0114
24.4064
24.9074
23.4606
23.0269
23.8088
24.1333
23.7980
24.0537
24.2728
23.9679
24.2631
25.8257
25.7974
25.2626
25.0085
26.5479
25.7385
25.8818
25.9693
26.5404
25.3213
25.2541
25.3586
24.3864
24.6017
25.4361
25.5594
25.1431
24.8194
25.8063
26.0269
26.2710
25.4442
25.3153
24.7534
24.5157
24.5431
24.4070
24.2210
23.1483
24.5960
24.0846
23.8971
24.3289
24.0216
24.8263
24.4719
23.5574
24.9073
23.6242
24.1914
24.3515
24.1489
24.5467
24.1764
25.3666
25.0173
24.9517
25.2181
25.1098
24.8505
25.0027
23.8731
24.3257
24.0979
24.1327
23.9804
25.0208
24.1252
24.5776
24.0351
24.4118
25.1617
24.6563
24.6190
24.4548
24.5622
24.4298
24.7540
23.9814
23.9113
24.2722
24.6564
23.4839
23.5336
24.3788
23.6463
23.5000
22.6693
23.4164
23.4013
23.6752
23.3813
23.1099
23.3309
23.1289
23.0796
23.7971
23.7026
23.1841
23.4229
23.4860
23.6123
23.2071
24.0845
24.3259
23.2882
23.1658
23.2605
24.5403
23.7805
23.8712
23.7445
23.5395
23.4328
24.3160
24.7928
24.4405
25.3625
24.7188
25.0977
24.8458
24.9966
25.6013
25.0835
24.4250
24.3364
23.4312
22.4225
22.2879
22.3191
22.9082
23.5754
24.7630
23.6261
23.5983
22.9542
23.4151
23.4051
24.9158
24.8250
22.2887
23.0128
22.3472
22.1921
22.5748
23.4449
23.2434
23.1242
23.3034
23.7731
22.2571
23.1123
22.8473
22.9088
22.6239
22.0569
22.5816
22.2295
22.5777
22.4635
23.0691
22.0304
22.6271
22.9012
23.0725
23.1525
22.7508
22.6650
23.3372
23.1983
23.1276
23.5112
22.5131
22.8674
22.7577
22.9218
22.5184
22.4818
22.2649
23.2421
23.4291
23.4081
23.5993
23.2959
23.2982
23.5432
23.9316
23.6290
23.4821
23.1903
23.5048
23.6358
23.7314
23.3137
23.2882
22.8929
22.8537
22.6556
23.2867
23.1212
22.1877
22.7751
23.6521
23.1090
23.4424
23.1401
23.6497
23.3398
22.7663
24.3127
23.8580
24.0144
22.8642
23.5167
24.0889
22.3087
22.4631
23.6969
23.9853
22.7510
22.2167
23.5948
22.8675
22.6308
23.6179
24.2962
23.5611
23.4147
24.3094
24.1063
23.8501
26.4385
25.1751
24.4904
24.0422
25.0700
22.9535
24.2127
24.0701
23.8749
23.8160
23.5350
23.2746
23.5769
23.3170
21.7854
22.7452
23.5056
23.7470
23.5911
24.0856
24.2747
23.0267
23.6342
23.8539
23.6666
23.8030
23.1477
23.4013
23.5674
23.2514
23.9464
23.7707
24.3372
22.7266
23.3275
24.5277
23.4386
23.5640
25.0736
22.3629
23.3446
23.2124
22.8786
23.6670
23.1605
23.1923
23.8947
23.4806
23.2835
23.0158
23.1799
23.5988
25.0681
23.5080
23.8230
22.7852
22.8430
22.6051
23.7747
24.2960
24.8241
25.2207
24.6855
24.3863
24.1434
24.3451
25.3367
24.8876
24.3154
24.3760
24.0222
23.8881
24.1000
23.5974
24.2396
24.4309
24.0794
23.6463
23.8292
24.3833
23.2121
23.4056
23.8412
23.2614
23.8538
23.3245
23.2888
23.1194
23.0874
24.2373
23.9946
23.7089
23.4103
23.9805
24.4936
24.8125
26.3238
26.6188
26.1038
24.8341
24.2615
24.8251
25.0562
25.6665
25.1426
24.7873
25.5146
24.5257
24.1501
25.7802
25.2396
25.6114
25.3367
24.0668
23.9674
23.3027
22.7265
23.0056
23.5045
23.4559
23.2443
23.1137
22.7245
25.0638
24.1575
23.7112
23.6857
24.3590
23.7520
23.6571
22.9583
23.4962
23.7909
22.9964
23.2479
23.5797
23.8488
23.4038
23.2385
23.2938
22.5967
23.1681
23.5657
23.8009
23.7063
23.5286
24.1641
24.2034
23.3088
23.9780
24.7079
24.3503
24.4069
24.2158
24.7659
22.9666
25.1634
25.6115
26.4435
25.9137
26.2724
25.7990
26.2621
25.7981
26.7496
25.6842
25.2768
25.3643
25.7131
26.5914
26.0813
26.5923
25.0771
25.5393
24.6886
25.1544
25.9054
25.3658
25.6916
24.6840
26.0800
24.8063
25.0301
25.6509
24.9380
25.6416
24.7674
25.5529
24.9569
27.4316
26.2706
24.9821
25.1709
25.0249
25.6731
24.1564
24.2566
25.0041
23.6250
23.9067
24.8732
24.9581
24.3594
24.7601
25.2321
25.0782
23.4672
24.2974
23.8751
23.9137
23.9926
23.9551
23.8861
23.8305
24.4305
24.1587
24.0212
23.6804
24.6559
24.2335
24.3071
25.0890
24.0751
24.4479
25.3042
26.0492
26.2473
26.4527
26.3624
25.7739
26.1032
26.4645
26.2624
25.4720
25.9063
25.8102
27.6143
26.3324
25.2760
25.3663
26.1491
25.5195
25.7129
26.0212
26.8693
27.3969
26.4068
25.1242
25.0035
23.9156
25.2514
24.9002
23.5678
25.8596
24.8881
23.9901
24.9126
24.2538
23.6657
23.7727
25.1035
23.5523
25.3649
25.4023
24.5525
23.6287
25.2153
26.7998
26.1854
24.7588
26.6135
25.5164
25.1560
24.5837
24.1608
26.0190
26.0787
25.6669
25.0441
25.2875
26.1530
25.7084
24.9038
25.5336
25.1607
23.4513
25.0452
25.0452
25.6545
24.8198
24.6191
24.8918
24.9112
25.3376
24.3940
26.0290
24.6216
25.0453
24.9952
25.3052
25.9203
25.1881
25.4033
26.2356
26.0533
26.1081
24.1816
24.4809
26.4074
26.2427
23.5800
23.9829
25.3279
26.1673
24.2256
23.8081
24.5464
23.8677
24.6307
24.0124
23.6609
23.5728
24.2560
25.7702
25.7101
26.6890
26.6257
26.0096
25.6880
26.2024
26.1213
26.8026
26.6941
26.2469
26.6740
26.1041
25.3016
24.9873
24.7051
25.1727
24.0892
24.8782
24.5112
25.1424
25.3968
23.8091
24.0309
24.2609
24.8134
25.1493
25.3093
26.5739
25.3503
24.3030
25.0197
24.5110
24.8709
24.9788
24.5232
24.4956
25.3183
25.4885
24.4624
24.3421
23.8845
23.9141
25.3468
24.8825
23.8020
24.8405
24.5283
24.6280
24.8707
25.1382
24.7368
24.4309
26.2352
25.3299
24.0961
25.0629
25.2026
27.0538
24.7125
26.5686
26.5254
25.4169
26.6216
26.3042
25.4342
24.5656
25.2978
25.8671
26.6353
24.8758
24.0128
26.7210
25.8477
25.7995
24.9954
26.3564
25.3211
24.5567
24.0678
23.7999
25.3957
24.8118
24.4843
24.1376
24.9019
26.0229
25.1094
24.0309
23.1616
24.5143
25.2005
24.5562
22.5861
22.3973
21.8338
21.3199
21.9310
22.3081
22.0836
22.5898
23.8004
22.4652
22.3858
22.5236
22.7037
22.5635
22.6589
23.0927
23.3929
23.0579
23.5075
22.2079
22.0567
22.9407
21.9389
22.1729
21.5917
22.4249
22.4827
22.1613
22.5843
22.7573
22.2398
21.9729
22.7467
23.0205
22.5120
22.7821
23.6131
23.0421
22.6239
21.5943
21.7217
21.9652
21.6444
22.4494
22.1989
22.1939
21.4488
21.6987
22.6471
22.0680
22.2338
22.8504
22.9400
23.2959
23.0549
22.7318
22.6747
22.8184
23.3578
22.9860
23.6748
23.9177
23.0473
24.3899
23.1328
22.6295
21.8646
22.0155
22.5694
22.2919
24.3752
24.2631
22.8982
23.1729
23.9391
22.6491
23.8153
24.2552
24.0273
24.8566
25.4021
25.1029
24.4739
24.6777
23.4417
23.7434
23.5453
26.0007
27.1023
25.8864
25.5630
25.7041
26.1781
25.6307
25.2052
25.3271
24.4063
25.6843
25.0045
25.8353
25.9420
25.6182
24.9180
25.8925
25.6421
24.5744
25.5994
25.7368
26.6069
26.5729
29.1832
26.7775
26.2704
27.1923
27.2165
26.9975
26.7228
26.4009
27.2833
25.2730
24.3628
25.3105
25.9742
25.8453
27.8113
26.3948
26.5268
26.3370
24.9838
25.1888
26.4051
25.4794
25.8192
25.8279
25.4214
25.4953
26.0589
25.8304
25.1197
24.5727
25.5148
25.3396
26.4022
25.4339
25.1980
25.5582
25.0528
25.1802
25.1749
25.2074
24.5764
25.1024
25.3427
25.4500
25.4399
24.4616
25.7046
26.3347
25.3911
25.9715
25.1975
26.2900
25.1976
25.4178
26.3503
25.9339
26.0985
25.4719
26.2189
26.2019
26.1212
25.8809
25.1905
25.1853
24.7419
25.5200
26.5290
26.2565
25.2347
26.4158
24.6138
25.2653
25.4831
24.4981
25.1199
24.9684
25.4633
24.7511
25.0957
25.5363
24.6221
26.4602
25.5805
25.9488
27.1808
26.9077
28.0033
27.1555
26.2782
25.2456
26.1099
25.9781
24.2935
24.3292
25.1227
23.9078
24.3000
24.9198
25.3594
24.8036
25.1553
24.9062
24.5258
25.6359
24.4550
24.7875
25.2680
24.2597
24.9574
25.9172
25.3135
24.8732
25.1433
24.2870
25.1459
25.6899
27.3051
26.6175
25.8581
26.6290
25.3333
27.7103
26.5995
27.1901
26.9108
27.6531
26.8733
25.5870
25.7299
25.7311
26.8783
24.3309
25.7540
26.2538
24.8433
26.0116
26.6575
24.5915
25.8931
25.8502
26.2796
26.8061
26.0064
25.9505
25.7359
26.3336
24.3792
25.9726
26.3756
26.6063
27.7738
26.2011
26.6076
25.9453
26.8627
26.1885
26.2430
26.2995
26.7628
25.9387
25.8107
26.2751
26.2854
25.9571
26.2464
25.2063
26.4623
26.0348
25.5820
24.2517
25.2045
25.4463
24.4550
25.2584
27.2054
25.7474
28.0689
27.2500
27.0508
26.9601
26.6187
25.6382
24.7516
26.0762
27.3113
25.4337
27.8518
27.4113
25.8185
26.2565
23.9996
26.3478
25.9468
24.7774
26.0409
26.9171
27.0567
26.8376
25.8871
26.4822
26.2140
26.6848
26.8088
28.1376
27.1907
26.8208
26.5233
27.0676
24.8284
24.8706
25.6084
25.2698
25.4639
24.7486
26.1137
25.9939
27.2820
26.9920
27.6806
27.0302
27.2447
26.5210
28.1293
28.8333
27.4575
27.6098
26.6011
26.7566
25.7705
25.3773
25.1331
24.7878
24.6677
24.8283
25.5404
26.4317
26.1990
26.3568
25.1240
25.7957
28.0822
27.6050
26.6195
27.6573
28.7955
28.1575
29.8944
26.7664
26.6833
26.7217
27.6497
25.6456
26.5931
25.1899
25.5568
25.0155
23.7753
22.6182
23.5807
25.2609
26.5050
25.2333
25.8400
24.6776
25.2011
25.5158
25.1223
23.3509
25.2664
24.7807
24.3494
24.1640
25.5431
24.0334
25.6175
24.4930
25.0883
23.9382
23.4157
25.0644
23.8793
24.9015
25.6015
24.3468
24.5657
24.8668
24.2762
23.6315
23.6140
24.3837
25.5367
25.7024
24.4387
25.5440
24.9082
24.6208
24.5067
25.5420
24.0425
26.1647
24.5286
24.4531
24.1678
25.0595
23.7920
25.5366
25.0080
25.1941
27.3523
27.4604
26.9085
25.4963
24.5763
24.2813
25.4916
24.3444
25.8091
25.8670
25.0879
25.5391
26.3129
25.5171
25.2617
24.4143
24.8320
24.4485
25.1201
23.9215
24.6191
24.3519
23.9162
25.5532
24.3181
25.3927
24.3155
24.7563
25.9997
26.1052
25.1663
25.4817
26.3769
24.9472
27.4395
24.6794
26.1595
24.6794
24.7462
24.2166
24.4338
23.9685
25.0868
25.7281
24.6271
23.7928
24.4916
26.3622
27.0504
27.9320
26.3059
25.1187
24.7193
23.9289
23.5900
23.8970
23.9923
24.4101
24.9111
23.9945
24.7322
26.9357
24.3913
24.7507
25.1364
25.0901
24.8100
25.4884
25.3752
25.0290
25.1948
25.4127
25.1717
24.9007
24.6777
25.3366
25.8074
25.9785
27.1136
26.4472
26.0270
25.7659
26.4892
26.7105
25.7284
24.8337
24.0793
25.1276
23.9700
24.2517
25.2241
24.0542
25.9560
26.1184
25.7665
24.8615
24.9036
25.4560
25.0502
24.5786
25.7087
25.3685
24.5693
24.5495
25.6762
25.5802
25.2079
25.6699
25.4587
24.2243
26.0072
25.6069
25.0770
23.8709
25.2158
25.3347
25.7430
25.4116
24.8809
25.5235
24.9696
24.5404
25.2161
24.6091
24.4363
25.5509
24.9598
25.1747
24.1014
24.7328
25.0272
25.7959
27.3124
24.9060
26.4815
27.4309
27.2220
26.6763
28.8505
26.2920
27.6026
26.4154
26.7818
26.4477
26.4057
26.1351
24.8894
24.6719
24.7217
25.9591
25.4780
25.7084
25.6863
25.9043
26.1651
26.6122
27.7242
26.4108
27.6496
28.2989
27.1316
27.2860
24.9498
26.6010
26.3992
24.4132
24.7144
26.5666
23.5989
24.8955
24.1052
23.9982
25.1935
26.1972
25.7311
24.9802
24.7192
25.0909
25.4440
26.2627
24.2934
24.2170
24.3890
23.7225
24.8864
25.1342
24.8595
25.7115
26.4024
25.5043
26.1987
26.5771
25.9858
25.6692
25.8061
25.3019
25.5584
25.9809
24.4378
24.2613
24.1314
24.2122
24.9548
23.9804
23.9589
24.7587
25.3996
25.0508
25.2850
25.8588
25.4142
24.7860
23.8914
26.3196
24.7784
25.7533
26.9174
28.7859
26.3204
26.5045
27.2546
25.2548
25.9735
25.0892
25.6099
24.4668
25.0770
25.1182
24.6834
24.3848
25.6637
25.0283
24.8371
27.1652
25.8650
23.6704
23.6653
23.4058
22.5843
23.7523
24.7471
26.1303
24.6465
25.4253
24.7457
24.1971
24.8757
24.4647
23.1536
24.7400
24.0171
23.7173
23.5398
26.1200
27.7393
25.9384
25.0835
25.1003
24.3848
26.1082
22.9181
22.7455
23.4767
23.3846
24.8952
24.2168
24.7631
24.5790
24.3423
24.7413
24.5028
24.5672
25.0802
24.4748
24.9321
25.0038
25.0224
24.4087
25.4305
24.8901
24.1227
25.3940
24.7330
25.1620
24.7698
24.9732
23.7493
23.4755
23.9296
23.8702
24.2863
24.3235
23.5493
24.2173
23.0524
24.3722
24.2414
23.9097
24.4591
24.2142
23.4159
24.5111
23.2166
24.4295
24.1146
24.2251
23.9934
24.6400
24.0442
23.5115
23.0181
23.1364
22.1924
23.4722
24.2290
23.3824
23.6776
23.8164
23.6936
24.0885
23.1854
24.7619
25.2136
24.5039
24.5068
24.0335
25.0867
24.5935
24.9169
25.1214
23.5235
24.8177
24.9823
23.9260
24.2237
23.8751
23.5353
24.0683
25.0088
25.3195
26.0998
25.6960
25.0608
24.6277
23.8675
24.7918
23.2544
24.1912
25.0159
24.7501
26.9445
27.8951
27.1417
25.1162
24.9492
24.6012
24.8679
24.0742
24.6096
24.5231
25.2192
25.0984
25.1237
24.0976
24.5549
25.6741
24.3464
25.8351
25.0320
26.0671
25.7132
26.1187
27.0273
26.0387
26.0508
26.5602
25.6938
25.4905
25.1115
25.3903
25.0178
25.7147
25.5384
25.7409
25.8436
26.1266
25.4415
25.5278
24.9921
25.0346
25.3379
25.9289
25.1415
25.0773
26.6497
27.0805
26.3345
25.4583
25.2843
26.9422
26.8429
28.3058
27.7613
27.6836
25.8187
26.9723
27.8467
27.2865
26.9971
25.9974
28.0219
28.1083
29.5562
28.0166
26.8722
27.0497
26.8779
26.4069
27.8814
27.1565
27.6452
27.4973
27.3091
25.5147
24.1187
24.5047
25.9625
25.4272
24.7899
25.3629
24.9986
26.0629
25.8064
25.4405
26.1907
26.6485
27.1197
26.2851
26.1373
27.6412
28.5895
28.2383
27.6178
28.4991
27.0172
28.0168
29.0223
29.9948
29.8780
26.3267
28.0949
29.5991
28.6412
28.7471
28.5104
27.3876
26.7110
25.5428
26.0857
27.0858
27.6272
28.5345
28.1559
27.4394
26.8253
26.8469
26.3768
26.3528
27.2506
27.7737
28.2782
27.3796
27.0881
28.3160
26.3396
26.8336
25.8917
27.9299
26.6941
26.2242
25.5982
25.5392
26.5165
26.2791
27.9736
27.7355
25.6268
25.3994
25.0854
27.3146
27.6003
27.8943
28.9447
26.3797
25.6551
27.8250
28.2952
26.4412
27.9280
27.9764
27.1074
27.4345
29.2554
30.0381
30.1735
27.5898
28.8880
29.3530
27.9273
24.9487
28.7405
28.6301
28.4919
26.2956
28.4683
27.2398
27.3698
25.3875
26.3125
27.7683
26.6831
27.2357
27.0730
26.2713
25.6023
24.8766
26.3025
26.6330
27.0428
25.0309
24.1291
25.1256
25.1839
25.8178
26.0615
26.4858
27.7883
26.6514
26.9734
28.3621
29.3354
26.6549
29.7054
29.1561
29.3266
30.7825
26.8560
30.1641
28.2634
29.3625
29.7643
27.5584
27.2832
28.2946
27.8660
27.8171
28.3728
28.2419
27.3052
28.7624
28.7628
28.4508
28.5441
28.2571
28.7702
30.6030
28.3675
26.7835
27.5782
28.5196
28.7435
28.2309
26.8920
26.6535
27.2595
26.6667
28.1639
26.4671
26.2506
27.0778
27.1757
27.6858
28.4294
28.9016
27.7415
26.5718
26.7763
26.9730
27.7856
28.1120
26.8796
28.0907
28.2774
26.9370
27.6128
26.9347
26.9358
26.5070
25.3996
27.6475
27.4672
23.8798
24.2719
25.4517
25.1101
26.4115
24.0577
23.9517
23.6082
24.5396
24.9538
25.0508
24.8759
23.8169
24.8157
25.3481
25.0368
25.4400
26.1325
25.8557
24.6502
26.6270
26.3107
25.0779
25.8182
25.7065
25.2906
26.4437
25.9810
24.3213
25.2590
25.3916
25.1907
25.8410
25.4674
24.1002
24.9461
25.1964
24.9496
25.1221
24.9795
24.5067
24.8429
24.3120
24.5338
24.9597
25.3467
24.9432
25.1564
25.3576
25.1366
24.1166
24.3897
25.0424
24.7627
23.4234
22.6816
24.4009
23.5819
24.7477
22.8797
23.4380
23.8244
23.0969
23.4671
23.6296
22.9660
23.1898
24.2752
23.8739
23.3030
24.9130
23.5336
24.5110
23.4528
24.3712
23.4739
24.4375
24.0075
24.7913
23.7755
24.5313
24.5233
23.5982
23.5500
23.1248
24.4489
23.7650
24.0211
24.1331
23.9470
23.1548
23.3303
23.7576
23.8343
24.5795
23.9186
24.8508
23.1591
25.0412
23.1405
23.1406
23.6048
23.5812
23.8251
24.0670
22.9820
23.2920
23.2115
21.9870
21.7307
22.6092
22.3802
21.9627
22.6779
22.3854
23.0178
23.0918
23.3107
22.8567
23.2588
23.5051
23.0124
23.2435
22.4043
22.9603
23.5067
23.2145
23.7395
24.0574
23.9430
23.9920
23.1076
22.7207
22.0372
22.8985
22.0524
22.4987
23.1825
22.5728
23.6759
22.5411
23.2776
22.2547
23.5042
23.9895
23.7897
24.7113
23.6595
24.6815
25.2050
23.5441
24.3531
24.2345
23.4525
23.9786
24.0744
24.0059
23.4673
23.2134
24.7617
25.1251
25.7610
25.6610
27.1533
26.1175
26.0780
26.2600
26.8880
24.2988
24.3804
23.3722
24.0496
24.8138
25.1803
25.4139
25.6840
23.9092
23.2104
24.6499
25.0767
24.1076
23.7800
24.3707
24.9800
25.3803
25.9292
25.8371
26.0449
26.4097
25.9923
25.6909
25.6663
25.2522
24.4693
23.7985
22.6908
24.3578
25.6250
25.0491
24.3555
23.9668
24.2748
25.7442
25.6782
25.5253
26.3709
26.9163
25.2266
25.3127
25.3183
26.7259
23.6860
25.0182
23.9650
23.0541
24.4103
24.0352
24.8347
24.9222
25.8582
25.6379
27.0547
27.0742
27.3621
28.0388
27.6612
26.9226
28.2923
26.5269
26.6126
25.2133
24.9935
25.9088
26.8255
25.5233
23.2511
24.7195
23.2566
24.4551
23.5413
24.5591
24.8602
23.8582
24.2411
24.9165
24.9145
24.8077
24.2831
24.1818
24.0124
23.7516
23.9846
24.8816
23.8204
23.8619
23.7595
24.4682
24.2323
25.7459
24.7988
27.7208
26.0004
27.6568
24.5825
25.2981
25.5529
26.4008
25.7811
25.8862
25.8254
25.0949
25.3675
26.5487
25.7728
26.0134
25.0245
24.8715
25.2614
25.3746
25.2450
24.4745
25.5824
25.3255
26.3392
25.3117
24.4113
25.3137
25.3936
24.4302
25.0868
24.3232
24.6414
25.4457
23.0407
24.7035
23.5111
23.4429
24.6820
24.9756
23.9162
26.3370
24.1587
24.7289
24.7133
23.6023
23.6289
23.5876
24.5399
24.4547
24.9100
24.8479
25.3028
27.3536
25.7988
26.9695
26.8709
28.6863
27.2402
25.4136
26.9777
26.4157
26.3072
24.2736
24.5149
26.4691
25.1885
25.8396
26.5534
27.6731
26.2294
26.7136
27.2633
26.2147
25.6782
26.6451
28.2586
27.3146
25.6538
26.9205
26.1818
27.4915
27.0703
26.2824
27.1501
25.9971
25.4223
25.8060
25.9217
26.3364
26.9844
27.5653
26.5467
26.3289
26.1362
26.7033
26.6801
26.6741
26.4760
23.7421
24.3244
22.9719
23.1226
23.0294
23.5122
24.3561
24.2767
24.0918
23.4320
24.8246
23.8857
25.2777
24.7425
23.1445
22.8408
24.3639
24.3302
23.6724
23.9421
24.1833
25.1546
24.7102
24.0549
24.3323
24.7878
24.3203
25.1011
24.9339
24.1535
24.5765
25.0774
25.3373
25.0982
24.9531
24.7897
23.9734
23.4987
24.5319
24.2315
23.7031
24.6051
24.6237
24.4810
24.7369
23.7356
25.0274
24.4423
24.2263
24.4885
24.9121
25.3065
24.8672
24.9079
24.2738
24.8156
23.8544
24.9922
24.7766
25.4450
25.4605
24.6346
24.0957
25.1146
26.9769
24.9807
24.7140
25.9328
24.3163
24.9971
24.7071
23.8669
24.1526
24.2726
24.7115
23.5970
24.6407
24.5736
24.3867
25.2985
25.1686
25.7942
24.7568
25.2461
24.9709
24.7522
26.0673
25.5971
25.0785
23.6819
24.0411
23.9431
23.4064
24.2159
23.3401
25.0999
24.7002
24.3235
24.4983
23.9849
24.8611
24.0612
23.8565
24.1762
23.5378
23.4675
24.8217
23.8388
23.6613
23.5999
23.2630
23.8085
24.5306
23.5726
24.4344
23.2954
23.6107
23.7013
24.6996
22.6725
23.2310
22.3528
22.8982
23.2529
23.1841
23.2363
22.8040
22.3170
23.4950
22.6535
24.2196
24.1772
23.9984
24.6563
25.2646
24.9490
24.8007
24.7266
26.1170
25.4693
24.7103
26.2282
24.8553
25.3249
24.7812
25.5690
24.7450
24.3499
24.9859
24.5679
24.9432
24.8958
25.6378
24.4831
25.0058
25.2553
26.6176
24.9623
24.7289
24.8993
24.9117
24.4384
25.2961
24.5819
23.8938
25.9513
24.7933
26.8257
25.6628
26.3333
26.0362
25.8903
24.7025
26.3981
26.4875
25.6853
25.4031
25.8224
26.1563
25.9924
26.3569
26.3623
25.1567
25.6730
25.6156
25.4049
25.0610
25.7464
25.3319
26.1034
25.8215
25.2540
24.9507
25.4604
25.5177
25.4076
26.8155
26.9224
26.4172
26.6267
25.8398
25.6425
25.6646
25.0586
25.3077
26.3034
25.9754
26.1850
26.5928
26.6141
25.7732
24.4490
25.4656
25.7078
25.0905
25.9539
25.9637
25.1218
25.0993
24.5572
24.5245
25.2308
25.3797
24.2959
24.1930
24.3058
25.3157
25.1515
24.9809
25.8006
24.6978
25.0019
25.9003
27.3269
25.9647
25.8414
25.7766
25.2219
24.5566
25.5595
25.2648
25.0216
26.8099
25.4993
25.0629
24.8903
25.2061
25.6517
24.7173
25.8946
25.7007
25.3833
25.7555
24.5714
24.9668
26.1806
25.7840
24.9168
24.6536
25.7588
26.5217
24.6775
25.9268
25.1835
24.7546
25.3494
25.3865
25.8963
25.7436
25.6178
25.5425
25.4927
25.3802
25.5352
25.1430
25.8038
25.4018
25.7939
25.1880
25.3311
25.5247
24.4897
27.3404
26.7612
26.6372
27.0155
25.9484
27.6047
25.9253
26.9351
27.5294
25.8076
25.8046
26.1356
25.6701
26.3606
26.7129
27.1748
25.8248
26.6496
25.9522
26.7159
25.9282
25.9723
25.4665
26.7248
25.8376
26.8384
24.7265
25.9883
26.5998
24.1959
25.2946
24.2033
24.3384
23.2783
24.6288
23.4301
22.6837
23.8602
23.4394
23.4398
24.2304
23.9559
24.1913
23.5346
24.0527
23.7412
23.7814
24.1604
23.8491
23.8896
23.4940
22.6538
24.6501
23.8944
23.7937
22.5104
23.3846
23.5781
25.0920
23.7493
23.8951
24.2298
24.0882
23.8771
23.8807
24.4051
24.2831
23.9361
25.6685
24.3667
23.9675
23.5199
24.9821
23.1395
22.8634
24.4661
24.7431
23.7156
23.2556
23.7687
23.8431
24.8394
25.0363
24.2811
24.0517
24.6435
24.0004
25.0930
23.4411
23.7722
24.0622
23.8860
23.2971
23.3199
23.5755
24.0423
23.9018
23.7305
24.2446
23.7562
24.3410
23.7213
24.0555
23.5882
23.8370
24.0580
23.5749
24.4556
24.2137
23.7762
24.9145
23.7145
23.2078
24.3607
23.1876
24.2466
23.2264
25.0883
24.6142
23.3825
25.4656
26.4711
25.0206
24.0367
24.7221
24.5672
25.0454
25.8814
25.1914
25.4576
25.4415
25.2266
24.8480
25.5120
24.7313
24.9045
24.8505
25.1838
25.1381
24.7738
25.0169
25.3682
24.2126
25.3095
25.4196
24.9734
23.8161
24.5609
24.5333
24.4627
24.0552
24.9838
24.9106
24.6323
24.9590
25.2744
25.4406
23.8036
24.9258
24.4097
25.4809
24.9164
25.1655
24.0536
23.8610
23.7747
24.4082
24.3294
24.9254
25.0857
24.2133
24.1240
23.6845
23.9898
23.9588
24.2843
24.7858
24.4212
24.6852
24.6842
24.2350
24.0788
24.4616
24.1457
24.7054
23.8393
23.9349
24.5394
23.3417
23.9795
23.7738
25.4273
24.0235
23.8656
25.1655
24.4978
24.9995
24.1019
24.8795
24.5488
24.7618
24.8178
25.4690
24.1464
23.4658
23.0302
23.9515
24.2917
24.1410
24.9071
23.5047
23.6947
23.5642
24.6331
24.7136
24.0737
24.6055
24.4402
24.4462
24.5076
24.6212
25.2565
25.9790
25.2498
25.9979
26.4240
25.7490
25.1184
24.5563
24.7144
26.5646
26.8125
27.8340
25.9916
26.4215
25.7514
27.4026
27.1773
26.0059
27.1125
26.7318
27.1164
26.8937
25.6906
25.4872
24.1378
24.8909
24.7136
24.0855
23.8744
24.7772
25.4051
24.3914
25.8706
25.9692
25.6997
25.2272
25.2510
24.1823
25.2879
25.4496
25.1014
24.1202
24.5332
25.0720
24.9481
24.9895
25.1983
26.2948
25.4180
25.0685
25.2734
25.0814
25.4296
25.0801
24.3976
25.4465
24.5819
25.5707
25.7539
24.6762
25.2766
25.1220
25.1442
25.3183
25.3903
25.2827
25.0883
23.9656
25.1004
25.4707
25.0749
25.4812
26.1046
25.3869
25.4471
26.1650
25.6384
25.2357
25.2225
25.2541
25.3396
25.5469
26.0605
25.4816
24.7041
24.8362
25.1762
25.7311
25.0972
23.7894
23.6345
24.1837
24.0025
24.8193
24.8107
25.2371
25.9745
24.7406
24.0647
24.2915
23.7742
24.1091
24.4665
24.4306
24.2240
25.0517
24.4702
25.0991
24.8481
25.1939
25.8341
24.2700
24.3425
24.3920
25.1661
25.2150
25.2880
24.6204
25.5032
25.2386
24.6038
25.0593
25.4162
25.4580
25.2767
24.9954
25.6315
25.7138
25.1091
25.6267
24.8417
25.4578
25.3609
24.4347
25.8255
25.3315
25.3835
25.5776
24.7816
23.7473
24.2712
24.2706
24.6381
25.9527
25.1551
25.7245
25.2190
24.9394
25.8537
26.0085
25.3826
26.8792
26.4755
25.9151
26.1715
25.7893
25.4619
27.8042
26.5806
26.9799
25.6057
25.9977
24.9355
25.1135
25.5065
25.8146
24.9255
26.9064
27.0115
27.2885
26.9749
26.7952
29.1220
28.8899
26.6969
26.2737
27.3149
26.7261
26.2682
26.8199
25.0225
25.1345
25.2589
25.6729
25.2103
24.8091
26.6625
25.3592
24.7326
24.9775
24.5540
24.3515
24.9059
25.1550
25.1761
24.6665
25.0777
24.9863
26.0597
24.6825
24.7988
24.2373
27.0003
26.5958
25.9351
27.0899
26.4706
25.6066
26.8738
26.3521
27.1693
25.7969
26.0156
26.6094
26.5494
26.9133
27.2887
26.4817
28.3913
28.1123
26.2017
26.9042
26.9879
24.7893
25.7510
25.5388
25.6716
25.5959
25.3332
24.6872
24.6905
25.5443
24.8979
24.0361
27.5053
26.8689
27.3086
26.4109
26.4250
24.9805
26.3386
24.3021
24.8952
24.5160
25.5277
25.0848
24.9831
24.8495
24.4432
25.0121
24.5498
25.0597
25.2599
25.0486
25.4585
25.8378
24.7813
24.4826
24.0169
25.1149
24.6324
24.6779
23.9980
25.9671
25.4622
25.6223
25.3749
25.6651
24.6249
25.3504
25.9150
27.1274
25.6534
25.0624
26.2364
26.3015
26.0530
24.7967
24.9594
25.7225
25.3958
25.5788
25.6366
23.9941
24.3826
25.6677
24.4007
25.1807
25.1277
26.5059
26.1410
24.8620
26.1269
25.3945
25.3961
26.0169
25.7613
25.4786
25.8566
25.3832
25.5427
24.9158
25.5232
25.1536
25.6246
25.7560
25.6705
25.7390
25.3284
26.6881
25.2960
25.5896
26.4139
25.9366
26.4168
25.5209
26.9689
25.7021
26.1710
26.9093
26.4397
24.2499
26.5718
26.4150
26.6189
25.7214
26.4265
27.2704
28.4988
26.3757
26.7185
25.0170
24.9440
25.4681
25.3108
25.5239
26.0950
25.5303
24.7018
24.7779
25.3771
25.5181
24.7746
24.8984
24.6470
25.2917
25.4789
25.6536
25.4887
25.2511
25.1719
24.2805
25.8973
25.2003
25.3892
24.9815
25.4391
25.1136
25.1882
25.0730
25.0559
25.3561
25.2773
25.1538
24.4633
23.9766
24.8271
24.3813
24.9702
25.6322
24.9751
25.2899
25.0149
24.9457
25.3388
25.3856
25.7827
27.1725
25.3162
26.2327
25.0211
25.1744
25.0804
24.9106
26.7440
25.2288
26.2591
25.2126
25.4337
25.7045
25.3486
24.5506
26.1398
25.5824
25.5343
25.8529
26.6431
25.3006
25.1650
25.6968
25.6692
25.2403
25.5279
25.9590
25.6568
24.6706
24.2530
26.3169
25.6447
25.1107
24.3706
24.4129
24.9522
25.4866
27.3859
28.8763
26.5863
26.7164
24.8992
25.4263
25.6929
26.6014
25.4232
25.8094
27.2366
26.1921
26.3371
26.1133
25.1165
25.3275
26.3793
27.3905
26.1610
26.9608
26.4459
26.5436
27.2345
26.2572
27.0733
26.5884
26.0277
25.4279
26.7652
26.5187
26.1279
28.6208
26.7912
26.2201
26.5359
26.3480
24.9323
26.3538
27.2651
24.4792
23.7822
23.4850
23.8624
23.4274
22.7829
25.2348
24.3731
24.6247
24.8621
24.2014
23.8849
24.9982
24.5113
24.5988
24.3651
24.5041
23.6866
24.7933
24.0935
24.2940
24.3491
24.4699
24.2977
25.5135
24.1977
23.6641
24.8184
24.2617
23.8378
23.6091
22.8695
24.1085
23.2348
23.5679
24.1702
23.6658
23.4567
23.7047
23.6905
24.4535
23.3479
23.3036
23.3631
23.8361
23.5174
23.4954
24.3603
24.4290
23.3994
23.2562
23.5829
24.0650
24.4168
24.6769
24.4874
24.5032
23.5518
24.0846
23.5194
24.2019
23.5219
23.2299
23.0513
24.4145
22.4264
23.8724
23.8192
24.5717
24.4172
23.7827
24.0467
25.1897
25.2229
24.7666
24.4342
24.3130
24.4837
24.2305
24.6026
23.8478
23.2286
23.8967
24.2956
23.5172
23.3809
24.5643
24.1664
24.3371
23.3046
23.9726
24.1849
24.7042
25.9729
24.8869
24.2126
25.3085
25.0169
25.0469
25.3434
24.7419
26.0172
24.7301
25.7350
23.8386
24.4192
25.8922
25.3604
26.0508
25.5207
25.4850
25.2299
26.5743
25.4430
25.8809
25.0691
24.7750
24.5073
23.9289
24.0240
25.1723
24.6473
23.9597
23.2194
24.5088
24.9534
25.2096
26.4113
25.9179
25.8702
24.8598
24.9595
24.9552
25.7903
25.6003
24.1871
24.3540
24.4924
24.2228
23.7603
24.1646
24.1999
24.9353
24.4343
23.4482
23.9797
23.7064
23.8389
25.4503
24.3353
26.8332
26.7592
27.3106
25.3327
25.7601
25.3287
25.4846
24.7454
25.3430
24.9077
24.6252
25.1168
24.7076
24.6766
26.0361
25.6616
24.4671
25.0097
24.3658
25.0687
24.0920
25.0764
24.8266
24.1597
23.9678
24.2781
25.2269
24.9467
24.7696
25.1457
24.8434
25.8564
25.8188
25.5406
25.3126
26.1125
25.1634
24.9534
24.5117
24.4163
24.4991
24.9184
25.2729
25.2162
24.2049
24.6360
25.0859
24.2939
24.8041
25.0118
23.4441
25.8590
25.1687
24.9760
24.9540
25.0217
24.3353
25.4519
24.9254
24.3689
25.1888
24.6159
24.8494
25.4025
24.8556
24.1486
25.1365
24.7509
24.5660
24.3429
25.3912
24.8118
24.5771
24.4394
24.2343
25.1341
24.2519
23.5912
24.7551
23.7394
23.9291
23.7591
23.8417
24.0176
23.4874
24.2647
25.4112
24.4255
24.2573
25.2423
23.8421
23.9732
24.6315
24.0978
23.7608
23.2844
23.4381
23.2019
22.8513
23.8071
23.5400
24.6789
24.6058
24.8444
24.9847
24.3900
24.9454
23.7214
24.3020
22.4209
24.1529
24.0384
24.5167
23.9266
24.2082
24.2055
23.9390
24.3934
24.5139
24.6867
24.8655
25.3532
24.7790
24.3856
24.3662
24.3832
23.7721
24.9929
24.5294
24.4681
25.5348
25.0372
25.2181
25.4352
24.7512
24.6488
24.3555
24.9684
24.4843
24.1198
24.5008
24.5848
25.1752
24.4184
23.9462
23.7060
23.5235
24.7808
25.1460
25.3612
25.3715
26.0028
24.9357
25.1212
24.3883
24.7242
24.7632
25.0676
24.4726
24.5358
24.5914
24.3706
25.1763
25.1588
24.2048
25.1593
24.8537
25.0091
24.8392
25.0716
25.3791
23.9898
25.1803
25.0838
24.7527
24.7235
23.9736
24.9741
24.9448
25.5964
24.7933
24.7830
25.0942
25.1836
25.6893
25.6640
25.1365
25.1544
25.0845
25.1126
25.1009
25.4479
24.7722
24.8516
24.8126
24.8079
25.7382
25.3739
25.2634
24.9555
25.2821
25.1359
24.4906
24.8272
25.3431
24.6879
24.8728
25.5617
24.6551
25.0474
24.6044
25.3260
25.5538
25.1267
24.5669
24.8657
24.9550
24.1821
25.1398
25.2229
24.3896
24.7785
25.0061
24.4671
24.1649
24.6647
24.6271
24.9409
25.0587
24.4977
24.8320
25.2313
24.1592
25.0263
25.0515
25.2371
24.7498
25.4770
24.9467
24.8371
24.0638
24.0581
23.8162
24.2060
23.2967
23.9743
24.2985
23.9798
24.0824
24.3750
23.2824
23.2413
23.7763
23.8027
24.2495
24.0651
24.1285
24.1152
23.4597
24.4759
24.7586
24.2886
24.0247
24.2133
23.8123
24.9690
25.1434
24.8164
24.5155
24.6962
24.7446
25.1015
25.1533
24.0686
25.2806
24.4370
24.6081
24.4832
24.9460
24.9250
23.9711
23.7609
24.3055
24.1848
24.4266
24.7227
25.0111
25.0749
25.1544
24.5509
24.4635
24.5421
24.5329
24.2660
25.0036
24.7682
24.6664
25.0554
24.6843
24.8140
25.3150
25.5077
24.8530
24.6191
24.7134
24.4851
24.8500
25.2292
24.4412
25.9034
24.5707
24.8744
25.0146
25.0474
25.3287
25.2093
25.1519
24.7581
24.7094
25.1820
23.8780
25.3176
24.8675
24.4458
25.6974
25.9351
25.3873
24.6565
25.5728
24.3725
25.0950
25.5038
24.1824
24.8322
24.1384
24.7331
24.5729
24.8081
24.7796
25.4920
24.8882
26.0472
26.5559
25.1483
24.6567
25.2133
24.5405
24.7559
25.2453
25.3668
25.2473
24.6947
25.4792
25.4031
25.4750
25.6043
25.1134
25.2054
24.8685
25.0443
25.7715
25.6772
24.9527
25.4483
25.4295
25.2609
25.1867
25.0312
25.4960
25.2751
25.5858
25.0992
25.0900
25.6039
24.5552
25.3080
24.8631
24.3008
24.9008
25.2043
25.0165
25.7584
24.9332
24.5209
24.9356
24.7297
25.4899
25.9641
25.7523
25.3930
24.9003
25.6322
24.4220
24.8511
25.1286
25.3408
25.0761
24.8114
24.5947
25.2821
25.4993
24.9611
24.9750
24.6903
24.8019
25.0938
25.2473
24.5262
25.7199
25.3257
25.2825
24.9789
26.4004
24.5577
25.3002
24.2321
25.1523
26.3261
24.8794
23.8862
24.5324
24.7785
24.7196
24.7335
25.2596
24.4274
24.9996
25.3502
24.6257
25.2581
25.1032
24.8373
25.6718
24.6621
25.5928
24.8630
24.8737
25.4945
25.1382
25.4191
24.6604
25.4187
24.6877
25.2726
25.3502
24.4523
24.7986
24.2783
25.0531
25.1655
25.5110
24.9926
24.5353
24.8056
25.2093
25.3588
24.7390
25.0424
25.6627
25.4148
26.3173
25.2750
24.5302
24.0921
24.7141
25.7370
24.1624
25.4560
24.3773
25.3444
25.6875
25.4121
24.7496
25.0601
25.3323
24.9198
24.8525
25.0901
24.7494
25.1598
24.6491
24.4207
24.3183
24.6348
25.7178
24.2185
24.1137
25.4901
24.9070
25.3458
25.3465
25.5717
25.4818
25.0357
25.3766
24.3077
24.5942
25.1071
24.7728
25.3202
25.0911
25.1104
24.4083
25.1266
25.3496
24.0602
23.8190
24.6551
25.1445
25.9779
24.6518
24.5586
25.0201
25.6555
24.8881
25.0948
25.7133
25.5599
25.0594
25.6931
25.4306
25.5959
24.7163
25.1753
24.9330
24.6136
24.8629
25.1546
25.0868
26.0827
23.3731
24.9992
24.3887
24.4060
24.1333
24.8734
24.1114
25.2099
26.3233
26.5675
27.0106
25.7451
25.8890
26.6791
25.9166
25.6324
25.0750
25.4132
25.1104
25.2482
25.4792
25.1391
24.3716
24.1860
25.4150
25.7301
24.7092
25.5443
25.2008
25.2402
25.0301
25.3259
24.7515
24.5156
25.2230
24.8941
24.8084
25.5051
25.1193
25.2167
24.2882
25.1208
25.0762
24.0986
25.0629
24.8197
24.8979
24.9052
25.5797
25.3239
25.2772
25.0556
24.9228
25.7097
24.0386
24.5401
24.9161
25.2285
25.1767
24.7698
24.9359
25.3495
25.1753
25.8619
25.1818
24.3208
24.9355
25.0469
24.7820
24.4307
23.4234
24.9343
25.0798
24.9650
24.8599
25.0103
25.6358
24.1080
25.1539
25.4536
24.5716
24.2324
24.4868
23.6930
24.9624
24.6604
24.9453
25.0473
24.7706
24.6068
24.6678
25.3290
24.9895
25.0060
24.4220
24.0548
25.3193
24.1816
25.2099
24.9660
25.0107
25.6636
25.1797
24.6804
24.7326
24.8411
24.7977
24.8273
24.8272
24.3982
24.9617
24.7438
24.4768
24.4620
24.1189
25.1242
24.1015
24.2604
24.3477
25.1016
25.0661
24.0799
23.5871
24.6652
25.3147
23.9008
25.3186
24.3729
24.4151
24.3002
24.4639
24.2758
24.6882
24.6550
24.7149
24.2732
24.3710
23.9336
25.5467
25.2651
24.3639
25.4310
25.3257
25.3345
24.6936
24.8049
24.4474
24.8016
24.8954
24.9601
25.4411
25.6427
24.8381
25.4937
25.7971
24.8328
24.2947
25.2093
25.0474
24.9403
24.7874
25.5743
24.8027
25.5486
24.4161
25.1118
25.0894
25.1092
25.4318
24.5595
25.2859
25.0680
24.8662
24.0838
24.0346
23.9535
24.4762
24.2841
25.0657
25.3312
24.7484
25.4649
25.5144
25.4952
23.8343
23.5813
24.9656
24.0997
23.8795
24.8015
24.9534
24.8932
23.7043
24.7026
25.0324
23.9020
24.8466
25.0527
25.1390
24.3137
25.8184
24.3930
24.9076
25.0228
25.1346
25.2891
24.9246
26.4209
23.6133
24.6966
24.9281
24.2019
23.0365
24.8384
25.5788
24.0893
24.4415
23.7526
23.6569
22.5260
24.4293
25.1864
23.8434
24.3988
23.4100
22.5182
23.6590
23.1483
24.2523
22.4183
24.7190
24.2015
25.1325
23.4258
22.5616
23.0798
24.6426
23.7928
23.8487
22.7188
23.3367
24.0342
24.1081
22.9659
23.4161
23.5571
24.7015
24.1642
23.8736
24.3068
24.3701
24.3774
23.2696
23.6238
24.1963
23.9161
24.3834
23.7857
24.0900
24.3835
24.0368
24.6418
23.9923
25.5883
24.9353
24.1961
23.8478
24.6765
25.4473
24.9317
25.1776
24.7990
24.5872
25.1092
24.1758
24.3323
24.5165
23.8848
24.7723
25.1018
24.8627
24.5440
24.4854
24.8830
25.0385
24.6026
24.6669
23.9768
24.4818
24.0745
24.5203
25.0685
24.6602
25.2422
25.2203
23.9686
24.9638
24.8528
24.7719
24.9755
25.2135
24.7000
25.0805
24.7973
24.8853
25.3136
24.3289
24.8489
24.1102
24.0503
24.6579
24.1756
24.5177
25.3591
25.3001
23.8843
24.1342
24.7596
24.4879
24.4430
24.8857
24.5733
24.8796
24.6847
25.0880
24.6773
24.3369
24.9313
25.2693
24.1048
24.9223
24.0127
25.1922
24.2617
24.5040
26.0694
25.4804
24.9197
24.7498
25.7614
24.2870
24.8096
24.4625
25.6369
25.2435
25.4939
25.5228
24.8707
24.9308
24.9934
25.2857
24.1567
23.6345
24.3308
24.9443
25.0935
25.5034
25.5002
24.9103
25.3603
24.2476
25.0848
24.9226
24.8481
25.0092
24.7829
24.9762
24.8769
24.2178
24.9664
24.4437
24.4410
25.3946
24.4829
24.5567
24.5778
25.7933
24.4691
24.8750
23.6326
24.9578
25.3942
25.2070
24.8184
25.2530
24.7702
25.3816
24.5213
25.0292
25.2242
23.9910
25.1430
24.8882
25.0255
25.5657
25.1924
24.4162
25.0877
25.5755
24.9756
25.3847
25.3048
25.1505
25.3721
25.4662
25.4512
25.4370
25.2792
24.9520
25.0083
24.7872
24.9300
24.8439
25.3095
25.8701
24.4919
24.5679
25.4538
25.5814
24.6932
24.9735
25.3269
26.1351
25.3806
24.8565
25.0839
24.5202
25.3412
24.9154
25.3452
25.3024
24.2401
25.2517
25.1466
24.5294
25.0908
24.8183
24.4844
24.5436
25.3703
24.4260
25.4418
25.4789
25.6049
25.2124
24.7636
24.8846
25.2495
25.3606
25.0983
25.4515
25.1790
25.3325
24.9434
24.4075
24.9490
24.9263
25.3360
24.4660
24.5873
24.3821
24.6967
24.9130
24.8885
24.9028
23.4173
24.3335
25.0201
24.6879
25.4238
24.2644
23.8313
24.4951
24.4290
23.9150
24.8989
24.7718
24.3072
25.3343
26.3365
24.8910
24.7401
25.4160
24.6355
24.9839
24.6848
24.4917
24.7276
26.5713
24.8550
24.5148
24.9771
24.9762
25.2039
24.7288
24.5926
23.7342
24.2162
24.4028
24.7281
24.9537
24.8595
24.8864
24.9983
24.7521
24.7582
25.9895
25.6019
24.6682
25.1235
25.6668
25.0819
24.8547
25.4960
25.2892
25.3612
25.6653
25.5153
24.4828
25.5784
24.7464
24.2348
24.7457
25.8436
25.5342
25.6924
24.3796
24.6572
25.3039
23.5856
24.8694
25.4218
24.7181
24.5435
24.5078
25.2789
24.8103
25.7755
25.3139
24.6369
24.6511
24.3912
24.9941
23.7044
25.2113
24.9980
25.5087
25.5931
24.4920
25.2594
26.1745
25.5163
24.8647
25.2278
25.5756
25.2780
25.4665
26.3241
25.3989
26.3280
25.7387
25.2727
24.5757
25.6288
25.0066
24.6114
24.7182
24.9844
25.5327
24.8449
24.2634
24.7908
24.5825
25.2880
25.1616
24.2004
24.5196
24.9702
25.2835
24.5626
24.6679
25.1105
25.1794
24.9889
25.7135
24.6939
25.2383
25.8214
24.9808
25.0631
25.3980
24.1134
24.8962
24.0997
24.7783
23.6820
24.7030
25.4917
24.4325
24.5059
24.8526
24.2482
25.1586
25.4951
24.6492
24.8209
25.3658
26.4850
25.5774
25.9515
25.2356
25.8747
26.4208
26.5383
25.9700
25.3645
24.9875
25.4923
25.4631
25.7716
24.7080
25.1197
25.4650
25.2899
24.9027
25.0783
25.6496
25.0092
25.7492
25.4986
25.0549
25.2992
24.8081
26.2825
26.3654
26.9133
25.6739
25.7217
25.5295
24.9243
24.7948
25.1877
24.6492
25.1857
25.7903
25.5488
25.3528
25.8127
25.6733
25.3519
25.5139
25.4572
25.0123
25.1903
26.0262
25.4557
24.5109
24.9288
25.0256
25.0749
24.9843
24.9037
24.3358
24.6669
24.5035
25.5894
24.9772
24.9867
24.6568
25.0662
25.2589
24.8474
24.9415
24.9242
24.6152
25.1345
24.9505
25.2314
24.7120
24.6837
25.1647
25.7010
25.4110
24.3888
25.4349
25.3922
24.4064
25.4003
24.8429
24.8348
24.6694
24.9462
24.9140
25.0851
25.3986
25.0012
24.9074
25.0684
25.0446
24.5150
25.0232
24.9424
24.4384
25.1477
25.5624
25.0072
24.9162
24.6820
25.1168
25.1334
25.3918
25.3830
24.4159
24.0471
24.6929
23.9414
24.4201
24.5453
25.5290
25.1250
24.4837
24.7783
24.7625
25.0441
24.9963
24.7022
24.3369
24.8875
24.7335
24.2341
25.1626
25.4672
25.0722
25.0605
24.9628
24.0989
23.9967
25.8964
25.3201
24.8040
24.3380
24.2149
24.7232
24.4946
25.3372
25.1350
24.3016
25.0914
24.7472
24.5825
24.9427
24.3170
24.8373
25.2871
24.5646
25.2359
25.0944
26.7103
25.6083
26.1092
25.5568
26.0174
25.5701
27.3104
25.1493
26.0204
25.3675
24.8695
24.3831
24.6162
24.9416
24.2912
24.4349
24.2058
24.0896
24.5623
25.3296
23.9519
24.8317
24.9056
24.3790
24.5878
25.5958
24.8364
24.4779
24.6467
25.1941
25.0005
24.9409
25.4756
25.8510
25.1501
24.1689
25.3035
24.6539
25.6734
26.0010
26.2966
25.6149
25.4446
26.3405
25.2745
24.9739
24.9125
25.6260
24.1098
24.7642
26.6506
24.9900
25.5224
25.2445
26.2580
25.2187
25.7318
25.5664
25.1579
25.3259
25.1534
25.3716
24.9735
24.3484
26.5137
26.3143
26.1865
25.5407
24.8152
25.3069
24.9212
25.1813
25.2988
24.8025
24.9851
24.1557
25.1508
24.7094
24.6500
25.5984
24.9923
25.4869
25.1000
24.3284
24.4804
24.7770
25.7509
25.0841
25.0390
24.6935
25.3873
25.3326
26.9684
25.5074
27.9076
25.7976
26.6279
25.8719
25.6571
26.8281
25.3231
25.0867
26.1620
26.2486
25.8813
25.0916
25.7642
26.5510
26.1260
25.9592
27.5555
25.6478
26.0063
27.1752
24.9603
25.2909
25.6641
26.5329
25.2543
26.1078
27.0342
26.5189
26.9857
26.8215
25.9269
27.0283
26.5649
24.7813
24.5645
24.0236
26.4614
25.9088
25.6466
26.7326
26.0494
26.8098
26.0270
26.7252
25.7816
26.4377
25.1706
25.1147
24.2142
25.8144
25.0858
26.1821
26.4481
24.8274
24.9591
24.4343
25.2524
25.4841
25.7486
25.5334
26.1244
25.0163
26.4057
26.0934
26.0264
26.0768
24.9081
24.7602
24.2988
24.3713
25.7342
24.2035
24.8779
24.9586
24.7493
25.0301
25.7085
24.6887
25.0355
25.4989
25.9587
25.5662
24.5644
27.2040
27.3170
27.3287
26.3630
25.6866
26.5603
24.7574
26.0236
26.3459
25.8970
25.8683
24.9556
24.8201
25.6819
25.3081
25.2647
25.8038
23.9801
24.9441
24.8666
25.7151
24.7614
25.2954
25.4301
25.4318
25.1222
24.4969
25.0906
25.0187
24.2494
23.6297
24.0863
24.8599
24.7659
24.7898
24.7048
24.3308
25.7604
25.3851
23.9436
25.9581
25.3880
25.1881
24.3557
23.6319
24.4419
24.0185
24.2665
23.6930
24.8861
24.7364
25.7516
24.9346
25.5059
24.9180
25.9027
25.1007
25.4482
25.4679
25.5949
25.5671
25.2453
25.7466
25.5218
24.7694
24.1333
23.4080
24.5556
25.6044
25.2530
24.7288
26.0753
26.1868
25.1389
24.8049
24.6843
26.0834
25.2142
25.1768
24.7291
25.6771
25.1599
25.0827
25.2158
26.3954
26.1053
25.1188
26.5465
26.1706
25.2545
24.6859
24.5915
25.6666
26.3198
27.0071
25.8907
24.9256
24.2776
25.2656
24.7278
26.1519
26.0669
26.1407
26.6255
25.9101
26.6610
25.7901
24.9865
25.0215
25.4423
24.2594
24.8101
27.6784
25.9023
26.3248
25.2239
25.9331
25.0465
24.6547
23.8080
23.8913
24.1445
24.3590
23.3277
23.8937
23.4442
24.1910
25.2878
25.4210
25.3178
25.3557
25.2359
25.3693
24.1053
25.0546
24.5164
24.9048
24.7256
24.8110
24.7595
24.5152
25.3692
23.5014
25.1948
25.3151
24.2304
24.9819
24.6003
23.8880
24.8421
25.1305
24.6551
24.5259
24.8353
24.3804
24.8640
25.2501
23.0563
23.4095
23.8008
23.3723
23.7436
22.7829
23.6362
24.8634
24.4959
24.8197
25.2097
24.4882
24.5588
23.9452
24.5095
24.6950
24.3319
25.0748
24.7430
24.8601
25.2066
24.2861
24.2200
24.6443
24.7172
24.5086
25.0228
25.1009
24.6552
25.4299
25.5465
24.2287
25.0357
23.5244
23.3123
23.6401
24.8956
24.9922
24.7426
24.6916
25.1164
25.0467
24.6803
25.3617
24.5259
24.4630
24.5107
24.2292
24.1759
25.1788
25.2569
25.4909
24.6110
24.6188
24.5952
24.7397
24.2799
23.9482
24.8536
25.3284
24.4113
25.1740
24.8045
24.4577
24.0800
24.2970
23.6473
23.4208
24.1704
24.1591
23.4669
23.2377
23.4560
24.3310
23.0068
23.7398
24.6911
24.6201
24.8014
25.8300
23.6334
24.8452
26.4945
24.8443
26.5708
26.1004
25.0374
25.3684
26.0296
25.0636
25.9954
25.3714
24.2372
24.5572
25.5147
24.4181
24.6031
24.9157
24.6350
25.4179
25.3807
23.1001
23.5713
23.0648
23.2720
23.2615
24.0958
23.2042
24.9104
24.6629
24.9875
24.3668
24.2286
23.8676
24.6864
24.4931
23.5901
25.1028
22.9312
22.7413
22.0360
22.7379
22.7763
23.5828
23.1434
22.2875
23.3529
22.4150
23.2367
23.5890
23.3724
23.1061
23.7512
23.1794
25.0144
24.2514
23.6948
23.2676
23.5796
22.6114
23.2546
23.1797
23.7442
24.0461
23.4438
23.8708
23.5732
22.8686
23.7600
23.7474
24.3042
23.9077
25.1286
25.2727
23.9092
24.7592
24.9838
24.5632
24.3701
25.8394
24.7061
25.4775
24.9504
24.7257
25.0390
24.7966
25.4525
25.1824
24.7101
24.4329
25.4161
25.0851
24.2523
24.9154
24.8992
25.0507
25.1535
24.4276
25.6104
25.1892
22.7440
24.4282
23.8297
23.7414
24.0929
24.4558
25.7762
24.7328
25.0640
24.6380
24.4621
24.7810
23.8954
24.4378
23.1543
24.5640
25.1394
25.0657
24.1404
24.8204
24.8830
24.8566
24.5950
24.5183
23.9614
24.6630
24.4208
24.8897
25.0283
24.2970
24.9290
24.5737
26.3464
24.4953
24.5857
24.0126
25.1073
24.8922
25.1837
25.3654
24.8810
24.8447
24.9759
24.3154
25.1491
24.8551
25.7721
25.1748
24.7001
24.7533
25.2777
25.3700
24.5357
24.8083
24.6616
25.4369
24.1967
25.6758
24.8784
24.6857
24.2941
24.6819
24.8749
24.6272
25.7497
25.1774
24.9610
24.9734
24.8627
25.6101
25.2893
25.2970
24.8931
25.6831
24.8578
24.9169
25.0519
24.4395
25.8940
24.9591
25.4849
24.8999
25.2602
25.5667
25.5991
24.7543
24.3706
24.7795
25.1268
25.5113
24.8363
25.6700
25.2462
24.4317
24.6483
24.8570
24.9499
25.7040
24.8243
25.1617
24.6763
25.3851
24.7791
25.5236
24.6276
24.3460
24.6255
24.9358
24.3467
24.8361
24.9237
24.6817
24.6389
25.0449
24.7326
25.7351
25.0692
25.1748
25.2026
25.0975
25.3099
24.7226
24.9270
24.7373
24.7333
25.2902
24.6521
24.5065
25.1020
25.1844
25.1026
25.7209
25.1002
26.8171
26.4636
24.3883
24.7403
24.9684
24.8013
24.9315
25.2345
25.2719
26.1407
25.8617
24.4894
24.7212
25.5991
24.7277
25.3495
25.3866
25.5913
24.7829
24.1627
25.0900
24.1901
24.8704
25.4842
25.2218
25.3526
25.1447
24.7961
24.9555
25.4064
25.3013
25.3901
25.3169
26.1124
26.0557
25.6617
25.9141
24.9946
24.0649
25.1059
25.1189
24.9157
25.0112
25.3661
25.3530
25.1110
25.0196
24.9869
25.1860
25.8434
25.2766
24.9217
25.1670
25.2793
25.5844
25.8540
25.0349
25.5315
27.2575
26.7528
25.1890
25.2429
25.8847
25.4123
25.2489
24.9480
25.9428
25.5535
25.4831
25.1838
25.6248
24.8656
26.2574
25.2800
26.5656
25.4920
25.3432
26.5416
25.6867
26.0471
25.8854
26.8502
25.1089
26.0783
25.3428
25.0798
24.9035
25.3373
25.0705
24.4753
25.0721
25.2616
24.9150
25.0467
25.1448
25.3202
25.4715
24.9032
25.3258
24.8832
25.8162
25.3596
25.9132
25.5895
25.2540
25.5771
24.6643
24.5931
24.6545
25.3540
25.0770
24.5862
25.1795
25.2705
24.7081
24.8028
25.3697
25.4785
25.6581
25.1438
25.5275
25.0415
25.6003
24.9212
25.2092
24.8895
25.4172
24.2813
24.2584
24.7432
24.7903
25.6197
24.6531
25.2027
25.0814
25.2674
24.6913
24.5540
25.1736
25.0896
25.1992
25.5219
25.3599
25.8147
25.2209
25.5612
24.7248
25.3093
25.1505
25.4517
25.1390
25.3121
25.8152
24.5665
25.1577
25.3340
24.7338
25.9032
25.3322
25.6429
24.9429
24.7971
25.4987
25.9053
24.6976
25.5912
25.1912
25.7129
25.1474
26.6862
25.6988
25.3278
25.0392
26.5479
27.0879
26.7494
25.4555
25.9958
26.2745
26.5239
25.9645
25.4098
25.5633
26.6317
26.4642
26.3738
26.3073
26.6341
27.0684
27.9259
26.2980
26.6375
26.2122
27.2461
26.2565
26.6383
26.6751
26.8245
26.3223
26.2866
27.3835
27.3507
27.1735
26.4253
26.7858
27.7634
26.9073
27.0504
26.7988
25.4330
25.6178
25.7423
25.6332
24.9511
25.0308
25.0495
24.6982
25.7510
25.1362
24.3800
25.4977
25.5740
25.2661
24.2960
24.8134
24.4245
24.9097
25.0562
24.8449
24.3887
24.6472
25.3504
25.4643
25.0251
26.3197
26.0609
25.3485
25.3445
25.1914
25.7185
25.5945
25.4049
24.9318
25.1279
25.2178
25.8601
25.3417
26.4876
25.7235
25.3874
25.2269
24.8503
24.9361
24.8670
24.7012
25.4432
25.1786
25.3370
25.2904
25.0303
25.4999
24.7963
25.7095
25.1659
25.3096
25.3078
24.4621
25.2287
25.4018
25.3595
25.3807
25.2207
25.2918
25.2493
25.0499
24.5175
25.2568
24.8602
24.7828
25.1091
24.9606
24.3577
25.3908
24.6490
25.0147
24.9273
24.3760
24.8722
24.6171
25.1492
24.7913
24.8992
25.0589
26.9610
26.2754
27.0844
26.2724
25.8145
25.3729
25.7329
25.9874
25.8428
25.2381
25.0529
25.1530
24.6699
25.4394
25.0773
25.4908
25.7926
24.8524
25.0554
25.8313
25.0935
24.3415
25.1914
24.7609
25.4339
26.5121
24.9682
24.7753
24.5361
25.3087
25.3930
24.4846
24.8736
24.1643
25.0065
24.9286
24.9310
24.5047
25.0655
24.8177
25.6448
24.4982
25.5145
24.7557
24.9129
24.9860
24.6748
24.9017
25.6251
24.5334
24.8619
24.7863
25.4305
24.4155
25.5611
25.5232
24.9319
24.2958
24.4624
25.0311
24.6350
24.4652
25.1792
24.5358
24.5331
24.3833
25.1002
24.0779
23.7229
25.0059
25.2139
24.8622
25.6017
24.8094
25.6715
25.4593
24.6673
25.0543
25.0025
25.3635
24.1622
25.1040
25.0166
24.8039
25.3192
25.1566
25.0341
25.2316
24.5122
25.2826
24.6866
24.5942
24.9494
25.4346
25.9293
25.3516
25.0777
26.4556
26.0786
24.8901
25.7244
27.3095
24.7227
25.1375
25.6982
25.9404
25.1143
26.1157
25.4827
26.6733
26.6702
26.5614
24.4407
24.9243
26.4308
26.8642
27.0158
26.0393
25.8618
26.3181
25.2963
25.6697
25.3999
26.6124
26.5049
26.0064
25.9805
25.3808
25.9267
25.4202
26.0464
25.4830
26.3453
26.0080
26.0388
26.2764
25.9044
26.9081
26.5000
26.0206
25.9718
27.3214
26.8976
26.9959
26.6648
25.8082
25.7433
25.5288
25.1822
25.0879
24.9479
25.2382
24.7966
26.2215
24.7745
25.0107
25.3000
25.0731
24.7400
25.1571
25.1064
25.2731
25.8940
25.6209
25.0082
24.7203
25.3151
25.5682
24.4257
24.7763
24.9022
25.1029
25.1142
25.0819
25.0510
25.0587
24.7643
25.0155
24.8312
24.3161
24.9642
25.2345
24.8871
25.0032
24.8110
24.7438
25.1872
24.5310
24.1909
24.3337
24.0441
24.3792
24.8626
24.8015
25.5072
23.7922
25.6861
25.2851
25.0372
24.6800
25.7404
24.8255
24.6663
24.5424
24.6107
25.6612
25.4210
25.0808
25.0630
24.9652
24.7062
25.2104
24.2221
25.3884
24.5698
25.0294
24.9448
24.9852
24.6656
25.1565
25.0035
25.3994
24.5674
25.0398
24.9902
24.7239
25.4655
25.3931
25.6017
24.9294
24.3695
25.1291
24.5419
25.3031
24.9460
24.6796
24.8763
24.8290
25.1812
25.4047
25.3315
24.5794
24.7252
24.4008
24.6582
24.2291
25.1317
24.6602
24.5194
24.3759
24.1644
25.3538
24.7788
25.3244
25.2319
25.0336
25.3650
25.3155
25.3637
24.0332
25.3012
24.8086
24.9581
25.1150
24.2270
24.9444
24.5806
23.8556
23.1676
24.4553
24.3049
24.3152
25.2963
25.4564
24.0174
23.8122
24.2488
24.7724
24.6261
24.1598
25.6242
24.5362
24.6167
24.4648
25.1393
25.5852
24.5726
24.6330
26.1412
25.0069
24.9985
26.0764
24.0244
24.4735
25.3318
24.7134
24.8019
24.9030
25.6590
24.3476
25.2374
24.2131
25.2805
25.1155
24.6173
24.5297
24.0424
23.7912
24.9917
24.7990
24.7744
24.7537
25.7689
26.6350
26.2263
26.5388
25.7426
25.8109
24.9408
25.0429
25.6567
25.4775
25.2554
24.8714
25.2291
24.9386
25.5314
25.0807
24.9190
24.8544
25.7163
25.5724
25.5444
26.3401
25.7732
25.3112
25.5020
26.5840
26.2399
26.5660
26.2626
24.7208
25.8839
24.7222
25.8754
24.8231
25.3509
24.2729
24.3715
24.8481
25.2827
25.2933
26.1537
25.2733
24.7121
25.3226
24.8756
25.2462
26.5694
25.2724
25.1012
26.8968
25.9075
25.6907
26.1042
26.9990
26.4127
26.1922
26.8577
25.4989
26.9994
26.8654
26.4867
26.1368
24.2656
25.1004
24.7564
24.3544
24.9275
25.3606
25.3796
25.2468
24.9498
25.2477
25.3298
26.4134
24.3934
25.0108
24.5524
25.7530
24.8671
25.1878
25.9117
24.7133
26.3182
25.2450
24.8845
25.6013
25.6726
26.8859
26.9685
26.0894
25.8005
25.6400
25.2361
25.5694
26.4853
26.4817
26.3689
26.7738
26.2037
25.2020
25.7125
25.7340
24.6788
25.2423
25.1019
25.1315
25.1097
25.5521
25.5012
25.6382
25.6573
25.1180
25.5254
25.0758
25.4762
25.9313
25.2259
25.4196
26.2200
25.7660
26.4884
25.7168
