23.2288
22.7037
21.6623
23.3574
24.1018
22.5127
22.3074
24.0418
24.2890
23.9028
23.7253
22.5618
23.0561
23.0214
22.6602
22.8695
23.0141
23.5619
23.9303
24.2532
23.5633
23.6670
22.8794
22.9208
23.7861
22.1000
23.5066
24.2691
24.3132
23.6503
24.6702
23.3049
23.8263
24.3879
23.7332
24.9040
24.0012
25.2371
22.9020
23.3421
24.2633
25.8976
23.5845
26.5670
22.8737
25.2206
24.2262
26.5730
25.3498
25.5999
25.2994
23.3664
22.7561
22.3436
23.5452
23.7994
24.5482
23.8955
22.4135
22.4920
21.6148
22.2146
21.7453
23.8485
22.5459
23.0912
24.1174
22.8818
21.8393
21.6414
20.8388
22.9320
23.3684
22.7679
21.7657
21.8793
23.0041
23.7075
23.9994
24.8761
26.1214
26.7776
25.0409
24.5633
25.5761
24.0845
25.1743
24.6886
24.0118
25.0132
23.8040
24.4067
23.4447
23.8060
23.8094
24.6705
22.0780
24.0189
22.4982
23.3277
22.2057
22.3217
22.0581
23.1719
21.7105
22.8552
22.8064
24.0728
22.9950
24.1667
24.4387
24.4980
26.0872
24.9440
24.6571
24.3947
23.8550
25.9218
24.4600
24.2986
24.9274
25.6093
26.8997
26.4144
27.6423
27.6677
27.0808
26.1873
25.1389
26.9128
28.0110
25.7410
27.2332
24.3495
22.3073
23.3881
22.9546
23.3394
24.9514
24.7348
25.3672
24.3914
24.0843
24.7796
24.7333
26.2873
24.7768
23.8672
25.6680
25.8581
24.1820
25.4540
23.8483
25.6263
24.1514
25.1948
24.2111
25.0512
24.0738
23.2899
22.3102
23.9893
24.2757
24.8086
23.5447
23.1303
21.5659
23.0127
25.6722
25.6223
24.9078
24.2775
22.8349
21.7653
23.0917
25.0704
24.1948
26.1142
25.0932
25.6663
23.8591
26.2845
27.1123
25.8070
26.0792
26.5299
26.9720
26.4295
24.6465
23.9975
24.7257
27.7019
26.2076
27.5194
27.0927
25.3831
25.2163
25.7513
25.0598
26.7568
24.8685
26.2752
24.8415
23.1652
23.4097
24.7748
24.2560
24.4557
23.8716
25.1718
24.9958
27.2093
25.9744
24.5581
25.9755
26.8445
25.0614
24.3135
25.3112
24.4728
25.9032
26.0440
26.6442
24.3526
25.2985
25.2385
24.8788
26.0211
24.4915
25.1871
25.3821
24.3800
24.0467
23.7659
24.6148
22.9583
23.6542
23.5378
22.3064
24.3692
23.2562
25.0149
25.5857
24.1321
23.7412
23.6074
23.1895
22.6614
24.7203
23.0197
23.5649
22.6489
23.9911
24.9608
24.4791
23.9034
24.4448
24.7446
23.5982
21.9345
21.3998
24.7049
21.9832
21.4372
22.4172
23.3524
23.8106
23.2329
24.6144
24.4117
24.7681
24.3669
24.4925
24.0829
24.4568
24.8645
24.6288
24.0618
25.6052
25.3294
25.0645
23.5239
22.6040
23.9086
22.8157
22.8511
23.9114
23.1224
21.6165
22.9068
23.9148
22.0450
23.6457
22.7791
22.0476
23.6428
23.2391
24.7119
22.5798
24.1583
25.1809
24.4611
26.1571
25.3388
24.3292
23.5404
24.9164
25.3695
24.7100
24.6869
24.3179
24.4400
25.0268
24.4979
24.9252
24.8768
23.6865
23.5973
25.4916
24.9809
25.3021
22.9603
23.8296
24.2079
25.8189
25.0912
22.9375
24.3502
22.4316
23.5119
23.2925
25.8752
24.9213
25.0540
25.4434
26.2581
25.8592
24.8652
26.9511
23.0341
24.5968
24.1138
24.9113
24.9929
24.6994
24.0527
21.9936
22.1539
21.6899
21.3515
24.3152
21.2710
22.6237
22.4971
23.1798
22.6652
21.9159
20.0042
21.9584
20.7972
22.1015
19.7734
21.6437
21.0319
20.7089
21.9156
22.5849
22.8299
22.3771
23.4014
23.5013
21.9620
22.4646
22.5610
21.9462
21.6459
22.2754
21.7642
22.5547
22.5551
23.5455
22.7130
21.8468
21.8616
23.5708
21.7601
21.8971
21.3739
22.9118
22.5943
23.0636
21.5568
20.9390
20.7514
22.6222
23.3838
21.6475
22.0768
21.8179
21.8966
21.7352
23.8412
23.5154
20.9782
21.9366
22.2045
20.3224
20.7994
22.8493
22.1033
21.3079
21.2498
23.4637
20.8417
21.7467
20.9446
22.1026
21.5648
22.5642
21.7350
24.2810
21.2312
21.6002
21.5309
21.6155
22.5885
21.3369
22.0360
23.6173
21.7265
22.0927
22.1350
24.7185
22.6118
24.2265
22.5891
23.5870
21.7546
20.8325
21.1636
23.5834
21.7903
25.0471
22.0577
22.7414
21.6582
22.5884
22.6309
23.3692
21.8192
21.0306
21.0831
21.9569
22.3251
21.4334
21.1384
22.3577
21.6803
23.2484
21.4875
23.3162
23.5148
22.9223
22.0662
24.4374
22.4576
23.4241
24.2346
25.5610
23.2203
24.5902
23.7551
21.6475
22.4043
22.4583
22.3399
23.1995
22.8080
21.8563
21.7253
22.3363
23.2837
21.9804
22.9201
24.0296
23.4083
22.9559
23.7999
24.0215
26.0529
23.4645
23.5415
23.4680
22.7229
22.8897
21.8797
21.8991
20.9457
23.1795
22.4069
20.7025
24.2490
22.9651
22.8359
22.1452
22.6598
24.0100
23.4434
21.8380
23.1692
25.5955
24.4553
23.9144
23.0369
22.7295
22.8955
22.3082
24.9160
25.9818
23.4088
23.5946
22.5143
23.7652
24.1199
22.2885
24.5692
24.4634
23.3993
23.2501
24.1345
23.7930
22.0455
23.4999
20.5019
22.2370
22.9040
22.3853
23.1742
21.3388
21.2124
22.1416
21.6929
22.8622
22.6004
24.3079
22.9486
23.5438
24.3244
24.1931
24.2356
23.0072
23.9493
25.1530
23.0308
23.0561
21.5633
24.9096
21.8447
21.7217
23.8515
23.4102
22.5669
22.0600
22.2845
22.3377
21.2624
22.4367
21.8670
22.3912
22.3746
21.3946
23.3834
22.3370
21.6036
22.6258
21.9615
20.5932
21.0201
21.6022
21.6644
22.0501
22.7755
22.4406
21.8067
22.1750
21.6368
21.7139
22.7384
22.4745
22.6145
23.3485
23.4002
23.2905
21.9299
21.9869
24.0285
22.6982
22.2831
21.9368
21.5697
22.8518
22.1720
22.9379
22.9782
22.9548
21.1279
20.7127
21.9190
21.3322
22.8490
21.3160
20.9379
21.4824
20.6352
22.2338
21.8654
22.7618
23.0195
23.2686
21.9082
24.5997
23.3810
23.7610
23.7880
22.4999
22.6896
21.5278
22.5307
22.4136
22.4342
22.4863
23.8791
23.3689
22.3458
22.6308
23.9363
21.2845
23.4751
22.4893
23.9893
24.1191
26.1437
25.4707
23.9631
22.8720
23.0211
24.2887
21.8697
22.4589
22.5922
22.5184
22.6073
22.7278
23.5582
21.1120
22.2420
23.4945
23.0729
23.3430
22.1532
23.3106
24.4641
22.7802
25.3740
22.9990
23.8298
22.6815
23.5377
22.6123
22.7045
23.5144
23.9470
24.8676
23.1707
24.5005
25.4256
22.9444
23.0185
24.1098
26.1432
23.7519
25.3013
26.5418
24.0263
27.2974
24.7122
23.3423
25.8617
27.2749
25.2720
24.9772
22.3236
21.4602
22.7423
23.8515
24.6212
22.8666
23.4655
21.0788
23.1700
22.7627
22.5505
21.5518
23.8701
23.0913
24.0102
23.7996
23.1537
22.0390
23.1515
22.1932
24.1568
21.9762
20.8234
22.2917
22.3038
23.4309
22.9128
23.2983
23.6678
22.3016
22.1188
23.4492
23.2573
21.9604
22.1254
22.6008
22.4174
23.9497
23.5666
23.4259
24.1633
24.5646
24.0833
21.7849
22.9340
24.0373
22.9771
23.0198
22.4713
22.0587
23.5410
23.5983
23.5921
22.0409
22.9104
23.5114
22.1338
24.0236
23.4335
23.5965
21.9409
22.1421
24.5037
22.7090
23.0348
25.0104
24.3832
23.6198
21.4023
21.9349
22.3228
23.4292
22.7303
23.9912
24.8020
23.9765
23.5628
24.0285
22.6699
24.0137
24.5687
23.5292
23.4761
23.7665
22.3697
22.7092
26.0753
23.1897
22.4454
22.0895
21.4656
22.0829
21.7299
20.9690
21.9799
22.4355
23.9368
20.7531
22.5872
19.8900
20.9558
22.9102
23.8353
22.8808
21.4270
22.7598
21.3536
21.7179
22.9843
23.2765
22.0280
21.9444
23.6139
22.4090
22.2146
23.1042
23.8401
23.2955
24.4112
24.9545
21.9859
21.0734
22.1343
24.8805
23.4689
22.4799
22.3189
23.7124
23.9710
24.3690
22.1025
24.3378
22.0027
24.0488
23.1176
24.0338
24.0209
22.4115
23.8463
22.3889
21.8363
21.8763
23.0588
21.6787
22.1590
23.0888
22.0210
23.9993
23.4546
24.0528
23.6504
22.7818
22.0825
23.3733
24.3482
23.0744
22.8184
24.9407
23.8038
22.7713
22.4470
24.1204
24.3002
23.5489
24.2309
23.3992
24.3399
22.4881
22.3868
22.3438
23.4187
22.7082
23.7428
22.2782
21.3399
23.6362
22.7225
21.6355
22.5130
21.8917
21.9281
21.7108
22.5530
23.5503
23.5611
20.6269
21.8614
21.9356
23.0006
23.2387
23.8146
22.7143
22.1480
24.2296
22.6415
22.3597
24.6201
24.1177
23.7768
24.6013
25.2968
24.1795
22.4694
21.7918
22.3092
23.1617
21.7535
22.8731
21.4100
21.3190
20.7418
21.9513
22.2062
24.7446
23.5159
23.0852
22.5397
22.4401
23.2857
24.7564
23.9162
23.9397
22.5728
23.7715
22.9518
23.8345
23.5751
24.5331
23.4845
23.9071
20.9783
21.4167
21.9594
20.6854
21.5729
21.4885
22.7928
24.3396
20.7863
22.1313
21.8982
22.4000
24.3290
23.8048
25.5463
25.3118
23.3419
22.5439
24.8243
22.8818
23.4584
23.1854
22.8104
23.2967
24.3255
23.0127
21.8421
23.0740
23.5472
23.8831
26.0140
22.8760
23.8449
22.6612
25.0801
23.8674
23.0511
21.8681
24.5000
22.7580
25.0046
22.2842
23.3108
22.6291
23.8055
24.8601
25.6724
24.5608
24.8247
23.5866
24.0148
25.6404
23.9424
23.2383
21.9019
22.8182
22.3728
24.5145
21.6987
24.1803
24.9797
24.3488
25.5057
24.3615
23.1250
24.1407
24.4580
23.7978
22.8168
23.5222
22.8682
24.5221
23.0306
22.1976
23.6188
24.3622
24.5014
22.1758
25.9617
24.4025
25.0027
23.9522
25.4702
23.9185
25.0631
22.5135
23.2361
21.7959
21.8921
22.2844
23.2559
24.0605
22.9054
23.3492
22.7886
22.4422
22.1620
22.5829
22.6488
24.4155
24.3958
23.2017
22.4234
21.8340
21.9777
23.6943
25.0326
24.1158
23.7015
26.0511
24.1215
22.9286
24.5851
25.0393
24.1834
25.3584
23.7083
24.4440
22.4604
23.8488
24.6453
23.5637
24.6079
23.0262
23.6543
24.3013
22.7780
22.2139
22.9400
25.4034
23.3818
23.3053
22.7374
24.3429
22.9485
24.5598
23.9710
23.6074
23.1340
23.4715
23.1146
23.3177
21.6689
25.1505
24.2511
24.0913
25.5138
24.8607
24.6463
23.1127
23.1454
22.8933
22.9994
24.4119
23.3698
22.8284
22.0628
24.7858
24.0932
22.8359
23.1574
23.7193
21.7508
24.6010
24.5331
24.2448
23.2737
23.5820
21.2462
23.5539
23.4652
24.3145
23.7445
24.1587
23.6673
23.6805
23.7130
25.3371
22.9134
22.4858
23.4436
21.9932
24.0058
22.8028
23.5893
24.0599
25.1525
24.8578
23.3849
22.0761
21.5616
22.6118
25.1082
23.6835
22.3184
24.2348
23.5005
23.2410
25.0265
23.4070
20.9905
22.8457
23.1529
22.8479
23.5559
22.7591
22.0597
21.7837
22.0044
22.7714
23.2593
23.2605
22.6994
25.0343
25.6952
22.4960
22.4970
22.2867
23.0962
23.2803
22.5281
25.4919
24.0324
24.5147
24.2981
24.3589
23.2121
23.0443
25.6340
25.1995
22.7942
23.3580
24.3675
24.3878
21.5005
24.3920
23.0880
24.4609
23.9949
24.1876
24.1713
23.2004
23.6237
22.3993
24.2003
23.2724
24.5219
22.6311
25.7347
24.8887
24.1124
23.1426
24.0582
23.3539
22.8605
24.5968
23.3379
22.5290
23.3520
22.1352
23.0958
22.1865
23.7480
23.4375
25.8200
24.7330
25.2845
23.9840
22.8393
22.8359
23.9429
23.6298
22.4886
23.8500
24.5602
23.1756
22.2641
22.1960
22.8289
24.4047
24.7319
24.6542
22.8871
22.2340
22.6337
21.5114
21.2717
20.7178
22.5006
20.8136
22.3988
23.2859
22.0316
22.4031
21.1660
22.1888
23.2465
23.4124
23.1980
21.9059
22.0830
24.1657
21.5789
21.2709
21.6814
24.1837
23.5837
23.0867
22.2153
23.6630
22.6856
22.4744
24.4988
20.7747
22.5509
21.6692
21.2809
24.3933
24.9361
23.2276
25.0335
25.7479
23.1342
23.1757
23.6707
22.6040
21.3888
22.2381
21.6417
22.6686
20.5007
21.5729
21.7984
21.7590
21.7357
23.0944
23.8149
22.7420
23.5256
21.0647
20.9037
21.9730
22.1238
24.5355
25.3524
25.4519
24.5697
23.8156
23.0934
23.9254
24.8860
23.7737
23.0256
25.2615
24.7522
24.8793
24.7273
24.7696
25.2233
25.7380
23.0123
23.4899
23.5202
24.1930
25.9063
25.2431
27.3530
25.9895
26.2964
26.7591
25.0460
26.2401
25.4012
24.5590
26.4264
26.3802
27.7590
25.6087
25.0858
24.6827
24.6870
24.4140
25.1122
24.8603
24.8630
23.5665
24.5637
23.8460
22.5393
21.6303
23.5948
23.6603
22.1170
21.7271
21.6051
21.9179
24.2896
23.4689
24.3440
22.5785
24.0531
25.8118
22.2484
22.9077
24.2143
22.1371
23.9369
23.6362
22.9481
23.4726
24.0761
22.0330
22.0422
23.0345
23.4023
22.4026
23.2937
23.4362
23.4364
23.5654
24.9310
23.5229
23.2753
25.3413
22.7488
23.3960
21.4488
22.2710
23.0997
22.7541
21.9543
22.9864
24.3192
23.2723
22.8453
24.8822
24.1825
24.6141
22.8708
25.2592
24.5078
24.0273
24.5806
25.3859
25.6186
26.1946
26.1006
24.6653
24.5069
24.0188
26.0239
23.9124
23.8287
23.1028
23.6797
23.5254
22.8867
24.9712
25.6143
24.6528
24.3713
25.2295
22.4661
24.5928
23.5812
24.7063
24.8276
24.2988
24.1329
22.8083
24.6833
23.6532
23.6495
25.1220
23.3334
25.0709
22.0990
24.1235
24.7197
24.9616
22.7485
21.2362
21.4922
21.5468
22.3501
23.1727
20.7945
22.0138
23.4991
23.7394
21.9008
22.1100
21.9177
24.3124
21.8196
23.2124
21.9047
22.7623
22.8181
22.9058
21.5605
21.8653
23.4735
23.9732
23.3529
24.6773
22.9938
22.4119
21.1903
21.3502
21.4010
20.2126
21.2200
21.3826
23.3619
23.5473
22.2094
23.0615
22.7161
21.2246
22.6065
22.0519
21.1736
23.1251
23.0503
22.4684
22.9789
23.8366
21.2105
22.9075
24.3406
22.6698
24.3476
22.9982
22.8880
22.9390
22.9641
22.2106
23.5671
23.2345
22.5744
25.0450
26.1166
23.6708
24.4290
23.9164
23.5236
22.9993
24.5368
24.9939
22.4719
22.0150
21.5105
20.5568
21.9552
24.5763
22.8154
23.9434
23.6065
23.0293
23.4588
23.9723
23.8162
22.7351
23.6094
23.4576
22.7075
22.8243
24.0105
24.0380
24.9488
23.6430
22.8499
22.1244
23.6378
22.1657
23.2871
23.8803
24.3537
23.5367
24.4356
21.7169
23.4663
22.7117
22.6910
23.3042
21.9971
22.5116
23.3966
22.1499
23.6574
23.0755
24.6704
25.4739
24.8629
22.5854
23.7281
24.6422
24.6782
25.6659
25.2455
25.5777
25.4865
24.7005
26.7260
23.5060
22.8037
23.7115
23.3159
23.7777
24.8153
23.7754
23.2601
25.1227
25.4878
23.9521
26.3031
26.7664
26.3538
24.3984
24.3738
22.8154
23.8245
25.5924
25.5409
23.9315
25.3612
26.4212
24.3518
26.2419
26.7691
25.0640
23.9509
25.8066
25.7550
24.6544
25.6131
27.4066
24.6010
23.4952
25.2907
23.3671
23.0207
24.9079
23.9643
22.2282
21.1931
23.2251
25.2177
23.3079
23.6060
23.9306
23.3485
24.2924
25.1498
23.2020
24.3767
24.6783
23.7231
23.6443
23.0355
22.7186
23.6201
22.8800
23.6981
25.6478
23.3524
25.3280
24.1110
23.9249
25.0129
22.8189
22.8470
23.6851
22.3352
22.1261
22.9864
22.8056
23.7413
23.7170
24.1312
22.2895
23.4926
23.2690
22.2409
23.5484
22.5634
21.9540
23.3461
24.6531
23.6747
23.3267
24.1756
23.0492
23.8906
26.5519
25.0599
25.0183
22.6806
21.8752
22.5540
21.9311
24.5360
23.1192
20.8316
21.2928
21.4988
22.6390
22.9736
22.1734
23.2179
24.5387
23.6995
20.4452
20.9438
21.4343
21.4873
23.4027
22.3777
21.3520
24.2109
23.3156
23.6597
26.0064
24.5964
24.7217
24.5933
24.8307
25.6839
23.8737
23.1690
25.6678
24.5951
23.8397
22.4666
23.8773
23.5996
21.8652
22.7989
24.2780
23.0547
23.3031
23.5455
22.4791
23.8096
23.2118
22.6253
22.0965
21.8124
22.8037
23.4780
22.6851
22.9802
25.4358
23.8812
23.4163
23.9001
22.2160
22.5889
23.0709
24.0133
21.3142
23.5050
25.8083
23.8525
23.4658
24.0206
23.2524
22.3541
22.4821
24.2258
24.7359
22.8436
24.3919
24.0785
25.0149
25.1192
24.3183
24.0025
23.8780
22.2242
22.3861
24.0272
24.3627
25.2254
22.7136
22.7686
23.6221
24.1473
23.9766
23.3174
23.9266
23.6349
23.1099
23.7709
25.0483
25.1799
24.8382
22.6911
23.7798
24.7024
24.2651
25.4063
25.0939
22.3667
24.8382
23.7527
23.3158
23.0759
23.8017
24.5503
21.7363
24.7999
24.8930
23.8324
23.9883
23.6888
23.2214
23.7203
24.3163
23.4561
25.2682
23.6694
22.8612
25.0931
23.7904
23.7932
25.9900
23.6114
24.9919
24.9263
24.6416
24.9785
22.9652
22.3367
22.8024
22.9569
23.8220
21.5747
22.1270
22.3975
21.8146
21.8300
22.9831
23.0976
22.1112
21.4331
22.6100
21.0691
21.5773
21.8700
22.5158
21.7931
20.6641
21.3837
21.1718
21.2319
21.5183
21.4238
21.5665
20.8936
20.8933
20.7506
22.4138
21.9693
20.7609
21.2624
19.6305
21.2889
23.4508
24.1486
22.9094
21.9601
22.0543
21.3940
22.4514
22.4442
21.6967
22.1134
21.0853
23.9396
21.7861
22.4484
23.1569
24.4119
24.9457
25.1959
23.0959
25.1609
24.2655
24.7064
23.1650
23.1244
21.3099
20.7439
21.2920
22.0442
22.9121
23.5165
22.4688
23.5275
22.2608
22.4702
22.0645
21.8006
23.5635
24.0177
23.2806
23.6522
24.0655
23.5472
23.6651
24.1368
24.6065
23.6587
24.0825
23.4057
24.3231
23.4657
24.6938
21.9570
23.7334
24.4613
22.7510
23.8307
24.3781
23.9890
24.9424
23.4062
23.5473
25.5764
24.0148
22.2899
21.9563
22.9671
22.6100
24.0586
21.7377
23.6144
23.9776
24.4932
24.9628
24.2648
22.9019
21.6390
21.8190
23.1921
22.6079
21.5548
22.6424
20.8951
22.0666
21.4013
21.3831
21.8406
22.9008
23.1011
22.8932
21.2485
21.6939
22.0886
21.5323
21.8274
21.6531
21.6700
20.9585
20.5535
22.8564
21.4000
21.1068
21.4750
22.8792
23.1147
20.8732
21.6157
22.5501
20.5659
22.6986
23.9976
21.8042
22.8961
22.2837
22.5694
22.1733
23.1488
21.9288
22.5094
23.2680
21.2960
22.5912
22.3910
22.7497
21.0300
21.5932
21.8225
22.4789
24.0740
24.7155
23.4215
22.1769
23.3262
23.1742
24.1172
23.3586
23.6684
22.3322
22.6449
23.3327
23.3788
22.9968
22.9393
22.7618
22.8639
21.8443
21.9861
22.2191
23.5030
22.7706
22.7135
23.2775
23.7522
23.4012
22.7598
22.6577
22.2341
23.4848
23.8145
23.5083
22.8665
22.8612
21.3950
21.4066
20.8405
23.8836
22.1855
21.7140
21.8913
21.4784
22.8049
22.0584
23.9174
22.4861
23.3272
22.8048
22.6242
21.4506
23.5749
24.2305
23.0631
23.0159
24.2454
24.0822
22.4474
21.8305
21.1828
21.6073
22.1302
19.8842
21.2659
21.6216
21.5184
21.1862
22.2684
21.4445
22.7146
23.0712
20.9711
20.9137
19.2842
21.6193
21.0118
23.2062
22.1737
21.9082
21.5232
21.0370
21.7080
22.5467
22.2228
23.9577
22.5341
20.9430
23.1595
23.0640
23.1161
23.5296
22.7579
21.5334
22.1294
22.0051
21.5119
21.0930
21.4711
20.6677
20.9834
22.2234
21.3259
21.7201
21.4355
22.2391
21.4885
21.9735
22.6235
22.1571
22.7797
22.9680
22.5070
22.7461
22.7984
22.1918
21.6255
23.7948
22.4083
22.8607
24.6492
20.8228
22.7556
23.7684
22.6196
22.2119
21.2893
23.1862
22.2625
22.2662
21.6900
23.6506
22.7035
22.9792
21.4910
22.7767
20.6926
22.6413
21.7248
20.7249
23.4091
21.4675
21.8676
22.3429
23.0595
21.8693
21.5151
21.7542
21.3994
22.8471
23.9392
24.2645
22.3300
22.2095
22.5510
22.4036
22.3204
21.7724
22.9004
22.6444
23.9591
23.7465
25.0015
23.7632
22.1670
22.4217
22.9830
23.5382
23.4757
24.4873
23.9246
22.5687
22.0180
21.6032
21.8406
21.5187
23.2162
23.1154
25.3033
22.4753
22.1830
23.1891
23.1140
22.1306
22.5732
22.1601
22.2484
20.3373
21.6887
22.4288
21.5039
22.4672
24.3324
21.9905
24.4322
22.8349
24.4120
22.4548
26.4624
24.8575
23.6391
22.5072
24.3169
22.9976
24.8025
26.5938
25.5193
26.6867
23.8815
23.2166
24.8048
24.3519
25.1630
22.8223
24.4636
25.7052
25.2055
25.0208
24.3161
24.3933
24.0095
24.0175
25.6945
22.4755
23.8863
24.4989
22.3949
23.6899
22.1510
23.3613
22.7741
24.0283
23.7317
23.6027
23.2240
23.8149
23.0997
24.4112
24.5928
25.0267
25.1696
23.6028
22.5960
24.1349
23.7898
23.2208
23.9255
21.5478
22.5892
26.1010
24.5946
21.9288
23.4007
21.6780
22.9198
23.7047
22.7152
25.4000
24.3877
22.4727
23.4265
23.7934
23.0573
23.2143
23.0698
22.7038
22.9409
25.7545
24.2878
23.0181
22.9275
23.0321
22.0242
24.1411
22.3636
23.3178
23.4186
22.7255
22.3471
22.7606
21.6456
22.0485
22.5375
22.9164
23.3197
23.0125
21.9105
22.3566
24.9325
25.3768
23.3271
21.3032
22.4943
23.4544
21.6596
22.2157
22.3972
22.4312
22.6112
22.2754
21.4185
22.9888
21.9723
20.4220
21.7852
22.0075
21.5852
21.5565
23.0946
22.0976
21.5679
21.1713
22.5944
22.1985
22.2803
23.0083
23.9966
22.2735
23.7208
24.0215
23.4260
22.8489
23.4903
24.1589
24.5947
24.0053
23.3406
26.6626
26.6581
25.8903
24.0045
24.1893
25.9992
24.8467
25.1138
24.3435
23.7632
24.3112
22.7321
24.9890
22.6373
23.8720
24.1487
26.5312
23.3411
24.1055
23.9742
23.3600
24.1558
23.9075
23.8014
24.4019
23.1170
22.1013
24.6654
23.9077
25.1740
23.3535
22.8781
21.5354
22.0347
22.3035
23.1590
21.6078
21.9540
22.9946
22.7425
24.4706
24.2171
22.4732
24.8981
23.9897
23.5860
23.9733
23.8604
23.3996
23.1335
21.1161
21.7828
22.1054
20.9690
21.6736
22.4289
22.3592
23.1545
23.2922
21.0036
21.4623
22.4183
23.9206
22.7606
21.2406
22.7665
22.9184
23.2612
21.9769
22.3349
23.1881
22.1806
21.8629
21.7338
21.0765
21.4382
21.3177
21.5399
20.2031
22.3072
20.8923
22.3668
21.4149
21.8100
21.6123
22.2297
21.3326
21.8292
22.7027
22.2410
21.6758
21.8553
23.1800
22.1409
22.6384
22.0681
22.9927
23.2810
22.9814
22.7536
22.2536
22.1997
23.7109
22.9142
22.8488
21.2977
21.2681
21.4621
24.8559
22.9843
22.7293
21.6168
20.8386
24.0308
22.7215
24.4367
22.8114
21.9076
21.7987
22.6591
22.1921
23.8013
22.0760
21.6974
21.2894
22.2723
22.5351
23.3451
22.7769
22.9792
22.0500
22.3906
23.3210
21.8181
23.1692
24.0133
22.9082
23.2062
25.5665
23.7370
22.1703
23.0583
22.0417
21.4401
22.2744
22.4636
22.5215
22.3469
24.1295
23.6235
24.8090
22.0157
23.8957
21.9181
23.1163
21.1935
23.3001
21.7798
22.6347
21.0182
22.8380
23.2210
23.8679
21.5342
21.6428
20.9116
22.0006
23.5960
22.6419
22.7806
25.7926
23.2508
22.9209
23.4856
23.7351
24.0347
22.4384
24.0800
23.5591
24.2066
24.8782
23.5285
23.0613
23.5275
24.0751
24.8214
24.1613
23.4235
23.3675
23.6942
23.0911
23.6402
23.2882
23.1133
23.5165
22.2795
23.5597
24.2871
23.1012
23.3310
23.6892
22.6365
24.3960
24.0707
22.2908
21.8935
22.7830
22.5576
21.0185
21.7448
22.8158
22.0188
22.7293
22.8092
22.5546
23.4380
23.2287
23.2169
22.5577
23.6518
24.8688
22.8153
23.0894
23.7546
25.3180
23.6477
21.8192
23.7465
21.0305
23.4586
23.6257
25.0630
23.4378
23.9356
22.2403
24.1217
23.7085
22.8788
23.4165
25.5984
23.4001
23.3259
24.1997
22.5347
21.7753
23.7072
24.3558
23.9318
22.8379
22.7866
23.2854
22.7240
23.6873
23.4126
24.4633
22.8939
22.5921
22.2339
24.3458
26.2685
24.3401
22.5996
21.3567
21.6167
23.7136
22.9103
23.1621
24.2328
24.6749
22.7392
23.6491
22.6416
23.9747
23.5021
23.1778
23.1516
23.8732
22.9658
21.7081
23.1673
22.2431
22.6328
21.6634
23.2318
24.5268
22.4728
22.9754
22.5294
22.3696
22.3857
23.6481
22.7537
21.1811
22.0017
21.3849
22.8583
22.8846
21.4138
22.7491
22.7578
23.2746
21.2675
23.0083
21.8145
24.7221
23.1685
24.7596
24.0454
22.6455
23.0841
23.6885
24.3763
22.3526
23.2382
22.3395
24.3514
23.5886
23.7645
23.4002
24.3640
24.0610
24.1628
23.1652
24.2743
24.8129
23.7526
24.2568
24.0642
24.9025
24.2332
24.6605
24.5721
21.5334
21.5472
23.1299
23.6287
22.6634
22.7674
25.2396
24.6489
26.5717
24.1468
25.7334
24.9413
24.3935
25.9665
26.0308
26.0863
24.8800
24.7317
26.9985
25.3965
27.4119
25.4073
25.5799
26.2089
26.3164
26.9101
26.6369
26.4694
26.5582
28.7015
25.9922
24.9299
26.6683
26.6222
25.3539
26.6745
27.5916
24.7912
29.0152
26.1294
25.7436
27.2031
28.3642
28.3132
28.4996
28.8149
27.7919
29.1919
30.8456
28.0405
27.5938
26.6310
25.6080
25.6962
26.9618
25.2810
27.3679
24.7096
25.5244
26.9816
24.4406
26.2934
25.6733
27.4750
26.9596
27.4215
26.1990
27.9926
27.7745
25.9322
27.1488
26.4590
25.8621
25.2682
24.8604
25.8101
26.7775
26.8168
26.3631
26.6874
28.2240
25.3125
24.3559
26.2939
23.0768
22.1833
21.6675
21.4775
22.6166
23.2100
22.3703
22.1852
22.7639
23.5050
24.1564
24.8784
25.0244
23.1540
21.8482
23.2693
23.0138
23.7374
23.6755
24.3023
21.5192
22.7394
21.6485
21.2969
21.4731
21.9654
22.1476
22.9458
21.6738
21.7421
21.2148
21.2637
23.1271
22.2499
21.9721
22.2826
22.3799
22.0024
22.6965
21.4464
20.9235
21.9255
21.2532
21.6187
21.9192
21.3046
21.9181
23.5620
21.2051
20.8119
21.3416
21.8017
23.8198
20.7911
20.2643
21.2107
22.4013
23.2811
23.3364
22.6163
21.9437
22.9753
21.6537
23.1054
21.1473
21.5744
23.1490
21.8826
23.8992
22.5667
24.0579
22.8414
24.5241
22.9577
25.2228
23.2563
24.7469
22.6215
22.3044
23.2707
22.6459
22.0594
21.4244
22.3718
23.1772
23.4263
21.1990
22.8680
22.4092
23.5063
23.5692
21.9021
21.0890
21.3210
20.2917
22.4517
20.6093
21.9233
21.6320
22.0966
22.2428
23.1576
23.1238
20.9637
22.0972
21.9735
22.0558
21.9032
23.3052
23.2919
22.6651
21.6471
22.0282
21.7675
22.3383
22.6417
23.0155
23.2637
22.5149
24.4128
23.3674
22.9888
24.8921
24.3575
23.0745
23.1989
23.2850
22.5389
24.8097
24.0738
22.4882
21.3833
23.4194
22.9152
21.7119
23.6044
21.8340
21.8397
21.7085
21.5807
21.7815
25.7373
26.5294
23.6451
22.0366
21.5664
22.6677
22.4673
24.5916
23.9316
24.9268
24.9553
23.7496
24.7039
22.3462
21.8387
22.0510
22.9087
21.3847
24.7755
22.8864
21.6652
22.8466
21.5179
24.3914
22.2926
23.1118
23.8843
22.6777
24.8461
23.7838
22.9103
24.3425
24.8106
24.8348
26.1717
24.6624
23.9461
24.0205
21.6867
22.2211
22.1428
22.9832
23.2367
22.1241
23.3645
22.6438
23.8875
23.1261
22.4703
21.6081
21.1541
22.5280
22.9052
22.6757
22.5819
22.2353
23.2955
22.3975
21.8988
20.9660
21.2217
20.8100
21.4967
22.0287
20.6428
19.8895
21.3148
21.2464
21.9499
23.9001
23.6266
24.7499
24.6382
23.2680
24.8808
26.0777
24.1459
24.0775
25.6150
23.7872
23.8793
21.8364
24.3749
24.5973
20.7928
21.8495
23.1367
21.9167
21.4181
22.6561
24.3665
22.4190
22.2589
22.0307
23.0726
21.3591
23.8377
22.4749
24.9859
24.3259
23.0978
22.9188
20.6974
22.8429
23.0049
21.4990
23.7969
23.3247
22.1556
24.1884
23.2047
22.6235
24.0520
22.9780
22.8603
22.4646
22.4562
23.0948
23.8926
23.5822
23.3821
23.7567
22.1517
23.8790
21.9591
20.8267
22.3509
21.4091
21.2105
21.7436
22.5111
20.0709
23.9923
24.3097
23.4207
24.5498
24.9836
23.2929
24.9913
23.9657
24.9399
22.9787
23.6178
23.0516
21.8348
22.0377
23.2296
21.2889
21.7013
22.7185
22.2257
20.6508
22.6333
21.8082
21.0340
22.6516
23.1909
22.4773
20.2799
22.0497
23.2526
22.4035
23.4853
22.5274
23.1293
22.9538
22.5756
22.2782
22.1878
20.7493
23.4690
22.6995
22.1464
22.1448
21.7268
23.5365
22.2894
21.3350
21.4579
21.2770
20.1312
21.7491
22.7735
22.2138
21.5496
23.3651
22.6281
22.3958
22.2681
22.6146
21.2504
22.5222
22.2677
20.1840
20.5534
20.7060
22.0653
20.3029
21.1083
22.0986
23.7217
21.5950
22.9522
21.9135
22.2770
21.1433
21.9461
21.2135
21.4977
22.2068
22.3365
20.9261
21.6284
23.1478
22.3846
23.6338
22.9116
22.6748
21.4826
22.7151
22.7855
22.1975
22.4716
23.5914
23.3294
22.2322
22.2521
20.3025
21.1365
22.6069
23.4260
22.1400
21.6926
21.1174
23.1092
23.6283
23.1253
21.5205
23.2272
21.8051
21.4485
22.5028
23.9886
22.2774
22.8563
23.4528
23.0653
23.0170
22.1034
22.4589
23.2874
22.8864
22.8597
23.2212
22.7370
21.6748
22.2356
22.5125
21.3647
22.7295
24.3870
23.2616
21.7147
22.5972
22.3306
21.5502
21.2875
21.4335
21.6311
21.7815
21.2355
22.5812
20.5333
22.7235
23.6376
21.3741
22.9748
22.0239
23.1221
23.2437
22.2493
25.7712
24.0018
23.5686
24.5161
22.5673
24.2106
23.8566
23.6789
22.2928
23.3068
22.1211
22.2580
25.2502
22.4618
24.0588
22.5488
22.9936
21.7965
21.9642
23.1423
22.5198
23.7202
23.9977
21.7533
23.6859
23.2193
22.1813
22.9932
22.1511
23.6129
22.6476
20.3735
21.9501
21.5873
22.2044
22.9761
22.8098
23.1847
23.9033
23.4318
23.7247
23.9121
23.6472
22.6494
22.4602
21.9026
22.1733
23.7382
23.6856
23.3489
23.4617
23.1376
22.1881
23.4316
24.2762
23.6169
21.6725
21.0652
21.0988
21.2048
21.4052
21.9224
21.2821
22.9251
22.3474
22.4696
22.7360
22.2831
22.4177
23.4006
23.4116
25.7599
25.0998
23.9644
25.9887
22.7145
22.6644
23.3610
22.9451
22.4230
22.6058
21.5848
21.1070
22.6960
23.1011
22.7725
22.8733
22.5533
20.6297
22.2243
22.2543
21.9819
22.7811
21.7041
22.0113
20.8678
20.5724
22.3276
23.9953
24.8200
23.4975
24.4748
23.4450
22.7892
22.3076
21.7460
22.4969
21.8963
22.1076
23.7759
22.5002
22.7185
21.3732
21.7643
21.9748
22.4617
22.8530
22.0434
22.2383
22.6620
21.6057
22.0396
22.5592
20.1013
20.9346
22.3845
22.3779
21.3421
21.6474
20.6380
20.4561
20.7599
21.6529
21.6943
21.3390
21.3517
21.1772
23.7032
22.3471
21.2817
21.8413
21.5053
20.9435
21.0965
22.0354
22.0088
22.5703
22.4771
22.4229
21.4253
21.7262
21.7313
23.1312
21.4752
21.6451
21.4497
21.7879
23.1500
22.4915
20.9791
22.0346
20.6912
21.9049
22.5595
22.1553
22.7398
23.0072
23.7291
21.7301
22.9892
22.2499
23.0051
23.7175
22.1809
23.5752
22.0030
23.4760
23.3547
22.8120
22.4065
22.3579
24.0066
23.4763
20.5566
24.2901
23.5842
22.8886
24.0402
23.1905
21.3513
22.9358
22.7744
22.9000
21.4397
21.9323
21.7240
22.0251
23.0964
22.8470
21.4208
21.5608
20.6703
20.6409
19.7358
21.9298
22.5222
22.6490
21.5477
23.5778
22.2752
21.6661
23.3105
20.9694
20.4245
21.2828
21.6976
21.8811
22.2858
22.2903
23.5982
21.7870
22.3377
22.3295
21.8527
23.2295
24.4441
21.3363
22.2767
22.0439
23.4412
23.8009
22.5344
22.7823
22.4812
21.1403
22.4523
21.4339
23.1332
22.3444
22.6307
21.3872
21.6257
23.0009
23.2740
22.3026
21.1967
25.1540
24.7151
22.8558
23.3396
23.9221
22.1988
22.0925
22.4401
22.4838
22.5685
22.6015
22.1606
22.2511
20.5656
21.3114
22.6947
21.5838
21.9590
21.3801
19.9756
20.1453
19.5140
20.0574
20.1859
20.8770
21.4793
21.2673
22.0737
22.1724
21.1702
20.9662
21.6369
21.5628
19.8684
21.7635
21.7021
21.5287
22.2239
21.3400
20.9619
21.8573
21.4779
21.6744
21.8818
22.5282
22.4390
21.8136
22.5820
20.0288
23.0791
21.7914
21.1342
21.2496
21.1116
20.1713
22.3308
22.4133
21.3114
21.9363
23.7991
21.8852
21.7129
23.9166
22.3742
21.4624
21.3683
21.7659
22.9611
21.5107
21.2688
21.1230
21.2113
22.3134
21.2217
21.4154
22.2065
21.6010
20.8142
21.5536
21.6466
19.6040
20.4743
20.8988
21.0981
21.3541
20.6010
20.8773
21.9569
23.0420
21.7475
21.7810
21.8477
21.9476
23.2173
21.2471
21.7075
21.7361
22.6911
21.6218
22.7827
21.6138
21.5316
20.6851
23.0442
21.9592
21.4983
23.9096
22.3032
21.4026
21.7515
20.4771
21.0419
23.0829
21.5418
23.1358
22.1825
21.9640
22.6936
22.8568
22.3692
22.6197
21.1433
23.1525
22.2320
21.6232
20.5708
21.2978
20.8123
21.2441
21.6159
20.6071
22.0405
21.4483
20.8015
21.3237
21.2422
21.1489
19.4615
23.0952
22.5196
22.4219
21.8958
21.6651
22.6896
21.6707
22.2756
22.8978
23.0832
22.8307
22.6793
22.2369
21.1620
22.0723
22.6176
21.4773
21.7596
22.1075
21.5723
23.0032
22.1525
22.9738
22.4600
22.2594
23.3322
20.6593
21.0029
22.5838
20.7952
20.2651
21.7562
21.4069
21.3676
21.5939
20.1601
21.2264
21.5360
20.8547
20.3794
20.8572
20.4876
21.6402
20.8380
21.3422
22.6601
22.6397
22.1620
22.6871
22.8113
22.2261
21.5830
22.9360
21.3780
21.9767
21.8302
22.9984
21.9697
21.8318
21.3512
21.9769
22.0761
21.9573
21.8558
22.4511
24.2428
25.3228
23.5152
21.9016
24.3353
21.2963
22.8655
22.2873
21.4956
22.9841
23.9780
22.9645
23.8490
24.6217
21.7762
22.8443
22.7410
22.4488
22.9649
22.0586
22.9133
21.6825
22.0092
22.4851
24.0532
22.7469
21.9276
22.8622
21.3269
22.4930
23.1512
24.5336
25.0262
24.8152
23.7222
23.1995
22.0415
23.5688
24.0611
23.6798
22.8559
22.9257
21.9853
22.3209
23.5371
22.1356
23.0806
23.0093
23.0687
24.4416
22.7672
21.3769
24.4114
23.2510
24.5502
24.5372
24.1180
22.4256
23.8223
23.0905
23.1345
23.4178
24.6507
23.6699
22.5628
23.5464
23.8804
23.9770
23.8221
23.6827
24.6060
26.0126
24.4854
24.1470
22.1193
24.4691
24.2302
24.3224
25.9011
25.5220
23.3471
23.1792
22.1480
23.1016
25.7568
24.4972
23.8278
22.7549
20.8848
26.0266
22.6568
22.5687
22.3489
22.7711
21.3646
21.6091
23.2036
22.5035
23.1683
24.4942
23.0274
22.8494
24.2925
25.3746
23.7718
23.0836
22.6675
21.0926
23.0164
23.1376
21.8705
23.3067
22.8135
21.6188
21.7504
21.9032
22.5159
22.9553
23.8135
23.9842
23.0452
22.7209
22.6206
23.6706
22.7654
22.5253
22.1764
22.6947
24.6656
22.9961
23.3676
22.2727
23.0508
22.9659
23.4578
24.1461
24.3215
22.3351
24.5917
25.2388
22.4796
21.9850
21.6441
22.9333
23.2844
22.7396
24.0399
26.2729
24.4713
24.3783
21.5872
23.5411
23.4367
23.2644
24.1236
22.6779
23.5610
22.6547
22.2443
24.1846
22.8480
24.4917
24.1167
22.5801
24.3083
23.6619
23.3208
22.7949
21.8284
21.7128
21.1667
21.0754
24.0282
22.6603
23.9721
23.7077
22.4064
23.0556
24.4943
23.6208
22.9427
23.0948
22.8663
23.1192
21.4029
23.9431
23.4988
22.7795
23.5694
23.5999
23.8522
24.5862
23.6127
26.0037
23.8986
24.0694
23.4846
23.5063
24.3850
23.8305
24.9873
25.7386
22.7727
23.6311
23.2854
24.3196
21.1305
20.7020
22.1780
22.4755
21.9545
21.8817
22.0797
22.2848
24.6540
23.8999
24.0201
23.8558
24.1101
24.6729
23.7118
24.1054
22.7365
23.8147
23.8094
23.8776
24.6634
24.6601
23.0977
23.2331
23.8970
23.7545
22.4478
21.6755
22.6516
24.1168
24.1189
22.8754
23.0542
23.7598
22.9280
25.0134
23.3954
24.3227
22.7323
24.2848
22.6290
22.5428
21.9841
24.2427
21.9054
24.3661
24.2471
22.6031
21.7541
22.4964
22.2716
22.0385
22.8893
21.9448
24.3065
23.5978
23.4527
21.7165
22.0845
22.5553
23.7239
23.3475
23.2077
22.1374
22.1016
21.7923
21.0236
22.5403
25.6364
25.1799
23.9993
25.6409
25.7161
25.2122
22.6190
21.5817
24.2551
22.1607
20.9524
22.5577
22.1884
22.8809
21.5834
21.9663
23.0299
22.9686
24.4351
24.0617
22.4740
21.6809
22.7964
21.7062
23.7195
24.1498
25.4864
22.7169
22.9326
22.9915
23.0890
22.8965
21.2403
23.5013
22.5354
22.3991
21.9206
22.6457
22.3785
23.5017
21.2531
22.1115
22.2742
21.9964
21.9001
20.3075
22.7391
22.2451
24.0228
22.4982
21.7182
21.0854
24.2459
22.6033
22.1531
22.0417
21.3893
21.5212
22.4448
23.1053
23.1266
24.0815
22.3697
22.5467
22.4475
23.1741
24.3678
23.2666
21.9099
20.8014
21.0416
20.3412
21.0116
21.9956
22.6682
22.3538
22.4645
21.5994
21.9491
22.6623
22.7582
21.9112
23.2541
21.2373
22.0951
22.0222
23.5778
20.9065
23.2895
23.9095
22.3159
20.3747
19.8744
22.2846
22.6096
22.1781
22.2958
22.8134
21.6408
21.6689
21.3304
22.1747
21.6367
21.0947
21.3655
21.4373
21.2359
22.2449
22.2109
23.2891
21.3065
21.5734
22.6881
22.2850
21.8932
22.0116
23.0317
23.3255
22.6393
23.1777
22.0569
22.9898
21.6180
23.1687
22.2604
22.6320
21.5541
21.6356
23.0352
22.1025
24.0372
22.3460
21.9952
22.3067
19.4537
21.1629
20.7629
20.7244
21.9551
21.1575
22.4887
23.2891
22.1711
21.8889
23.9285
22.7728
21.4892
21.0525
20.4190
20.9952
21.2867
20.7631
20.6191
19.9680
21.1704
19.7280
20.4948
21.6947
21.1271
21.4561
20.3035
21.5772
20.3058
21.8408
19.6174
20.4155
20.7674
21.4750
21.5156
22.5214
21.9946
22.5392
22.3257
22.0016
22.4647
22.0196
23.0886
20.9149
22.8541
21.9552
22.2350
22.1949
21.5860
22.4159
23.9913
24.1570
23.4374
23.5801
22.4777
22.9586
22.4462
21.2719
23.7209
21.6854
21.8271
22.8897
22.9928
21.8150
22.9126
24.7164
23.2139
23.0549
22.8075
22.7617
22.3983
23.5530
22.7623
22.3383
22.1692
22.0392
22.3965
23.3210
22.9872
21.6483
23.5352
22.1874
22.9336
21.9042
21.9305
21.5515
22.0984
22.4117
22.2863
20.8125
22.7341
22.3859
23.1075
22.9155
22.7831
22.3710
21.6052
22.1157
23.4969
21.3055
22.1194
23.9861
23.8501
21.6113
23.7357
21.6593
21.2418
21.2277
21.7490
21.4409
22.2315
22.3312
23.0857
22.3089
22.5651
21.9560
22.3875
22.8245
22.1300
21.9003
22.5156
22.3789
22.4724
23.0806
21.4333
23.4449
22.4389
21.0559
21.5902
21.8091
20.7872
22.0213
20.7212
22.5189
21.7279
20.2631
21.8915
22.5674
21.9397
20.3436
22.5479
23.0602
23.0011
23.3798
22.5991
22.0419
23.5461
23.1285
21.5697
20.8551
20.5921
22.6797
23.2579
22.1202
21.8596
22.3852
21.1770
20.3605
20.4272
21.3098
23.0656
22.2783
22.2685
22.6324
23.3633
21.2351
22.5293
22.5027
23.1685
23.1365
22.0922
21.5335
21.5680
22.8922
22.1594
22.5694
22.3526
21.6085
22.5109
22.3379
22.4120
21.2125
21.7713
21.2455
21.0910
20.8170
22.1275
22.4188
21.0094
21.1417
21.6178
21.5611
20.9584
21.1297
20.6537
20.6681
21.4517
21.4589
22.0669
20.7628
21.9695
21.5928
21.3920
21.1799
22.1942
22.9483
21.1549
22.5420
22.0300
20.3252
21.5256
21.8937
21.5969
20.7779
21.8071
21.5743
20.2863
21.6640
21.2853
21.2932
21.4497
21.4982
21.4426
21.6906
21.0454
21.3425
21.8352
21.5792
22.8019
21.9484
23.9514
22.0720
21.5186
20.9279
21.6695
21.9194
22.0336
21.2501
22.1140
23.9092
23.6299
24.0383
21.0802
21.1574
21.7577
21.9682
23.3417
23.4362
23.7188
21.0402
20.9186
20.9691
22.1809
21.9468
22.8715
21.2448
21.1351
21.6598
21.9335
21.1268
21.1133
21.0140
20.7621
21.9946
20.6651
22.0807
21.1089
20.4182
20.3457
20.0392
21.9740
21.2974
21.0645
21.7075
20.3709
20.6923
22.1011
22.5529
22.3384
22.6349
21.3989
22.3407
24.1711
23.5117
23.8357
23.0026
22.5984
24.6196
22.5588
23.9961
24.1968
23.6538
25.8829
24.4918
24.2838
23.7370
24.8744
25.2632
23.4882
22.6569
24.5680
24.0864
23.8782
24.2809
24.7524
23.5108
23.9138
22.8392
24.2570
22.2677
24.7755
22.2533
24.2531
23.4437
24.6399
22.4724
23.1101
22.6907
21.1711
22.7546
21.9914
21.3756
22.9970
22.3248
22.2098
22.6712
23.0016
22.6891
23.0499
23.4106
23.1364
21.8873
23.2327
21.9187
22.1435
22.6252
24.4082
23.1993
23.6080
23.3523
22.1139
22.6777
22.1243
22.0874
21.5925
21.4217
21.3074
20.9627
22.0738
22.6222
22.0412
21.4774
21.9322
21.5984
21.9231
23.3453
21.2071
24.0068
22.7821
24.1038
24.1515
23.2229
23.5959
23.8028
23.2470
23.5822
24.4300
25.8583
25.2971
22.9770
22.5024
23.2575
23.0434
23.3651
23.5546
24.2186
24.0963
22.8941
22.9712
23.0659
22.1761
23.5921
22.9275
22.7744
23.7509
24.4916
24.1039
23.6162
22.2386
23.6260
23.0519
23.5891
25.0587
23.3674
24.6499
22.9764
23.9612
23.8445
23.4043
23.6698
23.4043
23.5228
24.1566
22.6776
23.0072
25.1813
20.9174
21.3546
22.8156
22.1988
21.9911
21.0160
21.0610
20.2959
21.4898
21.2773
22.7835
22.4447
21.7777
21.5724
21.0880
22.9111
23.1696
22.9936
22.3644
22.3424
20.8193
21.5540
22.9037
21.8605
21.8957
20.8249
23.1183
24.1722
23.5880
23.9230
21.8635
21.3822
22.5236
22.9180
19.9154
21.0840
21.4657
22.0049
21.5269
22.5541
23.0656
23.0339
24.3725
22.9792
24.0560
24.8617
23.5346
24.0707
23.2095
23.4821
21.6286
22.4538
22.2523
24.9785
23.6088
24.7995
25.4164
24.0944
22.6350
24.4680
24.1650
24.2795
23.5778
25.0797
25.0422
23.9409
24.1635
25.4490
21.7054
20.9308
23.5203
20.7919
21.4305
22.2630
23.0358
22.2966
22.5792
25.4430
24.1508
22.5943
22.9208
23.7446
22.5967
23.6733
22.5069
24.0737
22.5550
24.3550
22.3960
23.0621
22.2760
21.3763
21.6388
24.1324
23.4084
23.3666
23.4761
22.6143
23.6723
24.6515
23.1898
23.4903
25.4902
22.1951
22.6944
22.9429
20.7999
21.2058
21.3895
22.6716
22.6681
22.4119
21.0861
20.5636
20.8583
20.2690
21.1215
22.3781
22.1629
22.5179
21.0438
22.4672
21.5533
23.0164
22.9350
23.7055
22.5300
23.8783
20.7565
22.4692
21.9708
22.4276
23.4585
22.8387
24.7247
24.0907
22.6543
24.1740
22.9599
23.3692
23.1604
21.5389
22.1495
21.7846
22.2254
22.8795
22.8689
23.6122
24.7115
24.1883
22.9959
22.8000
25.3450
23.4650
21.8371
22.7558
23.0048
22.5079
22.8956
21.9470
22.2810
21.3384
20.9999
22.5274
23.4928
23.0042
22.7990
24.5017
24.3530
24.9135
24.9635
25.3367
24.3813
24.2843
22.8077
23.0022
23.9011
22.6969
22.5816
23.7095
23.6348
22.6814
23.6518
22.0950
21.9588
22.2609
23.9037
22.2153
21.2458
22.4918
22.3934
21.4481
22.5815
21.8508
22.2942
21.5349
23.6449
22.1568
21.7758
22.3148
21.5552
22.3497
21.4892
21.4233
21.1181
22.0114
21.0745
20.5843
21.3878
22.0647
21.5969
22.3538
21.3701
22.4942
21.8051
22.6686
21.9478
22.0094
22.5958
22.1548
21.8197
21.6234
22.6095
21.7867
22.1813
21.7293
21.1857
21.9120
20.5884
22.5391
21.5659
21.9652
21.0696
21.6919
21.5202
21.6019
21.6974
23.0854
22.3336
23.6112
23.2620
22.3722
23.5099
21.7407
21.9446
24.5714
22.9413
22.9515
23.2101
25.4845
22.6754
23.1659
23.8863
23.2889
21.5897
22.7009
22.6133
21.8495
21.2669
22.9993
22.3911
24.1474
21.8202
23.0493
22.5651
24.7574
25.0548
24.7304
23.2614
22.2344
23.3221
21.5812
24.3936
21.2713
23.9422
22.0284
21.7969
20.9513
22.6636
21.5440
22.0188
23.3678
23.4049
22.4444
24.3486
23.5985
22.8521
23.6494
22.9197
23.2994
22.6895
22.4828
21.3353
23.2427
23.4884
22.0525
23.0634
20.9890
23.0553
24.2722
23.0220
22.9717
23.4685
22.0244
22.6021
22.7486
20.8291
21.5697
23.5910
24.4738
23.3491
22.6015
22.4952
22.8929
21.3750
20.2065
22.8715
22.0983
22.5272
22.4893
22.1778
21.1675
22.4976
23.4964
22.2383
22.2705
21.7542
21.9526
21.3832
22.3424
22.1527
20.6734
22.5667
21.5452
20.9873
20.8474
22.8763
23.0436
21.5036
21.0441
21.2645
23.1614
21.1395
23.0680
21.7082
22.1898
22.2891
23.0949
22.5719
23.1070
21.8713
21.0151
22.4995
20.5714
22.3041
22.8330
22.4379
20.7789
21.6145
21.0530
22.4526
21.8925
23.3844
23.5175
24.2266
21.5554
22.9420
23.1182
22.2041
21.5319
21.6764
22.8707
24.1865
21.6491
22.7967
20.9842
23.1429
22.2720
22.0313
22.1272
21.0090
21.8067
22.3035
21.5066
23.1372
21.2910
21.3143
21.9386
20.9021
22.6014
21.6251
23.5038
24.8928
23.2978
23.7661
24.5482
23.8793
23.6561
22.2776
22.2996
22.5528
21.7284
23.2507
21.7389
21.9831
21.5845
22.4239
21.5359
21.6491
22.3891
22.8668
22.1860
23.4763
23.6575
24.3631
22.7968
22.1976
22.6826
21.0550
21.7841
23.0666
22.3727
22.8657
21.4073
23.2166
23.9911
22.7738
22.8121
21.3353
21.4789
21.6190
22.3323
22.1446
21.8138
22.6080
21.2939
21.9381
20.6880
21.9422
23.9762
23.6566
20.6508
22.6563
21.9274
21.5461
22.0528
23.0396
21.7854
21.2516
21.4714
22.4468
22.4674
23.1551
23.6216
23.3900
22.7525
23.1877
22.7499
22.3687
24.3980
22.2515
22.1498
21.5924
21.5298
23.4903
22.4737
23.2506
24.2785
23.1728
21.7371
22.6607
21.6547
21.2839
21.1349
22.4896
20.7813
21.1079
21.0863
21.9767
22.2844
21.9039
21.3626
21.8670
21.3096
22.0177
20.0623
21.8328
22.2307
20.9042
23.0709
22.1881
20.0939
21.1344
21.6768
22.2998
22.1738
23.4871
23.6759
21.7057
22.2492
23.0045
22.2620
22.1063
22.1088
22.9011
22.4363
24.3727
22.7527
22.1500
22.8886
21.5747
21.2676
22.7608
23.1505
21.0786
23.1240
21.7934
22.2249
23.6404
22.1069
21.1860
22.5969
21.6544
22.6549
22.2758
22.9639
22.1179
23.1295
22.1555
21.1146
21.9177
22.2269
23.3462
22.1930
22.1731
22.2418
22.9530
22.7663
23.0210
21.8653
20.2263
20.4008
20.6839
21.9502
21.9752
21.7432
20.8479
21.1916
21.3849
24.7024
22.7805
23.6080
21.7310
22.4950
22.0913
22.9635
22.5539
24.3305
21.8448
21.5536
21.6355
22.1969
22.8456
23.4806
23.6315
20.8412
22.5369
22.3894
21.1802
22.8440
22.1960
20.7715
20.7568
22.4065
20.3190
19.5954
21.6616
20.8631
22.2970
24.1038
22.7411
22.6541
22.7930
21.9635
22.1958
23.4526
23.5417
21.5162
21.1318
22.9090
21.6813
21.4615
20.2823
21.3670
20.8511
22.3488
21.3773
23.8384
22.4406
22.2564
21.3493
24.3723
24.7700
22.4369
22.6185
21.2117
24.1258
23.6862
24.4316
23.6627
21.7197
22.2985
24.4010
26.0255
24.4114
22.3738
21.3912
22.2008
21.0845
22.5709
22.9571
22.5220
21.9677
22.4683
20.5972
22.0303
23.6832
23.0096
23.0667
24.1904
21.9017
22.1322
23.3053
21.6998
23.5088
22.3411
23.0340
22.6961
24.4383
22.5138
23.7675
22.6009
22.0306
21.9010
22.5271
22.6835
22.4461
21.3765
20.9971
22.9745
23.1187
22.2940
23.3373
23.0226
23.0841
22.7118
22.1044
22.0891
22.5044
24.2990
24.3250
24.4542
22.7586
23.1974
21.8174
22.4050
23.0574
23.4137
22.6251
23.5334
23.2582
22.7893
21.4932
21.2772
23.6874
24.9201
21.7528
21.7349
21.7929
21.7376
21.8187
21.8966
22.4356
22.8597
23.4312
23.3683
22.9789
22.8193
22.5880
21.8881
22.1589
23.1004
23.4374
23.4482
22.6269
23.3560
21.4911
23.2301
22.4632
21.5191
23.3927
22.3331
23.7866
24.7009
23.1134
22.1931
22.2069
21.3250
22.3934
22.4270
21.8353
23.1699
23.2580
23.2126
22.9900
21.8644
22.3672
21.9172
22.7749
20.9410
23.1489
22.2235
22.8196
23.3981
22.6093
23.2472
24.3916
22.5519
22.3709
21.4327
21.0745
21.6266
20.3212
21.2399
21.3459
22.1095
22.6016
22.0771
21.2603
20.9368
21.6085
20.9020
21.2952
21.4170
21.2771
20.3672
21.9142
23.3312
22.2205
21.7655
21.0476
21.0189
21.1232
21.3455
22.2743
21.5036
22.5720
22.3480
22.8249
21.1191
22.1676
21.9399
23.3697
22.6177
23.3183
21.7013
23.0259
21.5370
21.3478
22.9780
21.7389
23.8208
21.9146
21.9849
21.6829
21.9585
21.8997
22.2727
21.6503
23.0308
23.4031
22.5041
23.8950
24.7898
21.7634
21.6698
21.3580
20.3389
23.8666
20.7801
22.2096
22.0122
21.9893
21.0505
22.1954
22.3017
23.1853
22.1086
21.1888
22.2151
21.0821
21.6733
21.4451
22.5717
22.1099
23.3752
21.5823
22.5694
21.9044
21.5358
21.5568
22.4328
23.0535
23.2044
23.3035
23.1119
22.3585
20.8506
21.9188
22.4937
22.7375
22.8472
21.3884
23.2266
22.0955
22.9948
22.3925
21.1787
21.0512
22.3416
21.7516
21.6269
21.5971
23.1377
22.2535
21.4796
22.1719
21.8092
21.0029
22.2775
22.8281
23.5190
22.1788
22.4154
23.1104
23.1720
22.3019
21.5100
22.1355
23.7571
22.2829
23.3404
22.2808
22.3411
22.1122
21.0892
24.1670
25.1055
22.2730
23.3186
23.8532
23.2672
25.0990
25.2505
23.5501
22.9365
23.2914
23.7303
23.4317
23.9349
21.8746
23.6036
24.6341
23.6237
24.6548
23.8037
23.2853
22.6144
22.2281
25.2196
23.2353
25.2459
24.1870
24.0643
22.8679
24.5311
24.3136
25.6396
23.6213
22.1961
21.9837
22.4773
22.3672
22.3662
23.2425
23.0098
23.4226
24.4337
24.8258
23.8570
22.4596
23.3670
24.6867
24.6713
23.1658
22.9486
23.8014
24.4652
21.0933
22.9205
22.2665
23.0845
22.8518
23.0165
24.7998
25.3918
24.0590
24.1526
22.5925
22.0314
22.6486
24.2014
24.6314
24.4951
23.8199
24.2357
23.1907
23.3364
22.7877
22.3771
22.7102
21.4686
24.2441
23.0203
23.1942
22.9535
23.4624
22.3472
22.4491
23.8306
22.0664
20.3066
21.3199
22.6538
21.0023
22.9273
24.3804
22.7076
22.3343
21.3298
22.3398
23.2375
22.6671
23.5254
22.5880
22.3706
23.0287
22.6724
22.9723
23.0387
23.1395
23.2457
22.4708
23.6034
22.9351
23.8457
24.2178
24.1671
22.7273
22.0725
22.3531
23.0547
22.8617
22.7832
22.5208
22.9411
23.3708
22.9745
21.7538
22.6189
23.4776
22.5888
21.1706
22.6875
23.3323
22.9086
19.9229
21.7467
24.0143
22.1061
21.6336
23.0496
23.8864
21.9484
21.4029
22.3766
23.0783
21.3941
21.2923
20.7282
22.1627
22.1375
20.8019
22.1191
20.6481
20.9961
22.3469
21.6037
22.0581
21.9818
22.1848
20.6964
20.8984
21.7393
21.9490
22.2588
22.6737
22.1885
21.9916
22.1371
21.8369
21.6133
22.6245
22.7402
22.0070
22.8470
22.6408
21.6035
22.6845
22.8584
22.1205
22.3930
22.4946
22.1229
20.4703
20.7733
20.6165
21.1313
20.6409
20.6634
22.7562
21.9998
20.9689
21.5816
21.4389
20.1729
21.1140
20.5659
22.5287
23.1331
23.1344
22.4282
22.6367
23.3509
23.3954
24.2989
21.3066
22.2322
22.1770
20.1951
21.9626
22.8988
24.3420
23.2963
21.7397
22.4487
23.3412
23.1654
22.6630
23.7527
21.1760
21.3373
22.3482
22.5881
22.6539
22.5723
23.9792
21.7834
22.9145
23.9699
23.5503
22.8682
23.7104
23.9727
22.9333
23.0375
23.7218
23.4405
23.9819
22.6898
21.6643
21.7467
23.4603
23.5420
23.7291
22.6948
22.8784
21.9686
24.4657
23.3740
23.0785
23.9465
22.2198
22.5499
22.6508
21.2543
21.9915
23.5412
22.8724
24.1103
23.3956
22.8075
23.7047
20.9438
22.4243
21.8538
22.9206
22.2223
21.7756
24.1125
22.0631
22.4055
21.9019
22.8500
22.0927
23.2704
25.2052
23.0611
21.8777
23.0264
22.5972
23.2117
23.6047
22.5078
22.4133
22.6097
22.6668
21.1897
22.9537
22.4467
22.8531
22.0830
23.3697
25.0309
25.6394
25.5800
23.3605
22.7276
23.9848
23.1730
23.7533
23.7000
23.5095
23.5174
23.9878
24.4223
23.6022
22.0441
23.2270
24.9229
23.2208
23.3588
23.3869
25.4532
23.2552
22.9010
23.0675
23.4608
21.6633
24.4086
22.3226
22.4637
22.6743
24.3383
24.3449
24.5899
25.6720
24.1489
25.4890
24.1705
23.2555
21.2735
24.6079
21.2777
22.5160
22.8765
22.8174
21.6968
21.9641
22.5162
20.6420
22.9550
22.2969
22.7268
22.1498
21.1524
22.1811
22.2312
23.2958
22.9938
21.3103
21.2447
21.1271
21.9705
22.7281
22.1304
20.9403
22.8158
21.3454
22.8426
22.6733
21.5629
20.6533
22.3403
21.4537
21.5748
22.7316
20.5731
21.2306
23.4961
21.7138
21.5272
21.0218
23.9393
21.5280
22.1706
21.6496
20.9705
22.5946
22.6655
21.0305
21.5679
23.6752
21.4461
24.8251
22.9087
22.9063
23.9907
21.1774
22.0150
23.0077
22.7281
22.8240
23.4926
22.6060
21.6959
23.8218
23.0884
22.4000
21.7894
21.6237
19.6467
21.0082
22.5185
21.6899
21.6572
21.8313
22.2404
21.2122
23.1839
24.0696
22.6337
21.8274
21.0584
21.6837
22.5837
22.5492
22.2273
22.6793
23.3901
22.4362
22.7042
21.3175
21.2374
21.2462
22.4827
21.2289
23.5928
23.3180
24.3879
23.6844
23.1391
23.1887
24.6719
22.8403
21.7463
23.7491
22.9860
22.9611
24.2972
22.5195
20.8668
22.4408
21.0270
20.2226
24.3004
23.2366
23.5492
23.5434
23.0503
25.9018
25.0573
22.5453
22.8420
23.1856
22.4554
21.6840
23.6908
23.0439
23.1261
23.3261
23.9067
24.6781
24.0320
23.8902
23.2108
23.4443
21.8722
24.6853
22.3533
22.4720
22.5574
22.3438
23.3627
23.1270
25.0412
23.7928
22.5339
22.7053
20.6804
21.4662
22.6961
22.7578
21.1243
23.1633
21.0049
22.2537
20.8397
22.1478
20.9088
23.2339
22.9248
22.6901
22.9862
22.0926
22.7118
22.8413
25.4250
22.7575
21.3418
21.5719
22.8722
21.8561
22.0051
21.7934
21.4933
21.7818
20.7689
21.6912
21.2129
21.0040
21.1430
20.9409
21.1827
20.9785
21.6263
23.4491
21.7063
20.5091
22.0679
22.8319
22.5986
23.1277
23.9723
23.6117
23.9190
21.8579
22.0742
24.4842
23.3682
24.5083
22.9249
22.4767
22.7136
23.1942
21.8156
23.3442
22.6563
21.0648
22.5126
23.0332
21.6472
20.3969
21.2308
21.2627
23.3592
21.7456
23.0603
20.6047
22.4816
21.5811
21.7924
22.7978
21.7494
22.5990
22.8820
20.6569
21.1446
22.1784
21.7184
22.1314
22.3232
22.4870
21.5339
22.3057
21.0328
21.7811
22.6543
20.5220
21.8511
21.2173
20.3351
20.4998
20.0901
21.1817
21.6618
22.3385
20.9023
19.7724
20.8700
21.8699
20.6092
23.1539
21.5658
21.0571
21.0648
22.0062
22.3517
22.4222
21.2610
23.7009
24.2263
21.8855
23.0451
22.7785
22.7077
22.7527
22.5211
23.1715
22.5880
23.1138
21.8755
22.9545
21.8421
22.8717
22.1273
21.9902
22.9772
23.0819
22.3093
21.5308
22.5685
23.4322
23.1706
23.6462
22.8551
22.4968
22.1546
21.0430
22.6074
21.8971
21.2427
22.9954
21.1261
22.9261
23.2601
23.5876
23.1293
23.0299
20.8558
22.3701
21.6284
24.1725
23.9405
22.4970
21.9339
23.9109
23.2447
22.5666
22.9347
21.1908
21.4577
22.3120
21.7732
21.6243
21.9370
21.8953
23.1509
22.6146
22.2951
24.2023
21.4141
22.0939
21.5583
20.3033
21.5052
23.5541
21.4000
21.0790
21.2667
21.1650
20.5315
21.5750
21.9491
20.5077
20.7212
21.7196
20.9560
20.6330
20.1032
20.6016
21.5003
21.8397
20.1785
21.4006
20.0871
22.4545
21.8027
21.7437
20.8559
20.9688
21.3375
20.5094
20.8494
22.0783
21.9667
20.8110
22.4547
21.2500
19.4962
19.0771
20.0267
20.2980
20.9525
21.5146
21.4354
20.7901
21.2655
20.2377
20.2781
20.9893
24.3335
20.6589
21.6566
21.3979
22.2276
21.8849
21.3265
22.6752
21.7091
21.4697
21.6235
20.8224
21.6141
22.4115
21.4524
22.3797
21.6812
21.1331
21.7316
21.1890
22.6376
21.9002
21.3818
21.1125
20.7088
21.5496
20.8160
21.0566
20.6131
21.6745
20.8148
20.5863
22.3218
21.7565
21.9487
21.5970
22.7867
22.4018
20.0257
22.3667
20.3558
21.2659
20.4971
22.6863
21.8718
21.6307
22.4632
21.4836
23.1895
23.3690
22.0337
20.2013
21.9509
22.1312
22.2356
21.9415
21.4400
22.1628
23.3485
21.4843
21.8343
22.1502
21.8104
22.5848
23.1995
22.3396
22.1453
22.6481
24.8992
21.8081
21.8640
22.2805
22.6678
23.5006
21.8069
22.0901
21.8194
24.3855
22.5813
23.9997
22.9822
22.3107
21.6805
22.1138
24.5707
22.1494
23.4123
21.3325
22.7901
21.5324
23.0625
22.4685
22.7868
22.4487
20.9129
23.0708
23.3719
22.2560
23.0307
24.2615
24.8978
23.3925
24.9991
22.4373
24.5337
24.3288
24.7741
23.2121
23.9741
22.8057
23.5595
24.7157
23.1547
26.4875
24.9281
26.0089
24.6634
22.8291
21.8322
23.9411
22.4857
23.5780
23.5919
22.4824
20.9566
24.1990
25.0740
23.3752
23.6357
23.7026
26.3039
23.7872
21.0093
21.1898
23.3981
24.5019
22.1252
24.4605
25.0945
23.4243
22.7306
22.1972
23.7626
23.1835
21.5955
21.7637
22.9771
21.7291
23.4472
24.2042
25.5508
22.9655
22.9575
22.8824
21.4584
23.4377
22.8693
24.2066
21.8532
24.2007
22.3529
23.1559
22.4928
23.4831
22.3452
22.8548
24.1689
24.5185
23.3379
24.3338
23.5220
23.6061
23.6502
23.5833
24.0929
22.9932
22.7275
22.3274
22.6015
23.0226
22.7808
23.6190
21.8016
21.2603
22.1965
21.2117
21.7708
21.3853
22.0347
25.2135
21.7907
22.3006
21.8310
21.9232
23.1992
23.3741
23.1895
22.7347
21.3515
22.3243
23.6388
23.9034
23.6991
23.8724
24.0387
26.2141
24.1914
24.2056
21.2346
23.5996
21.8386
22.8223
21.4239
20.8978
23.1501
21.5212
21.7470
22.5142
22.7873
24.0973
22.7569
22.4613
22.2985
22.6076
21.8496
22.6388
21.1576
21.5311
21.6571
21.8521
21.9478
21.5695
22.9426
22.9318
23.9163
25.0026
24.3869
23.9696
25.9992
26.9691
24.2701
21.6052
24.4219
25.1546
24.8450
24.2663
25.5485
26.9164
24.5569
24.1965
23.8064
26.8446
24.2579
24.7913
23.5570
22.5107
22.9970
23.1738
23.7560
22.5117
22.7155
22.3255
23.1161
22.6749
22.2407
22.9752
21.6639
24.6133
23.6523
22.4086
23.4316
23.0042
22.8327
22.7742
22.7196
21.8565
22.1820
21.7289
23.8381
20.7078
22.2611
22.2498
21.4272
23.2611
21.6889
23.0122
24.5658
24.0954
23.9481
24.1812
20.3715
21.3081
23.6266
23.4854
22.1802
22.6734
21.5956
22.5961
22.5819
23.0026
22.3794
22.8031
21.9453
21.7126
20.5429
21.2487
21.4178
20.9067
21.0056
23.5734
21.7825
22.2089
20.7616
20.1622
23.3804
25.2725
24.8280
23.1158
23.1102
21.7569
21.3928
20.7261
21.1533
21.8462
21.8872
22.5467
23.2845
21.5273
22.8030
22.8932
23.3764
23.0855
23.8036
24.5472
23.5623
23.0216
23.6785
21.0483
23.0540
22.2736
23.2175
22.8427
21.9678
21.8092
21.3017
24.2347
23.2031
24.9971
24.7201
23.2775
22.4036
24.9722
22.9349
24.3737
21.1650
22.8661
24.8544
23.8257
23.3927
24.8194
23.8830
22.8337
23.1838
22.6769
22.6020
24.1723
23.3775
23.7670
23.1619
24.1977
25.4807
24.8730
24.1932
22.7524
23.1925
23.8719
22.8764
22.5758
20.8856
23.0718
21.4607
22.5959
20.7870
20.4177
20.4451
21.8716
21.5130
21.0219
21.5314
22.4519
23.1988
21.9935
24.0593
23.7635
25.5189
23.3850
23.1446
21.7483
21.9585
23.3465
23.9492
24.0897
22.5829
23.6567
22.7834
22.8235
24.2898
22.8957
24.3873
24.2363
23.6649
23.9433
23.5223
21.9861
21.3825
21.4240
22.8712
22.3993
22.5756
24.7729
21.7409
23.8973
25.6556
24.3610
23.3170
23.3916
21.3242
23.5774
23.3061
22.0516
22.3409
21.0456
21.3867
22.5119
25.1181
23.2735
23.2860
22.3951
20.6549
20.7898
21.7907
23.9768
24.0255
21.8317
22.6613
22.2209
22.4940
21.3283
21.6333
22.2929
20.8437
20.8555
22.0605
21.8863
21.4170
21.6629
21.8016
21.6215
22.2002
21.0141
21.2679
22.0612
22.4485
23.8632
22.3590
22.5619
22.4573
22.7944
22.7197
21.1694
20.9525
22.6847
21.3876
22.0795
21.7730
22.3799
21.6175
20.8207
23.3424
21.5337
22.1703
21.9238
23.3224
22.6586
22.2763
23.4714
22.6688
22.6847
23.2361
22.3001
23.2383
22.7827
23.6787
21.0452
21.8291
24.2723
24.8754
24.2841
22.8384
24.2259
25.4949
24.2990
24.8577
23.4509
22.8329
23.4486
23.7664
24.5100
25.0462
27.4237
24.5267
22.8440
23.2372
24.5994
23.3474
25.0758
23.6288
23.8891
23.5354
24.5629
23.7911
26.6467
24.7173
23.3982
23.1275
24.0062
22.5990
22.6256
23.0469
23.8863
22.7605
23.0061
21.5335
21.4005
21.9131
21.6956
23.5246
21.3360
22.1962
21.9250
23.2177
24.3975
22.7557
23.6449
24.5770
21.7060
21.7920
24.3119
23.4909
22.9547
22.7694
21.3272
21.8825
23.7018
22.6621
22.9086
22.3750
21.4996
20.6592
22.3171
23.7050
23.5755
21.6885
21.1443
22.8408
22.9932
21.9116
22.0277
22.7032
23.7666
24.3943
24.8989
24.9244
26.1125
24.4617
23.4423
26.5669
23.0665
22.3442
23.3464
22.0816
22.9879
24.2814
22.9652
22.2842
22.4317
20.8098
23.5100
22.8360
23.0646
23.4534
24.5443
21.9586
21.8069
22.4603
24.3792
24.5448
23.6368
24.3922
23.1851
23.4139
24.8133
24.5798
23.5023
21.7975
23.2253
22.2030
22.9398
23.7112
25.1271
25.5791
24.8616
23.9220
23.3580
22.6373
22.3971
22.9801
22.6376
22.3862
24.5234
23.2881
23.0336
23.1947
22.9900
22.7682
22.9536
23.7737
22.5574
23.2295
22.1207
23.6141
23.2063
23.7966
24.3441
22.6179
23.9915
24.0666
23.0661
24.4599
23.4748
24.0220
21.8562
22.2004
22.1599
24.3439
22.8637
22.5929
22.4790
23.0835
24.3167
22.5529
25.2232
23.8859
25.3427
25.7599
24.3792
24.6542
23.2247
23.7736
22.1049
22.9219
23.5423
23.6922
24.7414
23.9561
22.2971
23.2897
22.6457
23.6279
24.1612
22.6161
23.4675
22.3078
24.6885
23.5677
21.3116
22.2223
22.3087
24.5796
23.5068
23.5090
24.5941
24.7109
26.8157
23.1006
21.8080
22.8570
22.3834
21.5357
24.2069
22.2443
23.6250
23.7460
23.4015
22.5910
22.8085
22.9418
24.1939
23.4591
23.4349
22.3565
22.1043
21.8395
20.8242
22.6081
22.1322
23.4184
23.3803
22.7879
22.1079
21.2053
20.7707
21.8125
23.2094
21.9766
20.5949
21.8997
23.2358
23.4774
25.6661
25.2964
24.6208
23.8792
22.7277
22.5818
23.2618
22.9392
23.9170
23.0739
22.7760
22.0064
23.8396
22.1866
23.2809
24.4135
22.8334
23.2921
24.1376
24.1206
22.5829
24.6970
22.9563
22.4977
23.9584
22.7993
21.9359
23.2714
23.0021
25.4205
24.0909
24.9564
23.3905
24.3920
23.2228
23.5049
21.6594
23.5388
21.8731
22.2095
23.5671
23.0229
21.6832
23.8249
23.1961
23.4816
24.4475
23.6535
22.4305
21.0392
21.4612
23.5157
22.0622
21.1676
22.2553
23.5283
24.3449
22.8144
22.5617
22.8948
22.0978
21.1437
24.2587
25.2290
23.5973
23.9976
22.3828
22.8071
23.3341
23.2480
23.0033
20.5652
22.4257
21.9351
23.5606
23.8904
26.3577
22.9264
24.9260
25.2589
24.0379
23.2759
23.0828
25.3835
25.1051
26.5907
25.5896
24.1713
27.3285
24.5323
26.6036
26.1030
25.7351
24.3724
23.9728
24.4872
24.2482
26.9714
24.9118
24.3156
24.1029
23.6581
23.8757
21.6485
22.2479
22.9626
22.8712
21.6083
22.2337
20.7892
21.6252
23.6767
23.0674
22.8860
23.2006
21.8358
23.2395
20.2452
22.9108
21.4819
21.8616
22.8090
23.9795
25.3258
22.2272
23.4408
23.8417
22.9849
23.2381
20.1259
21.3746
22.3440
23.1500
22.7910
23.4800
23.3417
24.0915
23.8618
23.1628
24.2889
23.2400
24.4324
24.6248
23.3175
25.0152
25.1060
23.7815
22.9001
21.7139
21.3825
21.0447
21.6166
22.8239
25.1574
24.1690
23.3680
23.7217
24.3862
23.1561
21.9297
21.2382
21.0736
21.3151
21.1264
22.6618
22.6632
22.1414
22.0074
20.7765
21.4406
21.1676
24.6736
22.0929
22.5706
21.4819
21.7786
22.1025
23.2004
22.1055
22.4800
22.8227
21.1680
21.0461
22.9446
22.3263
22.9821
22.7639
21.9496
21.6160
23.1302
22.9983
22.3928
21.1759
21.6248
22.9477
22.5547
23.7759
22.5900
22.3234
22.4491
22.2179
21.9032
22.3438
22.1856
23.9748
20.9139
21.8671
19.4491
22.4313
21.4838
23.0075
20.5683
21.3878
21.0095
21.0361
22.8152
21.3762
21.5969
22.6065
21.4867
21.9696
19.7917
22.1350
21.6598
20.6290
22.4101
21.7895
22.0373
20.9506
20.9856
21.9592
21.1291
24.6896
23.1871
22.3483
20.8835
22.6253
22.1400
23.0095
23.1837
23.5864
22.5716
21.8973
23.2980
23.9048
24.0013
24.0411
24.4675
24.1820
24.3915
25.5169
22.9528
21.6318
22.9017
22.6711
22.8070
23.8918
23.2765
23.9479
22.5667
22.3666
24.6017
26.2267
23.3623
22.9098
21.3728
21.2173
21.9748
21.0923
20.3173
20.9970
22.2543
22.4707
22.0428
20.2674
20.7872
21.4063
21.5924
21.7566
21.6822
23.5065
24.8891
23.0807
21.9982
21.3718
25.0360
25.7176
25.0569
22.8148
22.5233
22.4714
22.6566
23.0776
24.0653
23.5823
21.1147
22.9552
22.8873
23.3651
23.7181
22.7598
21.3151
23.8017
22.5061
21.8695
23.4126
22.0718
22.4206
22.7460
21.6209
21.4345
23.0630
22.3153
21.0570
21.8482
23.4562
22.2249
23.0783
22.8652
22.3551
25.7205
21.7204
23.3810
23.3926
23.0421
21.6228
21.8998
20.8102
24.6606
22.7541
21.3611
21.6404
23.5507
22.9008
22.9895
22.8398
23.5194
21.2932
23.4943
22.0803
23.3323
23.5234
23.5659
22.1961
22.1608
19.8568
23.0062
23.3587
24.1833
22.9092
23.2058
22.3474
23.3872
22.4591
20.7790
21.7655
22.5972
20.8069
22.1569
22.7902
22.7110
23.7072
24.3221
22.9295
22.0645
25.1250
25.4048
24.8062
22.2378
24.2169
27.0435
22.8693
22.4161
24.2876
24.5677
25.4070
25.3756
23.0960
23.9245
24.3200
22.6859
25.9156
23.1275
21.7521
22.3471
21.7152
23.5227
21.5488
21.2976
22.7851
21.3277
21.9070
23.4419
23.1502
23.1032
23.9534
26.1137
24.0948
24.4328
24.4171
23.1676
22.9061
21.2422
21.6218
20.4936
20.5364
22.5766
21.3163
22.4832
20.9443
22.7104
21.9485
21.1907
22.9180
22.8792
23.2054
20.9679
24.0189
22.0328
24.4245
23.6084
21.7100
23.6750
22.6302
22.5856
25.2225
25.9302
22.1013
22.3195
23.1460
24.5348
24.0897
23.1070
22.9880
22.4473
21.5363
21.8634
20.5922
21.6401
22.5593
20.7361
23.1392
21.4373
19.5619
20.8276
20.9961
21.9253
20.8788
20.6432
23.6126
22.4711
22.5168
21.9038
21.5541
21.9113
20.7039
23.7506
21.0012
20.4842
22.3117
21.3461
20.8380
21.5088
21.4257
23.8118
22.6424
22.4818
22.0492
21.5409
23.8035
22.9785
20.7086
21.4761
21.0957
22.4843
22.7669
21.1338
19.7555
21.1936
21.3498
23.9627
23.2850
23.9226
22.6813
20.8121
23.0811
22.2267
23.8722
23.6940
23.9407
22.2425
23.2436
23.2584
20.0169
21.9282
24.7779
23.9432
23.5494
21.3280
21.7708
23.4299
23.4581
23.1514
23.0151
23.2352
22.1969
23.4990
24.7877
22.6285
20.6955
22.8805
23.2386
22.1917
22.8083
22.4154
22.5215
21.5499
22.1944
21.2473
21.7356
22.4798
24.0792
22.7523
23.0542
26.6048
23.4058
22.7333
24.1804
22.4077
22.8054
21.4091
22.8890
20.0472
20.6283
21.7322
21.2827
21.8240
21.9618
22.0758
23.0849
22.7760
23.5402
21.2869
21.0666
22.7805
23.1667
24.4448
23.0054
23.7502
23.7486
25.6469
25.5044
22.0464
24.5822
22.7665
23.0683
22.6985
24.3486
23.2800
23.5434
21.3753
22.7986
24.8439
23.6376
24.6659
22.5768
23.6728
23.8883
23.8392
24.2623
24.1819
26.0783
24.7195
22.3841
22.9557
23.2016
24.3944
22.8371
21.0350
20.5890
20.6584
22.6723
21.0977
22.5785
23.0891
21.9409
21.6264
22.5856
23.4191
23.6054
23.0848
22.3569
24.2130
21.9338
22.9102
24.8533
24.0843
22.5592
22.5336
22.2393
23.1804
22.9411
22.9781
23.0034
23.3983
22.9073
21.5404
22.1095
22.0562
21.4968
21.3906
20.4943
21.5543
20.3216
20.5706
22.3505
21.8131
22.1915
22.5800
22.3397
22.6113
23.6127
21.8796
20.6256
22.6197
21.4189
21.0600
20.7076
20.3211
20.6299
21.8368
21.6833
24.9071
21.9787
22.3954
21.2313
22.4746
22.0879
22.5631
23.4361
24.4739
25.1024
23.7362
25.0593
21.9873
21.1428
24.0184
23.7435
23.8919
25.4467
22.5285
21.8479
21.4088
24.1523
23.3397
23.2530
21.7685
22.9549
24.9542
23.8653
22.0178
22.5137
21.3953
22.3368
22.0213
22.5411
20.3602
21.0516
21.3307
20.2658
22.9471
21.5345
22.6612
22.9315
23.0491
22.9405
23.7771
23.0388
22.3175
21.8355
22.7901
22.0744
21.7208
22.9488
23.5964
23.5894
25.1921
22.4456
21.8716
21.6897
20.7899
21.1054
22.4451
22.6186
21.8723
22.6039
21.7202
20.2484
20.9441
21.2068
20.9625
21.5101
21.1026
22.3633
21.2723
21.4062
20.9357
21.4485
22.3751
21.0379
20.6093
22.0894
20.3184
20.8475
20.6598
21.4933
20.7574
20.7718
22.6999
23.4020
20.6165
21.4930
22.3984
24.0736
21.9205
22.1602
21.5891
23.2153
23.2894
21.4247
21.6088
21.9374
22.1972
20.1191
20.2593
21.7782
22.1482
22.1280
22.4756
22.7294
23.4666
23.3152
22.9561
22.3809
22.7492
22.9252
21.8156
21.3879
21.2811
20.8962
22.4080
22.3020
20.5004
22.1952
20.9459
23.2133
22.1748
21.4944
23.2233
22.8205
23.1454
23.3556
24.8811
23.1611
23.9824
23.7138
24.3744
24.7511
23.4798
22.2273
20.6695
23.6139
22.9962
24.2212
23.4169
21.0036
22.0899
22.7824
21.7580
22.3483
22.3341
21.9888
22.1948
22.0532
20.5453
21.6553
22.2871
22.7453
22.5253
21.3362
22.6476
22.0307
21.2050
21.5995
20.4110
21.9085
22.3055
21.8201
22.2732
21.7972
24.1970
22.5210
23.0323
22.1457
21.7810
22.8515
22.4315
23.4808
23.9180
23.8815
21.4580
22.3351
21.1305
22.5740
21.1828
21.1385
23.0241
23.8937
23.7415
24.8696
23.9042
23.0570
21.3870
20.6765
21.0685
21.5810
21.9115
23.3482
24.7522
23.7422
22.6714
23.6722
23.5781
22.7029
21.5763
22.1790
21.4627
20.8528
21.6720
22.6122
22.5810
24.4390
24.2332
23.1273
24.0980
23.4559
24.3930
23.3815
22.0803
22.1080
21.7671
22.2698
20.0793
21.1067
21.0473
21.7405
22.5993
22.2325
21.8617
23.3666
22.4977
19.8677
23.4456
21.9941
21.9596
20.5602
22.4879
22.7697
22.0613
21.7041
21.8305
21.9942
23.2803
23.5816
23.4195
21.7109
23.9697
22.5138
22.0569
23.0656
23.3695
23.8029
23.4341
23.6115
21.6931
22.1248
20.4628
22.0988
21.8559
21.3442
22.3888
22.7866
22.5602
20.8937
22.9819
22.0112
22.0394
22.7951
22.4349
22.5184
22.6326
21.2229
22.8700
21.3163
22.9331
23.8502
22.3509
22.5818
21.7184
20.9143
22.4443
23.5554
23.7222
24.7766
20.6852
22.5391
20.8454
24.3545
22.6728
22.0420
23.8552
23.5856
23.4661
21.3957
22.0103
24.4078
24.5182
22.7230
23.8485
22.9933
22.9150
23.3960
23.8352
24.9312
24.3806
23.8615
23.4395
24.9977
25.8141
22.8723
23.2381
24.0009
24.6714
24.4225
23.8451
23.3609
23.0858
20.9076
22.1152
22.7089
22.7830
23.1719
23.5065
23.7835
23.8524
23.0469
23.6349
22.0626
21.6056
20.8189
22.0932
22.3525
21.9004
23.8358
22.8411
23.5486
22.7626
22.7063
22.4568
22.9853
21.3900
20.7628
21.4482
20.6386
21.8296
21.5073
19.8782
20.8376
20.8359
21.4661
20.9472
20.3135
21.6172
20.9675
22.7762
22.4992
22.2339
22.4513
22.6407
23.0290
22.1925
22.0098
21.9316
21.5693
20.9051
20.8734
23.3354
21.5488
21.2407
24.3497
22.6718
22.1919
23.5969
23.0543
21.7054
22.1407
22.3957
22.1783
21.5787
23.5257
23.5457
21.1657
21.4565
22.1406
23.8855
21.5505
22.8292
24.4728
22.1595
23.1563
23.0605
23.9368
22.9636
22.0881
21.4151
22.4113
23.1635
23.1614
23.5735
23.1023
22.8136
23.7966
23.1813
22.6361
20.4068
22.1014
22.6451
22.6576
21.3227
22.0049
21.6435
24.3788
22.1533
21.7105
20.4030
21.5527
20.9804
21.5155
21.9882
23.0349
21.3332
21.8642
22.1853
22.9967
22.8876
23.4815
22.7021
22.4494
20.9932
20.8436
19.3388
21.2330
22.2322
22.4445
22.7423
21.8499
20.8494
23.2738
21.0352
22.0005
21.2821
22.7283
22.9783
22.1795
22.6665
22.4950
23.4947
21.3403
23.0799
23.1537
23.9951
23.2077
23.5327
25.8568
23.5581
21.7259
21.6115
21.0799
21.9405
21.6040
22.0130
22.2938
21.4351
21.5796
22.8218
23.1838
23.5916
22.3057
21.9090
22.0039
21.3175
20.2183
22.5917
21.4993
23.1825
20.8135
22.0925
22.6406
21.4351
22.5947
21.6615
21.4704
22.6597
23.5395
23.3650
22.6289
21.5282
21.9593
23.7889
22.3423
22.5333
22.6595
23.0875
20.7898
21.7986
22.5533
23.4818
23.1522
23.0480
24.1522
22.8957
24.2549
23.4303
23.3261
22.8296
24.1572
23.3701
23.0252
22.7047
23.5208
22.6308
23.4533
23.0328
24.0921
22.9802
24.0351
23.1358
23.5635
22.8617
23.3608
21.2490
22.0222
23.0788
21.9420
22.0192
21.3951
20.5108
22.4092
22.1265
22.0269
21.7708
21.8991
22.8941
21.9569
20.6479
21.5750
21.5584
22.4781
22.7853
22.2700
20.8968
20.4021
21.1476
22.2808
24.5921
22.5936
22.0102
23.7633
23.0081
24.6502
22.1980
21.8469
21.3882
21.5074
20.5149
22.5157
22.6580
23.1261
23.0488
21.2023
21.5278
22.1188
21.7061
21.4746
22.4302
22.8579
21.3283
22.7114
23.8478
23.6776
22.3977
21.6792
21.8490
22.8652
22.3586
23.1221
21.7159
21.4227
21.5453
22.2353
23.1407
24.1078
23.3250
21.3845
24.3603
22.5733
22.3493
20.1115
23.2014
22.1522
22.5849
21.5784
23.3741
22.9997
22.9088
22.2005
22.9028
21.5579
21.1329
22.8235
23.2778
21.5726
21.4921
23.3245
23.8282
25.7959
23.2013
24.0491
24.1294
22.6714
23.9549
23.2131
21.6163
22.0628
23.5681
21.1706
23.5584
23.3955
23.9572
21.3801
20.4177
21.4164
21.8383
22.3797
22.2262
21.6149
22.7098
21.8947
22.3399
21.7444
22.7196
22.3922
21.7297
21.6474
21.2690
23.0418
22.0941
21.3036
22.7125
21.4048
22.2230
22.4526
22.8802
21.7283
22.5029
20.6783
21.4666
22.8830
23.6051
21.3517
21.2340
20.7209
21.2672
21.1489
21.5092
22.0030
22.3923
21.1186
22.3649
21.2752
20.5101
20.8048
22.8004
20.9247
21.0597
20.1203
19.6491
20.5220
21.1469
21.5036
21.2641
20.7498
23.6382
24.3068
22.6507
21.3066
20.4968
21.9694
22.5815
22.6241
23.1562
22.3750
21.1392
22.3990
22.7013
22.4784
20.8171
22.8803
21.4919
21.2728
21.6895
22.2711
21.3922
21.2968
20.6518
21.2414
20.9535
20.5299
22.6341
21.7542
23.2997
22.8718
22.2534
22.5309
22.7869
22.0747
22.2993
21.0482
21.6510
22.0406
22.8382
21.9869
22.3749
21.8898
23.2671
23.5409
24.1125
25.6369
24.2244
22.3570
23.8406
23.6355
23.3446
22.2034
24.0829
22.3482
22.9167
21.7038
24.1763
24.3253
24.0480
23.9816
24.9065
21.9600
22.0520
21.5277
21.7803
21.6161
21.8700
22.7090
22.2695
23.1961
24.1823
23.5185
23.5863
21.1501
22.6132
24.0070
23.2121
23.9138
23.6565
22.6737
23.8439
23.4514
22.9804
23.2947
21.9186
21.3133
22.1985
25.9194
22.1181
22.9299
22.6308
23.0223
22.7561
21.7975
23.0792
23.1368
23.4904
23.5572
23.0766
22.9650
23.5269
23.8855
22.9286
21.8757
21.2776
20.2378
22.3502
21.4102
21.5304
22.1869
23.5410
23.0270
24.9695
23.7465
21.7383
21.3817
22.3616
20.8717
22.1119
22.0464
21.5091
21.6010
20.9043
20.9683
21.2854
22.5356
20.9994
21.8171
21.6727
23.0895
22.9332
25.0431
21.9175
22.3631
23.4386
22.5891
23.1599
24.6881
24.2866
25.3477
26.1458
23.0550
24.6957
22.9448
23.2462
23.8579
23.0786
23.3110
23.1876
22.5435
23.7652
22.7277
23.6513
22.5737
25.1512
24.1852
22.1910
22.4599
21.2382
21.9503
21.6778
21.7610
23.3295
21.8209
22.9578
20.8664
22.8209
23.1449
22.5522
23.2006
21.1386
22.6185
23.0690
23.2853
22.0734
22.2754
21.0885
22.3411
22.6514
23.3086
23.0376
21.7175
22.1915
24.0378
22.0893
22.3929
22.9292
23.7755
23.6382
22.5465
22.5238
22.0916
22.1274
23.0536
22.1739
22.1615
22.5519
23.7035
21.7497
24.0180
24.0585
23.2887
24.2361
23.7201
24.0773
23.1157
22.7431
20.6688
20.4218
21.6107
21.7039
22.2295
22.4667
21.3819
22.2605
18.9187
20.7673
20.5726
22.0582
21.2608
21.5902
24.1321
23.2199
23.9301
23.5904
22.0417
23.2201
23.3207
23.4362
23.5130
23.7989
23.2589
23.5238
23.8894
22.7227
21.2176
22.7797
22.2354
21.3521
21.8755
21.6747
22.0436
22.9137
22.6641
20.9043
21.5234
23.0901
23.5872
23.5659
24.2085
25.3929
23.8860
23.7074
23.1115
21.6459
23.5458
23.3457
24.2725
26.0654
23.9545
21.6642
22.4545
22.6795
23.7721
21.3677
23.3705
22.1221
22.6315
21.6427
23.2193
21.6299
23.2609
21.2503
21.6919
20.4154
22.3705
22.8567
22.0130
24.0613
22.8147
22.9183
22.2179
23.8451
22.7239
24.1742
22.2433
21.1973
22.9935
20.6248
22.7283
21.7929
21.3089
21.1407
22.5548
23.2296
21.4026
21.4408
21.9092
21.6183
22.0170
22.1890
23.0293
22.8379
23.2357
22.5491
22.6658
21.9260
23.1551
21.5913
23.7462
23.2100
21.7907
23.5635
23.3602
22.9485
23.1992
23.3704
21.9358
21.9938
22.1072
22.6128
21.0108
22.3376
24.0238
24.0608
22.3050
23.1909
24.4245
21.8845
21.4663
21.6843
21.4475
22.1214
23.0426
23.6484
23.3979
22.1452
21.9845
23.1887
22.9493
22.5722
21.6656
22.1523
21.5116
21.8435
22.9075
23.9253
24.3773
22.6067
23.2436
23.4014
24.0003
22.5138
23.9486
22.8811
24.5680
25.0731
25.7656
24.4951
25.6188
25.4952
25.6855
27.1666
25.2177
24.2486
26.0793
25.7544
24.4994
24.3557
25.9275
23.8794
24.7874
26.1179
24.2443
27.3833
23.9096
21.1896
24.5598
23.1456
22.9268
23.6424
21.5319
23.2089
23.1166
23.5476
22.7967
23.7664
21.6300
23.2088
23.4439
22.6885
21.8166
22.3888
22.2606
22.6899
23.3496
22.1681
22.3537
21.4783
19.5639
21.5119
19.9544
20.5662
20.6258
20.4626
21.1511
22.1849
22.0826
21.7012
21.7140
23.2104
22.1389
22.2323
19.6270
20.9344
25.1573
22.8110
21.2143
20.8252
21.0529
22.8846
21.1591
21.3097
21.4188
20.7452
20.1285
20.3447
20.6688
20.8308
20.1784
20.6907
21.2709
21.2553
21.2470
20.3517
21.6423
21.9352
21.6914
22.0599
20.5549
21.2051
19.7220
21.3203
22.6301
22.4924
23.2413
22.6732
22.5609
22.1138
22.4443
21.1126
20.1583
22.8499
20.8113
20.3775
22.8777
25.0506
22.9683
22.4469
22.2630
21.6237
24.1507
22.6694
23.2821
21.6545
22.7747
22.5641
21.8730
21.5952
23.0584
20.7202
21.7551
22.3092
22.5548
21.9858
22.3932
20.7580
21.1442
22.9357
21.3924
21.7277
21.7524
22.3958
25.1181
22.5527
24.7092
24.0555
23.1135
23.8026
22.6282
26.0102
26.2464
24.5413
21.0036
24.0540
23.6450
21.6916
23.0722
22.5417
25.6989
23.8370
24.6641
22.4484
24.9317
23.9510
23.2500
22.1255
21.3383
22.4072
24.6043
22.2037
21.0159
24.1242
23.5283
20.8822
22.3036
22.7980
22.3948
21.5598
21.9837
21.2507
21.1563
21.7384
22.4026
21.2059
22.3353
23.0058
21.1606
23.0021
22.6018
21.9890
21.3017
23.2322
22.9622
22.1531
22.7139
22.4069
21.7262
22.9877
22.3739
22.5700
23.8720
23.5457
21.9568
23.3227
22.6316
21.7269
21.5724
23.0213
22.9247
22.6003
22.2399
22.7303
22.8545
22.8376
22.4399
21.3801
21.6504
21.3850
21.2846
23.1177
23.1108
23.6651
22.9280
23.0751
23.1015
22.2488
24.3722
23.2893
24.1482
23.1620
24.2078
23.2135
24.3611
25.6539
25.7085
23.2607
22.0429
22.4708
22.3395
21.2113
21.6581
21.7575
21.7306
21.6570
22.0001
23.6717
23.5697
22.6134
21.1191
22.8165
20.3768
21.8257
20.1760
20.6296
23.0566
22.7469
23.4328
22.5162
23.7278
21.2374
22.1963
21.6233
21.9732
21.3520
21.3301
22.4660
22.8220
23.7387
22.9322
22.4720
23.1947
23.9899
21.7388
25.3165
23.6328
23.2696
24.4866
24.7248
24.9228
24.7482
24.0886
24.1003
22.3736
23.0034
22.3437
23.4065
22.7257
22.5602
22.2323
23.5890
22.4319
21.5383
20.3914
20.9790
21.4709
23.3311
22.2331
23.1998
21.7474
24.8891
22.0885
22.3702
23.4094
26.3146
24.7949
24.7382
25.2756
24.5853
23.3739
21.6119
21.9039
20.3723
20.4668
20.9050
21.9222
22.9686
23.9854
20.5120
20.8239
21.7813
20.7526
21.6209
22.5931
22.7355
21.5355
24.0535
22.9821
22.7705
21.8860
24.7481
24.2351
24.2757
24.7871
22.8238
21.5547
22.0786
23.3343
22.4747
23.7175
22.9967
25.2361
22.9049
21.2907
24.0429
23.5843
21.4689
22.7541
22.6378
21.5944
24.6806
24.8945
24.2947
20.4555
21.8910
22.4122
22.5239
22.4741
24.8214
24.6100
24.5934
23.0961
23.4093
22.6907
22.9151
22.2740
23.7677
23.1785
23.7972
23.3039
21.9533
24.3264
22.1616
21.3175
22.2067
20.9104
20.5724
20.7714
20.6493
20.5609
20.9572
21.1803
21.8197
22.1439
20.8474
19.8092
20.2345
21.7828
22.5844
23.0580
23.4065
22.1874
22.0725
21.5449
21.8148
21.7441
20.8749
20.5984
21.4643
21.1500
21.1860
21.2107
21.6434
22.1503
21.7485
25.2437
24.1806
23.7948
23.3851
21.7308
23.6282
22.6358
22.0048
21.6743
22.5841
22.7893
21.6723
23.4757
22.3626
22.4047
23.2958
22.9539
23.9248
23.0339
21.7760
22.3027
23.9445
23.7473
22.6664
24.0687
24.8830
25.0419
24.1106
23.6472
23.1057
24.1796
22.7289
21.8210
21.8045
23.1880
24.2892
22.7424
23.3436
23.4811
22.8963
22.8589
23.1802
23.1030
24.1117
25.0043
22.8280
23.4673
24.1857
24.5300
24.6218
24.4391
22.7355
23.1325
22.3909
20.8240
21.7600
22.3562
21.4967
22.6940
22.6092
22.4999
23.1133
22.8553
22.2835
21.0949
22.1232
21.6375
21.5806
23.3373
22.0129
22.4681
22.8440
19.8853
21.9882
21.9267
22.7150
22.0191
21.7634
24.2481
24.3021
22.9846
22.7203
22.2673
22.1351
23.4548
23.9624
24.4214
22.9504
23.6614
22.1696
22.9323
22.2781
22.7313
22.8295
20.6736
21.2957
21.8763
22.1549
22.5422
23.6939
23.9048
20.7719
20.6606
19.5320
21.7950
21.0988
21.6584
21.6583
22.4613
22.9107
22.9629
22.8044
23.4990
21.7110
22.6978
21.9347
21.7594
21.8691
23.8168
23.5653
24.1447
25.5542
22.8447
22.1969
22.3143
21.5118
22.3040
21.6369
22.3743
21.1688
21.8850
23.5948
22.4920
23.0627
21.2913
21.5669
21.5616
20.8522
20.5476
21.4990
21.0642
21.1347
20.9210
22.3494
23.0362
21.6592
23.2889
21.2962
21.4896
20.9492
23.2294
21.6438
22.5418
22.3343
21.6572
21.1649
21.5075
22.5009
23.3226
23.6389
23.9898
22.8477
22.1695
22.3075
22.2428
23.1910
24.0222
22.3274
23.2620
23.5170
22.7054
21.7823
22.4431
22.1151
21.1551
21.0520
21.3841
21.8910
21.5009
21.0942
21.3894
21.7046
23.7514
23.0675
24.7769
22.4093
22.3281
23.4719
23.3560
22.8918
23.0530
24.9621
22.3374
21.8951
20.0622
21.7438
21.5796
23.8779
23.6208
21.3187
21.8583
22.1370
21.5687
21.8811
24.2838
24.0184
23.1865
23.0548
25.0850
22.5842
22.6614
21.5618
23.0762
22.6766
20.8974
22.2231
22.0054
22.4270
22.1231
22.3034
20.8368
21.6425
20.4394
21.2535
20.5174
22.3317
23.7588
21.3707
22.3186
21.7496
22.9139
21.3539
22.1899
24.8022
21.6076
21.7914
22.9531
21.6353
22.7952
23.2384
22.1446
23.6982
21.6094
20.9332
22.0094
22.5356
22.8385
23.2915
22.9188
22.6797
22.4472
21.1070
22.9251
21.6994
20.5092
21.2553
21.1341
21.7123
20.8444
23.1555
22.8087
23.8055
23.4192
24.9900
22.7912
21.5784
23.5964
22.7075
20.9922
23.0533
22.8739
22.2319
21.7816
20.8966
20.9596
22.1490
21.1209
19.7864
20.2505
21.1450
21.7366
23.1042
21.7757
22.2863
20.9210
22.3214
21.0827
21.7832
23.0008
21.2948
21.4345
20.8623
21.3397
19.3247
19.2692
20.4695
20.9768
23.4140
21.6214
21.2076
22.6192
22.1580
21.4567
22.7735
20.9518
21.2962
21.8762
23.2619
21.2959
21.6666
22.5872
21.4013
22.0743
21.7696
20.4300
22.0625
22.2502
22.3013
21.6286
20.3554
21.2981
20.7681
21.6607
20.4029
20.1696
22.0502
22.8418
21.1279
22.2097
21.9527
22.1136
21.7265
21.1668
20.8693
22.6149
22.4535
21.7506
23.7362
22.0498
22.0011
20.9364
20.7606
22.1521
22.6356
20.9486
21.0749
20.6198
22.8700
21.7940
21.8948
23.1575
23.4985
22.7466
24.4227
22.2326
21.8756
22.0606
22.3159
22.6737
21.5387
21.4492
20.1321
20.3443
21.8815
20.8431
21.0155
21.0438
21.8899
21.4514
23.5046
22.9541
21.9652
22.0878
20.9328
20.7233
21.5147
20.3773
20.8596
21.7935
21.1101
20.7880
19.8052
22.1948
20.6745
21.6707
20.9268
20.8114
20.4807
21.3317
22.3078
22.7980
21.1559
21.5128
23.8959
21.5349
21.3374
20.0937
22.5458
21.3303
22.1429
21.3981
22.5550
24.4076
21.5405
20.9692
21.8469
23.1419
22.3106
21.2066
21.0377
22.5983
21.7808
23.5055
22.8521
22.9858
22.0020
21.2479
20.9368
23.3384
22.5102
21.1953
21.2817
20.4517
22.3745
22.1475
23.1554
21.3254
20.1824
20.2573
21.0978
22.0051
21.2268
21.1212
20.1102
21.5188
22.4908
23.0190
22.0403
23.7073
21.4696
23.8037
21.5844
22.2390
25.2728
24.4346
22.3894
22.9917
24.5722
23.1915
23.3981
23.5264
23.7515
22.8963
23.2802
22.6048
22.0329
23.8045
22.5497
23.4189
20.9411
20.7720
21.5812
22.7211
24.3441
23.6420
22.5181
22.7182
22.8121
22.3432
21.1374
21.4442
22.2489
23.7789
21.4222
20.8966
23.7817
21.9726
22.6664
21.7525
21.5023
22.7340
21.7527
21.5195
21.4207
23.5001
21.7687
21.3475
22.4658
21.9211
21.6849
21.9736
22.9378
24.6010
23.2975
22.1534
22.6369
21.0137
21.7138
20.3945
21.3777
20.8665
20.0431
21.0849
20.5626
21.7151
20.6583
21.7702
21.7462
20.5003
20.7039
21.0926
21.2524
20.6382
21.0174
20.9244
21.9071
22.7392
21.2691
22.2486
22.5083
21.5388
22.9744
21.1284
21.0188
21.8365
22.4064
20.7593
22.0304
23.1750
22.1300
22.5514
21.1550
21.5307
22.2256
23.8157
22.8263
23.6984
23.3055
23.7695
21.5033
23.0999
22.2403
22.1319
22.0125
21.4163
23.1701
24.2215
24.8289
23.7498
24.2365
22.5469
23.9729
22.1226
21.9152
23.0834
21.0047
21.3605
22.6990
21.1409
22.8423
22.0607
23.3690
23.8838
22.2319
22.7384
22.3882
21.3008
21.0898
21.6318
21.7809
20.2302
20.6134
21.9448
21.4103
20.4601
21.0787
22.2787
22.3846
22.2958
22.7503
22.8121
22.7828
23.4212
22.3224
23.1973
22.9806
21.7886
21.9490
22.1444
22.5157
24.2930
23.0538
22.6341
22.1890
23.2672
22.9729
21.4690
21.4171
21.7888
24.5628
24.0943
21.1279
21.3416
19.7815
21.4844
20.5921
21.3591
22.6552
22.0909
22.8385
21.3672
22.5419
23.5519
23.0538
23.9210
21.0846
21.7398
21.8459
21.5042
21.7947
20.3614
21.3548
21.1115
22.7638
23.0970
23.4241
22.2972
22.1526
22.3901
21.5414
21.4875
22.7009
21.9475
21.4510
22.1336
23.8185
22.8905
21.2072
22.5429
23.2040
22.4078
23.0818
23.1625
21.8737
23.1697
22.4561
23.7972
26.3673
25.0296
24.0727
23.2506
22.7778
21.7279
20.9396
21.0696
21.7179
21.6344
23.3721
22.6482
22.4323
22.0971
20.3806
24.9019
24.1613
21.1512
22.3062
21.2951
21.2022
20.0185
21.1761
19.9078
20.4077
20.7423
22.0541
22.2345
23.1502
20.7376
21.9977
21.4484
21.3956
25.3802
21.5076
23.1872
23.6634
23.8529
23.8819
24.2217
21.3772
22.6376
23.9998
21.4459
23.9475
23.5070
22.5614
22.4961
21.1039
21.2519
21.4520
21.2143
22.4729
20.9364
22.2477
22.3892
22.4878
21.2024
20.5735
21.4044
22.1280
22.4327
22.0644
22.7854
23.3786
22.0087
21.5052
21.7286
20.9602
21.3230
20.3372
20.2748
19.4006
21.5721
22.8582
22.5950
24.8850
23.5423
23.6644
23.2976
22.6036
22.9691
22.9574
24.5961
23.5300
21.5938
21.2048
21.6945
21.6071
21.1806
21.9195
22.9264
21.8986
22.2800
21.5686
21.1079
20.4206
20.6334
21.6055
21.3313
21.4550
22.0407
22.1622
21.2766
20.8521
21.4052
20.7977
20.7024
22.6836
21.8763
22.2464
23.2501
22.0865
21.2176
21.4033
21.7714
20.4845
21.6996
20.8231
20.9712
20.9924
21.1491
21.9818
22.5184
20.4805
21.0328
20.5419
21.2881
20.7376
20.6583
21.6006
20.3658
21.8302
21.2683
22.0474
21.4270
23.5136
23.5744
22.0767
21.7825
22.1429
23.2650
22.4541
23.0581
21.7780
21.6684
21.3328
22.6022
21.9782
23.1163
22.4243
23.4757
22.6589
20.9601
22.2302
22.9073
24.8641
24.4019
21.5151
21.3504
22.3895
22.4204
22.8609
21.6944
22.3451
22.1325
22.1206
21.2837
21.8616
22.2482
22.3495
21.2606
22.0500
20.9554
23.0977
21.6115
22.2774
22.3033
23.1080
22.1447
21.8252
22.7550
21.7735
21.3222
21.6206
23.7455
22.8285
22.4726
23.6992
23.9669
24.3886
23.2249
21.4957
21.4658
21.5309
20.9227
22.2447
22.6558
21.9173
22.8262
23.5450
21.8664
23.0043
23.8911
22.9658
24.1403
24.0465
21.5771
20.5068
21.1104
20.5612
20.8834
21.3623
22.4185
22.6983
23.1810
22.6532
21.0636
21.3938
21.0469
20.9049
22.8325
22.8534
23.1807
22.5286
22.1435
22.5931
21.3907
21.4780
20.9908
20.4353
20.4204
21.3025
22.4096
21.0728
21.4708
20.4774
20.8744
22.3695
22.6361
21.1773
22.4180
22.2163
21.5231
19.6827
20.0348
20.6694
22.0971
21.8480
21.6287
21.8870
21.2960
19.5770
21.0994
22.5261
20.4532
21.4244
23.4646
22.3423
21.5065
20.1619
21.7840
21.2888
21.2257
22.3850
21.6683
21.3123
20.8586
20.6082
20.3802
21.0850
22.0095
22.4629
20.7925
21.8653
22.7197
20.3605
20.6016
20.4170
21.3120
21.5573
20.8029
21.0885
22.0544
20.4199
21.3426
20.8937
20.0067
23.7647
20.5995
21.8289
21.6899
21.7089
21.1536
20.5743
20.5383
20.8846
21.7384
22.1288
20.4240
20.7537
20.0078
21.0887
19.6364
22.0996
20.9540
21.3442
21.6938
20.8979
22.0171
21.4176
21.0305
21.5046
20.5551
20.3416
22.6924
22.0568
19.8599
21.0952
22.3417
20.9237
22.0677
21.3936
20.0869
20.9450
21.4719
22.7674
22.0757
21.6787
20.5807
19.3948
20.9656
20.7047
20.6732
20.6306
20.1428
21.8681
20.2216
20.9374
21.8732
20.3287
20.1424
22.3243
20.9174
23.1135
23.8110
21.4328
23.5712
20.9449
21.2184
20.6981
21.5866
21.0030
21.6639
19.6301
20.6393
20.9811
21.6607
20.9834
22.8585
22.0768
20.9741
22.9011
21.3086
21.2215
23.0776
20.9145
22.2593
23.1479
23.0235
22.2621
21.8115
21.6019
22.4920
21.4663
21.5780
22.2658
22.2781
23.3288
21.3123
22.3132
21.0884
20.4309
20.6621
20.2147
20.8193
20.8751
20.8016
21.3361
20.9927
20.0231
21.6156
20.8714
23.2974
21.8229
21.3962
20.6718
21.5959
19.7261
20.8181
21.2100
24.8389
21.9385
22.5399
20.5964
21.8527
21.4739
21.5124
24.3118
22.8972
24.1436
20.2634
21.3960
22.9562
23.2532
22.7127
21.1132
20.9408
23.6657
22.1681
23.4010
20.0703
22.2617
21.6122
20.5110
24.3923
22.5020
22.8327
21.0857
21.7920
23.0929
21.8048
19.1994
19.8139
19.9765
20.0252
19.6941
20.2221
20.4613
21.4632
21.0713
20.0610
19.9376
21.0673
21.8781
19.8544
20.5383
19.9910
20.0484
22.2259
21.3248
20.0706
21.9889
19.6925
19.0985
20.2748
19.8131
19.5028
20.9261
22.8432
22.6142
20.1631
22.3944
20.3977
20.7835
20.9275
21.3493
19.8747
20.1608
20.3705
20.2609
20.0083
19.9617
20.1535
21.5185
23.1797
21.1174
22.3198
22.3135
22.2434
22.9163
21.2536
21.3370
21.6441
19.5748
20.3386
20.7130
22.1571
21.9177
20.5820
22.1283
21.0256
21.4266
