22.1635
21.9655
22.1458
23.1385
22.0898
22.4885
23.0237
22.6804
21.8632
21.8540
22.1055
23.8531
21.9833
23.0126
22.6592
24.2137
24.1655
23.5556
23.0691
22.4940
22.4108
23.4534
22.8086
22.7971
22.8642
23.0836
22.3285
22.3322
22.4665
22.2503
22.0743
23.4123
21.4028
21.9193
21.8904
22.1308
21.6932
21.7839
21.9287
21.7757
21.3702
22.9820
21.3794
22.4583
22.9584
22.2498
22.6113
21.6761
21.2735
21.7675
22.6969
22.0469
21.7705
22.2111
21.9603
22.2474
21.5228
22.3145
21.7650
21.8219
22.6480
21.6021
21.3232
21.7414
21.7572
22.1724
21.8577
22.1382
21.6552
22.1269
21.7935
22.3850
21.8197
22.3484
21.7354
22.2097
21.8789
22.0850
22.4575
21.9495
22.0191
22.6295
21.5073
21.9856
21.5301
21.5529
21.7760
21.6916
21.2776
22.2211
22.1047
21.6667
23.0197
22.3780
21.8294
21.8055
22.1296
22.0363
22.3030
21.7113
22.1600
21.0250
22.2667
21.7072
21.1705
22.9722
21.9648
22.4305
21.8084
22.5826
22.8925
22.1890
21.9930
22.4085
23.1575
24.3493
23.6458
22.9520
23.0050
22.8033
22.2785
22.1570
22.0590
22.1996
22.9337
22.7104
22.9845
21.5534
23.2230
23.7772
22.8212
24.4260
25.7228
23.7552
26.0059
25.5079
24.4770
24.6361
24.1058
23.8201
24.3703
25.4542
25.2933
24.7858
24.8241
24.1827
25.3109
23.2770
25.6798
24.4218
23.8749
24.7496
25.1124
25.1923
24.7706
25.0260
26.2137
25.4240
25.3864
24.6532
26.1384
25.5141
26.1468
25.6992
25.2519
24.1504
25.6866
24.8767
24.5728
24.6313
24.6504
24.5232
24.6635
25.0781
24.0735
25.6960
25.2367
24.5790
25.4611
25.7574
25.1236
25.7961
25.3884
25.1524
25.2537
24.6734
25.1544
25.4884
25.4061
24.6732
23.7602
24.5032
24.8305
25.4433
24.4466
24.2715
23.6828
24.3329
25.2157
25.4848
25.4700
24.7109
24.4505
25.4385
24.8991
25.2219
25.9607
26.7138
26.0159
25.1544
27.1228
25.9444
24.5924
25.4062
26.4615
25.9864
25.1065
25.8117
26.0314
25.5415
25.9611
23.9713
25.2381
25.3027
25.0954
26.4717
24.5143
26.0068
25.5641
25.4906
26.4526
24.2778
24.2214
23.5926
23.4550
22.3718
22.6498
22.6120
22.7719
22.9298
22.6010
22.9958
22.9727
22.8246
23.7088
22.9217
23.7007
23.1041
23.5256
23.9536
24.5872
24.7582
26.0875
25.4896
25.1564
24.9654
24.8971
24.5093
23.9661
25.0407
24.5615
24.6549
24.8827
25.5166
24.8200
25.8204
24.5605
24.3600
24.0797
24.5833
25.5157
23.9013
24.0912
22.8754
23.1487
23.4075
23.0892
22.7946
23.1134
22.7671
23.6102
23.3619
24.4814
24.4923
24.7008
24.4798
24.8817
24.8111
24.0902
24.2513
23.3290
23.6927
24.6987
24.8279
26.2741
24.8139
24.9223
26.0371
25.9966
25.4713
25.9001
24.7816
24.9333
24.2204
24.3063
25.8181
25.4156
25.5301
25.2043
26.2067
24.8321
23.9474
24.4885
26.0824
26.2811
25.5092
25.4811
25.7429
25.5146
25.4738
25.1487
26.0138
27.3576
24.8984
25.6806
25.3045
25.2333
25.0073
26.0703
25.3974
25.4859
25.3861
25.3853
25.0265
25.4227
26.4088
25.4214
24.6933
24.1137
24.1768
25.6627
24.9999
26.6409
24.3319
25.5158
25.1902
25.2475
24.9712
25.2381
25.5299
26.0335
26.2672
26.1868
26.2128
27.0506
25.3116
25.4937
24.0695
26.0127
24.6928
25.2119
27.2010
25.0556
25.1070
24.6851
25.1776
26.1413
25.6071
25.9193
25.3830
25.4967
25.3136
24.9867
23.8860
25.4909
23.6791
24.5331
25.0405
27.8896
26.8480
27.9382
26.0076
24.6693
25.3682
25.7251
26.7564
25.8281
24.6527
26.7485
26.3908
27.1034
27.0783
26.6242
27.3677
25.8722
26.3355
27.6465
27.3593
26.6297
24.2258
26.4228
25.2134
24.9296
26.4264
25.7907
27.1619
26.9916
27.0455
26.8898
28.6622
25.4727
26.1737
25.0510
25.9196
26.5928
27.1350
25.9653
25.8131
26.5793
24.4405
26.9013
25.7433
25.3933
26.2224
24.9572
25.3878
25.6031
25.9562
25.3132
25.5677
26.2244
25.9430
26.1395
25.3117
26.9448
26.0295
25.1369
25.3390
25.9120
25.7788
26.2916
28.2965
26.1052
28.7303
26.9190
27.5166
27.3398
26.7217
27.1714
26.1432
26.2400
26.5385
26.8696
25.9422
28.0770
27.7017
26.9720
27.2942
26.2569
27.1272
28.1335
27.0358
27.4096
25.7251
25.4653
25.7638
26.8895
26.2887
25.3863
25.1938
26.5847
25.9922
25.1049
26.8939
26.4313
26.0714
26.3861
25.8597
26.8424
26.9830
26.3556
25.2888
27.4612
27.7070
27.1832
26.6040
26.6054
26.7116
27.1706
26.4677
26.8829
25.4145
26.4939
27.4713
27.0069
25.2444
25.4800
25.7739
26.3457
26.3167
25.6334
23.2064
24.3107
24.9572
25.9161
26.4757
25.3210
24.7676
24.8866
24.8159
25.4517
24.8590
24.5382
25.2443
25.7914
25.3949
26.1281
25.7602
25.7789
25.8625
26.0617
23.6085
25.9009
25.7857
25.8899
26.9349
26.5470
25.4264
25.8165
25.5735
25.2376
25.6166
25.6311
25.3141
26.0758
26.2184
25.4385
25.8058
26.2459
26.7689
26.0526
25.2511
25.5058
25.2278
25.4881
25.8518
25.1171
25.5877
25.4319
25.5529
26.2163
25.6927
26.3123
25.4511
24.9589
24.8735
24.6605
25.6711
26.3548
26.8680
25.3233
24.8032
25.6245
26.1445
25.9498
25.9283
26.3569
25.4622
24.6978
24.4372
24.0336
24.8687
25.4308
25.3978
26.0401
25.4598
25.7228
25.3435
24.4640
24.8780
25.5637
24.9586
26.1500
26.2686
27.0523
26.2745
26.5810
25.4025
25.5787
24.7760
24.0001
23.6039
23.7989
22.9132
23.0055
24.2430
23.6838
23.5695
25.3026
25.9830
24.5952
23.9885
24.0915
24.4693
25.6571
26.6950
25.4146
25.4921
25.8376
24.8301
26.9219
25.7582
25.6956
25.0888
24.6094
25.2168
25.2891
24.0069
24.0010
25.5031
24.8422
24.6279
25.8279
24.0113
25.4639
25.3531
25.1065
24.6371
25.1200
24.0791
24.4051
24.1244
24.0550
23.5847
23.7420
24.5222
24.0967
24.2057
23.4962
24.0744
24.0446
24.6999
25.2415
25.8859
25.2206
25.5222
25.5434
25.0804
27.4553
25.1102
23.5267
24.2359
24.0963
24.3125
23.8028
24.6312
25.0969
25.2257
24.9389
24.8661
25.0195
25.2850
25.3342
27.0711
25.9070
26.7728
25.9008
25.7851
25.9391
25.7817
25.9611
25.9078
26.2624
26.1814
26.7273
25.8250
26.4968
26.5964
26.8362
26.9215
25.1829
25.7715
26.5800
25.4440
26.5565
24.2980
24.1172
24.6473
25.0761
25.9598
27.1777
27.4786
27.0506
27.2685
27.7473
28.1083
27.4141
25.6657
25.4932
25.6907
24.0778
24.5196
24.4488
23.7358
24.6645
23.9128
23.6150
24.0741
24.6830
24.2669
25.1719
25.3028
24.6859
23.9915
26.0318
25.9829
26.0085
25.4074
26.4734
25.8676
24.9809
24.5257
25.4634
24.7676
22.9734
24.8148
25.5661
24.2013
24.6449
23.0763
23.2117
22.2026
23.3793
22.9217
23.1640
24.5515
23.9894
23.1096
23.6777
23.7363
24.1577
24.2467
22.9453
24.4447
25.3894
25.1171
25.5027
25.4409
26.0039
26.0167
26.2644
26.9500
25.9788
26.0307
25.6190
24.9094
25.1482
26.1051
25.6154
25.3195
26.1266
25.7697
25.7031
25.3444
25.6635
26.5719
26.3754
25.6231
24.9951
25.3459
26.0501
25.6545
26.4092
26.4353
26.0227
24.1626
25.7512
26.0703
25.5893
26.7547
27.4595
26.5565
25.3581
25.3884
25.7919
25.5795
24.6671
25.0959
26.1204
24.9899
25.5707
25.4306
26.4001
25.7914
26.4171
26.0969
26.6875
26.1331
26.2246
25.3890
25.1840
25.0582
25.1048
25.6637
25.0485
25.3774
24.6711
26.0744
25.6576
25.7576
25.5892
24.9769
25.4311
25.1898
25.7558
26.2283
26.0232
24.0525
23.6578
25.0027
26.1271
26.2093
25.8315
26.0500
25.2634
26.8236
26.0728
25.3187
26.3399
26.5539
27.9353
25.1299
27.1798
26.1924
25.2233
25.6505
25.4543
25.8377
26.0774
25.4130
25.7325
26.1872
24.8148
24.3528
26.4543
25.4526
25.7567
26.5995
25.9189
24.7261
24.1180
25.8748
26.4102
25.5474
26.2386
24.6926
26.1359
25.1456
24.6551
25.1194
23.8478
24.2278
25.0217
25.6405
26.7363
27.5248
26.2122
26.1800
25.6686
25.3672
24.9735
25.4178
25.4193
25.7952
24.2279
25.1107
25.1096
25.7898
25.2899
26.3491
26.2251
26.6172
26.7338
25.7247
26.1831
25.8577
26.4461
26.4647
26.6071
28.6109
25.6691
25.0528
24.6139
24.2756
24.6404
24.1921
24.6255
22.4481
22.3702
22.5873
21.9299
21.1682
21.5663
21.7080
21.3354
21.6495
21.4729
21.4750
20.8329
21.5736
21.2567
21.7220
21.8382
21.7711
22.0376
21.6600
21.8918
23.0452
22.0886
21.5492
21.7601
22.3533
21.8616
22.4446
22.4256
22.3057
22.7970
21.5838
22.1242
21.5798
21.7818
21.5295
21.9534
22.0425
21.8592
22.1902
21.7895
22.3500
21.8790
22.4800
21.8767
23.8876
22.6135
22.3588
23.1228
23.9158
24.1359
23.7911
22.5539
23.1484
22.5885
23.0878
22.5109
22.3245
22.1488
24.1164
22.4015
21.5492
21.5646
21.6349
22.3690
22.9916
22.7887
23.1932
22.2946
23.8754
24.0762
23.8632
24.4437
23.2276
23.1399
22.7922
22.8486
23.2392
22.6929
21.8262
22.1795
22.1645
23.7364
23.2555
23.9647
21.8190
22.3829
22.8979
22.5466
21.6769
22.0474
23.1377
22.9043
24.6719
24.6162
23.7946
22.8424
22.5762
21.8551
22.7492
22.5963
22.6099
23.0491
22.1167
22.5606
22.1009
22.4453
22.2471
22.4556
22.2985
22.8829
22.2175
22.3872
21.3558
22.4834
22.4287
22.3828
22.0810
22.6643
22.5817
23.1781
22.0746
22.1580
23.2998
22.8113
22.8404
23.6617
23.8448
23.6178
23.6888
24.2645
25.3233
26.1852
25.5309
26.0765
25.6089
25.4689
26.4394
25.9048
25.4978
26.3425
26.3697
27.2866
28.0483
26.9663
25.9868
27.4760
26.2470
27.6055
29.3081
28.2880
28.1991
28.1844
27.4730
29.1920
25.6422
27.5744
27.5045
26.2041
25.8406
27.0903
28.5433
27.3300
27.0349
27.0643
27.9819
27.1180
30.3285
26.5396
25.4781
28.7474
27.7339
28.8764
28.0240
28.9702
29.8021
29.2351
28.2382
28.0039
29.3472
28.6778
27.1706
28.6381
28.9938
26.0876
24.7185
25.8646
25.7506
25.2219
23.2038
22.8490
22.5810
22.5293
22.3414
22.7481
22.8596
22.8642
22.7902
25.2879
24.5436
24.5473
23.7050
22.8325
22.5882
22.9419
24.9612
24.3392
24.6536
24.2855
24.5421
25.0359
26.5819
24.2571
23.1810
24.4456
22.6407
22.6865
23.6717
24.1866
23.7358
24.5246
24.6271
24.8585
23.3540
25.5008
24.8216
23.5855
24.2493
24.5317
25.0634
24.4733
24.0980
24.4171
23.8081
25.4806
24.5210
27.2944
25.2065
25.3341
27.2297
26.6456
24.5056
23.9393
23.9252
25.2304
25.4872
24.7314
24.7910
24.8711
25.8700
24.3003
24.2546
24.7125
26.6739
24.5026
24.1844
25.2119
25.0339
25.2953
25.5664
24.6780
25.1378
24.7603
24.5616
24.8058
24.8540
24.3864
24.8653
24.7008
25.8222
24.7993
24.5069
26.2459
26.1250
25.7453
27.0386
27.6404
26.5714
28.1629
26.8418
27.0454
25.7423
25.8362
28.3143
27.6616
28.0897
28.8193
26.4857
26.5429
26.3530
27.0935
26.0994
27.7526
25.4242
25.6072
25.8399
26.9596
26.1005
26.1807
27.2178
27.3401
27.6990
26.4353
27.5814
28.3311
27.0829
27.3683
27.0376
28.9586
28.5960
26.6001
26.0777
27.1659
27.8402
29.1197
26.5455
25.7918
26.9819
26.7842
27.5764
26.8344
27.4219
27.1727
27.3718
26.4182
27.0566
25.8318
27.0727
27.4078
27.2883
27.3348
26.7773
27.5843
28.4562
29.0187
28.9457
29.8291
28.6543
28.5312
27.1134
27.2615
26.7521
26.5568
26.6696
24.4396
26.0754
26.4266
26.8555
26.7150
25.3618
26.3232
26.2245
25.8396
26.9350
27.5514
27.4574
27.5993
27.0097
26.2058
25.2611
24.6475
24.9956
24.2155
24.9864
24.6319
24.8798
23.5778
24.9467
25.0161
26.4951
25.8907
26.2013
25.5386
26.6820
26.4600
26.7711
27.1114
26.2148
27.9853
26.0860
26.5879
26.1203
26.4935
26.1896
25.8373
26.4002
27.3490
27.6355
27.7221
28.5698
27.6195
28.6101
29.2184
27.3803
27.3113
26.7603
27.5624
27.1881
26.7719
27.0561
26.8722
27.3972
26.8029
26.8545
27.4581
27.0414
26.7188
27.1535
28.2253
27.6475
27.3137
28.0206
26.8731
26.7946
27.3672
26.6122
26.5654
27.7442
28.3051
27.1420
28.5122
26.9752
28.4262
27.4173
28.0193
28.0899
27.7408
27.9937
27.1536
27.3379
26.8602
27.5371
26.8331
27.5413
27.7544
28.4627
27.2410
27.5141
27.1039
26.8405
26.6273
27.4832
27.7217
27.2090
27.9312
27.7516
28.0567
29.1791
27.9632
28.2672
27.1526
27.6558
27.1927
27.9225
28.4289
27.0044
26.4371
27.3633
27.2039
27.5700
28.1425
27.8139
27.4079
26.3366
27.8063
26.9089
26.9533
27.2799
26.7472
26.8281
26.8155
26.9272
26.8498
27.7514
27.8496
27.4274
27.7244
27.0758
26.7953
26.5239
26.0187
27.5613
26.8994
27.1839
27.2582
27.3540
27.0624
27.0660
27.0756
26.0379
26.9241
26.8911
26.6299
26.7005
26.5281
26.0662
27.4492
26.5538
25.5294
27.1480
26.6447
26.9370
26.6828
27.3521
26.5237
25.8360
27.3960
28.7647
28.3432
27.0642
26.9405
25.3457
27.9677
27.3908
26.8654
27.2751
28.2747
29.1535
27.8412
26.9968
26.5154
27.3224
27.5801
27.7889
27.8396
28.5773
27.4876
27.8401
27.9881
27.2758
28.3350
28.2478
29.1291
28.7723
28.3095
28.6259
28.5620
28.2606
29.1455
28.2734
27.5431
26.9926
27.4847
28.3882
27.6473
27.6076
28.5411
27.8880
27.1293
27.9286
28.3412
27.6929
28.3164
27.8374
28.3982
28.5359
27.3316
28.1232
27.1992
27.3253
29.5714
28.6034
28.3043
28.8479
28.0698
28.1496
29.3306
29.9421
28.0445
28.3047
28.0718
28.2594
27.9876
27.7305
28.3921
28.0895
29.0327
27.5720
27.9552
27.9769
28.4832
28.5671
27.9237
28.1916
28.4033
27.3971
27.2765
26.7974
26.9876
27.4661
27.0953
27.7812
27.2107
28.6958
29.2955
28.9419
27.8775
28.9745
28.8493
26.9293
27.6565
27.8541
27.2224
27.4542
28.0172
27.0804
26.3664
27.1808
27.4269
27.1775
27.3827
27.7471
28.0613
27.9040
28.4397
28.5520
28.3564
26.5963
26.8620
28.0103
28.0018
27.7964
28.4474
26.4067
27.5167
27.2658
27.4238
28.5747
28.0089
27.6254
28.0184
28.0762
26.8991
27.5250
27.6335
27.0557
27.6291
27.2537
27.6024
28.2013
27.2772
27.9745
27.3210
28.3015
26.1565
27.4946
27.1418
26.6099
26.0028
25.4559
25.5709
25.8796
25.6624
25.3719
26.9466
26.1793
29.1927
28.7508
27.0871
27.4769
27.3660
27.7459
27.2872
27.2077
27.8521
28.2892
28.2683
27.4897
27.4669
27.6607
27.6831
27.4182
27.8846
29.1816
27.7101
26.8742
28.2037
27.7234
27.9012
27.3486
26.9676
27.2338
28.2869
27.8011
27.3774
26.3974
28.2541
28.3076
27.6999
26.5225
26.5330
27.0185
27.9575
29.3958
27.6533
27.1157
28.2488
27.1638
27.5074
26.7809
26.8075
27.4018
26.6725
27.9045
28.1019
27.6557
27.9039
27.3175
28.1958
27.3343
27.0792
27.0032
26.6793
27.3621
27.5979
27.1137
28.0389
28.0845
27.9181
28.0448
27.7978
26.9226
25.7056
26.8225
26.7292
26.8431
26.9593
26.9557
27.9246
28.1177
26.7906
28.1488
26.0469
27.3062
28.2167
26.8796
27.5491
27.3630
25.6565
26.5024
26.8077
26.3053
26.4427
25.8735
26.2497
26.4366
26.1942
27.4485
25.3752
26.1152
26.0969
27.4909
27.7196
27.0111
26.8006
28.1456
26.0780
27.6100
27.6592
27.1020
28.0133
27.4102
28.8583
27.8785
27.5975
27.3076
27.1125
27.5933
28.4103
28.1734
27.1411
27.2509
26.9124
26.9506
26.7394
26.0477
26.6373
26.1884
27.5783
26.9133
27.4204
26.7667
27.4880
25.7951
26.3339
26.3636
26.6615
28.3902
27.8841
27.9857
27.1701
27.1746
26.7107
26.9668
26.9472
26.9686
26.7034
26.1091
25.7720
26.3195
26.1376
26.0530
26.0690
26.1945
26.1064
26.2901
26.8851
27.0851
26.8814
27.3490
27.3571
27.7725
27.3118
27.7152
28.0809
27.3755
27.5579
27.3095
26.1024
27.1126
27.1948
26.9102
28.9899
27.5860
26.6937
26.7307
27.5951
27.1984
26.8941
26.2632
26.2246
26.2464
26.3790
27.5075
26.1558
25.5945
26.3021
25.5122
26.5093
26.8908
27.1029
25.9396
26.9352
27.7034
27.5853
27.6837
27.8827
27.6441
28.0064
28.1983
28.4168
26.9795
27.4687
26.3525
27.1716
26.2725
27.0443
26.3921
27.0218
27.6001
28.2704
27.2234
26.8609
27.4921
25.6812
27.0056
27.2838
26.9878
27.2276
27.5725
27.5693
27.1229
27.2540
27.4372
26.5309
26.3393
26.9724
27.0982
27.5886
27.5906
27.3166
27.8313
27.7100
28.2864
27.3971
26.6452
26.8535
26.7004
27.0528
26.6586
26.9973
26.3821
27.3255
26.1631
27.4757
27.4784
28.0360
26.9950
28.4406
26.5816
27.1897
25.9446
27.3158
26.8200
26.2211
25.2532
25.7181
25.7190
26.6612
27.5587
25.7413
26.7162
27.1335
27.3096
27.3723
26.6994
26.4404
27.2521
27.3996
26.9969
27.8145
28.1235
27.8481
27.0911
27.7761
28.1479
27.8193
27.8818
28.6541
26.9747
26.6083
26.2371
27.4310
27.4826
27.5001
27.0941
26.2535
27.2259
25.7127
25.7892
25.9023
25.4416
26.4254
26.4247
26.7315
25.6162
26.1764
26.3098
26.4566
26.3200
26.1637
27.1743
27.6424
27.3032
26.7600
26.6838
27.2280
26.1830
26.3133
26.4979
26.3346
26.7050
25.5519
26.3718
25.5244
25.3632
25.2678
26.3122
26.3025
25.4823
26.2933
26.4855
26.2037
25.3491
25.8345
26.1779
26.4274
25.9651
25.8858
25.4243
26.3822
26.9344
26.8714
26.0613
25.4457
25.2547
25.8431
26.3793
26.9215
25.9247
26.9194
26.3015
26.7277
26.0787
26.0528
26.7000
26.4959
26.6974
26.3289
26.6961
26.4061
25.9739
26.7438
26.6401
26.0775
26.2482
27.0286
26.6380
26.4948
26.5286
25.7253
25.9622
27.0205
26.8548
27.2554
26.2642
26.5866
26.7079
26.2236
26.5450
26.5204
26.0821
25.9590
26.7663
25.9388
26.0619
26.4741
26.8813
26.2727
26.7039
26.3130
26.4228
26.5277
26.0194
25.9066
25.8963
25.7436
26.4865
26.0650
26.9548
26.2570
26.6376
26.4742
26.7180
26.6573
26.4813
25.8306
25.9040
26.5588
26.5496
27.0407
27.6305
26.4122
26.0985
26.8573
27.2999
27.9520
26.7716
26.7728
27.1397
26.6940
27.3270
26.4881
26.3967
26.4025
27.1730
26.3378
26.7176
26.5039
26.0670
26.1213
26.8098
26.3108
26.2038
26.6232
27.0911
26.3700
26.3303
26.3703
26.0552
26.0734
26.0932
26.7655
27.4032
26.1984
26.4604
26.5893
26.7191
26.4231
26.8402
26.9135
26.0146
26.4895
26.7972
26.4854
26.4789
26.1635
26.2195
26.6568
27.2672
27.0781
26.8289
27.2053
27.1064
26.5748
26.6191
25.7556
26.7627
26.0197
26.2161
25.8578
25.8422
26.0563
27.0580
26.5890
26.7764
25.8930
26.3205
26.5194
26.3618
26.3257
27.0859
26.9837
26.4929
26.3546
26.2222
26.0374
26.8261
26.5629
27.3449
26.4994
27.5314
26.5742
27.0535
26.9670
26.4418
26.1354
25.9422
26.3718
25.8677
26.5812
26.2897
27.1168
26.3505
26.9530
26.3975
25.9943
26.2689
27.2625
26.9476
26.9522
26.9723
26.9807
26.3710
26.7235
26.5079
27.3895
26.2753
26.5213
26.6159
26.0969
26.3041
25.9025
25.8226
25.6649
25.8880
25.5385
26.0558
25.6671
26.0993
25.9917
26.4914
26.0520
26.9599
26.8351
27.0270
26.6093
26.3650
26.0817
25.9784
27.1206
26.6993
26.9912
27.7788
27.0517
26.3369
25.7612
26.2513
26.9395
25.8698
25.9054
26.5625
26.4588
26.7547
26.3171
27.0139
26.9069
26.3413
25.7869
26.5934
26.7200
26.2771
26.2450
26.7266
25.7962
25.8635
26.5222
26.4236
26.9839
26.6349
26.5809
26.2534
25.6313
25.4445
25.6202
25.8151
25.7743
26.1374
26.8844
27.3211
26.2295
26.6024
26.1930
26.9123
27.1278
27.2199
26.9744
26.4571
26.5291
26.4661
26.3576
27.2103
27.2959
26.7318
26.8880
26.4228
26.1863
26.2253
26.1753
27.3122
26.1594
26.3684
27.2329
25.1757
25.8590
26.6513
27.1580
26.6674
26.6877
27.2298
26.9993
26.3600
26.9619
26.2168
25.7056
27.0365
26.7194
26.8564
26.4811
25.9266
25.9738
26.4964
26.9427
27.1301
26.6468
26.3447
26.6047
26.4446
26.2138
26.7855
26.2027
26.5311
26.9178
26.0241
26.1617
26.0441
27.1017
26.8509
26.2532
27.3426
27.1394
26.4210
27.3438
27.3866
27.2289
26.9065
26.3106
26.3286
25.9981
26.0594
24.9413
25.6396
25.2879
26.6514
25.7037
26.0849
25.1170
26.2349
26.2200
26.0878
25.8595
25.4111
25.5800
25.2833
26.0563
25.3013
25.3745
26.2826
25.5413
25.8404
26.4275
25.8814
25.9991
25.9500
26.9279
26.0040
26.7493
26.9494
26.7384
25.8442
26.3121
26.0020
26.5185
26.2883
26.2161
25.9731
26.1440
25.4394
25.5529
25.6169
25.8642
25.6547
26.8828
27.2915
26.2795
26.1778
26.2454
26.1025
26.8878
26.0824
26.1185
26.5717
26.0983
26.4460
25.6616
25.6780
25.4278
26.5018
27.1415
26.5490
26.0942
26.2245
26.1864
25.9744
25.9257
25.9323
25.4389
25.9989
26.6310
26.4368
26.6234
27.1119
26.4578
25.9235
26.2130
26.0817
26.1701
26.1559
26.6420
27.6162
27.4182
26.8661
27.2296
26.2448
26.5825
26.7548
26.3993
26.4869
27.3588
26.2279
26.5721
26.5923
26.2767
27.1645
27.0897
25.4874
26.5048
26.8848
26.6124
26.7037
26.3850
26.8854
27.0171
26.1547
25.8531
26.1613
26.4116
25.7214
26.3394
25.9900
26.1330
26.1303
25.1315
26.0727
26.2902
26.3728
25.9698
26.1698
25.7338
26.3026
27.3324
27.1449
26.8338
27.0574
25.7692
26.1013
26.6732
25.8608
26.2645
26.2776
26.4605
26.6252
26.4862
25.8691
26.5279
26.1735
26.4678
26.3995
27.4167
27.7542
26.5147
25.8777
26.5013
25.9972
26.3726
26.3462
26.8021
26.5142
26.0151
26.4816
27.0689
26.3146
26.2805
26.0487
26.2318
26.1324
27.0611
26.9321
26.8208
25.8796
26.0985
26.2323
26.2907
25.8781
26.3169
26.1552
26.1068
26.1601
26.4611
25.8743
26.6831
26.1201
26.1113
26.6454
26.2207
26.1294
26.0527
26.5908
26.2522
26.2560
26.1901
26.8269
25.7762
26.3246
27.4305
26.6200
26.2746
24.8806
26.2862
25.5652
25.7632
26.6313
26.6347
25.9368
26.0390
25.7002
26.0370
26.3361
26.4601
26.0397
26.2561
25.6797
26.2872
25.7160
25.2538
25.4460
26.3356
26.5917
27.1552
26.8473
26.0654
27.5289
27.1553
27.0661
27.0849
26.8159
26.6834
27.1416
28.1361
26.4607
27.0533
27.0750
26.2906
27.1620
26.5222
26.6195
25.8200
25.9199
25.7392
25.0905
24.3967
24.6220
26.0087
25.7186
26.0504
26.2968
25.5378
25.6430
26.2282
26.8541
25.9264
25.5024
25.5862
26.2720
25.9866
26.4893
26.7110
26.2699
25.9087
26.7300
26.3446
27.0949
26.9044
25.2702
26.3344
26.3953
25.7485
25.1848
25.0765
26.6553
27.2342
26.6815
27.8824
27.4940
28.1773
27.0289
27.5185
28.2405
26.8381
26.2437
27.2429
25.9657
26.2196
27.2761
27.1410
26.4127
26.8269
26.7950
26.1453
28.4837
28.1148
27.7715
27.4045
27.6750
27.8832
28.2125
27.7856
29.1690
29.2603
27.9367
26.4235
27.4125
28.7195
28.3995
27.7687
28.0451
28.5858
28.6184
27.9008
27.9058
27.3447
27.8408
27.1907
27.7938
27.4927
27.8733
27.9633
27.4832
28.0554
28.8328
27.4454
27.6903
28.0620
27.0218
28.1239
27.4332
27.7707
27.2455
26.3477
25.4733
26.4970
26.1586
26.2420
26.7671
26.0008
27.0639
25.9865
26.3793
26.4944
27.7682
27.1600
27.6417
27.1969
27.0126
27.2929
27.2614
26.6364
27.1154
26.0296
26.7806
26.7924
26.3061
26.8076
25.9755
26.0640
26.4330
25.4697
25.5759
26.6570
27.0617
27.0239
26.3674
25.7058
26.4587
26.0952
26.0425
25.3139
25.4451
25.7934
26.1791
27.0727
26.5671
26.5906
25.4021
25.9924
26.0913
25.3783
25.7834
25.7259
25.2265
25.4501
25.8353
26.2790
25.8424
25.5307
25.8612
26.1971
26.5534
25.5588
26.9072
26.3367
26.2002
27.3594
27.1723
27.0486
26.4988
26.5378
26.0899
26.1419
27.7741
27.4042
29.0992
28.0181
27.9583
27.3086
27.1494
27.7843
25.9954
25.8701
28.1438
26.8470
26.6081
27.3860
26.7764
27.2837
27.7139
26.8739
27.7131
28.9760
26.9169
27.9052
27.7190
27.8504
26.2604
26.8639
26.8183
27.3203
27.0679
27.2408
26.6924
26.9116
26.2653
26.2169
25.8629
26.6810
27.9647
28.1828
27.5398
27.0159
26.5437
26.6076
27.6014
26.5142
25.4741
26.3327
27.4411
26.9038
26.8366
27.4096
27.2137
27.0629
26.7488
27.3632
27.3745
26.3088
26.7527
26.0721
26.7559
26.3320
26.3567
25.9788
27.1378
26.3861
26.9208
27.6154
27.1552
26.8135
26.9869
26.5106
27.0229
26.9971
27.1759
27.0462
26.5418
26.7122
27.4644
28.0842
26.4042
26.4800
27.5058
27.4800
27.6551
26.6803
26.8827
26.3357
27.2257
26.8502
27.3150
27.6728
27.9674
27.6422
28.4054
27.3738
26.5814
28.2775
28.4256
27.9416
26.4772
26.6333
26.2356
26.4348
25.4378
26.0140
26.2467
26.3115
25.1214
25.6008
26.0171
25.4981
25.9952
27.8291
27.2121
26.0160
26.7896
26.5233
26.2679
27.8588
26.1294
26.5185
25.9722
25.4180
26.9558
26.7540
26.2228
26.7899
26.8863
26.5786
26.1229
26.3384
26.0380
26.4066
26.2976
26.3873
26.9261
26.4524
26.7560
25.6454
26.1900
26.0166
25.8905
26.7884
26.8003
26.8698
26.8665
25.7423
26.9255
26.3978
26.8967
26.3964
26.9577
25.6218
25.7604
25.7839
25.9637
27.1727
26.5290
25.9589
25.4758
26.4048
26.5911
26.0847
26.5470
26.5555
25.5918
26.4596
27.1088
26.9070
26.7928
26.6313
27.2651
26.4764
26.6167
26.5407
25.6331
26.4283
26.0413
26.4529
25.8901
25.9802
25.5468
27.0800
26.6179
26.4180
26.7695
27.1508
27.1843
26.4464
26.0919
26.5419
26.1295
26.2085
27.2227
26.4723
26.4250
26.4965
26.8416
26.8257
26.7325
26.0303
26.5463
25.7735
26.8012
27.8952
25.5828
27.0692
26.7407
25.4758
27.5882
25.5724
25.5534
26.5989
25.4969
26.9893
26.4454
27.0593
28.0861
26.2020
27.4703
27.6438
26.2719
26.7013
27.6564
26.4025
26.3740
26.9758
27.5708
28.0953
26.2095
27.1175
26.9252
26.7068
26.0226
25.9960
26.7923
26.9801
25.7127
27.1023
26.9896
27.5524
25.9875
26.8206
27.0567
26.6268
27.1890
27.6573
27.5215
25.7933
26.8016
27.4154
26.0506
26.5265
26.9129
27.0338
27.0304
26.9115
27.0320
27.3327
26.5110
26.0837
26.2721
26.5630
26.5763
26.7962
27.0086
26.5769
25.6710
26.7422
26.9878
27.5588
27.2998
26.0657
26.2078
26.8586
26.6615
26.9408
27.2481
26.6999
26.4807
26.5010
27.1121
26.7864
26.5192
27.4936
26.4552
26.3902
25.9926
27.5689
27.0978
28.0924
26.9583
27.6629
27.3711
27.8814
26.2999
26.2930
26.9982
27.0935
25.6910
26.3038
27.1321
27.0450
26.3819
26.4550
27.1901
27.3015
27.3986
27.0523
26.6015
28.1427
26.2780
26.6034
26.8480
26.8556
26.5780
26.8487
26.8919
26.9829
25.9932
25.8991
26.4853
26.8509
27.2124
26.4070
25.6504
26.6089
26.5653
26.7080
26.0327
25.7158
25.0784
26.1800
26.4144
26.9375
27.9915
27.8329
26.9893
27.1373
26.5457
26.6621
27.0074
26.4254
26.2392
25.5911
25.4069
26.1448
27.3087
27.0191
26.7435
25.7282
26.7641
26.5809
27.0482
26.5464
26.1521
26.3585
26.4301
25.9124
26.9082
25.9371
26.4025
27.3840
26.0671
26.6092
27.3282
26.5476
26.1582
26.7317
27.7968
25.8403
27.5220
27.5966
27.4132
27.0260
27.0959
27.0496
26.4303
26.1994
26.8695
26.8452
25.8291
25.2315
25.4850
25.9224
25.9111
26.7211
26.1096
26.7899
26.8074
26.0596
25.5800
27.3984
26.7056
26.5253
26.1660
26.0685
26.9304
27.2949
27.5740
27.3435
26.9364
27.8898
27.7287
26.8185
27.0607
27.0971
26.3367
26.9979
26.0347
26.2370
26.4704
26.2790
26.1827
26.6779
26.0784
26.3466
27.5916
27.8077
27.4025
26.4879
25.9257
26.3236
26.5610
26.0459
26.5542
26.1799
27.2078
27.1216
26.9033
25.4661
27.6561
26.0034
26.9826
26.6239
26.1410
26.8889
26.8029
26.5671
26.6133
27.0121
26.8011
26.5394
26.5061
26.5196
27.2359
27.7679
27.0223
26.7986
26.9616
25.9790
27.1719
25.9209
27.6621
26.1692
27.6510
27.3847
26.0937
26.4646
26.1807
27.2264
25.9682
26.5257
26.3194
26.2701
26.8083
27.4347
27.0653
27.2727
27.1865
27.3727
26.8052
27.1883
26.7297
26.9210
27.0018
26.7316
27.2830
27.1116
26.8977
26.8325
26.3619
25.5370
26.6151
26.8992
26.6552
25.5481
27.4975
27.5790
26.5636
25.6834
27.8556
25.7984
26.3726
25.5598
26.1445
26.4775
25.7137
26.1173
26.9382
25.5952
25.7744
26.1982
26.3055
26.9854
27.0277
26.6104
26.0576
26.3568
27.1999
26.7146
27.1565
27.3268
26.5748
26.5210
26.8496
26.6287
26.8192
25.2154
26.5303
26.4011
26.8806
26.5850
26.4455
26.2173
26.1007
26.7917
27.4631
25.4526
26.8106
27.3766
26.4205
26.5006
26.5016
26.7049
26.6234
26.4533
27.2863
26.1721
28.2417
27.6911
27.7130
28.3325
28.2532
27.2553
26.9882
26.9798
26.5198
27.9289
27.4302
26.8866
26.9446
27.0046
26.5071
26.3894
27.2811
26.3631
25.7391
25.5796
26.3388
27.1002
26.9545
26.3631
26.4990
27.0738
25.5230
26.8677
26.7946
26.2618
26.6476
26.3403
26.8973
26.4593
26.9753
26.3618
26.3347
26.3170
27.1601
27.3990
26.8640
26.2619
26.7913
26.0721
26.7470
26.4604
27.2554
27.1745
27.2695
27.5387
27.0119
26.1293
25.7635
26.0656
26.1238
27.0022
26.5045
26.6496
26.4570
27.4534
26.3414
26.7961
26.8503
26.7974
27.1347
26.9707
26.5342
27.0971
27.8280
27.0630
26.7322
26.4254
27.0052
26.5954
26.6363
26.2676
26.3345
24.8730
24.9948
26.0145
27.1444
26.5937
26.5038
26.7428
27.2009
27.8414
27.5662
26.2483
26.8023
27.2421
26.9034
26.6585
26.8865
26.8717
27.8905
27.1879
26.1398
26.8060
26.4584
26.6071
26.4008
26.4007
26.6138
26.5678
26.8829
26.9504
27.0291
27.8503
27.0003
26.3236
28.3819
26.2907
27.2968
26.4785
27.1912
26.6162
26.6409
27.2022
26.6828
26.7405
26.2739
27.0878
27.2109
27.0565
26.8941
26.5214
27.0282
27.0412
27.0419
26.9075
26.0693
26.7645
26.8704
26.9381
27.2607
27.0537
27.6855
26.6829
26.2819
25.8859
26.8220
27.8936
26.3467
26.8063
27.3871
26.8154
26.0694
24.9780
26.8972
27.2383
27.0332
26.7047
26.9466
26.5754
26.3211
27.6055
27.7115
27.7217
28.4829
27.6296
28.1911
27.9915
27.5377
27.8587
27.9604
28.1033
29.6840
27.7018
28.1840
28.1667
28.1947
28.9804
28.9903
27.8386
28.0053
27.7454
28.2276
28.8732
27.2242
27.4609
28.1175
28.1043
28.0113
28.4584
27.9531
28.2284
27.6016
26.3140
27.4056
26.5960
27.2470
27.1407
26.7612
26.8053
27.5743
27.5074
28.5376
26.5108
27.1204
27.3620
28.4859
27.4787
26.9067
26.4293
27.3827
26.1832
26.7384
27.3707
26.8716
27.1589
27.5455
26.5896
27.1775
26.5618
26.8581
27.4035
26.7094
27.4457
26.7206
26.7355
26.2518
27.5426
26.9661
27.4991
26.9630
26.8509
26.0243
26.3040
27.0290
26.7665
26.3670
26.1185
26.8828
27.0718
27.7836
26.9608
26.9847
26.8239
27.5196
26.2092
26.3877
26.4236
25.1452
25.1510
25.8754
26.6733
26.1047
25.4749
26.0490
26.1091
25.8844
26.0608
26.1327
25.8154
25.8029
25.6222
27.0168
26.2134
27.6328
27.6745
27.1133
26.8986
27.1181
27.5409
27.2747
26.6928
27.1802
26.9585
26.3183
26.4093
25.8663
26.4940
26.3469
26.1270
26.6308
26.6076
26.8886
26.5660
26.3321
26.1884
26.2087
25.9259
26.6001
25.1562
25.8345
26.1921
26.0610
27.2453
26.7858
26.2338
26.5783
26.4550
27.1719
27.3124
26.7293
26.7174
25.6723
26.4884
26.8855
25.7873
26.5762
26.8896
26.8583
27.0171
26.7327
26.8619
26.9902
27.5756
27.3320
27.1312
27.2218
27.1519
27.1861
27.1061
26.0842
27.1898
26.6332
26.7941
27.5323
26.6879
26.9660
27.0310
26.4283
26.8551
25.8272
26.3716
26.2878
26.7784
26.1829
25.9303
25.8005
26.4126
26.1560
26.2497
27.1874
25.8250
27.3099
25.5434
26.3113
25.9414
26.3931
27.5158
25.2924
26.5602
25.7038
26.8388
26.0676
26.6624
26.3318
26.4667
26.0700
26.9809
25.8920
26.5821
26.3430
26.0120
25.4493
25.4303
25.6294
26.1307
27.2598
26.6866
26.9157
26.1660
26.9549
26.7289
27.3525
27.5202
27.5307
27.4012
27.2060
27.2626
27.3930
26.8656
26.1777
27.3332
26.9119
27.4720
26.8473
27.2683
26.6825
26.3737
27.5966
27.3244
25.9976
25.8921
26.5477
27.3500
26.2645
26.2225
25.6472
26.4358
25.9904
26.3423
27.0436
26.8643
27.3162
27.4242
26.9184
25.5297
27.4986
27.2744
26.6923
26.9944
26.5026
26.6749
25.9135
26.9371
26.4473
26.0824
25.9421
26.2733
25.8644
26.5635
26.7091
27.2345
25.9333
26.4470
26.8498
25.0874
24.8729
25.5599
26.3287
25.7147
26.6152
24.9440
26.5034
26.3296
26.0391
25.6955
26.0628
25.4924
27.3525
27.3843
27.5312
26.7596
26.8179
26.2845
25.8957
26.7282
26.4694
27.4767
26.8864
27.1731
27.0186
25.8501
26.7976
26.9339
26.6415
26.6654
27.3418
26.2532
26.3294
27.3336
27.2518
28.0241
27.5132
28.1346
27.5900
28.3618
27.6822
27.3946
28.3950
28.0034
28.1694
28.1739
28.3429
27.9111
27.9381
28.7751
28.2594
28.4074
28.8123
28.0566
28.7724
28.4132
27.8901
27.8937
27.5435
27.4443
27.8921
27.8496
28.3592
28.3159
27.9586
28.3303
27.6479
28.4372
27.5303
27.2211
27.6722
27.8736
27.7160
27.4397
27.3092
27.5710
27.9211
27.6462
27.8376
27.8971
28.5074
27.4064
27.7072
28.0186
27.7478
26.8715
28.8878
28.4289
27.4778
28.1659
27.6506
27.7824
28.8085
27.6941
27.6473
27.5607
27.0924
27.4969
26.8360
25.3056
26.3780
26.7160
26.3624
26.9037
26.3155
26.7742
26.7704
26.3228
26.0926
26.8330
26.5551
26.3210
25.6923
26.5872
27.0140
26.1837
26.8431
26.3372
25.6403
26.7916
26.1315
27.1266
26.7031
26.2151
25.8038
26.0867
26.9009
26.8162
26.8075
27.2572
26.8429
27.3949
26.4295
26.9854
26.9604
27.4457
27.2017
26.9026
27.1151
25.9718
26.1990
26.9708
27.0497
26.4041
27.0533
27.2475
26.9880
27.8722
27.5134
27.1783
27.6995
27.0855
27.1718
26.3642
27.0420
26.8906
26.5293
27.0112
26.5770
26.0675
27.3130
26.1173
26.6673
26.7914
26.1462
26.9233
27.0298
27.4891
26.0349
25.5161
25.5883
26.3149
26.7423
25.9990
26.8656
27.2811
26.5223
26.7560
27.2780
27.7102
27.8634
27.2985
25.4680
26.0721
26.3287
27.2321
26.4188
25.8472
26.9553
27.8093
26.8861
27.3734
26.8548
26.4441
26.5846
26.8730
26.4347
26.2583
25.8961
25.7798
27.6893
27.0273
27.1681
26.5718
27.5324
27.2331
28.4164
27.3760
26.7904
27.4281
27.5022
27.3757
27.6295
26.1829
26.2711
26.8189
26.8079
26.2688
26.4732
26.7393
26.8356
26.5782
26.5339
26.4078
27.3727
26.3118
25.9442
27.1337
26.4787
27.2774
27.6364
27.5746
27.9819
26.1787
26.8084
27.3140
25.9634
26.9716
27.6101
26.4382
26.1370
27.3226
26.3253
26.2094
26.4846
26.5520
25.4675
26.3094
26.8888
27.0538
26.1934
26.2579
25.7666
26.9947
27.2524
26.8746
27.0531
25.9930
27.0132
27.6469
25.9438
26.8367
25.5298
27.0147
26.2816
26.1897
25.8399
27.0451
26.6768
25.9681
25.8198
26.4870
26.7362
26.8829
25.9219
25.8511
27.3053
26.3163
26.5765
27.5399
26.6218
26.7897
27.3928
26.5601
26.4063
25.7763
26.0032
26.0843
24.8516
25.8323
26.4887
25.5039
25.8587
24.5550
25.4606
25.2917
26.3537
26.8176
25.5730
26.3162
26.5345
26.7715
26.7239
27.0294
26.3623
26.9195
25.4851
25.8207
25.6816
26.8490
26.5609
25.6169
26.4489
25.7287
26.1638
26.1751
25.7562
27.1374
27.0009
26.7074
26.8510
25.8234
26.4699
26.5703
26.4354
26.4227
26.6067
27.0627
26.7577
26.1948
25.3487
26.1297
27.8766
26.2829
26.2400
25.5566
25.6482
25.3452
25.8253
26.4658
26.2324
26.0853
25.9688
26.8748
25.5953
26.8748
26.5346
27.0604
25.8898
27.1847
25.6710
26.7091
26.5889
26.9619
27.5302
26.2046
25.9111
27.1650
26.4712
26.2880
25.5480
25.8151
25.6180
26.2626
25.9471
26.6920
27.3641
26.6338
27.1159
26.8182
26.8616
26.1674
26.4044
26.6832
26.8173
26.1954
26.6103
27.3347
26.8911
27.4470
27.3212
27.7082
26.4475
27.1737
25.8545
26.5724
27.2826
27.1652
26.2753
27.1474
27.9344
25.9748
26.4789
26.1818
25.9676
25.9346
26.3941
26.2963
26.8607
27.2737
27.0466
26.5091
27.1787
27.0638
27.8931
26.6033
27.7730
28.9821
26.7800
26.4024
27.5400
27.1683
26.6692
27.8202
27.1888
26.7077
27.0836
26.2070
26.9587
27.3540
27.3822
27.0651
26.6573
26.0015
27.2080
26.7301
27.0805
26.3195
25.7363
27.2676
28.3118
28.0367
27.7169
26.8447
27.5527
28.3239
27.6618
27.1780
26.7366
26.1348
26.9275
28.1181
27.3810
26.8459
27.4033
27.4336
27.0756
27.8251
27.4520
27.5575
26.8711
27.1101
26.3691
26.7165
27.6051
28.2763
26.7337
28.0047
26.8859
27.1313
27.1171
27.7219
26.6050
26.3931
26.8566
28.1714
27.7695
26.5964
26.7904
26.8075
26.8809
26.5841
26.3204
26.9815
25.8692
26.7058
27.4359
27.1105
27.7023
27.7120
27.7485
27.1410
26.7469
26.5597
27.9069
27.3871
27.0984
27.2621
27.7046
26.9148
26.2316
26.7575
27.5112
27.2617
27.0409
25.2148
26.9527
26.4011
26.5149
26.9330
27.1677
26.9383
26.2287
27.2262
27.3638
27.3705
27.8771
28.8357
29.2335
27.2323
27.9286
28.7359
26.7240
27.6748
27.3687
27.7031
28.1249
28.1343
27.0245
28.4974
28.0221
27.5894
27.1299
27.8196
27.6038
27.1470
26.8524
28.1304
28.8665
28.3121
28.4172
27.3325
27.1977
27.8619
28.6605
27.5907
27.8019
27.0829
27.8820
27.2177
28.1564
27.6599
27.4677
28.5412
27.3875
28.6020
27.6169
28.9282
28.6161
28.3362
27.2105
27.6274
26.2201
27.6493
27.2229
26.8587
27.5654
27.1864
26.4538
28.1019
28.0281
27.5568
28.4361
27.3945
26.4199
27.0265
27.5075
27.4632
27.8967
27.7509
26.6812
26.9218
26.8800
26.6902
27.0484
27.5767
27.5386
26.9503
27.9044
27.7024
28.0024
27.0842
27.1506
27.6469
27.6722
27.8380
28.0801
27.6645
27.7428
27.1063
27.6135
27.7768
28.0607
27.6097
27.5281
27.7939
27.2711
27.1131
27.6501
27.4383
27.0945
28.3874
28.1728
28.0139
28.8644
27.6629
27.2574
28.8130
28.1005
27.8483
26.8156
27.0584
26.3941
27.2658
27.5623
27.4678
27.7775
27.7759
27.1947
28.0410
28.0523
27.5882
27.3594
27.7056
27.8391
29.0381
28.7423
28.4860
28.3467
29.1463
28.5841
28.0924
26.3950
27.5312
27.4790
27.6747
28.2801
28.9196
28.8669
28.9077
27.8696
27.7637
28.0605
28.0446
28.4274
28.1090
27.9714
27.6444
27.4334
27.6512
27.5528
28.3643
28.2865
26.5990
27.5040
28.8621
28.4130
27.3997
27.5970
28.1468
28.5303
27.9786
27.5977
28.1387
27.5402
26.9750
28.6744
27.2841
27.4358
28.3061
28.7318
27.8667
27.4817
28.3069
27.4935
28.1569
27.9910
27.6312
25.6150
26.0834
25.8027
25.7497
25.6857
25.7978
25.9248
27.1855
26.5665
27.8715
27.0989
27.5756
27.1893
27.3813
27.6331
27.8306
28.1297
27.3036
28.0114
27.6859
27.8798
27.3299
27.2490
27.6321
27.6448
27.2406
27.4155
27.1038
27.5416
26.8747
27.0882
27.2411
26.6213
27.2278
27.4144
28.1179
27.6422
26.6868
26.6545
28.6413
28.0016
27.7817
28.4742
28.4304
28.3034
28.5957
27.4037
28.6315
27.8261
27.7796
28.0472
27.9365
27.7757
28.0701
29.1005
27.6402
28.4716
27.0314
28.1292
27.6895
27.2316
26.7173
27.1095
27.0002
27.3296
28.5799
26.5825
26.2939
27.9046
27.4477
28.0141
25.6358
27.8610
28.4485
28.4076
28.4787
27.4613
27.7428
27.8021
28.4014
27.7697
27.6859
27.7540
26.7267
26.2580
27.6115
25.7741
25.9430
26.6245
27.5089
27.1661
26.9711
27.6060
27.5156
28.1642
27.3686
26.8547
27.2899
27.7436
27.2695
28.6558
29.1052
27.1135
27.3567
27.2481
27.5927
28.0476
26.3877
26.4197
26.8652
26.0358
28.6945
27.5227
27.4959
27.7840
27.8738
27.6856
27.5474
27.8710
27.8965
26.1423
27.9724
27.7751
27.6877
27.9474
27.4483
27.2315
27.2216
27.8746
28.5837
27.5777
27.8877
27.6025
26.5724
27.2068
27.8019
27.6024
27.0947
27.9800
28.4889
27.6290
27.5348
27.8528
27.9154
27.6775
29.4541
27.3445
27.8038
27.8103
26.7078
27.5752
28.0427
27.6306
27.5563
27.9595
28.1556
27.0004
27.8295
26.4909
27.0225
27.1738
28.0131
26.8397
27.4530
27.2047
27.3873
28.3148
28.0651
27.4343
28.0040
28.4884
28.2949
26.9636
27.0490
27.7238
28.0083
28.6225
27.7354
27.7466
27.7553
28.1600
28.4366
27.8227
28.7634
28.5138
27.5166
27.6408
28.6448
27.8174
28.1479
27.0923
28.4129
27.1190
28.5413
27.4392
27.4917
27.6447
27.6159
26.7738
27.3675
28.9151
26.9640
27.8614
27.4291
28.4803
28.4012
27.9477
26.6183
28.4209
28.2452
28.0714
28.1472
28.4225
27.4461
27.8521
27.6083
28.0907
27.7474
27.5121
27.8327
28.9446
28.2842
28.0244
27.5830
27.5420
26.7898
27.0260
26.8306
26.6947
27.6357
27.4353
27.3046
28.4067
29.1066
28.1640
27.1699
27.3364
27.2615
27.0234
27.1566
26.8752
27.1017
25.8132
25.3196
25.7922
26.9536
27.0429
27.3164
26.9901
27.3329
25.9645
26.3070
26.8027
27.1315
26.8076
27.2121
26.4329
26.4116
26.5929
27.0827
27.3364
27.6924
27.7029
26.4819
27.6932
27.4465
26.9201
28.1917
26.8910
27.9926
27.5121
27.5448
26.0777
27.5945
27.6768
27.8696
26.2619
27.2719
26.9108
26.1790
27.5455
27.1692
25.6243
25.5949
25.5258
25.6723
26.6665
25.7268
25.2507
27.7648
26.2576
25.3440
26.4694
26.1232
25.8912
28.5728
27.4744
27.1839
25.1130
26.0125
26.1575
26.5173
26.9836
27.6091
26.6758
27.4243
27.6057
27.0679
26.9241
26.7674
27.9014
28.0379
27.3759
27.7638
27.5125
28.1503
27.0834
28.0018
26.7506
27.4940
28.8371
26.9729
27.7750
26.9253
27.0307
28.0370
27.5669
26.6434
27.0378
26.7840
26.9314
25.8365
26.2213
25.9236
27.3377
25.9659
27.9740
26.8213
27.4674
27.9277
27.3915
27.2119
27.6979
27.7913
27.6549
27.6031
27.0234
27.4327
27.5773
26.6817
27.4598
27.0025
27.4745
27.4099
28.0623
27.3310
28.3286
27.4493
27.3902
27.6218
28.1822
27.5197
28.3944
27.3712
27.7126
27.5849
28.0400
27.8803
27.3653
28.2652
27.4556
26.3189
28.8615
27.3398
27.2245
28.8786
26.7746
29.0028
27.2068
28.2615
27.5586
28.0499
27.0079
27.7749
27.1265
27.3539
27.1754
28.4928
28.3841
27.6416
27.9379
28.2606
27.8470
29.3361
27.4479
28.5327
27.0395
27.9310
26.8302
27.8335
27.1446
26.2502
27.4131
27.0798
26.8760
26.7330
27.6258
26.9748
26.8059
26.9113
27.2754
26.9466
27.0717
27.9652
27.6804
27.2960
28.4474
27.4513
28.6646
28.2923
27.5640
27.5650
26.4186
25.8244
27.2959
27.1161
26.5386
26.3029
26.6886
27.2525
27.7601
27.7387
26.5940
26.3601
26.7006
27.2817
27.2978
26.8340
27.8686
26.9024
27.7428
28.1225
27.0230
26.7606
27.8112
28.5640
27.6825
26.1761
26.9468
27.2149
27.9240
27.7338
27.1996
26.8596
27.2714
27.7776
27.4459
26.7902
27.1504
27.5746
27.9051
27.4553
27.2824
26.6922
27.2851
27.1075
27.9541
26.9400
26.9386
27.1872
26.7026
26.5442
26.4709
27.3821
27.4649
27.5042
28.5801
27.1551
27.6844
27.3045
28.1058
27.2150
26.5469
27.6320
28.2576
30.1692
28.5578
28.1786
29.9079
27.3545
27.9563
27.7239
27.4102
28.0364
26.5786
26.0443
26.7185
27.5708
27.8688
27.6946
27.9994
27.7590
27.8273
27.3588
26.8427
27.3533
28.5972
29.4103
28.8386
28.4176
28.8499
29.2006
29.2253
28.2647
28.2342
29.0408
28.2579
27.0305
28.0670
27.4719
27.2106
27.6570
27.5090
26.9059
27.2012
26.7521
27.0602
26.8566
27.8937
27.4733
25.9302
26.9470
27.7283
28.4059
28.1397
28.0887
27.9523
26.9540
27.1964
27.0220
27.3999
27.2669
27.5714
26.0892
26.7251
25.7271
26.7618
25.7796
25.5320
25.5133
26.1670
28.1848
26.5288
26.3331
26.8671
28.5199
28.9285
29.1995
28.9363
28.0407
28.8256
28.7514
28.2847
28.8717
29.4260
28.4919
30.2546
28.2348
28.1967
27.8498
29.8966
26.5906
28.2901
28.7940
29.2166
29.2378
28.1197
29.1876
30.3541
30.0693
30.7164
30.5211
30.7514
29.3251
29.5476
30.2101
31.1355
30.9503
30.9196
30.8582
29.6664
30.0177
31.1328
29.6743
31.3367
30.5009
30.8950
31.0670
32.3875
30.3870
30.8364
31.5342
31.8941
32.9578
30.0314
28.9772
30.7264
32.0320
30.0203
29.2682
28.9982
29.8777
32.1152
33.9652
32.8739
33.0348
33.4778
32.2755
32.9608
32.8602
31.4937
30.8679
31.6924
30.7801
32.5429
30.7875
31.3930
32.2753
32.7421
31.0675
32.3823
33.0054
32.1760
29.9015
29.1882
30.8499
30.4889
31.3412
33.5061
31.5023
30.7734
31.4015
30.7328
31.3113
30.0371
29.7347
28.7175
28.1495
30.5820
30.2376
29.0365
29.1020
29.5018
30.2391
29.7274
29.5022
30.8348
29.9269
28.6687
29.5720
29.0858
28.4752
29.1295
28.4475
28.1970
27.6222
25.6923
26.8468
25.3756
24.8912
25.3861
25.6330
26.2991
25.9615
26.0347
26.7806
25.6328
25.6038
25.7816
26.1245
26.0769
25.6959
25.3077
25.4018
25.1344
25.0817
24.9797
25.2597
25.1792
25.1530
25.2515
24.9566
25.6257
25.7677
25.3850
25.4084
25.6113
26.3017
25.1020
24.8330
25.1270
25.7857
26.3182
26.6474
26.0529
25.6754
25.9297
25.7151
25.5594
24.6695
25.8840
25.9149
26.9043
25.5947
26.7444
26.2025
27.1282
26.3707
26.2262
25.2809
25.4723
25.8826
25.0734
25.4822
25.2776
25.1020
24.7185
26.6934
25.4956
25.2459
24.9831
25.6458
25.3480
25.1124
24.8574
25.8056
25.8986
26.2163
25.9161
25.8964
26.2773
24.9921
26.5212
25.2138
24.6655
26.3641
26.3777
26.2323
25.6828
24.9662
24.4234
24.6619
25.0820
24.7805
24.9432
25.7218
25.3100
24.9269
24.5793
24.6730
24.2825
23.3987
24.4994
24.3691
24.6471
24.7359
25.2644
24.0990
24.9993
25.1945
25.3613
24.6155
25.7811
25.1621
25.4523
24.1571
24.2892
24.8624
25.3820
24.9588
25.5012
25.0015
25.4472
24.9036
24.1853
25.3187
25.3608
25.5091
26.3953
28.6292
28.3701
28.9953
28.5884
28.9756
31.5709
30.9260
30.6315
29.0204
28.8964
28.8481
28.0681
28.2217
27.4434
28.8244
30.3770
29.7603
29.9898
30.6543
30.6391
29.8008
26.9294
27.8298
27.4802
27.6049
28.1483
27.4581
27.7476
26.6367
26.5095
26.2931
25.1977
26.3979
26.2759
26.1835
26.7570
27.7796
28.2863
28.5969
28.8915
28.3357
27.3384
27.9212
26.1953
26.3758
26.3756
26.7091
26.0368
27.5732
27.6612
26.2278
26.6519
26.6663
27.1908
28.1937
26.5870
25.7531
26.4225
25.6222
24.8194
25.1469
26.5879
25.4644
26.1348
27.3402
27.1167
26.9530
25.6148
26.3622
27.0625
25.9953
26.1413
25.8673
26.2435
24.8014
25.5923
25.8534
25.5831
26.2180
26.6132
26.7518
26.1892
26.5036
26.2289
26.3917
26.1075
25.6279
26.4064
25.8054
25.4743
25.5950
26.2597
25.2707
25.4511
25.1237
25.3850
25.2386
25.1732
25.1153
25.7781
26.2395
25.8699
25.7279
25.3764
25.0094
25.1775
24.6254
25.4456
24.7156
24.6757
24.7281
25.1586
24.1922
24.8311
24.2263
24.8016
24.4776
25.1178
24.0685
24.8379
24.1671
25.0490
24.5242
24.7786
25.0146
24.5710
24.5623
24.4019
25.0973
25.2295
25.2440
25.6044
25.6663
24.6135
25.4916
25.3445
25.8944
25.4673
24.3471
25.7851
24.6890
25.0084
24.5181
25.2741
25.6424
25.5672
24.3602
26.0897
25.3102
25.6749
25.6624
25.1295
25.5850
25.2091
24.6934
24.6581
25.3805
26.0359
25.3217
25.4195
25.6404
25.3883
25.8147
26.3476
25.1847
25.5896
25.7719
24.6795
25.3899
26.2039
24.4613
25.4185
25.2378
26.2984
24.2969
25.9630
25.7320
25.3563
24.6315
24.8956
24.8284
26.2901
25.1359
25.9149
25.3456
26.0889
24.5155
25.5752
25.2507
26.6822
25.8775
25.6460
25.8379
26.0625
25.6322
25.0122
25.9323
25.8555
24.9421
25.8831
26.0351
25.2468
25.9182
26.2706
25.8422
25.3239
25.1779
25.9485
25.6111
27.2717
26.3530
25.4507
27.1691
25.5432
25.4577
25.5391
24.7545
25.2509
25.1953
24.9662
25.2998
25.4984
25.6567
25.6174
25.5717
25.6471
25.4121
25.1970
25.9620
24.1517
24.5347
24.4424
24.6654
25.0433
24.8533
25.6727
25.8091
25.8123
25.7197
25.8592
25.8468
26.7440
26.2971
24.7710
23.6882
24.2484
24.4292
24.5104
25.5104
25.3456
24.6012
24.7081
24.5605
25.1853
25.1383
24.2180
24.4754
24.6353
25.2567
25.1630
24.9206
24.2363
25.0687
25.2008
25.1744
24.8085
25.1722
25.0067
24.2316
25.0807
24.5240
24.9655
24.6867
24.1563
24.8550
25.0184
24.4130
25.2172
25.1504
24.7980
24.5314
24.4631
25.4455
25.1014
25.9245
25.1747
24.7836
25.3821
25.1188
25.4870
24.8679
25.0749
24.8005
25.1508
24.3860
24.9573
24.0630
24.9487
24.6537
25.2521
25.0065
24.8144
25.2802
25.0746
25.1833
23.9907
25.1559
24.6567
25.1059
24.2640
24.5874
24.3601
24.7566
25.0189
24.8647
24.3090
25.6458
25.1789
23.9445
24.7090
24.6533
24.4731
24.6670
24.7428
25.3336
26.2457
27.2519
26.7172
25.9855
26.7611
26.0992
26.5865
27.0544
26.1043
26.9611
25.8463
26.4243
25.4971
25.6393
26.9989
25.2979
24.1807
25.5657
24.9588
25.3041
25.3321
24.6598
25.2134
25.8374
24.3092
24.3202
25.4493
25.4074
24.5554
25.7702
24.7250
25.0109
25.1966
25.7108
24.5242
25.1125
25.4071
25.0321
25.2196
24.3537
24.9173
25.0525
25.2456
25.6421
25.0747
24.8347
24.5151
24.7779
24.7372
24.0863
24.9984
24.5309
24.7975
24.5824
25.4242
25.5074
24.7877
25.0035
25.0268
25.2005
25.0394
24.7096
24.3532
24.5382
24.9918
25.0970
25.5194
23.7725
25.7856
25.0583
25.4208
25.2806
25.2909
24.2304
24.6666
24.7188
24.7106
24.9349
24.3335
24.9075
24.0408
24.7369
24.8437
24.9251
23.6035
24.9281
24.7753
25.2194
25.1561
24.7490
24.7756
24.9365
24.4275
24.5007
25.1057
24.6327
24.8126
25.0111
24.7488
24.3013
25.0421
24.9316
24.7695
24.8517
24.8770
24.3802
25.9131
25.3691
24.8637
25.3277
24.5800
24.5786
24.2451
24.4468
25.4046
24.3645
23.9454
25.1215
24.5428
25.1821
25.4226
25.0565
24.7890
25.2692
25.5390
25.0610
24.9400
24.8647
24.8698
24.7066
24.6670
24.9215
24.9375
25.1197
24.6415
24.9579
25.3765
26.9005
26.7917
26.7999
26.4352
25.8795
25.8834
25.6077
27.2757
26.0993
25.8491
25.9621
26.2335
27.3699
27.3165
25.4038
26.9280
26.6394
26.1192
25.6003
25.6299
25.1667
25.4777
26.4325
25.3774
26.4619
24.7235
26.4796
25.7701
25.6454
27.3636
26.4220
25.2614
26.1797
26.1820
26.6838
26.8230
26.7159
26.8095
27.1384
25.1223
25.8304
25.1077
25.2285
26.8381
25.1926
26.2090
25.0064
26.6157
25.2098
25.2932
25.6916
26.6044
26.2243
26.3262
25.4263
26.6490
25.5921
25.8082
27.2108
27.3409
25.1066
25.8101
27.0607
26.4130
25.6556
26.5554
25.9972
25.1995
25.4293
25.4334
27.1257
26.0549
26.5198
24.3315
25.4227
25.6823
25.3768
25.8994
26.4291
25.3117
26.1935
26.1699
27.1861
26.3347
26.8047
25.6506
25.7446
25.4191
25.9168
25.8655
25.8066
26.6583
26.0716
25.8058
25.7900
25.2952
25.3637
25.9004
25.6849
26.5770
26.1214
25.3258
25.5421
26.1557
25.5729
25.4694
26.0048
25.3600
25.1740
24.5406
25.0925
25.5144
24.8931
25.0610
25.8182
25.4667
25.9350
26.1198
25.7212
25.7796
25.6711
25.3574
26.5308
25.9505
25.8676
25.2433
26.0077
25.6356
26.2148
26.2937
26.7951
25.4994
25.9266
25.7724
25.9716
25.7649
25.5926
25.4527
25.8733
26.1505
25.9239
26.7458
26.3807
26.9681
27.3339
27.3567
26.9230
27.0500
27.7127
27.2910
27.3028
27.1169
25.6017
26.3893
26.4638
27.7815
27.8671
27.2696
27.3642
26.7549
26.4809
25.6661
26.2304
26.4362
27.4327
25.7131
25.9095
25.4728
27.4882
27.3674
25.5749
25.0832
25.5525
25.8479
26.2365
26.6045
26.2282
25.7718
26.8336
26.6132
26.9468
25.5253
27.2518
26.7328
26.6744
26.4275
26.5464
27.6782
27.2846
26.8831
26.6981
26.6734
25.8127
27.0919
27.6093
27.3943
25.7351
26.5603
25.4494
26.2394
27.3999
26.6121
26.3608
27.2203
27.1147
26.7133
26.5101
26.0606
25.3159
25.1157
27.3515
27.4197
27.4683
26.7791
27.4272
26.2300
25.3112
25.2265
24.5397
25.4585
25.9552
25.7958
24.9472
25.6863
25.2072
25.7310
24.9802
25.1598
25.2030
25.6500
25.4564
26.3783
24.9766
24.8555
25.4801
25.6069
25.3817
25.4904
25.1341
27.2936
25.9316
25.0686
24.4710
25.6260
24.6266
24.8607
26.1752
25.9077
26.5711
25.1964
25.7630
24.6902
25.2974
25.5071
24.9523
24.4424
24.6905
24.6846
24.7649
24.8885
24.8906
24.5344
23.1391
23.0797
23.2139
24.8992
24.1942
25.6640
26.2605
26.0499
25.8150
25.8666
25.5307
24.6115
23.3300
24.1723
23.6193
24.8912
25.9218
26.1683
25.1640
24.8214
25.5893
25.6609
24.8286
25.5720
23.9253
24.7088
23.9201
24.3995
23.2954
24.0941
24.3171
24.1548
24.4237
24.7336
24.6479
24.1848
23.8843
25.4380
24.4391
23.4156
23.7777
23.4266
24.1886
23.2249
22.7963
22.3481
23.9742
23.8673
23.2226
23.5306
22.8515
23.1919
23.4741
23.6370
23.2309
23.2741
23.4893
23.3572
23.3520
22.9020
22.2690
22.6344
23.5176
23.3974
23.7737
23.2231
22.5924
23.4301
22.6564
22.4204
22.2989
21.8309
21.8003
21.5517
22.7038
22.2914
22.8353
22.4411
21.8564
22.4637
22.0236
22.8241
22.6421
22.4422
21.9864
23.4561
22.9016
22.0474
23.1859
22.4758
22.1269
22.4108
22.9586
23.3674
22.5991
22.3225
22.0153
22.6103
22.3521
22.3745
22.0554
23.2649
23.0526
21.8986
21.5103
23.1098
22.0171
22.4478
21.5622
23.1947
23.0936
22.0005
22.7499
23.2802
22.2674
22.7360
22.4092
21.9351
22.7874
22.0849
21.9793
21.1200
21.7286
21.5667
23.7339
23.3426
22.6303
23.6401
23.5716
23.7952
23.1964
22.9664
22.8838
22.3965
22.6270
22.0329
22.2393
21.8029
22.8714
23.1381
23.3190
22.6790
21.5225
22.3971
22.4489
22.3777
22.6932
22.5191
22.7461
23.3076
22.6604
22.2799
22.0513
22.8196
23.1091
22.5155
22.6953
24.4413
24.3200
24.5563
23.2610
23.6296
23.4964
23.5617
22.6029
22.6212
22.4258
22.3338
21.4532
22.8616
23.5666
23.0889
22.7502
22.9578
22.4306
22.7684
22.5002
22.1424
21.7223
20.9066
21.8322
20.9032
21.5300
21.6523
21.3124
21.1256
21.1689
21.1869
22.4020
23.4978
23.3283
23.7867
23.6980
23.5358
23.6837
23.1076
23.6437
22.9274
22.8678
23.3933
22.5555
23.8459
23.5976
23.3052
23.5482
23.9071
23.4547
23.2253
23.3700
23.1625
23.8885
23.1164
21.4070
23.0135
23.2695
23.5868
23.3664
22.0352
23.0253
22.8130
22.3329
21.6895
23.1281
22.1657
23.2776
23.3557
23.2158
22.4958
23.4299
22.8569
23.2932
22.8482
23.6768
23.8169
23.5100
23.7974
23.0732
23.1697
23.0783
23.2688
22.9394
23.5522
22.7837
23.0955
23.9022
22.3853
22.8803
22.3167
22.9580
23.0185
23.1844
23.0236
23.0952
23.5601
22.9635
23.3767
23.2446
24.0945
22.5872
22.9519
23.6506
23.3929
23.8587
24.0604
23.0264
23.3683
23.9342
23.3062
23.4056
22.6284
22.0606
23.2858
23.2351
23.4485
23.2298
23.3235
23.3625
23.5354
23.2736
23.6971
22.8811
23.5796
23.6108
24.2077
22.9997
23.0231
23.9174
23.4496
23.2187
23.0004
22.9316
22.1868
22.0822
22.9161
22.9907
22.7243
23.6297
23.7926
23.5758
22.6146
23.3821
23.1101
23.7914
23.1051
22.6814
23.1653
22.8100
23.2007
23.1924
23.4478
22.9043
22.8634
22.5293
23.2191
24.0453
23.3103
22.9754
23.9044
23.8061
23.5190
22.9550
23.1588
23.5784
23.4901
23.9360
24.3706
24.1791
24.4226
23.9596
23.2214
25.5610
24.6636
25.2343
24.4388
25.2332
24.6022
25.0812
24.7328
25.0456
25.3761
24.5750
25.2478
25.0475
24.8677
25.1685
25.0305
25.3069
25.2772
24.9298
25.0900
25.0834
25.5359
24.1769
25.2650
24.9628
25.1997
26.6280
24.7915
24.2328
24.2619
25.0002
25.8466
26.5178
25.6279
25.7824
26.2808
25.9054
26.2067
26.0231
25.2327
25.4789
25.9495
26.8569
25.7726
26.1826
24.9622
25.6478
25.1469
26.0778
25.7037
25.5028
26.4231
26.1393
26.0218
26.7118
26.6266
27.1236
27.2486
27.8160
27.5938
26.7862
27.6472
27.7108
27.3412
27.7541
27.0354
26.9634
28.1310
26.7554
26.6614
25.3373
25.8613
25.9446
26.5202
26.3138
26.7374
26.1669
25.4511
24.6073
25.4052
25.9463
25.5381
25.9117
26.6135
25.1871
25.9015
25.7925
26.1858
25.5834
26.1775
26.7511
26.4879
26.3055
25.7336
25.4505
25.4819
26.4116
26.1332
25.2450
25.1350
25.9830
25.4761
25.6149
26.2874
26.1819
27.3997
28.2160
26.2236
26.0086
25.7622
25.5414
26.3295
25.6501
26.7993
26.1178
26.1494
26.2205
27.4361
26.5433
26.9043
25.9670
26.5046
25.7914
25.7635
26.3557
26.1455
26.2220
25.8890
25.4560
25.9678
26.5657
24.0177
25.2896
26.5346
27.1701
27.1097
26.0757
26.2887
25.1077
24.9297
24.9801
25.1278
25.5266
26.2437
24.9740
25.5833
25.7511
25.3061
24.5408
25.1681
24.6727
24.2723
24.6424
24.7756
25.7804
26.1300
24.8443
26.8725
25.2865
24.9935
26.1288
25.5206
25.7635
25.2004
24.7409
24.8390
24.7958
25.1964
25.1857
24.8477
25.5115
25.5172
24.2577
25.4572
26.1745
25.0981
26.0775
25.5935
25.5355
24.7555
24.7672
24.9489
25.2190
26.5746
24.4161
24.5340
24.7878
25.1620
25.1973
26.1086
25.8936
26.1229
24.9331
24.4088
25.7629
25.2309
24.2271
24.2360
23.8577
23.7212
23.2255
23.6164
23.6827
24.0903
23.8986
23.9110
23.3399
23.9489
24.3666
22.5550
23.4166
23.3864
23.5394
23.4568
23.9167
23.6904
22.9848
23.7692
23.5723
22.8814
22.5260
23.4074
22.4746
23.4123
24.1710
25.0328
24.6332
24.0809
23.6809
24.4181
23.1417
24.3346
24.0390
24.9288
24.7177
23.2873
24.1472
23.7133
23.7355
22.8347
22.9005
23.5404
24.1650
23.9610
23.9031
23.6689
23.6863
22.9252
24.1776
24.5684
23.9893
23.5260
24.9709
24.3551
24.1592
23.9544
25.1168
24.9681
24.7581
25.3679
25.3213
26.1641
26.9481
26.3026
25.7421
25.0393
26.7501
26.5228
26.1301
26.1372
25.1482
26.0251
27.7193
26.9557
26.8253
26.9324
26.1645
25.8310
26.5000
26.2560
28.1073
26.8612
26.9111
27.0802
27.4582
27.2646
27.0062
26.9480
26.4219
26.0911
26.7783
27.3233
26.6540
26.6499
25.8699
26.7860
27.1249
26.4575
26.3756
27.3895
26.2676
25.6826
25.9396
25.9335
26.7651
27.1854
27.1040
26.2046
24.7613
25.3113
25.9038
25.6682
26.2529
25.0573
26.2411
26.0667
26.2832
26.4222
26.6038
25.9028
25.3586
27.1699
25.8739
25.9447
25.8603
25.5538
24.6463
25.2110
25.1844
25.3686
25.9563
25.9889
25.1064
25.0212
24.9770
25.7344
25.0801
25.0578
25.4379
25.3922
25.3567
25.2022
25.0225
24.6144
25.0579
25.5272
26.2702
26.7536
26.1499
25.8729
25.4310
26.1651
26.7243
25.2782
25.8650
25.7408
25.3343
26.3924
27.3958
24.7650
26.3660
27.5168
24.9362
25.4125
25.6274
26.1397
24.7072
25.8186
25.9397
25.5866
27.0247
26.2729
24.8006
25.4028
25.7847
25.5408
26.1364
25.3729
26.0323
25.7066
26.3819
26.4889
26.6949
25.7012
26.6210
26.6892
25.5377
24.7180
26.4256
26.3706
26.0008
26.3403
26.3034
26.1456
26.5286
26.3278
25.5308
25.7563
26.2921
26.0085
26.1992
26.0637
26.1849
25.6344
26.3893
25.9724
24.8621
26.2146
25.9200
26.9916
26.2772
25.3179
24.7862
24.6999
25.7642
25.2595
25.4165
25.5825
24.7441
25.0214
25.3411
25.3176
25.8821
26.7391
23.8576
25.7119
25.8155
25.1797
26.3030
26.0803
25.5175
27.0329
26.1937
24.8251
25.1033
25.8179
26.2765
25.1230
25.7916
25.0168
26.0466
25.7813
26.5289
25.9710
25.2685
25.6490
24.8734
25.6410
26.4560
25.3985
26.2703
25.0595
26.1731
26.3515
26.0502
25.2708
25.5174
26.8714
26.1637
26.8692
25.8881
25.4386
26.0740
25.0494
26.4384
25.9281
26.3861
25.1455
26.3153
26.5113
26.3389
27.5332
24.8551
25.9572
26.1382
24.4218
25.1898
26.0672
26.3517
25.7346
26.2332
26.3584
24.6446
25.0979
25.8908
26.4665
26.7642
26.8450
26.5404
25.4056
25.9950
26.1741
26.8734
26.1169
26.3237
26.0844
25.5806
25.6429
24.7695
26.2398
25.7270
25.6828
25.9086
25.9175
26.4405
26.1522
26.3034
26.8828
26.8958
26.3389
25.7527
26.0480
25.8206
26.4556
25.7138
26.3942
26.5945
25.9949
27.1470
26.6973
25.8454
26.8489
27.2406
26.1010
25.2145
25.5419
25.2931
24.2999
24.6122
24.6036
24.6547
24.5857
24.9776
24.7539
24.7634
24.1198
24.3546
25.1295
24.7372
25.9104
24.9753
24.6735
24.8700
24.1405
25.1853
26.2344
26.3372
26.4093
27.0261
27.1150
27.0341
26.3409
25.7057
26.5003
25.5711
25.8680
26.7294
26.9934
26.1908
26.5238
25.8234
26.5423
26.1891
25.5378
26.1013
24.9874
25.6511
26.3847
25.3126
26.1869
25.6464
26.3794
25.0920
25.1843
26.1348
25.4550
26.3018
25.5088
26.0864
26.1160
26.1161
26.4112
25.8836
25.7217
25.3938
23.7013
24.2262
23.6905
24.4997
24.3988
25.0588
24.4255
23.0627
23.6476
24.5929
23.7396
24.4070
24.1360
24.7593
24.1550
23.9631
26.2918
25.6181
25.4350
26.2983
25.2500
26.1893
26.1667
25.2821
25.8612
26.1845
27.3094
26.2818
26.0844
26.5047
28.2381
28.3238
24.9415
26.7681
25.9129
26.4632
26.1878
25.4343
26.4133
28.4701
26.5723
26.1608
25.6383
25.0339
26.1485
25.8415
26.0664
25.8607
26.2886
26.4990
25.8595
25.5190
26.0928
26.2728
25.6857
25.8156
27.7553
26.5636
27.8793
27.5809
27.7965
24.9479
25.2793
29.2115
26.5375
28.9986
27.0604
27.2934
25.6475
25.7501
25.5867
27.4233
28.8706
28.3075
27.1070
27.5415
25.7549
25.3175
25.6025
24.8821
25.0762
25.6040
26.7579
25.9162
26.8257
26.7410
28.5111
29.3433
25.9488
27.1687
28.3099
27.4983
27.2387
25.9340
26.6716
25.9018
26.2750
27.9236
29.5573
28.9052
26.5012
27.7135
27.6310
26.0635
26.2034
25.5187
24.9567
25.4925
25.7574
25.3325
26.2356
26.5831
25.6730
26.2886
25.4208
25.7491
24.6996
25.5780
25.6506
24.7834
25.3565
24.9397
25.7934
25.8686
28.2760
26.7285
27.5557
29.6767
29.0606
27.5675
27.3063
27.8709
27.6592
26.4493
27.5893
25.8834
26.3495
26.8615
24.2342
26.4065
25.0197
25.0387
26.5809
25.9424
26.1625
25.2797
25.8852
24.3512
23.8924
25.7380
25.0522
25.7304
24.7677
25.9780
25.8078
25.0059
26.0785
25.1384
24.4263
25.1658
24.4983
24.1261
24.5968
25.9283
25.5122
25.7524
26.1135
24.4264
24.7748
25.2766
24.2620
24.3940
24.4831
25.9189
25.9927
25.3151
27.1091
25.6000
26.2961
25.0893
24.7286
24.3051
23.6633
24.6894
24.1379
23.3092
23.5363
25.6603
27.5276
26.6333
27.1891
24.9122
26.2490
26.8428
26.6590
26.3458
26.0200
25.5595
25.8423
25.0798
24.9277
26.1386
25.2382
25.3658
26.1025
24.5559
24.5289
25.4997
25.7328
26.4858
26.7006
25.3334
26.0337
26.5777
26.5701
24.0988
24.5347
24.2565
25.2708
24.9429
25.2969
26.1887
25.9384
26.4217
23.5562
24.8555
24.3464
25.4529
24.4093
25.4764
24.3915
26.5078
24.7663
25.5345
25.4629
24.6201
23.8661
24.4959
23.7592
23.7280
23.2005
23.4020
23.8781
22.9322
24.3600
24.5209
23.7451
24.7232
23.7848
26.0560
24.4949
23.7864
24.0609
23.9598
23.8615
23.1822
23.6668
23.3012
23.6190
23.6783
23.2551
23.4048
23.7566
26.0241
25.5382
24.5430
24.4848
24.3737
23.7927
23.2611
23.4672
24.7666
26.7862
25.8159
25.8068
25.9115
25.4338
25.1311
23.9847
25.6214
24.5847
25.1679
24.9047
24.2206
23.6488
23.1088
24.3487
24.0870
25.0405
24.9667
24.6227
25.4683
25.0231
25.3048
25.2771
24.2555
24.6441
24.3803
24.5424
25.1739
25.0919
24.5276
24.9071
24.6912
24.4414
24.9572
24.2471
25.1209
25.2787
25.7092
23.7992
24.4082
23.9101
24.1790
24.2489
25.1031
23.8488
24.5431
24.8004
24.4555
24.2712
23.8530
24.0073
23.2847
22.7487
23.2097
22.9230
22.4014
23.4067
24.3376
23.8206
25.4592
25.0027
25.2736
24.5076
25.2589
24.8099
25.4738
24.3695
24.9697
24.5542
24.9110
23.5076
24.3511
25.1251
25.7131
25.4365
25.9626
24.3694
24.9608
24.0688
24.0353
24.1770
24.3717
23.8698
24.2342
23.5193
24.9464
26.1062
25.0900
25.7434
24.7702
24.9282
25.0839
25.0800
25.6349
25.9855
25.9640
25.0535
24.7446
24.5378
25.0305
24.5700
24.7520
23.9544
24.7545
24.5222
25.2585
23.8304
24.7805
24.9111
25.2700
24.8713
25.4044
26.2836
25.5494
24.8363
25.3479
24.7810
24.9176
25.0020
25.0043
24.7855
24.3754
24.3399
24.5745
25.3236
24.4952
24.8090
23.4610
25.2745
24.9275
24.2661
25.2133
25.4469
24.7084
24.5689
23.9661
24.1792
24.7677
24.8183
24.8667
26.1850
25.6671
25.9102
24.3802
25.8381
25.5545
25.0506
23.2371
23.0630
23.2104
22.7122
22.6093
23.3902
22.8033
22.5000
22.9649
22.8053
23.2062
21.9425
22.9508
24.1526
22.6732
23.4658
23.4529
25.7220
25.6370
25.7348
26.7373
26.0994
25.2408
24.8798
26.7075
25.7546
26.1210
26.5654
25.8415
27.8136
29.8355
26.6669
27.5518
26.8836
26.3591
26.0635
25.6259
25.9779
26.1588
25.9559
26.0520
27.2295
26.7547
25.6093
25.1961
25.5534
25.6067
25.5906
25.4762
25.9612
25.6914
25.4514
24.7746
25.8575
25.8487
26.5715
26.0497
26.5649
25.5849
25.9072
26.1066
25.9792
26.0229
25.7708
26.5662
26.4482
26.3114
26.1951
26.8204
26.4086
25.6016
25.4002
25.4817
26.3844
26.7044
26.7671
26.7260
26.2995
27.3885
25.9549
26.2728
26.9303
26.2731
26.6902
26.5783
25.1192
25.8854
25.9926
25.8936
26.2250
26.0138
26.0528
26.8885
26.8922
26.0887
27.0352
26.5073
26.4885
25.8766
26.6799
26.8245
27.1852
27.4734
26.3619
27.0692
27.0176
27.5343
27.8572
27.1524
28.0791
28.9380
27.8879
26.9094
27.0725
28.0352
27.5979
27.2419
26.6812
26.4826
27.1646
26.6554
26.5455
26.4787
26.6302
26.3581
26.0874
26.0778
26.4231
25.8708
26.6994
27.2969
25.5673
27.4565
28.0709
26.9818
28.5182
28.1185
30.2238
28.7783
29.8554
29.6389
28.1141
27.0723
25.1094
25.5912
25.6107
26.2192
27.6074
27.2185
27.6922
27.9119
27.5598
29.1649
25.7679
26.8684
27.2060
26.3755
26.8281
26.9043
26.3118
26.4736
26.0567
26.0430
25.4345
25.9812
25.0101
25.6034
24.9232
24.7976
25.9519
24.8693
25.2417
25.0703
24.4167
24.4602
25.2834
25.1996
25.9406
25.8836
26.0156
25.3237
25.9040
25.7271
25.5495
24.9712
26.0088
26.0386
25.4999
25.3481
25.2727
26.0179
25.8450
25.9124
25.5978
25.6360
27.0869
26.6617
25.7846
25.0839
25.6403
25.1955
25.3947
26.2082
25.9745
26.1008
25.9704
26.0992
25.7945
25.6148
25.2429
25.8661
25.8889
25.6553
25.4211
26.0662
25.4695
25.1338
25.3563
24.2355
24.0384
24.7760
23.5757
24.6140
25.7522
25.7514
25.4950
25.7281
25.4199
25.3154
25.5732
25.7070
25.3820
24.7781
24.5321
24.1982
25.7001
26.0244
26.8028
26.0326
25.1972
24.7515
25.1200
25.0597
26.3503
25.6561
26.9519
26.0139
26.9185
26.3149
26.0345
26.9122
26.4807
26.7156
26.1876
25.3495
26.3038
26.8355
25.4584
25.3438
25.6068
25.8603
25.1514
25.3196
26.3533
26.1507
24.5785
25.2294
26.1501
25.9837
25.9769
25.5388
24.9894
25.5410
25.4616
26.1386
26.2577
25.7529
25.6719
25.6335
25.9069
24.5728
24.4417
25.1218
24.9509
25.8370
26.7712
26.2191
25.7856
25.6212
25.5214
25.0572
25.0770
26.0092
26.1452
26.1843
26.0089
26.6027
26.5259
25.5454
25.4794
25.3622
26.2564
25.5945
26.5130
26.1986
25.8900
26.7737
25.9517
26.0086
25.4329
25.3642
25.5433
26.2944
26.1631
25.5203
25.5485
25.3501
25.8106
25.6219
25.3250
26.1654
25.0237
26.0659
25.4414
26.4968
26.4871
27.8833
27.7143
27.9805
27.5025
26.6722
27.1049
25.8347
25.0561
25.8109
25.1179
25.5352
24.9754
24.7528
25.4982
25.3048
25.3718
25.4997
25.3116
25.6124
26.4391
25.6343
25.8427
25.1149
24.9066
25.8532
26.7198
27.3081
26.7048
25.5970
26.3333
25.9522
26.2973
26.1304
25.8541
26.3542
26.0186
26.2221
26.0020
26.2813
26.8092
25.8590
26.5638
26.0619
25.6604
25.5126
25.6629
26.2541
25.3763
25.4292
25.3483
25.4748
26.2054
26.0209
26.1442
25.4098
24.9250
24.5387
25.3194
25.1033
25.3853
25.0851
24.7116
25.7862
24.8936
25.1757
25.1696
25.5355
25.1946
25.5906
24.7035
25.6338
24.7509
24.8294
24.7451
25.1026
25.5208
24.8828
25.1397
24.6555
26.1489
24.9074
25.7369
26.0440
27.6196
27.1155
26.9975
26.6474
26.6257
26.9436
27.3693
26.3241
27.0997
26.1085
26.3338
27.7566
27.1483
27.2291
28.6604
28.5271
28.3533
26.8996
27.3108
26.6559
28.1177
26.7729
25.7341
25.8413
25.2060
24.6501
25.0927
25.2743
26.3171
25.0824
25.4190
25.4828
26.0375
25.8560
26.1887
26.4623
26.1496
25.9910
25.8318
25.9489
26.6023
25.2026
25.3749
26.0745
27.0589
25.3844
27.1566
26.7169
25.6928
25.6622
26.1166
25.3922
24.9834
25.8332
25.9472
24.7469
25.2542
25.1077
24.7067
25.3429
25.6519
25.8595
25.5074
25.4579
25.8315
26.2388
25.3413
25.5205
26.4314
25.6066
25.4247
25.4088
24.7263
25.3891
25.5259
25.2864
25.8444
26.5668
26.8128
26.1600
27.0939
27.2341
27.1948
26.8549
27.5850
26.9674
25.8952
26.3799
26.9220
26.8550
27.1592
27.6289
26.0581
25.3704
26.3459
25.9395
25.2686
25.5992
26.1891
26.7452
25.7418
27.3233
27.5053
27.8101
27.6170
28.2341
28.5661
27.3564
28.0149
26.8438
27.5456
26.4789
28.7999
27.6812
27.8472
28.1031
27.8584
27.8535
28.1930
28.2182
27.3224
28.0374
28.6040
26.4686
27.2253
27.1934
28.2184
29.3250
28.5870
28.3766
29.1770
27.4215
28.4142
28.3490
28.1102
28.1252
27.2269
27.4985
27.6907
27.9198
26.8420
28.2225
28.5704
27.9611
28.4380
28.9116
27.5972
28.1011
28.4885
28.3103
26.9718
26.1881
27.1481
26.4015
26.4799
28.3186
27.3540
28.2044
28.0396
27.5577
27.1235
26.9411
27.1363
25.8331
27.8915
26.9273
27.9300
27.8375
27.3964
27.4410
27.0534
27.9227
28.4775
27.8540
28.3869
28.5769
27.4566
27.9732
27.3754
27.7544
28.2925
27.9672
28.4065
27.4349
29.3642
28.4545
28.5727
29.1837
28.1056
28.1777
27.9373
28.1670
27.7614
28.2614
28.8181
28.7360
27.8659
27.3405
28.3314
28.2948
28.1037
27.8013
27.5903
28.0422
28.4644
27.3731
27.9865
27.6859
27.1336
27.5611
27.5789
27.4139
27.0202
26.9618
29.0763
27.5775
27.0344
27.5695
29.0366
27.7344
27.4109
27.6600
28.7388
28.8709
28.7427
28.1714
27.5962
27.2947
27.7572
27.0702
26.5395
28.3114
28.5453
27.8081
27.1108
28.0216
28.4672
27.0061
27.2605
27.1773
26.8060
27.0358
28.1861
27.9293
27.7703
27.7539
27.2304
28.4620
27.9168
28.7684
27.8398
28.0276
27.6023
28.0112
28.2484
26.2832
27.7907
27.4265
28.2224
27.8880
27.5694
26.5193
26.1580
27.0591
27.4993
26.9052
27.4482
27.4858
27.5821
26.9216
26.7741
28.1823
27.1258
27.9032
27.5059
27.1922
27.2655
26.8635
27.3750
27.3023
26.8060
24.4982
26.3832
26.4189
25.1810
26.0879
26.8737
26.0343
26.4663
25.6958
25.0704
27.0113
25.9699
26.0088
27.0229
26.9872
26.6840
26.0960
27.5237
27.5522
27.6793
26.7463
27.0896
27.1548
27.0730
26.9891
27.1615
26.8202
27.3969
26.7583
27.5042
27.9038
26.8994
27.7695
26.3353
25.4908
25.4505
25.5142
25.7136
26.5165
27.1408
27.9361
27.4999
27.6960
27.2738
27.4133
28.5785
27.1819
27.8357
28.0608
27.9012
28.5993
27.6654
28.3505
27.5694
27.8629
27.8274
27.0469
27.4969
27.0718
28.0460
27.8511
27.3207
27.5772
27.9699
28.3584
28.2613
27.0273
27.7524
28.4150
28.0377
26.7755
27.7366
27.0840
26.6566
27.6146
27.9277
26.8367
27.0473
26.8028
27.0270
27.9145
28.3236
27.8356
27.4163
27.7836
28.3987
27.0698
26.4793
26.9426
28.5375
27.0676
27.4303
27.1618
27.2516
26.7652
27.1717
26.8245
27.3944
25.5143
28.0673
26.6329
26.9898
26.5193
26.4663
26.0064
27.8930
27.3366
28.0591
26.5013
27.0497
26.0032
26.7103
26.5165
26.0883
24.5997
25.5693
26.6436
25.8671
25.8437
25.7512
24.8996
25.6634
25.2078
26.8231
25.6305
26.8946
26.8237
27.5057
27.1390
26.8715
28.0013
27.2750
26.2199
28.0557
27.2854
27.3980
27.8766
28.0258
28.2755
27.1454
26.1909
26.5634
27.4585
27.2710
27.6858
27.6103
28.5219
26.4696
27.0974
27.1235
25.4238
24.7758
26.5201
24.8093
27.1969
27.3809
26.0060
26.7513
25.0778
26.0890
26.5159
26.7588
26.7213
27.1150
26.9620
27.2324
26.5648
28.5911
28.4866
28.2868
28.5920
27.9664
27.0746
27.2895
28.0789
27.7305
27.4004
27.7663
27.6519
26.9013
28.6151
27.8862
27.1950
27.6716
28.0238
27.3593
27.4650
27.1995
27.1748
26.6230
27.3649
27.9151
27.0804
26.6025
27.9540
27.5590
27.9710
27.8127
28.3487
28.2630
29.1564
28.1862
28.2067
28.0849
28.0830
27.7212
27.3600
27.3201
28.6972
28.9819
28.0593
28.0459
27.4093
26.5290
27.2066
26.8452
26.6980
26.2142
25.7678
26.2860
27.8675
26.5859
27.8856
28.7371
27.8301
28.3141
27.6395
27.4283
28.2562
26.8034
27.6124
27.3497
26.5529
27.8566
27.4802
26.5178
26.2738
26.8573
27.4018
26.6362
27.9314
26.6825
26.6978
26.2483
26.5786
27.0841
27.3735
27.0772
26.5452
27.2464
27.8032
27.1632
27.2513
27.7584
27.8470
28.1197
27.8560
28.1092
26.9210
27.7960
27.5222
25.9737
27.5137
26.3824
26.7354
27.1288
27.0100
27.4109
26.3385
26.2101
26.6904
27.2888
26.7517
25.3313
26.3574
26.9285
27.3787
26.4390
26.7339
26.1051
26.4881
26.9174
27.0701
27.5334
27.5083
26.5710
26.5586
26.8221
27.0568
26.9950
27.4698
26.8865
27.3842
26.2711
27.2956
27.3509
27.4634
27.5087
27.0097
28.0128
26.8715
25.8438
26.8592
26.8835
26.1273
26.3528
26.5742
26.1373
25.5575
27.2857
27.1323
27.2588
27.1320
26.5354
26.5735
26.0797
26.2933
26.9597
25.8193
26.3803
25.9419
26.1949
26.8683
27.0579
27.0529
27.0348
27.6529
26.3429
24.7918
25.7500
26.3438
26.1971
26.1083
26.7229
26.6697
27.6717
25.9580
26.4281
25.9611
26.3160
27.1264
26.4994
27.8680
27.6569
27.2004
27.8703
27.5247
26.8090
27.3074
27.5657
26.8474
26.8665
28.0142
27.4131
27.1966
27.3419
26.8597
27.3141
27.2609
26.5239
27.0936
26.6835
27.0725
26.9741
26.8256
26.9118
27.1736
27.7398
27.1258
26.6701
26.8715
27.5736
27.0813
26.8017
27.1937
27.5020
26.4691
26.6830
27.1024
27.0168
27.6225
27.1231
26.8202
27.7948
26.6688
27.4571
26.9842
27.4480
26.1257
26.8858
27.2581
27.9837
27.6243
26.9575
26.2142
26.4462
26.7949
27.5987
27.7376
26.6414
27.9162
27.2322
27.7778
25.5887
26.0748
26.8627
26.0249
25.8222
25.5023
25.6250
26.4775
26.0466
27.5045
27.1634
27.5490
27.4923
27.7753
28.1077
29.4890
28.9145
27.6064
28.4485
28.5069
27.1230
28.1626
27.8350
27.0604
26.4185
27.7275
27.4608
28.1189
27.6806
27.7406
26.6269
26.9548
27.8482
27.4796
28.6856
29.5296
27.8424
29.2122
26.8601
28.2700
27.9613
27.7359
28.1877
28.2197
27.7655
28.8126
27.8178
27.7596
28.2655
28.5349
27.7605
29.1971
27.3231
26.9420
28.1740
27.4009
27.3393
28.3953
27.5836
27.7520
28.5981
27.4311
27.6274
26.9338
27.0290
28.3869
26.4116
26.3023
24.6816
24.9222
25.9924
25.1448
25.7411
26.8131
25.9836
26.4493
26.6140
25.0046
26.3071
25.8553
26.3616
26.3200
26.5398
27.2540
27.0741
27.2302
26.5391
26.1057
25.4071
25.7256
25.2742
25.6282
27.4421
25.5800
27.4444
25.8441
24.7886
25.8539
24.0143
23.4330
24.5647
23.3185
23.4555
23.6851
23.2602
23.4934
26.3054
28.3917
26.0707
26.6705
26.1928
27.9724
28.7803
26.1739
27.1693
27.8540
28.1289
27.0606
25.5381
26.2633
26.6431
25.7589
25.6005
25.0721
24.8728
26.3058
25.9576
26.1466
25.4378
26.0134
25.6435
26.3771
28.3962
26.9350
26.5286
25.1471
25.2572
26.2020
27.2266
28.0328
25.4277
25.7562
25.4745
26.8396
25.4507
25.5950
25.8455
27.2395
25.8602
26.1247
26.3393
25.5364
26.9885
26.2347
26.7739
27.3795
27.5646
27.5930
25.9952
26.6609
25.0570
26.3667
27.4957
25.7721
26.2693
26.4459
25.1840
24.5322
26.4064
24.7309
23.4849
24.9824
26.3070
26.9893
26.8674
25.9868
26.1030
24.4224
24.5528
25.5825
25.2665
26.8236
25.2814
25.0091
23.9402
25.5456
24.5879
24.2451
25.7160
25.0158
25.4083
26.1108
25.5247
25.5598
25.5650
26.0322
26.1353
24.5650
24.4101
25.0744
25.9462
25.4168
23.7777
24.7009
24.2662
24.4058
24.9603
24.3526
24.4997
24.0362
23.7011
23.5799
23.9271
24.0693
24.2590
24.3290
24.4439
27.1680
24.9689
24.8908
25.3857
25.4088
25.5579
26.2207
25.8601
27.0753
26.6690
24.6445
26.6493
26.3721
26.5286
25.4939
26.7957
25.3857
24.9345
26.5021
26.1130
25.6009
25.8121
26.3416
25.6987
25.7809
26.7393
25.9805
26.8826
25.7152
25.6548
27.1906
25.8385
26.3649
25.1204
25.4551
25.7574
25.3397
24.3161
25.4747
25.1619
24.5268
25.2592
25.5101
25.1402
25.4241
27.2419
26.3084
26.2476
26.2763
27.5331
26.9430
27.7435
27.8170
27.6355
27.1430
24.9219
24.1449
24.3786
24.3517
24.4655
23.8636
24.5683
24.1090
23.1002
23.7348
23.2081
22.3546
22.4340
23.1603
21.9662
22.0087
23.5284
24.3729
24.3700
24.5521
24.4023
24.2389
24.8613
24.6940
25.0120
24.4787
24.9017
24.4154
24.2931
24.2484
23.6054
23.5917
26.3255
23.9053
24.5611
25.8573
24.7222
24.3989
23.7701
23.4103
22.6355
23.7774
23.6592
25.7585
25.1049
24.7027
25.2970
25.8342
25.7163
26.0502
24.7252
24.0137
24.3158
23.8347
24.2997
24.0214
23.9514
25.3730
24.2333
23.7479
24.2885
23.8014
23.5607
24.6049
24.2583
23.0607
24.1236
23.4462
23.2398
24.6172
25.4633
23.1468
22.8517
23.0933
23.1197
22.1454
23.4886
24.0688
25.1402
24.8262
25.3896
25.1168
25.5704
24.6380
23.6316
24.2020
24.2568
23.8762
23.8492
23.3757
24.4135
22.7633
23.3319
23.3436
24.5742
24.4896
24.3148
24.4344
23.2134
24.8352
23.3577
24.3211
24.5765
25.2608
25.0561
25.6633
24.5884
25.3249
26.0016
25.1083
25.5566
24.8620
24.4758
24.7411
25.4783
25.0570
24.9023
25.2341
25.5323
26.6038
26.2824
27.2097
26.1932
27.2056
27.2484
25.2799
26.8842
26.1049
25.8377
25.7820
25.2480
24.7147
26.0019
25.0228
24.7110
27.3087
27.7587
27.7692
27.5010
29.1943
26.8511
27.0417
28.9861
28.2365
27.2687
28.2603
29.2011
29.9196
28.7277
28.9065
28.4232
26.3948
26.8128
26.5740
27.4244
26.0562
26.7345
27.5579
28.4942
26.5429
26.7339
27.5095
26.6083
26.9960
25.9503
25.9966
26.2459
25.9802
26.4777
25.8258
26.2490
25.5067
26.6857
27.4274
27.7221
26.5065
26.9569
27.8627
27.1051
26.5769
25.8962
26.0351
27.5520
26.9881
27.3946
26.2408
25.8654
24.9097
24.3714
24.4286
25.4769
25.4435
25.7685
30.6684
28.3325
26.0133
27.7824
27.9505
29.4551
29.5234
29.3867
28.2657
28.9246
30.2481
29.9665
30.2294
30.3283
30.5181
31.1240
29.9706
29.8338
29.4784
30.6286
31.3561
28.2050
27.1545
27.1604
27.7352
27.6564
26.2316
26.1730
27.8265
28.8668
27.3484
29.0734
30.3592
29.6667
29.1421
28.8781
29.3815
30.8603
29.4359
29.3853
29.1761
29.1478
29.9531
28.8973
29.2468
29.8950
29.5713
30.1043
28.9140
29.9716
30.7115
31.3358
28.7451
28.6617
27.9223
29.2422
28.6625
28.5083
28.0208
29.7375
28.9069
29.0160
28.8320
28.5531
28.3659
27.9362
28.8266
28.3254
29.4575
28.8228
27.2459
27.7657
28.0468
28.1016
28.0636
31.0095
30.7754
30.8415
28.7926
30.6748
29.3433
31.1340
30.9556
28.6396
27.4430
28.5798
27.9422
28.3491
31.6852
30.6019
31.8096
31.8077
32.3241
32.4607
31.9748
32.3478
29.7177
30.0023
29.5790
30.3936
30.6558
31.5860
31.6178
32.6942
32.8355
31.9536
30.8643
32.6691
31.7231
33.0738
31.2707
32.1767
32.6617
33.8886
33.3943
34.9076
33.5820
33.7362
32.7941
32.4351
32.6192
32.1277
31.4643
32.2107
30.7732
31.9209
32.1105
32.3316
32.4233
31.0988
30.9687
28.2855
31.1031
29.7281
30.7195
31.4866
31.0352
31.2578
31.2266
33.9056
31.4538
31.4973
29.3249
27.9668
28.2034
30.9459
31.1975
29.8955
29.8789
29.7970
30.0155
30.3426
29.3838
30.4199
30.4430
31.5316
33.1171
29.7589
29.6545
29.7281
29.4563
30.6564
28.8229
29.2224
29.9723
29.2579
29.1383
28.5492
29.0478
29.6348
30.6158
31.4757
31.7603
30.4476
31.7725
31.4184
31.2903
30.6024
29.1593
29.1830
29.7188
30.1910
29.8458
29.0774
29.6768
29.0671
28.6607
28.6097
28.1516
28.6267
28.2753
28.4654
29.0131
28.4600
28.1145
29.5664
29.1878
27.9397
28.3247
29.3750
27.8163
27.5467
30.2211
28.1637
28.9755
28.1983
27.7871
28.9433
30.1850
31.3949
30.2311
30.7864
29.8527
31.1869
29.0600
29.4586
31.8307
30.0208
30.4847
29.8756
29.4438
29.6791
27.5959
30.1321
31.8807
30.6420
31.2403
29.4042
31.2840
31.6408
31.1768
30.7062
31.9430
31.2385
29.6202
29.2472
28.7794
28.7089
29.6209
29.6006
28.0759
29.0635
29.3576
28.6847
27.7728
28.6538
29.9096
29.6226
30.4212
29.0637
28.9350
31.1649
29.9668
28.1801
29.9177
31.8937
32.6697
30.5895
32.0827
33.0777
33.1849
30.8852
29.4691
29.0697
29.9664
32.5745
32.9883
31.1804
31.3534
32.3839
31.5994
31.8424
32.3291
32.5335
30.3296
31.8804
32.8983
29.9851
31.7242
33.1919
32.6983
32.2680
32.5977
32.4527
32.1164
31.9569
30.3244
29.8480
31.8310
31.0513
30.5261
31.0201
30.8456
31.2127
32.3873
31.0448
31.2023
31.5937
29.5255
31.8024
30.8484
30.9770
31.8481
31.5706
31.3577
30.9444
31.5950
31.2728
32.5442
31.7590
31.2731
29.7177
29.6643
28.4893
28.1927
27.4567
31.2702
30.8162
31.3010
31.0347
31.0507
30.9781
30.6993
31.5308
32.4717
32.0401
31.7215
31.3916
29.7396
31.1540
30.0121
30.5155
29.5483
31.8467
30.1166
30.4295
30.8716
31.7122
32.7580
31.4562
32.8935
31.2189
31.5747
32.0015
31.3780
31.1619
30.4044
31.0741
30.1980
30.9396
28.4739
29.6689
29.0055
28.8295
29.0373
30.1122
29.5202
31.0866
30.5680
30.8051
30.6358
31.1955
30.6068
30.5981
30.6953
30.0686
31.3585
31.6820
31.1791
30.9742
31.0852
31.5701
33.2624
33.8940
32.8870
34.2569
32.2687
32.6130
31.0101
31.5968
32.2294
31.1324
31.4078
33.2821
31.5678
30.8879
29.9306
32.8305
31.5259
31.5201
31.9981
31.3866
32.5033
33.0971
32.7378
33.3799
33.2602
33.9700
33.0155
33.1672
32.6443
33.3012
32.1593
33.0977
34.8865
34.3663
34.1570
33.5726
32.2416
31.7014
33.0576
33.1251
32.7895
32.5531
32.2771
31.6437
31.8812
31.9689
31.2284
31.0074
30.3182
30.0799
28.4700
30.1088
28.9757
30.4107
29.3834
30.5877
30.1351
31.0794
32.4758
33.2639
33.3241
31.8240
32.3887
32.7994
30.1610
32.2546
30.8693
32.6333
31.5194
32.9184
33.4699
32.5279
32.6226
32.7756
33.5702
33.1008
33.5000
33.3626
32.5447
31.5454
32.1751
32.2085
30.3647
31.7100
32.0301
32.0160
32.8338
32.1009
32.1300
31.1270
31.8733
31.5028
30.3075
30.5588
30.2400
32.6512
32.2558
32.0851
32.0197
33.1112
30.3433
32.2163
30.0700
30.7774
29.9390
30.2721
31.8277
33.0709
32.8599
31.4118
32.1745
32.1925
31.4705
31.2390
32.6516
32.2128
32.7377
32.1447
32.6050
30.4277
30.3683
32.1880
31.6175
31.2955
31.5419
31.7285
30.8215
31.1913
31.5671
31.8812
30.4125
31.2073
31.2882
31.7329
30.7098
30.3548
29.6655
30.6732
29.7722
30.6063
32.4547
32.2589
31.7125
31.5117
32.4383
31.6845
30.6935
33.0780
31.0903
32.0072
33.2877
31.7271
32.3278
31.7640
32.4582
33.8365
34.2402
32.2965
32.9768
32.1663
30.7889
32.4437
32.2050
32.0379
31.9444
29.3357
31.2824
30.5630
32.9865
31.0207
29.3137
30.4123
30.3281
30.8516
29.9782
30.1849
30.8342
32.2212
31.8251
31.5842
32.2170
31.8109
30.7081
29.8288
30.8043
30.8546
29.9756
30.2588
30.4642
29.3665
32.1685
32.4510
30.5322
30.7344
29.0338
29.6559
29.9308
29.7224
29.7449
30.5119
31.1184
33.5203
33.1622
33.9307
32.2489
33.6148
32.8168
32.3418
33.1361
32.0627
29.7877
30.5304
30.0863
30.8774
31.4089
31.5845
32.3986
33.4629
33.8736
33.8235
33.6026
34.0195
33.4626
33.9369
33.8163
35.9856
33.0567
33.6076
32.5377
32.7845
32.7491
33.2581
31.5600
31.8604
33.0244
32.4038
30.6921
32.8853
32.9130
30.7552
32.9328
33.0737
31.0293
31.8964
31.0486
31.1562
31.0244
31.4033
30.5207
30.6466
31.1539
30.8249
30.8760
31.8651
32.3611
31.2792
32.8624
31.4626
31.9222
32.6959
30.5582
31.0127
31.5525
30.2591
32.8607
32.3819
31.9199
31.6640
33.2288
32.4955
32.7487
32.6069
31.5354
31.3363
30.0444
28.5828
30.0633
29.8242
29.9258
28.4165
29.0169
30.1901
30.7713
31.3123
30.7036
29.3754
30.2381
29.4490
28.7746
30.9699
31.9034
29.7088
30.2121
31.1398
31.5409
29.9446
30.1548
29.2317
28.5681
30.3973
32.6618
31.4294
32.1855
32.8833
31.6771
30.7516
31.9194
31.5980
32.7013
33.6123
32.1123
31.5530
32.1525
31.6039
31.0754
31.7056
32.2544
32.0722
32.8013
32.1012
31.1572
31.5878
31.6977
31.4912
29.8341
31.2360
31.8287
31.1004
31.8451
31.8020
31.7691
30.5097
30.8448
32.4359
29.4982
30.2322
30.4647
31.5846
29.5204
28.9926
31.5111
31.3974
31.5800
30.8058
30.8440
32.3357
31.6652
32.0242
32.1802
30.5666
29.3968
29.7422
30.9279
30.6271
31.9926
31.4874
28.8653
32.1836
31.0882
30.4561
31.2946
30.9890
31.1945
32.3984
30.0521
29.0385
30.9765
29.7784
30.3462
29.9870
31.1457
30.2327
29.0445
28.4836
27.0187
26.5198
27.1597
26.7465
29.0888
29.7418
31.0637
29.2627
31.1130
32.3940
30.0974
28.6811
28.3721
26.8129
26.7020
26.5233
27.7454
29.7725
28.9585
30.1601
31.0075
32.0944
31.0871
32.3316
33.4830
32.9290
31.9994
31.7816
31.1566
31.7086
33.8748
32.6007
33.1751
31.5669
30.2844
31.4478
31.8457
31.8396
32.4593
31.5587
32.4984
30.0392
30.4125
31.5858
29.7994
29.1997
29.7183
30.6195
28.8771
29.6123
29.6268
29.7888
28.6762
29.0809
31.4368
30.6793
31.0147
30.5037
28.0729
28.6244
30.1566
29.9855
30.6594
30.9581
31.1785
31.2219
30.2640
30.5025
31.6651
32.8299
31.4518
32.0750
31.7840
31.0022
30.4776
30.2204
30.4482
31.7746
30.2045
31.3075
31.0854
32.3769
31.2996
31.3888
32.0801
31.2307
29.7682
30.3110
30.7129
31.9798
31.1335
31.1934
30.7993
31.4176
33.0771
30.8091
30.9821
30.7520
30.2732
29.8149
30.2953
29.6507
29.9124
31.9854
30.9844
32.6597
31.2539
31.7852
31.9623
30.7125
31.0685
30.5918
31.9470
31.3602
30.9932
31.3277
30.9021
30.6133
29.7658
30.3117
31.6078
31.5360
31.4142
30.8184
31.1522
31.4564
31.3221
31.3693
30.8297
31.2120
30.8179
31.6604
31.7562
31.8631
31.6752
31.3482
31.6987
31.2024
30.9943
31.8780
30.9623
32.2160
31.5319
30.9081
30.9651
32.2543
31.8501
31.7827
31.4031
32.1198
32.3815
32.3948
30.8189
31.0950
31.4580
31.7229
30.8867
31.5329
31.5747
30.3367
31.0705
31.0514
31.5039
32.2814
30.4802
32.4675
31.4424
29.7510
31.2255
31.4159
30.7453
29.9103
29.9703
31.1993
30.4751
30.8174
31.0367
30.0371
30.0787
30.8500
31.8252
30.7356
29.7148
31.1713
30.8165
29.9033
30.5393
30.6935
30.7806
30.0554
31.4132
29.3175
28.7096
29.9050
31.2286
30.8311
29.6211
29.6920
30.0590
30.7269
30.7496
30.4327
31.6986
30.2250
29.9432
29.6551
30.3621
30.6711
30.7606
30.5788
30.5883
31.3489
31.0214
29.7726
30.7534
31.9526
31.6562
31.4777
28.6578
29.8409
28.3721
31.6286
30.9687
31.2820
30.8555
30.0819
31.1370
31.6884
31.3374
32.2713
31.5443
31.1723
31.8766
32.2501
30.8172
28.8382
30.2830
31.4634
28.5347
30.1782
28.4154
29.5358
29.3446
28.6527
29.4641
29.1654
29.6347
29.1683
30.0401
29.6043
31.0292
31.4926
29.0835
30.3673
28.4005
30.3526
29.2534
28.6460
29.8961
31.2768
32.1446
31.3603
30.8456
31.6700
29.8842
29.9187
30.2859
31.1700
31.0865
30.9585
29.4446
28.8284
28.3291
27.8751
27.5131
28.3710
28.9176
28.9677
29.3596
28.5312
30.3075
28.2474
29.8500
31.7467
30.0598
30.5867
30.8159
32.2504
32.4406
32.4499
32.3559
33.5207
31.4571
33.2844
31.0310
29.8601
31.5472
31.6189
31.8659
32.6886
31.2780
32.1201
31.2374
29.9705
30.3831
30.5085
32.5097
30.2449
31.1093
31.5473
31.5159
30.5427
30.4043
30.8423
29.4816
30.0599
29.8355
29.4499
28.9015
31.3477
30.4268
31.0460
31.9816
31.0777
30.3886
30.6056
32.0630
31.0555
31.6366
32.7396
30.8016
30.4104
32.4267
32.1434
31.3953
32.5415
31.4122
30.6842
31.1866
31.5751
31.7302
32.7263
32.7606
32.8792
29.8508
29.4645
29.6930
31.2939
30.3326
31.4292
31.1089
31.1606
31.8136
31.6427
31.8687
30.5808
30.7971
30.1236
31.6872
30.6542
32.1906
30.8603
32.3030
32.6728
32.6133
32.0807
32.3910
31.9549
31.6036
34.0472
33.7800
32.6189
31.2558
32.4690
30.8921
30.6604
31.1244
31.3365
30.7004
31.4512
30.9226
30.9622
30.9460
32.6827
30.9664
31.6566
31.9796
32.1820
30.9843
32.2875
30.8031
31.8662
31.3855
30.0892
32.1491
33.0675
32.5844
31.8206
32.6246
31.9139
32.3200
32.6585
32.8871
30.9606
31.2176
31.1190
30.2304
30.8149
32.0436
31.7793
32.6244
30.9808
32.5111
32.1384
33.0208
32.8660
31.6056
32.4146
31.9531
32.8852
32.3699
34.0836
33.2499
32.2289
32.3554
31.4397
30.9705
32.5542
33.6553
32.1963
33.1308
33.2061
31.9840
33.4374
30.7038
31.8374
32.0756
30.9881
