24.7334
25.0181
22.5660
22.9688
22.7749
22.7029
22.5155
24.1466
24.8025
25.1130
24.4938
24.4890
23.2069
23.5388
22.4917
24.1396
23.2993
25.0370
24.2558
23.4948
22.8705
22.9768
23.3147
23.6195
23.6670
23.9403
23.5123
23.6562
23.9393
23.7940
23.9852
22.6083
22.6705
23.1665
22.7870
23.1797
22.6127
23.5252
23.4462
23.1605
23.3997
23.8400
22.3324
24.7861
24.1554
23.4619
22.8543
25.2528
25.0468
26.5550
23.9772
25.8922
23.1698
23.1447
24.2404
23.7131
24.3979
23.9259
24.4174
22.9634
25.5851
26.3436
25.4414
25.6848
24.6822
24.9786
24.3240
25.0081
25.1114
24.1961
23.5201
24.4248
24.0786
24.5744
23.8815
24.5883
24.3205
24.7654
26.7775
26.2508
26.3600
26.0551
26.8564
25.6622
23.8653
23.8731
23.8022
24.0165
24.4639
24.7925
24.1972
24.1111
23.2399
23.4207
22.7742
23.5075
23.9272
25.2802
24.4262
25.0652
25.3015
24.1797
24.5285
24.2827
24.5451
24.1380
24.4201
23.9745
25.3065
24.0252
24.4517
25.8533
25.4799
24.7225
24.4153
23.7049
24.5343
25.1797
24.5713
24.3716
23.7558
24.4395
25.1110
23.7313
23.3548
24.1098
23.7950
24.5927
24.3873
23.6964
24.8533
24.4087
26.4851
24.3982
24.0168
24.5466
24.6848
25.3324
24.5505
24.6321
24.6261
24.0868
24.2398
23.9770
24.7074
25.3592
23.7761
24.2734
24.0381
25.7886
24.9070
25.9188
25.0442
26.6301
26.0534
24.7642
23.9829
25.7513
25.1992
24.2013
24.0168
23.8820
24.8838
24.6494
24.7940
24.7196
24.1989
24.8425
25.1768
25.5695
24.9418
25.8698
25.0459
25.4506
24.7322
25.1579
25.1515
24.9369
24.9235
25.8461
26.7458
26.1566
26.4147
26.5853
26.3392
26.1216
26.7768
26.0445
25.6870
24.4710
24.6741
23.9621
26.1924
26.6231
25.4302
24.7037
24.9975
24.3613
24.5818
24.3435
24.1291
25.8848
25.6257
25.0941
25.3175
24.7858
25.0817
25.2800
26.1424
26.7352
25.5995
25.1027
24.4576
24.3003
25.1799
23.7454
24.5889
24.0592
24.6013
22.8569
25.8881
24.0284
24.4090
23.6121
24.8507
25.6520
25.9806
25.2974
25.1232
26.4657
26.7986
22.8696
23.7359
23.9736
23.4275
23.4899
23.8514
24.8228
25.1210
22.8336
23.3557
24.3160
23.7419
23.9451
23.6392
24.6073
23.6379
23.3658
24.4159
24.4627
24.4919
25.1247
25.5238
24.0746
24.2959
23.5436
24.3916
23.6408
24.1195
23.7834
24.3627
24.8306
24.3340
23.9928
24.0272
22.8473
24.0697
23.1440
23.8570
23.1079
23.7488
23.4297
24.3891
23.6515
24.2610
24.5928
23.8417
24.4460
23.5149
24.1368
24.2053
23.4550
25.3497
23.8381
24.5598
24.3078
24.5479
24.4239
24.6013
24.4146
23.6092
24.1057
25.4245
23.8441
24.2470
24.7594
25.0216
25.5035
24.6089
25.0513
24.8604
24.9312
25.1834
24.5621
24.9323
25.9723
26.9315
27.1792
26.2451
28.3964
26.9656
26.8581
26.1236
25.2637
25.9374
26.0329
26.7513
26.0933
27.2426
27.2316
26.3872
27.8340
25.6217
25.9491
26.1837
26.1871
27.0109
27.1215
26.7138
26.1194
26.1041
26.7985
28.6316
28.2192
27.0786
28.0170
27.5981
27.8256
28.1296
27.5717
26.5957
27.2809
29.3213
29.8047
30.3580
28.8227
29.1534
29.6214
28.5894
28.9976
29.1951
29.7812
29.7718
29.5209
31.8789
32.1687
32.5483
31.1743
32.1851
32.2924
34.9541
32.4589
31.4912
32.8199
31.3774
32.3670
31.9331
32.1046
33.4450
31.2240
31.0834
29.6010
29.3681
30.9764
30.0600
28.9496
30.8839
31.3156
29.6388
29.4123
30.4786
31.2068
29.8178
31.3125
31.3130
30.2041
30.9604
30.2621
30.1231
30.4223
30.9713
30.2352
29.0232
31.0758
30.2474
30.4715
30.1978
30.4024
29.8217
29.4143
29.1820
30.8157
31.2865
32.3374
31.3992
32.4933
32.1830
31.7932
32.1123
32.0031
31.0359
32.5911
32.8303
30.8398
29.7081
29.9633
30.4684
32.0025
32.9445
30.5478
33.1554
29.5411
31.4454
29.1636
29.5816
30.7288
31.2027
29.3640
29.5695
28.4961
27.4828
28.0521
28.6442
30.5467
27.2501
28.8543
30.7695
29.4884
30.6790
29.5021
27.9322
28.0065
27.0069
28.3840
28.8391
29.4035
29.6863
28.3067
29.3868
29.0181
28.1367
27.9593
26.5900
26.7886
28.0453
28.7294
29.7848
28.9065
28.9017
29.3222
28.0777
28.0700
28.8156
27.0735
26.9809
27.4049
26.4387
26.3138
26.5192
26.7663
26.6317
26.2951
28.1360
27.4756
26.2438
28.9234
29.0444
29.8393
29.7968
30.1211
30.8461
29.8289
29.4807
29.6781
30.9559
31.0944
29.0722
31.9023
30.7241
30.1709
30.9852
31.2607
29.0056
29.0232
30.6547
30.3175
27.9664
28.0550
29.0432
28.8655
28.1507
26.7939
28.4009
27.1782
27.5569
27.1847
25.8891
26.0596
26.6062
26.0666
26.9534
26.9543
26.9308
27.1649
26.5900
26.6505
26.9171
27.2393
27.1060
26.5890
27.2467
27.2944
26.0268
26.4502
26.3810
27.4012
28.7865
27.4728
27.1694
27.9062
28.0107
28.7375
27.5963
27.9223
27.8496
28.5100
26.9696
26.4575
27.0639
25.2515
25.9149
24.6046
24.9996
23.7704
27.1544
24.9199
24.6229
26.9950
27.5455
27.9223
25.1088
25.7615
27.1448
26.3922
27.7831
25.7139
26.5627
26.6252
24.7326
23.3008
23.7143
23.2028
23.7641
22.7144
22.8664
23.0236
21.7543
22.0707
23.3482
24.0539
24.2070
23.8150
24.9131
27.1784
24.4902
25.0333
24.9224
25.3683
24.0422
24.3441
24.3039
24.9257
23.8791
23.3753
23.7913
24.7620
23.7317
24.4455
23.9549
23.9112
24.4456
24.2669
25.3805
24.6556
25.0533
24.4493
24.8653
25.7778
24.8376
24.6014
24.4245
24.8599
25.1768
25.2005
24.2514
24.5611
24.6384
23.7520
23.6784
23.0108
24.7829
24.6998
24.4111
25.0936
24.0390
24.2839
24.1414
23.7947
24.4329
24.6938
25.5326
25.9518
24.2957
25.0403
26.1687
26.2438
26.1102
26.2982
27.1367
27.5791
26.9616
29.0996
27.8087
26.5019
26.9068
27.8586
27.5051
27.3099
27.4384
27.4940
26.6951
28.7418
27.1239
27.2571
27.1231
28.6917
27.6950
28.2160
28.0286
27.3870
26.2790
24.3686
24.8682
24.7723
26.3357
26.0582
26.2408
26.3643
26.3070
26.6095
26.2092
26.1367
26.4292
26.6482
26.0979
25.4367
25.6030
25.3322
24.5572
26.3960
27.8676
25.6983
25.7894
25.7599
28.2748
26.3442
26.1138
25.6243
25.5872
26.1978
25.7453
27.2939
25.8714
25.9473
24.6092
25.3865
25.2231
25.7872
25.9642
25.3809
25.1200
26.2168
25.6791
25.4562
25.4903
25.2459
25.6340
25.5125
25.3658
24.4467
25.0010
25.2398
25.6486
25.2576
25.4397
25.5943
25.5613
25.4390
25.4676
26.1658
24.8896
25.5038
25.8692
24.8317
26.6899
25.2928
25.1872
25.1425
23.9079
25.2760
25.6872
24.9348
24.2692
24.0676
24.9559
24.7150
23.9256
24.0435
25.0746
24.9060
24.2688
25.3306
24.1729
24.6751
24.4942
25.2171
25.3709
24.5839
25.0534
25.2643
25.4656
25.9388
24.6856
25.4383
24.4843
24.1894
25.2391
24.7136
25.1846
24.8011
25.8303
25.2674
24.4505
25.6219
24.8936
25.0119
25.1706
25.3016
24.9556
25.8232
25.4746
24.1587
25.1080
26.0511
25.5396
24.6099
24.6139
25.8847
26.2486
24.5240
26.4829
25.7096
27.1473
27.0334
25.3334
26.2454
25.9804
25.4263
27.0775
26.9022
26.3168
26.5812
27.4108
27.6192
26.1306
26.3251
25.2498
25.5496
25.5294
25.4613
25.5290
27.2403
26.3429
26.0536
25.5501
26.2127
26.6050
26.2576
26.4925
26.7640
25.6905
26.0235
26.9658
26.2078
25.8411
25.9867
25.6374
26.9748
26.5050
26.9609
24.3636
26.0217
26.3026
27.1623
26.4857
25.9803
26.0742
26.3548
25.9645
25.0134
25.3411
25.8694
25.5803
26.2451
26.3150
26.4507
25.7067
25.9986
26.3506
24.9065
24.0670
23.7224
24.6924
24.5477
24.2912
24.6372
24.8402
24.2855
25.3117
24.7049
25.1602
24.4631
24.5274
23.4265
24.7443
25.1247
24.8346
25.2412
24.8211
24.3553
24.4310
24.3977
24.3870
25.5455
25.4995
24.7466
26.2171
24.4262
26.0634
26.5306
27.2406
26.6124
26.9836
25.5863
25.5969
25.7841
26.5839
25.6779
27.2900
27.0256
27.4026
27.8693
28.1389
26.8037
26.1353
27.9384
26.7400
28.6235
28.4315
28.3601
26.2853
26.1433
26.1732
24.9307
25.7289
25.9352
26.9490
27.9918
27.2974
27.7992
25.8540
26.1850
27.6142
27.5782
26.0270
26.8364
27.7036
26.9003
26.6051
26.7526
26.6060
25.7094
27.3214
26.8953
26.3185
27.0153
25.4484
25.7159
26.8947
26.6401
27.2648
27.2928
26.3159
26.7626
26.8220
26.4118
26.4003
26.7560
26.6115
26.8421
26.7668
26.1907
26.6144
25.9742
26.1409
26.5638
26.7471
26.2320
27.2848
26.2020
25.5298
25.3247
26.0336
26.2434
26.7658
26.3184
26.4864
25.9367
26.2659
26.5091
26.6714
26.2691
26.8719
25.1839
26.2258
26.2219
26.2297
26.0561
25.8281
26.0622
26.1363
25.9263
25.4053
26.0913
25.9014
26.0237
25.4150
25.8636
26.3478
26.5504
25.5206
26.4491
25.7464
26.3966
26.1338
25.6020
24.8675
25.1408
26.0032
25.5744
24.4465
26.8623
25.6215
26.0708
26.0338
25.8687
26.1106
26.1000
26.6005
25.9245
25.5097
25.3255
25.7232
24.8102
26.2208
25.8797
25.0402
25.2979
25.0772
25.6025
26.4005
26.2692
25.7250
25.8499
25.6124
26.0316
26.3396
25.4223
27.6319
26.7610
27.0644
26.5759
26.9737
27.2394
26.7088
27.7340
27.8086
26.6753
27.7450
26.6562
27.7108
26.6042
27.3468
26.5374
26.5800
26.8077
28.1532
28.7569
28.3591
29.7454
29.4366
29.1350
28.0008
29.7654
29.5856
29.3295
28.8530
29.3935
30.2181
28.4594
28.3844
29.2933
30.1687
29.3584
29.5327
29.6388
29.8287
28.6053
30.8524
30.0785
32.2582
32.3648
32.0215
29.9321
31.0608
29.5151
28.1175
28.2589
29.1731
28.1269
28.4303
28.8294
27.7110
27.0338
27.4255
29.0016
29.8717
27.0543
27.5248
27.9200
27.4530
28.0286
30.4692
30.1815
30.6969
30.9395
29.9472
29.3297
31.3852
28.6331
29.4204
28.6990
29.6199
28.3488
28.6052
25.3697
27.2838
25.9979
25.8935
27.9621
26.9995
27.5501
29.8041
27.3994
28.5738
27.1730
30.0054
29.4301
29.3121
31.2427
29.4690
28.3735
29.7403
29.9126
30.4670
29.8679
31.1438
30.8127
29.4241
29.1354
29.0618
27.6913
29.4804
29.2187
28.0291
28.8532
29.2326
28.0656
29.9010
30.3259
29.3683
29.3184
28.6497
30.4204
29.0671
29.6531
29.3031
29.7245
29.3534
29.5996
29.8665
29.1543
30.3522
30.8998
31.2490
31.8647
31.1958
30.9391
31.3665
28.7999
28.3030
28.2598
27.7497
28.6840
27.1830
28.7406
29.6750
28.7050
27.7481
28.4697
30.2077
28.2538
27.6342
27.3927
27.3751
28.5496
28.2857
28.3490
30.8977
32.3453
30.0502
30.3064
31.1785
30.2168
29.9975
29.4072
30.8185
29.2747
29.2534
29.6561
28.4653
29.1314
31.2327
30.7648
30.5570
30.7467
29.8580
30.7753
29.3707
30.2815
30.1855
29.7052
30.0482
29.6004
29.7128
28.6469
30.0562
29.7910
29.2146
29.1040
28.3820
31.4890
31.3312
32.0051
31.2039
32.8026
32.1924
33.0323
32.5905
31.7309
30.5643
28.6853
28.9328
30.6742
30.4403
31.1407
31.0227
32.3019
30.0551
28.7972
31.6462
29.0949
29.3337
27.5603
27.9974
28.9645
29.2679
32.3324
31.8114
29.9394
30.4799
29.8975
28.9969
30.0132
31.5048
31.8838
30.9481
32.8943
31.1762
32.6422
32.3199
31.0501
31.5147
30.9412
31.8862
30.5036
30.9036
30.8355
31.1482
29.8155
29.9524
30.4148
30.5222
27.2643
27.9162
29.7496
27.1876
29.7894
30.8943
31.3373
30.9447
30.7577
32.0906
28.8197
29.6734
29.4477
29.4797
31.4802
32.1052
30.7814
30.0582
28.6036
29.7727
29.5054
32.4039
32.3056
31.3405
29.0723
29.2122
31.8981
29.0334
30.3835
29.2852
29.4981
30.7653
29.0638
31.1140
32.6483
31.1966
30.6324
31.6938
32.0221
32.0289
32.6654
31.6601
29.8449
31.6269
30.7128
31.6164
31.2704
31.7666
30.1239
30.2853
31.1834
30.3472
31.4297
33.3702
31.4351
30.8715
29.6497
32.2236
30.8665
33.2485
31.7190
31.5463
30.9735
33.0869
30.3829
33.5111
29.3450
29.0666
28.4701
31.2148
29.9178
30.8635
30.0406
29.6450
32.0932
31.5593
30.6527
29.6465
32.0593
29.9807
30.9260
29.0749
29.1226
28.8117
30.8019
30.2138
29.9126
30.3359
29.1277
30.2326
31.0794
31.3580
31.3737
31.4266
30.6912
32.0008
31.0501
32.2117
29.8105
30.1267
29.8185
30.6008
30.2598
29.0583
31.5341
29.7213
30.1062
30.8118
30.6257
29.5741
30.9744
29.7715
31.7612
30.2986
31.6708
32.8439
31.2306
32.6224
32.7542
29.2461
32.4137
32.3965
29.8820
28.0838
29.8451
29.8511
29.5856
30.1176
29.7647
28.2234
31.0292
31.7866
33.4535
30.6794
29.2819
29.6275
31.3955
30.1307
30.5558
29.1092
29.2219
31.2264
29.2015
29.6827
29.5776
29.5850
29.5586
29.2902
29.4003
29.6606
29.5428
30.0910
30.1636
27.0695
27.6872
29.9589
29.5172
27.4814
28.9386
27.5589
30.4128
29.9345
28.6868
27.6970
27.1317
28.0579
27.4230
27.2462
27.1049
28.5259
27.9661
27.8528
27.9073
25.9042
27.4010
27.4118
27.3144
27.0483
26.5356
27.5444
27.7189
27.4761
27.5107
26.9197
27.6989
27.4493
26.1255
27.1649
26.8669
27.9689
28.8043
27.5576
27.6829
27.4174
28.1570
26.7644
27.7607
26.9699
26.8835
27.3282
28.0926
27.7553
27.7791
28.5923
29.0545
26.9944
28.3474
27.7974
28.9383
29.5236
27.5036
27.9753
27.4766
28.0113
27.8188
28.7815
27.3134
26.5242
27.0566
28.2345
29.6962
30.3777
28.6126
26.9147
27.2530
27.6142
28.3338
27.5245
28.3578
29.1945
28.4997
28.3713
27.3051
30.0111
28.5237
27.6301
28.9459
26.4242
25.8591
26.7076
27.2902
26.7112
26.9844
26.0056
27.0514
28.0594
28.9668
28.5566
29.1740
28.7441
28.3522
27.1264
26.6352
25.5750
26.9462
27.3128
26.4842
27.8016
26.3879
27.5084
27.2303
28.1753
30.1279
27.7234
28.2564
27.0056
28.5543
28.3322
27.5025
27.2456
26.1352
27.2877
26.9099
28.1640
28.9908
27.0819
27.0413
25.9020
26.5126
27.5410
27.6650
27.6926
27.7070
28.8417
27.7933
26.6611
28.8557
25.9496
26.8169
28.1337
28.0294
28.3945
26.7320
28.1542
27.6974
27.4711
28.1798
28.6880
25.2695
27.2517
27.1377
27.4718
27.3574
28.8015
29.0038
29.1548
29.1443
28.0156
27.3375
28.7474
29.3675
28.6259
28.3426
29.0036
31.4948
29.4752
31.4668
29.6017
32.0445
30.9191
30.8135
31.0985
31.6545
30.9862
31.2921
30.9986
30.5191
27.9065
26.5825
28.2486
28.2854
27.6256
28.5284
29.4158
29.7219
30.9145
29.5048
28.7663
29.2927
27.9683
29.2868
28.5033
27.7995
30.1009
30.0913
31.5078
31.3628
28.8149
30.7963
30.4603
28.8663
26.7867
27.6625
28.6979
28.3371
28.8490
26.8580
29.4276
29.9942
30.5051
28.6274
31.8639
30.6299
29.5411
28.8325
28.1673
27.9038
27.7077
28.9578
28.6025
28.1263
30.6766
31.6061
30.0573
29.5043
28.6616
27.7079
29.1689
30.0846
27.5823
28.5146
28.5592
28.7077
29.4767
27.6182
28.7870
28.2969
27.7366
28.1898
28.3970
28.0210
29.3744
29.0500
30.7958
29.1463
30.1270
29.2511
29.3116
28.8611
28.1798
27.3975
26.2336
27.3026
27.0776
26.3143
29.1137
28.9651
28.6086
27.4806
28.9435
29.4478
29.7810
28.0466
30.2587
31.6077
30.7556
29.1425
29.1578
28.9083
30.5663
31.5442
30.5363
29.7640
29.4699
27.6705
28.7111
29.8470
32.3836
28.0512
28.4252
28.4596
27.9297
28.7205
31.4039
31.3297
29.7950
29.6522
30.4785
27.7237
29.3114
29.9630
28.8118
29.2415
27.8071
28.8234
27.9177
26.0057
30.1378
30.8889
29.8048
30.5913
30.4177
29.7545
30.8389
30.7482
30.7732
30.6456
29.5224
29.9104
31.1978
31.0836
28.2557
30.0298
29.9690
29.6787
30.9228
32.3068
30.3586
31.0243
31.3028
28.9367
30.4300
29.0780
29.5292
28.6944
26.7853
29.3346
27.0852
28.1110
27.4153
27.8318
30.0537
30.3939
29.0227
27.8079
29.6264
27.5196
25.7970
27.9623
29.0195
29.3467
29.4973
28.7476
29.3457
29.8184
31.2052
29.5503
28.8819
27.6679
29.3578
29.2644
28.5209
28.9686
30.3712
28.0137
28.8464
27.7050
28.1786
27.4265
27.4245
26.6816
29.4570
30.3000
31.9683
32.0748
30.0340
30.9774
32.2469
32.1282
30.7486
31.7509
31.7908
29.9908
29.1418
31.3963
29.2197
27.9717
27.4795
25.8890
27.8386
29.1616
28.7210
28.0008
30.3255
30.5681
29.6195
28.3256
28.1946
26.8644
30.4472
27.3884
29.2582
28.6962
28.0493
30.4865
30.8652
29.8783
29.6565
30.0346
29.1102
29.0666
29.6939
30.4785
29.3661
29.2223
29.4778
30.6046
30.6564
29.1003
27.6583
27.9575
25.7592
26.1086
27.0247
26.9933
27.4095
27.7549
28.2710
26.4712
27.2005
28.8965
27.9758
28.1185
29.9549
29.0892
30.5969
26.7611
26.8648
27.9554
29.6117
29.1824
28.7532
30.3911
28.7692
27.1005
27.3837
29.7552
29.8273
27.7012
28.7923
27.6526
27.9241
28.3604
28.8814
28.3635
27.7817
27.8331
29.6738
29.9420
30.1795
27.9352
28.3935
27.8555
28.3100
27.4722
27.7171
27.0542
28.4316
28.0294
29.0847
31.4153
30.8060
28.9169
26.9063
31.4802
32.0710
31.1982
31.0920
30.2419
29.0666
29.0193
29.0486
31.8221
30.8197
30.9577
29.4688
27.4202
28.0373
25.5222
26.7128
26.6217
26.7080
25.3017
26.0528
26.0234
26.3565
26.4115
26.5022
27.5229
27.0752
25.8966
25.1502
26.4161
27.3535
26.6053
27.5266
27.0982
26.3872
26.9968
27.6159
26.2501
26.2123
26.7051
26.3898
26.2153
26.3629
25.6392
26.9002
26.5613
26.9583
26.7087
26.5259
26.7261
27.7458
28.4297
27.2022
28.0619
26.9703
26.5454
26.1297
27.8496
26.7415
27.3616
27.7674
27.8118
28.2276
28.0062
29.5173
27.5489
27.8580
28.4957
28.6551
28.3581
28.4442
27.9719
26.8534
27.7531
29.3606
28.9818
28.3664
30.3580
30.2761
28.3796
29.2545
31.4835
31.2301
30.0926
31.7617
30.8640
29.6108
30.4982
28.5611
28.3067
29.7530
29.8614
29.8327
28.6256
29.3819
29.4242
28.3570
28.6953
29.8196
30.4106
28.0431
28.1601
29.4428
30.5835
31.1635
29.8107
29.1739
30.6675
29.8477
28.6105
28.3684
28.6866
28.2241
29.8581
28.8062
29.1421
29.3088
30.8148
30.9103
30.4896
29.6810
29.9570
29.5469
30.7213
28.8693
29.9262
30.7214
29.8973
28.7680
28.7343
27.7783
29.2929
27.1811
29.7105
29.7724
28.8478
30.3351
29.8828
29.3120
28.8761
29.3382
28.0774
29.0279
28.3081
27.6758
28.7905
28.3010
27.4406
27.8247
27.7491
27.1933
28.5342
27.2485
27.7161
27.4641
28.7060
30.8739
28.5419
29.2159
28.7700
29.5203
28.0744
28.4827
26.5711
26.8104
26.9618
27.0943
27.5230
27.0813
28.5133
29.1500
28.8899
27.6758
26.5248
25.9174
28.3053
28.2383
28.7781
27.9983
28.0886
28.5486
28.1715
30.5129
29.0464
29.8456
31.3572
31.6647
31.0913
29.7227
29.0831
30.6805
33.2988
31.1880
30.2358
29.7067
29.2920
29.8791
31.4849
29.4985
33.0485
30.1681
29.8024
30.2297
29.2183
29.3689
28.8858
29.6063
27.6174
29.0268
28.6354
29.3733
29.6553
30.5602
30.5339
30.8514
30.0917
28.4046
28.7955
30.8682
29.3034
30.8333
28.3192
28.4435
29.3572
29.7939
29.7126
27.4345
28.3383
27.7942
29.7024
27.7856
27.8652
27.5826
28.3469
28.8992
28.9483
28.1934
29.1172
29.0872
28.6717
27.5740
28.5438
27.9221
27.2539
31.4054
28.3021
27.8843
32.4548
31.1894
30.9259
31.1996
29.9930
30.2541
30.5437
30.3401
29.2750
28.9510
28.9594
29.2458
30.8497
31.5430
31.4085
29.5897
30.0457
31.6533
30.1082
30.3998
30.6858
30.7440
30.9375
31.3382
30.0211
29.2621
29.4400
31.0058
30.3169
31.2830
29.9181
29.1555
28.9389
27.7676
27.4934
28.2981
28.9663
29.2959
29.4563
29.7683
30.4700
29.9056
30.3867
31.0967
31.0111
31.4269
28.6747
29.0296
28.1188
29.0631
28.3484
29.3055
28.0298
28.5804
30.2048
28.0340
28.4978
29.0268
28.5969
29.6314
29.6373
30.4872
30.1364
29.9964
29.8554
28.2291
28.2133
29.5907
29.4368
29.8508
30.1610
29.5538
29.2990
29.6505
27.7900
27.9425
27.2526
26.8982
27.7433
28.0449
28.2492
28.3858
27.8486
27.5927
28.5834
28.3988
28.8542
27.4347
27.9090
28.3417
28.4665
27.1962
27.4780
28.5621
27.4586
25.8927
27.4988
27.5442
27.5692
28.2958
26.5045
27.1259
27.8599
28.8907
27.5305
27.7112
27.7973
28.7998
29.8462
29.3020
28.1803
27.6170
28.4365
27.5628
27.0686
27.7169
26.8891
27.6684
26.7908
27.9129
27.0860
27.2732
27.1987
27.5222
27.4327
27.6305
26.9105
28.9301
29.2007
27.9638
29.1319
27.7598
26.9638
27.5929
26.9298
29.2872
27.4418
27.4241
27.8005
27.8426
27.3346
27.4223
27.8997
28.2535
28.1609
28.0246
28.1833
28.7394
27.5560
28.0312
28.0568
28.1435
28.7522
27.9965
29.2100
27.8647
28.7366
27.6925
28.1808
29.8306
30.4944
28.0195
29.0797
27.8714
26.8446
27.2183
26.9308
27.5592
28.0637
27.2721
27.6345
27.2969
28.1992
29.6534
27.8416
27.6602
27.7426
27.5437
27.8045
27.5552
26.8190
27.5040
27.2929
27.5382
27.1692
27.3177
26.5748
27.7149
27.3221
27.5516
28.1397
28.1892
28.2841
27.6378
27.1925
27.4801
27.6622
27.6454
28.0188
28.3260
27.7188
27.9139
27.8877
27.2348
26.9568
26.7268
27.6313
27.0699
28.2158
27.6643
27.5775
26.6261
26.0899
25.8209
27.2614
26.7628
27.5075
27.1500
27.8394
27.5268
28.6803
28.1648
28.9993
28.2807
30.3635
28.6753
27.6937
29.4638
28.8831
29.6907
30.2391
29.9948
29.0967
29.7804
28.4075
27.9492
29.9715
29.1419
29.1715
30.3026
30.2133
30.2714
28.8420
30.4411
28.8416
30.5569
30.7786
30.3941
29.9394
30.0201
29.8283
29.7277
31.4727
31.5256
31.1284
30.4840
29.7897
31.1345
30.2108
31.6857
30.5459
29.9610
29.8813
29.7335
30.4811
30.7966
28.3800
29.8067
30.3284
29.3755
28.6450
29.9780
29.7928
29.5694
27.8506
29.4696
30.2191
30.6149
29.3104
30.2489
29.9812
29.0905
30.1250
29.3996
29.7153
27.8886
29.2445
29.8518
29.9331
29.9044
28.5562
28.7292
28.6094
28.5665
28.3830
28.7948
27.7366
28.5677
27.8532
28.8842
30.8564
28.7247
29.7547
29.8586
29.1313
30.0074
30.4051
28.2546
29.2988
29.5516
29.0207
28.3222
28.2465
29.4167
29.3347
28.1927
27.3242
28.8682
28.4066
28.2143
28.1911
28.4965
31.2499
30.7284
28.6658
29.3118
28.9572
29.7807
29.1016
28.6772
29.2660
28.1207
28.8317
29.0380
28.1239
27.4394
28.3507
27.5929
27.7708
26.6573
28.3508
27.1551
27.3819
27.9715
28.3533
27.2009
28.5435
29.7641
29.4083
29.6554
29.4430
28.3978
27.7965
28.2146
26.2479
27.3738
26.7835
26.8176
28.3001
26.9117
27.2301
27.2902
28.0483
28.7886
26.8623
26.5988
27.1326
26.7041
26.5823
26.7109
27.4825
25.5368
27.7867
26.7984
27.7808
27.8409
28.8275
28.4678
27.4496
27.9425
28.4427
29.7409
29.1972
28.3762
27.2759
28.2481
28.2340
27.9627
25.5601
27.1657
25.8261
26.3779
25.5653
27.8827
28.4224
27.0248
27.4449
27.5729
27.8835
26.0537
27.6673
26.9337
27.9640
26.6520
27.7713
27.6064
28.5234
29.8832
30.2549
29.4516
28.3750
29.1102
29.4886
28.7260
29.0527
29.5535
27.5228
28.1656
28.1570
29.2593
28.3859
30.4988
29.8191
29.6134
29.8470
30.4387
29.5133
28.3818
29.5852
27.8257
29.8218
27.7143
27.9628
29.8824
29.7161
28.8255
27.7346
27.9071
27.1492
28.6036
27.2813
27.9867
28.0970
27.6302
28.9038
28.5777
26.9331
29.0006
28.8798
28.2167
28.1498
28.2636
28.1632
28.0913
28.4474
28.1767
28.1317
28.7229
29.9412
28.2425
28.9726
29.2312
29.6837
31.0680
29.5568
30.2616
29.8694
30.7747
30.1980
29.6218
29.6223
28.9424
30.0477
30.3278
31.5069
29.4527
30.7222
30.1969
29.8561
31.9260
29.5685
30.5384
28.6719
28.4345
29.2345
28.4176
27.8588
27.6025
26.7945
28.3950
26.8979
29.1915
28.1078
28.8207
28.1769
29.9969
28.4696
28.6468
29.3678
29.3718
29.1514
29.0731
29.3663
29.2471
28.7480
28.8733
27.4728
27.5810
27.1269
28.4485
28.7729
26.9594
28.2318
29.6851
30.0073
29.6358
29.8246
28.4738
28.2068
28.2830
28.4004
29.9013
27.4171
27.7376
27.4304
27.8531
29.2488
29.5207
30.5731
28.9029
30.2996
30.1691
30.5690
27.5916
28.3548
28.5655
27.5885
26.9869
29.8036
28.7633
30.0914
28.8525
30.9791
29.6598
30.6231
28.5746
29.1640
27.9449
28.6522
29.8376
28.6655
29.1548
27.6124
29.4742
28.8121
29.2093
28.7006
29.7721
30.6449
30.8479
30.8072
29.7035
28.6395
30.8587
30.2740
29.4307
30.6031
30.7369
30.1036
31.1417
30.2910
29.9179
30.1062
30.0917
29.2325
28.9170
30.5083
30.2573
30.0855
29.2808
28.8547
30.9016
31.5107
30.9990
30.0199
29.7521
29.1431
30.3169
31.6888
30.9623
30.2340
30.3217
30.3397
30.4458
31.7812
31.2500
30.8134
31.3920
29.2871
29.9128
28.4571
30.1663
28.8033
29.1971
31.1398
31.3821
30.8639
30.6781
29.7592
30.0774
29.4229
31.4384
29.4309
29.5166
28.9046
27.9045
29.7938
30.2918
30.1509
30.0305
29.5400
29.5006
29.2357
29.1456
30.4015
29.4529
28.6620
29.6825
30.7452
30.5473
27.6673
27.8595
29.4479
28.1670
28.3398
28.3206
28.0814
30.8890
29.9129
30.7833
31.3069
31.7033
31.9064
30.9945
30.4385
29.5232
29.6584
30.2959
29.3810
30.0615
29.1442
30.6629
31.1240
29.6825
29.7373
29.9199
29.4670
29.7987
28.6004
28.9495
30.0897
30.0030
30.3455
29.2586
29.8672
30.1705
29.6423
30.4026
29.7547
29.9292
30.0534
30.1501
30.5460
30.6866
30.7107
30.1815
31.0438
30.7930
32.0198
30.3015
28.8866
29.0987
29.3744
29.1647
30.2064
31.1579
29.8483
31.4884
30.9683
28.9638
29.4584
30.7925
30.7237
30.9423
31.3315
31.2062
30.2903
30.4311
30.9438
31.4036
31.2253
32.0506
32.9384
31.9648
32.3458
33.6261
32.9672
32.3843
33.6642
32.9166
31.9116
32.7640
33.4637
33.9301
33.4916
32.3882
33.4151
32.4893
31.6652
32.6170
32.4093
32.3189
31.5433
31.5167
33.9950
33.4396
33.7360
33.5020
33.2575
34.2485
33.6436
34.8985
34.2409
31.5858
34.5844
32.6548
33.3512
31.5447
35.3324
33.7534
33.0888
34.2971
33.1563
32.8387
31.7681
29.4244
30.8070
32.2701
32.8621
32.4099
34.2797
32.8570
34.2598
34.3117
32.5036
31.0554
31.1272
32.2588
31.1435
28.9430
27.4828
28.5517
28.1612
28.5815
28.8407
29.9209
28.0809
28.0400
30.0918
28.7698
29.9724
28.0089
29.3096
28.2025
27.7212
28.6003
27.0249
28.8279
28.3882
31.3147
29.3180
30.5275
30.0900
30.5751
29.9651
29.9505
29.9461
29.4641
29.0049
27.8378
26.7817
27.5854
27.4757
28.4010
28.2712
29.1213
28.7103
27.3329
27.4712
27.4232
26.7035
27.2760
29.1114
31.0910
30.6407
29.0841
28.0101
28.8673
27.7984
28.6927
29.0865
26.8567
26.1958
27.0891
26.5810
26.6925
26.3698
27.2030
25.7969
25.8579
26.2136
26.3173
26.2706
25.8033
26.5052
26.9342
26.5047
26.4466
26.9517
27.6468
26.7631
27.5276
27.8542
26.6229
27.1167
27.4234
26.7924
27.4841
28.6163
26.4110
26.7978
27.5130
29.2181
28.8129
27.9738
30.1071
29.5166
29.6498
30.5643
32.3044
30.8204
29.9888
28.9576
26.7819
28.5209
28.0090
29.8184
30.2937
30.4780
30.5182
32.5449
31.4975
30.2073
30.4366
30.4713
28.8060
28.7776
30.5574
30.6599
29.9862
29.2543
29.0712
27.9676
28.8153
29.7843
29.8535
29.4988
29.5570
28.9023
30.4998
31.5973
28.3129
28.2002
26.4358
26.2300
26.3642
29.2527
29.3729
31.2962
29.7506
28.9732
27.1213
27.4761
26.2645
28.9298
27.5500
27.7166
28.1590
27.9045
27.4437
26.3393
26.5321
29.5883
29.7077
29.0929
29.1009
26.5196
28.2786
29.0957
25.4415
26.3796
25.1813
26.9344
26.1413
27.0618
26.2191
26.4603
25.5107
26.9531
27.3363
27.0330
30.0563
28.9562
30.4889
28.1715
30.1162
30.2076
28.8742
30.0262
28.9369
28.1691
26.9751
29.3276
28.1776
27.3216
27.6354
28.4115
29.6610
28.0413
27.9771
29.5358
26.2989
26.6643
27.6426
29.4154
27.6450
25.4159
26.7226
23.3847
24.5027
24.5134
25.0673
27.5048
27.4220
25.8552
28.4683
27.5299
24.7849
26.2820
25.8122
26.4501
25.9796
25.1446
27.1228
26.6781
30.2850
27.7721
27.2467
28.5523
28.9741
30.2421
30.8046
30.0254
29.1121
31.9836
31.1059
30.3890
29.8349
29.9464
30.5235
30.7140
30.2695
32.4473
32.5711
32.0165
31.4780
32.9045
32.0198
34.5010
33.6010
32.5182
31.5881
31.7477
31.9012
31.8513
30.8356
31.0736
27.4197
27.8210
30.0284
31.7484
31.9371
27.9456
30.1932
29.6901
31.5242
30.7501
34.2209
34.1493
31.4510
32.4183
31.1155
29.6339
29.5760
30.6669
32.4693
29.2231
29.8526
31.3534
29.9628
31.1938
30.2762
33.5418
30.6979
31.5796
32.4728
31.5737
33.9018
31.0590
28.9691
31.0199
26.1587
30.3085
30.0956
29.9862
30.4074
29.8119
30.5722
30.7546
31.8808
30.9312
31.1139
31.6789
27.4634
29.9849
25.6372
26.4243
28.4990
28.1757
31.5296
29.6464
29.5272
29.5235
28.8598
29.5586
29.5031
31.7164
31.8730
31.1462
29.2810
30.0468
30.5738
28.7126
30.7291
30.1814
31.8313
31.6324
31.3462
31.7478
32.1630
31.3824
30.4217
31.5657
31.9142
29.1433
31.1821
30.8267
29.5748
30.2856
29.1031
30.1043
29.0670
28.6700
31.1481
30.9495
33.0109
31.5296
31.3003
31.4948
31.5648
33.7778
30.7431
30.4140
33.7622
30.8431
28.1983
29.9908
29.7981
29.9539
27.5152
28.1501
26.8026
28.9049
28.7271
28.7777
32.6538
32.5876
32.5424
31.2470
30.5201
33.8289
30.0735
30.9573
31.4314
29.2458
27.2651
27.6839
28.1995
27.4289
26.7373
27.0188
26.1576
25.7883
28.6258
28.1158
28.3512
30.4653
31.1899
31.9466
30.6560
30.0734
29.7792
30.9104
28.6413
33.6013
32.1125
29.6530
28.7771
29.9045
31.0435
29.4836
29.9747
30.9045
28.7522
29.6654
29.5708
31.4287
32.0369
30.9435
28.4907
27.8349
27.5434
27.9250
28.5147
30.5738
30.7318
31.9256
28.5166
29.3756
29.3208
29.2633
31.5251
28.3542
28.0023
26.4980
26.9993
27.0939
29.6004
29.4412
27.7353
28.3896
27.4330
27.3520
29.9641
29.2798
28.2288
28.7618
30.9295
29.8907
30.4715
29.9855
29.5661
29.8459
30.2829
31.9647
29.9184
27.4608
29.0905
28.9387
28.7845
28.9942
30.4241
30.0993
30.8094
30.2648
29.9333
27.5372
28.0239
28.9228
28.0804
31.1675
29.9830
31.3416
31.0013
27.5646
28.1031
28.9654
30.4576
30.7292
29.2134
29.3574
27.0919
30.1270
31.0297
30.1243
28.4688
28.7503
26.9677
26.9618
29.0771
28.2428
26.1825
27.2904
28.1199
28.1350
28.7463
28.3519
29.6248
26.0710
27.0870
27.7945
26.8697
28.8482
30.1209
29.2728
27.9528
27.6618
26.5640
25.8679
27.4348
27.0247
26.7822
25.8987
25.1657
24.4068
26.4750
25.8584
25.9819
24.2083
23.5384
24.5979
24.6448
25.1537
24.0843
25.6391
24.6679
24.7439
27.4519
25.0965
25.6950
26.4695
26.3466
26.0398
26.0786
25.4075
27.1970
25.0563
25.6302
25.3829
25.4391
25.1282
25.2940
24.4545
25.7254
26.6772
26.0068
25.1873
26.9967
28.4164
27.9531
27.0352
26.3379
25.0463
27.2977
27.0270
26.8913
27.4354
27.7781
30.5084
29.7732
27.2866
28.2530
27.9227
30.0369
29.2477
29.9497
30.4564
28.7309
26.1840
30.0357
28.0094
29.9161
32.7407
31.9030
27.6605
28.7910
27.7450
27.7182
28.3654
29.6794
28.3328
27.8880
28.9607
30.0477
29.8668
28.4943
29.2441
28.7934
28.5242
28.0597
28.6708
28.3631
29.2026
30.1187
29.0167
29.7459
30.4385
29.6189
28.1811
28.0577
25.7127
26.6882
28.7849
27.4222
29.4164
29.2123
27.7315
29.3790
28.1672
27.8093
28.5227
28.4699
27.9030
28.5710
28.0409
27.8395
28.3322
29.2536
28.9387
27.4587
28.4611
28.5932
30.8300
25.4709
26.8452
26.1582
28.1369
27.6186
26.8066
28.6467
27.9552
28.3674
29.7984
29.7851
29.7241
30.0599
29.6802
29.8487
31.2545
27.8012
29.2680
27.9844
28.0019
28.3319
27.1516
27.2628
26.6816
26.6280
26.6552
29.6463
27.8319
29.8109
29.4571
30.3866
31.3015
29.2662
29.7849
29.1465
28.2888
28.1991
28.8599
28.4915
28.2897
27.0020
28.5111
29.3929
28.1642
28.6747
29.4486
30.2207
26.9967
27.7206
28.6282
31.2707
30.9978
27.9511
28.9737
27.7539
29.1264
30.2610
29.7377
30.8108
27.2930
28.4003
30.6439
29.2446
29.7734
28.8436
28.9470
28.2303
29.6031
28.9465
30.3554
30.2797
31.3225
29.3533
29.2937
29.3671
29.8036
29.8302
30.2198
30.1234
29.1746
28.5059
29.2769
29.3204
30.3214
31.9458
33.2370
31.3841
31.3689
32.3034
32.9149
32.0789
30.6229
32.3516
31.3807
32.5457
31.7838
32.1379
30.4159
27.9808
29.4168
29.9892
28.1181
31.7065
29.9615
29.2428
30.2206
28.3954
28.3850
28.0696
27.1544
29.8478
30.3687
30.2559
31.5364
30.8866
31.6779
31.6468
32.2700
28.5098
29.0689
30.7671
29.5128
31.3696
32.3696
33.0786
30.5352
31.1427
31.2070
33.2980
31.8550
30.0508
32.3718
31.9915
31.2392
29.0579
29.3839
29.5927
31.0323
29.0568
30.9883
29.9242
30.6633
30.9547
32.1225
29.0548
30.6854
31.6558
30.0530
33.0459
32.9285
31.6402
30.7845
32.9606
31.5356
30.8275
32.8697
32.7002
30.6117
31.5153
32.8235
31.6820
32.0012
33.0623
33.2467
30.7017
29.0076
29.9683
32.5772
28.8289
32.6671
30.4606
31.3190
33.8515
30.2641
30.5837
30.3301
30.1448
30.2951
30.5558
29.9446
30.1843
32.2133
32.8104
31.4343
30.7454
30.0763
30.6787
30.1465
29.3541
29.6972
30.9171
30.9391
33.4216
32.7224
31.1952
28.6354
30.3583
33.4109
31.6625
31.9460
30.7145
31.0480
28.4625
30.9323
30.3700
30.3794
30.2369
29.4101
29.8522
31.0880
31.9007
30.3514
29.8805
30.7817
29.3162
30.2729
31.6282
29.3813
30.9529
33.9234
30.3760
32.4456
31.6350
31.4662
31.3072
30.8948
31.1495
31.2311
31.0668
31.4968
33.0438
29.2049
29.1292
30.0187
31.3821
32.4837
29.8724
29.7088
30.4423
32.7345
29.9667
31.5993
33.2236
32.7248
29.5386
32.9630
29.7639
32.3023
31.5823
30.9020
30.0576
32.1446
31.0342
30.4831
29.2189
30.4490
30.9763
30.3888
32.7620
32.7340
31.2891
31.3578
30.0156
32.2511
32.2198
29.5027
31.4686
29.2119
31.2440
31.1261
30.1120
33.3228
31.1054
32.5807
35.0405
37.1588
33.4822
33.5630
30.4552
29.2624
31.1165
32.3386
31.9276
31.7894
29.8978
30.9188
30.6481
30.8320
31.3458
31.0974
29.6696
29.6425
30.7428
30.2470
30.4808
31.3889
33.0944
31.6516
31.0226
31.3217
32.3034
31.0332
31.5148
31.2142
32.5790
31.5261
32.2144
29.6370
32.6998
32.7172
30.5267
31.5749
32.6027
31.5029
31.8591
32.4313
28.6505
29.7645
30.1563
30.3237
32.3864
31.0966
29.7684
31.7208
31.0031
32.7289
31.5027
29.2183
29.9363
30.3908
29.2138
29.5760
28.4493
30.5333
31.1132
28.5817
29.8531
31.4988
33.4635
32.4463
33.3615
33.0104
29.2878
32.0112
32.8710
31.3937
29.9567
30.0629
30.4146
32.5018
32.8425
31.4886
28.8703
31.8075
31.0740
32.3118
30.7975
31.6250
33.2780
32.2689
33.3508
34.0468
31.4595
31.4714
31.2690
30.8420
30.4449
34.3754
30.0603
29.9889
30.7241
30.7098
29.4681
29.2499
32.0996
34.3487
34.9716
32.8179
33.6125
30.4629
32.1325
33.0630
32.6453
30.8748
31.6706
31.7693
29.2228
28.1574
28.6048
28.9058
28.8790
30.6680
29.3658
29.4911
29.4196
29.0792
27.8768
27.8461
30.3681
30.9101
29.5585
29.2622
29.0314
30.2470
28.3496
31.1629
30.8308
30.8785
31.3853
32.2325
32.8979
33.1615
31.5643
29.7558
27.4467
27.1744
25.2905
26.7667
25.3203
25.3491
26.3059
25.5546
24.9369
27.6981
26.6121
26.2800
28.6864
27.2934
27.9071
27.0121
27.6541
28.0514
29.2762
27.8121
26.0862
26.6326
26.5710
27.4209
27.2492
28.2180
28.5878
27.7325
26.8996
28.2477
28.5576
27.5988
26.9883
26.4988
26.9053
26.7452
27.7573
27.0353
27.2955
27.0236
27.6626
27.8403
26.9297
27.4353
27.3003
28.7620
28.0917
26.1123
25.4880
26.4396
26.8489
26.9616
27.6324
27.2230
27.2659
28.6517
29.8693
27.3375
25.3427
25.7836
27.6613
27.7859
26.7462
26.0033
26.7510
27.1567
26.8070
28.1676
25.3012
25.8746
27.9055
27.0225
27.0641
26.9424
27.3953
27.7518
28.9367
29.1540
26.8425
27.0491
27.1085
26.7278
26.2094
26.7099
29.5735
27.8044
26.6130
26.5151
26.2082
28.0250
26.7129
28.6414
27.9434
26.5400
27.0925
27.7516
27.3959
27.1562
26.5294
26.2345
27.6396
28.4244
27.2785
26.6410
26.1038
28.1689
26.8482
29.4046
26.1543
26.7850
27.0768
27.4492
27.0357
24.8056
24.0426
26.0148
24.8534
25.3123
26.1908
25.9311
27.5964
26.5384
27.0491
25.4159
25.9390
25.1808
25.8680
25.5284
25.5987
25.6488
26.2114
24.9438
25.6087
26.0879
24.7266
25.2106
24.9558
25.1057
24.8006
25.7819
25.1454
25.6785
26.7562
26.3123
26.3571
25.8702
25.4531
24.4904
24.7761
24.8087
23.8554
25.0647
25.0379
26.0459
25.0076
24.1607
23.9467
24.8040
24.7088
24.0612
24.0713
23.7506
24.3090
24.6566
24.8427
24.8008
24.9088
24.3790
24.4093
24.4629
24.5790
24.5980
24.4456
24.8336
24.7239
24.3660
24.4139
24.0896
23.4811
24.2870
24.0405
25.3513
24.1194
23.9999
24.2822
23.8064
23.5644
24.2946
25.6580
25.6502
24.8747
23.2405
23.3606
23.5910
23.4638
23.9031
24.9506
23.3986
24.7051
24.7663
23.9795
24.4723
23.8945
25.0840
24.9681
24.3808
25.0826
24.1383
24.4208
24.0387
24.4297
24.5327
23.9724
24.9476
23.8817
24.7887
24.7874
24.6866
25.0876
26.8233
26.6173
25.8898
26.0523
25.1200
24.9437
24.4454
24.4240
25.2869
25.4423
23.3905
24.1358
25.3968
25.2092
24.6411
27.0033
24.6908
23.9864
24.7279
24.2806
24.5351
24.3317
25.4547
25.8000
25.4542
23.9903
24.1886
25.0762
25.3927
24.2713
23.8712
25.6168
26.1929
24.9683
24.7890
25.0906
25.8534
25.1925
24.9167
25.8834
25.4823
25.3476
24.7362
25.3167
24.6297
25.2214
25.9599
24.4786
25.3231
25.7486
24.0376
26.1045
24.1043
23.8615
23.0453
23.7779
24.4962
24.0637
24.5622
24.5152
23.9646
24.3535
23.7219
24.2545
23.0452
23.8696
24.2547
23.9680
23.9528
24.4868
24.5991
26.8692
26.4192
25.8656
26.6146
26.0981
24.8020
24.0836
24.9917
27.2086
24.6997
25.5973
25.9921
26.8151
26.2868
25.4754
25.3832
25.4264
25.1652
26.1020
25.2176
25.1741
25.5171
23.9014
25.5034
25.4729
24.9935
24.9090
24.4223
26.2870
24.5935
24.1674
24.9681
24.9942
25.7286
25.0231
26.3644
25.7544
25.7490
27.2955
25.3335
24.5407
24.9733
25.0517
26.1285
25.4317
24.5277
25.2335
25.8627
27.3223
24.8656
25.6396
25.0355
24.1368
26.1630
25.3835
25.0161
24.4424
24.7201
24.2530
25.5075
25.3670
23.6226
25.7798
25.5655
24.6814
26.1585
24.5259
25.0761
24.9419
24.7734
25.8187
23.7820
25.0506
25.2432
26.3598
26.3111
26.4536
26.6703
26.0050
26.5344
26.1814
25.5097
26.4021
26.2563
26.0603
24.8712
24.9688
24.7573
25.5968
25.2338
25.7928
25.4943
24.9890
24.3344
24.5947
25.0260
24.7349
26.7638
26.4827
25.6614
25.3571
25.1938
25.1602
25.3699
25.1080
24.9292
24.8206
25.3960
24.5889
24.1662
23.8960
24.8915
25.5689
25.2015
24.8980
24.7764
24.4788
24.0781
24.4526
26.0145
25.7196
24.4983
24.7839
26.9895
25.3532
25.6440
25.9073
24.8730
26.0523
26.1447
25.3473
25.6605
25.0312
25.1271
25.5516
24.7337
24.5762
25.0754
25.6345
26.5321
28.2712
26.6518
26.3117
27.0659
26.8617
26.0971
25.0719
25.1817
27.2999
27.1549
26.8094
26.5103
26.5865
25.5755
26.3179
25.5594
27.0513
25.0956
25.9095
25.7481
24.6820
24.8246
24.4415
24.5444
24.1074
24.8811
25.6748
26.3572
26.4166
26.2136
26.5314
26.6867
26.7597
24.1375
24.6596
25.2793
25.1106
25.1164
25.6176
25.1454
25.1039
24.0271
23.9774
25.3665
26.3422
24.6996
25.4076
26.3024
25.6409
24.4844
24.8036
23.8150
24.7888
24.5946
24.6930
24.4929
24.1422
26.1054
25.8035
24.4596
24.1730
24.3902
24.2617
24.8716
24.0938
24.7385
24.0606
25.7776
26.5326
25.1773
25.2156
23.9077
24.6618
23.5926
24.6722
25.9748
24.0507
23.6164
24.8999
24.9121
25.4642
24.4228
24.2176
22.8277
22.9715
24.0382
24.9836
24.2564
24.8536
24.5370
24.5181
24.8257
24.1762
24.0079
24.4082
23.4662
23.3905
24.2735
24.0393
24.0737
25.1109
24.8338
24.3093
24.0068
23.8227
24.0243
23.6394
24.5460
24.4819
24.5403
24.0165
24.3226
24.2836
24.4051
24.6624
24.0002
24.2323
25.0624
23.9979
24.6719
23.3916
24.5763
24.2365
24.9911
24.2163
26.2287
24.7351
25.0338
24.4027
23.9896
25.5777
25.3306
24.8205
24.8077
25.0756
25.5076
26.0656
24.8085
25.2110
25.7412
25.4753
24.2273
24.4358
24.3505
24.2976
23.9536
24.0220
23.4340
24.0510
24.2763
25.3035
24.8224
26.1283
25.0318
25.0446
24.7180
25.0267
24.2528
25.6652
24.6007
24.3921
24.7849
25.0310
24.0063
25.7689
24.1714
23.1834
24.1593
23.2735
24.3124
24.4071
24.7401
24.1449
24.3617
25.6837
24.5309
24.2015
26.3911
24.6939
25.2975
25.3529
25.0808
24.4352
25.2473
24.3834
24.0060
25.3603
25.2721
25.4618
24.7288
24.7402
25.3751
24.7213
24.7670
24.1855
23.7077
24.1985
23.8243
25.2816
25.1483
24.1468
24.3410
24.2473
24.2803
25.0906
23.9940
24.8921
24.7777
23.7857
24.5748
24.7041
25.4233
25.0929
24.6563
25.0391
26.9833
25.2521
26.1813
25.2288
24.3467
25.1615
25.6584
25.4365
25.8653
25.2435
25.5448
24.9401
25.8219
24.4555
23.9893
24.6156
26.1082
24.9885
25.5889
23.9437
24.9386
25.5815
24.4912
24.9009
24.9011
24.1237
23.8924
23.9437
23.8873
25.3441
24.4932
24.0827
25.4245
24.4640
23.4969
25.3243
24.4565
24.4453
24.0108
24.8790
24.5354
24.3894
23.8823
24.7313
24.7890
25.0984
24.2954
24.1305
25.3097
24.7996
24.2465
24.1227
24.7864
25.5693
25.1061
24.6038
23.8834
24.7020
23.9929
25.0875
24.0211
24.7432
24.8842
25.3574
24.7329
24.6489
24.8690
24.0740
23.4743
23.7515
23.9141
25.7333
24.5962
24.4976
24.8972
25.2345
24.8468
24.2581
23.5271
23.3782
23.9578
23.9673
24.8610
24.5780
24.9422
24.9898
24.4465
24.1554
24.2330
24.4960
24.8482
25.0080
24.6764
24.2065
24.1514
23.7486
23.5501
24.6726
24.5518
24.7953
24.0490
24.3675
25.0024
24.5661
24.4126
25.0639
24.5053
23.5630
24.9281
24.9965
24.0186
24.1921
26.1358
25.4302
24.7770
24.8187
24.6072
25.0312
24.0254
23.5882
23.8092
24.7405
24.4109
24.5708
24.8051
24.6812
24.8968
23.9803
24.2866
24.2275
24.8776
23.6297
24.9919
24.0799
24.4841
24.4037
24.3278
24.5345
24.4450
24.3751
24.7591
24.7751
24.2370
24.3998
24.7220
24.3737
24.2623
24.3214
24.1680
24.1919
24.0212
25.0006
24.0065
24.1008
24.3428
24.8145
24.4633
24.4645
23.9086
24.5495
25.0564
25.1057
26.3896
25.3735
24.1197
24.4853
24.2769
25.4902
24.1609
24.9014
24.7551
26.3508
26.4815
27.0173
26.6416
24.7157
24.9047
26.3986
25.7024
25.5292
24.7587
24.4356
25.4838
24.6151
25.2744
24.7580
24.1485
26.1288
24.7337
25.2912
24.4647
24.5554
24.6144
25.1329
25.8219
24.9105
25.1310
23.8352
24.2613
24.8332
24.3098
25.4739
24.5122
24.2915
24.9686
24.7775
24.6517
23.8559
23.7666
25.0447
24.5195
25.2260
24.6778
25.1249
24.6925
24.9944
24.6604
24.7525
24.4933
24.0684
24.5915
25.3478
24.7233
25.4214
24.5585
24.0407
24.5909
23.7936
23.7408
23.2495
27.0801
25.3673
25.6819
24.1135
24.8318
25.5607
24.8207
25.2063
23.6484
24.1806
23.5795
24.2339
25.0198
24.7109
24.6496
24.4141
24.7437
24.9811
24.8823
24.7099
25.8127
24.6668
24.2788
24.5918
24.3585
25.1628
24.4661
25.4576
26.1300
26.3346
25.7422
25.1210
24.4740
24.3408
23.8747
25.0954
24.2533
24.0973
23.7529
24.6901
25.3546
25.7340
24.5625
23.6419
22.5568
23.2838
22.6130
23.3869
23.0540
22.9716
22.7813
23.5423
24.2705
24.9465
25.5270
25.5707
25.3441
24.6096
24.3544
24.0318
25.6658
25.0273
24.4683
23.8247
24.6190
24.0550
23.9257
23.6603
23.5420
23.3546
23.4962
23.0348
23.2154
23.5955
24.0853
23.5113
24.2069
23.9938
24.2298
24.8832
23.9223
24.1087
23.2323
23.0785
22.9917
23.1538
23.5146
22.6737
23.6217
23.2984
23.1401
23.4370
23.5949
23.4598
22.6679
23.9273
23.7182
23.7544
23.6432
23.5411
23.6103
23.6935
22.9835
23.1977
23.3834
22.9097
23.2598
23.9137
23.4550
23.5499
24.1352
23.9143
23.9936
23.8907
23.6589
24.1994
23.7718
23.4959
24.1671
23.7155
23.8496
23.8729
22.8457
23.3368
23.5278
23.3518
23.8412
23.4046
23.3181
24.3021
23.9141
24.2204
23.6782
23.6519
24.9485
23.5225
24.6515
24.4885
24.8813
23.7089
23.5450
23.4931
24.7494
23.3083
22.6721
23.2088
23.4186
22.8126
22.8903
23.3324
23.0400
23.5869
23.8851
23.9030
23.2192
23.2694
23.4181
23.9339
24.0459
23.5656
23.8062
24.2830
23.9356
23.9355
24.4518
23.4296
23.5838
24.1218
23.5817
24.5962
24.0158
23.8056
23.6845
24.3066
23.3983
23.6531
23.8791
24.5139
24.5255
25.4332
24.0511
24.1326
25.1832
23.7399
23.5025
23.6523
23.4183
23.2777
23.5818
23.9732
23.0561
23.5734
24.0978
23.7339
23.5348
23.2079
23.4129
24.4671
24.0874
24.2564
23.9579
24.2744
24.3110
24.2225
24.0442
25.5129
25.6691
25.7992
25.1770
25.3740
23.3634
24.3061
23.3728
23.2626
23.5625
22.8027
24.1166
24.0986
24.2994
23.4735
23.5615
23.6747
23.7818
23.6564
24.1653
24.1509
24.1457
23.4877
23.9843
24.1645
23.3586
24.1699
24.1097
23.3656
24.2712
23.3964
24.3484
23.1715
23.9190
23.6114
24.0322
23.3276
24.0494
23.9456
23.8427
24.3884
24.1547
23.5047
23.3457
22.7878
23.9613
23.6345
23.6329
24.0167
23.5828
24.7609
24.2388
24.5455
24.5696
23.9206
24.2092
23.9641
24.2083
23.3011
25.0312
23.5416
23.0196
22.9020
23.1213
23.0413
22.9175
23.8255
24.3748
23.8574
23.9802
23.4573
23.2732
23.2490
23.5172
23.3374
23.7376
23.5875
23.5574
23.9553
23.9568
23.8028
23.8990
23.2556
23.4268
23.5570
22.7830
22.7326
23.0241
22.7950
22.9851
23.3513
23.6347
23.4984
24.1922
23.2882
22.8851
23.7558
23.5923
23.1019
25.6543
24.2850
24.2958
25.3647
26.2299
25.6427
24.2281
24.3615
23.9246
23.9893
23.8347
23.7951
23.1715
23.3897
24.2933
23.3418
24.2927
24.1644
24.4921
24.5069
25.0731
23.6440
23.6699
23.3583
23.8580
23.9445
24.9462
24.6663
23.5999
22.8811
23.9679
23.5058
23.7137
23.6168
23.6298
23.3778
23.5896
23.7931
23.9831
23.9832
23.8220
24.2431
23.6407
24.2851
23.9536
23.6920
23.8534
24.3633
23.6687
24.3363
24.3336
23.6926
24.1983
23.6888
23.6749
23.7344
23.7834
23.6327
24.5908
24.3581
23.8027
23.6169
24.0463
23.6764
24.4760
24.0812
23.6220
24.2785
24.3732
23.5097
24.5429
23.0955
23.3767
22.2252
22.3501
23.1281
23.0735
23.0331
22.8317
23.7263
23.7773
23.7259
24.1275
23.9264
24.4897
24.9939
23.9722
24.1406
23.9488
23.6523
24.3472
24.3689
24.5673
23.5675
24.2990
23.4207
22.7167
23.4465
24.0963
23.8375
24.0035
23.9028
24.2790
23.4457
23.8915
24.4376
25.4349
23.8960
24.3521
24.1863
23.0123
23.7349
23.3300
24.3653
23.8281
23.9405
24.3344
24.4103
24.2413
23.1260
23.4806
23.3375
24.3404
23.5591
23.0798
23.6984
23.4940
23.5289
23.6454
23.0672
23.9051
23.2611
24.0785
24.0116
24.7267
24.4782
23.6920
23.8760
23.8930
24.1757
24.1724
23.4461
23.5171
23.6928
23.8653
22.9888
23.9932
23.5914
23.2521
23.6535
24.2467
23.7555
23.7608
24.5551
24.2486
23.8751
23.4059
23.8676
23.2878
23.6470
23.4726
24.7340
23.7154
24.0264
24.3805
23.8022
23.3760
23.3583
22.9033
23.4721
23.9268
23.4990
24.8847
25.0078
24.0810
23.9039
24.0557
23.9947
23.9763
24.4764
23.5377
23.7095
24.5294
23.3932
23.8829
25.1836
26.8816
25.8275
23.9992
23.0814
24.0168
24.2218
23.4864
23.2480
23.8171
23.7659
23.3766
23.2210
24.1382
25.1090
23.7994
23.6392
23.5111
23.8078
23.2299
23.1188
24.2130
24.5596
23.5532
23.8814
24.7617
23.8826
24.2239
24.4253
24.5318
24.5619
24.1152
24.9646
24.5673
24.1772
24.5686
24.6776
23.4378
24.4316
24.8391
25.0049
24.3051
23.2129
23.0046
23.6607
23.7217
23.3377
23.9847
23.4876
23.9300
23.8938
23.4898
24.3028
23.4790
23.6963
23.3006
23.0306
23.9544
23.9085
24.3242
24.0594
23.8458
23.7464
23.8844
23.4218
24.1313
23.7049
23.6513
23.5297
23.5411
24.1293
24.4882
24.1176
24.0007
23.2232
23.7674
23.5586
24.0695
23.7417
23.5086
23.2708
22.8485
23.7640
23.5168
23.4333
23.6442
23.4065
24.8627
23.9455
23.4066
23.0663
23.2911
23.0869
23.5471
23.1501
23.7075
23.3900
23.2933
23.3956
23.5381
24.1015
24.0287
24.0063
24.7239
23.7179
24.0045
23.9232
24.2526
23.1978
24.1178
24.2268
23.9578
23.9176
23.2903
24.2171
23.6226
23.7453
23.4353
23.5616
24.0244
23.6747
23.5108
24.7410
23.8476
23.7010
22.9607
23.1221
23.9000
23.4512
23.1617
23.2127
23.7629
23.8708
23.4244
24.0887
23.0299
23.3516
23.4432
24.2121
24.5579
24.0435
24.4250
23.5757
23.5281
24.5547
24.0885
23.4943
23.3912
25.3714
25.6713
24.5185
24.2773
24.7469
24.9117
24.3410
23.9413
24.3987
24.2826
24.6880
24.2543
23.9384
23.9518
23.9858
24.8349
24.0531
24.7642
24.4730
23.7028
23.8483
24.2858
24.2629
24.0607
23.6488
23.9183
24.5870
23.8069
23.8492
24.1875
24.6865
24.4035
24.0232
26.2484
26.3669
25.5203
24.7776
25.2307
24.6308
24.5770
24.8310
23.4727
24.4361
24.0851
24.8930
24.4346
24.8178
24.4436
25.4716
24.0241
24.2622
24.4194
24.9388
24.9380
24.5268
24.9996
24.9143
24.7995
24.8077
24.5237
25.6646
24.7167
24.3641
25.5333
24.3844
24.6424
24.8846
24.5323
25.2988
25.0285
24.5105
24.7171
24.2577
24.3667
25.2172
24.7377
24.5170
23.9087
24.4888
24.7882
24.8803
24.6190
25.6346
24.3834
23.5418
24.2123
24.4671
25.4715
26.7690
26.0613
25.7514
24.7665
23.9921
22.9062
23.9350
26.1080
25.5329
24.8161
25.1677
24.9078
25.1480
26.5129
25.4840
24.3815
24.9923
25.4816
25.0991
24.0925
24.5081
24.8576
24.5489
24.8327
25.5224
25.8915
27.4472
26.2529
24.6453
25.0374
26.1574
25.3237
24.7529
24.1900
24.1655
24.2743
24.7096
24.2959
24.4037
24.0548
24.0483
25.3207
25.4879
24.6046
24.7695
25.5997
26.4575
25.7595
26.6489
25.2620
25.8463
25.0292
26.7073
27.2110
25.4882
26.5059
24.7845
24.8164
25.1833
26.0153
25.6661
24.8956
24.2814
24.0751
24.2900
25.3068
23.8246
24.7245
23.7075
24.5319
24.5482
24.4434
25.5589
24.6590
24.7393
23.7136
26.2422
24.7754
25.2229
24.9674
24.5699
24.3701
23.8389
23.7880
24.7231
24.3286
24.1934
24.3453
24.5547
25.0291
24.4398
24.2625
23.9317
24.2395
25.1181
24.8070
24.2667
23.6126
23.6892
23.7600
23.6794
23.3683
23.7453
24.3273
23.0746
23.9072
23.3960
22.6719
24.1528
24.4877
24.6077
24.3697
23.6219
24.6754
24.3131
25.5959
25.1256
24.3251
23.5725
25.4634
24.0857
25.7521
27.1973
25.8267
24.4627
26.0375
26.7154
24.6161
24.7841
25.1780
25.4668
25.0315
24.1828
24.4538
24.7255
25.6390
24.7146
25.5735
26.2104
25.2669
25.2209
25.2344
24.9195
26.3138
24.6259
26.5585
25.2347
24.8039
24.7224
24.3793
24.5371
24.4048
24.6135
24.4396
24.9840
24.1882
24.4958
24.2032
25.4775
24.7467
24.9161
24.2605
26.0956
27.5149
26.3088
24.7217
25.5296
24.8078
24.2536
24.1640
23.4239
23.6655
24.0688
23.9308
25.0216
24.5147
24.2723
24.5687
24.2304
24.4238
24.4606
23.4823
24.8149
23.0998
23.6893
23.8176
24.0699
24.0111
23.0926
23.1156
22.4978
23.5622
23.2809
23.2667
24.0744
23.7608
23.2700
22.7841
22.9708
22.6026
22.9705
23.2429
22.5160
22.8354
23.1114
22.6539
22.9729
22.9798
24.1130
23.3039
23.4088
23.3737
22.0099
23.6962
22.9228
22.5048
23.2023
23.9891
23.4411
22.7863
22.9674
24.0386
22.9160
23.0403
23.6050
24.3145
23.5886
22.7443
22.7292
23.6117
23.1418
22.6384
22.2603
22.9683
23.2267
22.8503
22.7923
22.8879
22.5059
23.5844
23.2559
23.0988
22.4588
22.9665
23.1982
23.8940
22.8608
23.1290
23.5470
22.7387
23.3914
23.4383
23.2270
23.7297
22.9663
22.8312
22.7721
22.7487
22.9776
23.0661
23.1623
22.8839
22.7278
22.9001
23.3799
23.5399
23.3642
23.1244
23.3956
23.2843
22.9864
23.0106
21.8270
23.2994
23.7430
23.2371
22.4074
23.1728
22.3151
24.0504
22.5498
23.3289
23.4795
23.5220
23.3836
23.0525
23.4543
23.6311
22.7102
23.6321
23.5519
24.1351
23.7694
23.5910
24.1454
22.8682
23.2381
24.0536
24.0426
24.2365
24.1424
22.8581
23.4965
23.6886
23.1470
24.1821
23.4448
23.3602
24.4536
23.8018
23.5712
22.5821
23.7716
24.3076
23.6691
22.7165
23.2786
23.4685
22.5415
24.1744
23.8101
23.1158
23.5560
23.6087
23.9334
23.6320
23.3137
24.1458
24.0353
23.8754
22.6363
22.7853
23.1355
23.4790
23.4575
23.4673
23.4024
23.5489
22.6432
22.1038
21.9410
22.8203
23.5645
24.0432
23.2759
23.0524
23.4228
23.2597
22.5580
23.0274
22.7094
23.0453
22.9320
23.6116
23.1655
24.2185
23.2435
23.2059
23.0676
23.0680
23.3356
22.6973
23.0839
23.0503
22.4687
22.4660
23.4304
24.1382
24.9652
22.9211
24.2340
22.9499
23.1287
22.3001
23.6154
24.8419
23.1499
23.5714
23.3271
23.0934
23.7972
23.6966
23.3189
22.8631
23.6476
23.3739
23.2934
24.3437
23.5701
22.7842
22.6021
22.9340
23.5693
24.2978
23.8006
22.3539
23.0753
22.9600
23.5723
23.4931
22.8392
23.8383
23.1989
23.1458
23.2790
23.9521
24.2389
23.4934
23.6178
22.2211
23.8737
22.9949
22.9882
22.9936
23.6781
24.0877
23.5426
23.7343
22.7662
23.7250
23.0135
24.2772
24.7924
23.1401
23.3191
22.6526
23.2981
23.4762
23.4324
23.8653
23.1265
24.1639
23.9326
22.9465
23.1125
23.5257
25.0547
24.6050
23.9580
23.6984
24.5888
25.3420
24.0595
24.0854
24.6286
23.4927
23.5470
23.9900
24.3393
23.9863
24.3652
24.5598
23.8802
24.0420
24.9899
24.8151
23.8769
24.6459
24.5961
25.9472
24.9029
24.9121
26.5775
25.9624
25.6157
24.6772
24.8695
24.1449
24.5582
25.1162
24.9986
24.5905
24.5739
24.7506
26.0971
26.1654
25.2764
24.0521
25.3538
24.6990
24.5586
26.0508
25.2040
25.7115
24.7699
25.5679
24.6118
25.1067
24.6404
24.2119
24.2361
24.7560
24.6391
24.7690
24.1484
23.7466
24.3350
24.9968
23.5612
23.5988
24.5333
26.3136
26.3037
26.4032
24.6419
24.9349
25.9030
23.8653
25.4861
25.0337
24.8654
24.9778
24.9422
25.5415
25.1594
23.9414
24.3743
23.9879
24.7099
24.5175
25.0996
24.1598
24.8627
25.8291
26.4064
25.5211
25.5304
25.4535
25.6071
25.0287
25.4316
23.9738
24.8048
24.2871
23.9972
24.9348
24.6930
24.2613
24.5261
24.3459
26.3584
26.4561
24.7549
24.4134
25.8907
26.1342
25.5830
25.3490
24.9334
25.0748
26.4890
25.7924
26.1821
25.9895
26.1271
25.1817
25.1208
26.4066
26.0483
25.1436
25.8613
24.7924
25.5602
23.4198
25.7647
24.7696
25.8507
25.4794
25.1435
25.0162
24.6315
25.6453
25.3318
26.2405
25.9861
24.8125
25.9253
24.6919
24.5256
24.4509
24.5544
24.3604
25.0206
25.2506
24.8888
24.6382
24.4278
24.8629
24.7347
24.8449
25.0718
23.7588
24.2027
24.5548
25.0957
25.6957
24.1876
24.6862
25.7223
25.4373
25.5207
25.3044
27.2972
26.9093
25.0010
24.9628
25.3428
25.9570
25.3683
24.7762
26.1573
25.5203
24.9069
25.3137
25.2069
27.3752
26.2379
25.5543
26.2558
25.1363
24.5212
26.1556
25.8878
25.0350
25.8727
24.7634
24.8702
24.3715
24.9560
24.7986
24.8733
24.5756
25.5033
25.0019
24.3882
24.6072
25.3221
25.6832
24.6870
24.5720
24.7616
24.9693
25.0736
24.2610
25.4829
24.2169
24.0318
24.5520
24.6878
24.9604
25.9547
25.0474
24.1908
25.0891
24.7701
24.2947
25.0010
25.6348
25.0328
25.1342
24.4627
24.7880
24.6147
24.4852
24.1927
25.1037
24.0898
25.2714
25.0450
25.3392
26.0261
25.8880
26.1685
25.7319
25.4871
26.4161
26.1697
26.9294
25.8595
25.3568
25.2489
25.4744
25.2840
25.4190
24.7032
25.3168
25.4677
25.5379
24.8871
25.4559
26.0313
25.2528
24.1544
25.0071
26.1763
24.2369
24.6281
24.2181
24.2747
23.5280
23.9222
24.1714
24.2723
23.8786
23.3900
23.9726
24.1992
23.6438
23.7502
23.7703
24.7405
24.7054
24.5900
24.2528
23.9639
24.1505
24.6789
24.1784
24.4409
24.8287
25.8177
26.1749
25.4915
25.7279
25.1804
23.9641
24.6850
24.9484
24.8917
24.5106
24.2838
24.2979
24.6276
24.3567
24.2635
25.2004
24.6580
24.4397
25.7124
25.8814
26.4297
24.5821
24.4070
25.4967
24.8463
25.3034
24.9798
25.2079
24.5652
24.8439
25.0938
24.6453
25.0630
24.4099
25.6861
26.3986
26.4038
25.1111
25.1476
25.0270
24.5973
25.4105
26.6576
24.7439
25.7955
25.1623
24.8950
24.9747
24.6030
24.8799
24.6199
24.5920
24.3466
24.8188
24.8268
25.0653
23.7488
24.8100
24.5852
24.5700
24.6988
24.2297
23.8290
24.4657
25.0742
26.7763
25.4427
25.6879
26.2745
25.5177
24.7394
25.3363
25.5740
25.0251
25.0051
25.1266
24.5915
24.5931
24.3237
24.6616
24.8231
25.0446
25.6467
26.5211
26.6461
26.2235
24.6477
24.5964
24.7091
24.3823
25.6744
25.7986
25.6382
26.9610
24.2013
25.4617
26.8468
27.0656
25.4492
25.4887
25.6342
26.2426
26.7308
26.2911
27.4751
28.9617
26.8484
27.6019
25.6250
25.1677
25.8512
25.7739
25.5368
24.7331
26.4817
24.4121
26.0849
27.2343
25.5426
24.4838
24.1315
24.3206
24.7102
26.5039
26.2525
25.4181
25.5317
25.8295
26.3122
26.2038
25.0759
25.2693
25.7264
25.5698
25.1814
25.0626
25.1234
25.5948
24.4591
24.3692
25.6835
25.0251
26.1998
25.1454
25.5623
25.5433
26.7979
24.9666
23.4439
26.3153
24.5721
24.0634
23.6048
25.6348
24.5765
25.4164
26.2208
25.7457
25.4281
24.7269
24.4642
24.9672
25.0624
27.1575
25.8205
27.5583
26.8100
26.6740
26.8187
27.8122
27.4547
26.3223
26.4769
25.5840
26.6108
27.7783
25.4896
25.2729
25.8490
25.8968
24.8419
24.1575
25.9796
26.2475
25.5720
25.9449
26.9112
27.9069
26.6512
26.2357
27.4308
26.4403
25.4748
24.2111
24.7111
26.9918
25.8004
26.6826
26.1827
25.9883
26.5403
26.1292
26.4157
26.4662
26.9696
27.4580
27.9401
28.0868
27.9088
28.2613
28.7263
28.8673
33.1105
31.0640
29.7388
30.7031
29.6128
26.9130
27.2427
26.6156
28.9573
29.5764
26.3526
27.5825
25.9860
26.1115
26.5465
26.6405
28.0016
27.8758
27.4060
27.0192
27.2224
26.0331
26.8874
30.5323
28.4179
26.6418
26.3571
27.0421
26.1789
27.0865
26.8243
25.6959
26.4089
25.7841
27.2323
26.7700
26.9994
28.1590
28.6283
27.2828
26.4715
26.3391
26.2763
25.4400
26.3230
27.8433
27.1147
27.6787
27.2578
26.1499
26.6694
26.8089
26.6958
28.2322
27.2877
27.1112
25.5910
26.1657
26.8743
26.4010
26.8806
26.0299
26.4622
26.3122
27.3401
27.3950
28.0301
27.1662
25.7723
28.0445
26.4817
27.5347
26.3065
27.3067
27.0277
28.2786
26.9354
27.0216
27.7635
27.2331
26.3189
26.4951
26.5117
25.5657
28.1638
27.0397
26.7049
26.3883
26.1069
25.8913
26.4313
26.2928
26.2031
27.2684
26.8056
28.6544
27.5502
27.0624
26.8598
27.6959
26.5175
26.9648
27.8108
28.5908
28.3562
27.2750
27.4389
26.5006
26.3027
26.7268
26.8803
26.9984
27.8463
25.7954
26.6905
27.6877
25.9950
27.1865
27.9024
26.8265
28.0442
27.7987
27.9147
28.3726
27.3785
27.6602
27.2984
26.4106
26.3991
27.0683
26.9236
27.9828
28.2334
29.3900
28.6228
28.0503
27.6790
26.9987
27.0669
27.2159
26.8520
27.8702
27.5965
27.2290
26.7190
26.1397
25.3838
26.2355
25.8024
26.8305
27.4635
28.5953
27.8629
27.9205
25.5459
26.3955
26.9182
28.2678
25.5471
27.2942
27.9025
27.8450
26.6708
26.7262
25.8372
25.3242
26.8435
27.3124
26.1586
25.7557
26.5775
26.3319
26.0467
26.9729
27.8392
28.5662
28.9471
27.8728
28.1587
26.9285
27.7523
27.2938
27.9335
28.4676
27.2252
28.1026
28.4186
27.5299
27.8758
28.5709
29.2408
28.6123
27.7155
29.8407
28.4743
29.0742
26.5587
26.1236
28.4624
27.4691
26.5600
27.1830
26.2690
26.7112
25.4510
26.9765
26.0136
28.4088
29.0288
28.5485
28.7098
28.3634
29.2517
28.7689
28.4026
28.1172
27.5899
25.6166
28.4003
27.6520
28.8919
27.3126
28.6053
27.9143
27.9685
29.0733
27.1365
27.7240
27.3863
28.6632
29.9625
28.1519
28.6166
28.9434
28.9103
27.9451
27.5789
28.4615
28.3993
28.4320
28.8530
28.8476
27.8032
29.5992
27.3749
26.8747
26.8514
26.2091
28.9292
27.5177
27.3110
28.0954
26.2665
25.9510
27.1112
27.6561
27.6902
29.5896
28.7847
27.8338
29.2897
29.6961
27.5363
28.0502
28.1956
27.9543
28.6136
27.6953
29.4598
28.1179
27.0982
28.3607
27.9974
28.9636
27.8014
27.0450
29.0257
26.9693
26.5571
26.7766
27.4674
27.1422
27.5828
28.6746
28.8575
27.4954
29.6316
28.8840
27.6959
28.0232
25.8167
26.9587
26.4254
26.9926
27.4070
27.0820
27.4371
27.5185
29.5624
28.4425
29.3128
28.5156
28.7148
27.7596
27.3927
28.9575
28.9569
28.3454
27.1376
27.7702
27.2920
28.1584
27.4341
27.2962
27.9319
28.6578
27.9613
27.6686
28.6608
28.1191
26.9419
27.3980
28.2824
27.6772
25.8648
27.2248
27.1646
27.8312
26.8877
26.1294
27.6483
26.8276
27.2731
26.7711
27.2558
29.3322
26.7474
26.8051
26.6165
26.5807
26.9028
26.7915
27.0542
28.1168
27.1018
26.7875
27.1667
29.0840
26.2459
28.0087
27.9131
28.8520
28.1416
26.3388
26.8864
27.4672
27.6719
27.3899
26.3769
27.7596
29.0739
28.0580
27.7777
27.9398
28.5509
28.0049
26.6866
26.9183
26.6059
26.8912
26.2510
26.0568
28.1519
27.6259
26.7883
25.8743
26.6567
26.4686
26.6985
26.2396
26.4776
27.3380
26.9883
28.6223
26.7190
26.5516
27.3973
26.6553
26.9388
27.4650
28.8424
27.6056
28.1053
28.0918
26.7522
26.8808
26.3966
28.5262
27.8425
29.1256
27.3600
26.3218
26.3442
25.6878
25.2988
25.8753
25.0696
25.7722
26.7617
27.1125
26.9477
26.7496
26.7256
26.6499
26.3431
27.8801
27.3971
26.5906
28.0547
26.7212
27.1650
26.8922
26.9447
26.1958
26.0555
26.9682
27.0546
28.0883
27.8686
27.2754
26.0918
27.8629
26.7687
26.2685
26.2564
26.5380
26.5297
25.8407
27.0973
25.8512
27.6839
26.7411
25.9183
26.5265
28.3475
27.6635
27.4911
26.5824
27.9086
27.6468
26.7692
26.2998
27.9409
26.2170
26.7900
27.6228
26.8711
27.4197
28.5908
27.3460
27.7713
27.7985
28.1646
29.0975
28.4907
27.9503
29.6135
28.2173
28.6269
28.0928
29.1702
29.3386
26.9842
27.1813
27.3298
26.9992
26.4495
28.5543
28.9668
27.9483
28.6817
29.1510
27.6295
25.9684
26.6186
26.2413
27.1355
26.1710
26.6490
26.1774
27.2218
26.7417
27.1166
25.9709
27.0749
26.8354
26.9613
26.8677
28.1633
27.1070
28.7517
28.2093
29.3825
29.2125
28.4670
27.2008
28.4564
27.3433
26.2758
26.1624
27.9669
28.9222
28.1825
28.1235
29.1180
27.1024
28.2323
28.0651
28.5175
27.8450
27.7869
27.5951
26.5348
27.7799
27.0309
26.9413
26.2520
25.2378
27.3478
28.1446
28.3357
28.2060
26.5766
28.0064
27.7804
26.3458
27.1556
26.5816
26.3845
26.4381
26.5740
25.9494
26.1281
27.3198
28.8140
29.1076
29.5309
27.4875
27.6929
27.5464
28.3742
28.5758
28.0536
28.2613
26.7658
26.7804
28.3274
28.6234
27.8661
27.0427
27.0821
27.4246
27.7255
27.4081
26.9891
26.9913
26.8581
27.4417
28.1514
27.0314
27.6374
27.9238
27.0018
28.0477
26.7548
27.7491
26.1711
25.5813
26.1820
27.8658
28.2609
27.2908
27.1600
28.3651
27.9678
26.3969
28.9666
27.3904
28.0445
29.1226
28.6258
27.3805
27.0889
27.2784
28.3290
29.3020
28.4092
28.2264
28.3170
28.6813
27.3779
26.9815
27.1167
27.6419
27.8922
27.0344
27.4999
28.1804
28.3508
27.7095
27.8593
27.4422
27.9190
27.7643
28.0219
27.4330
27.5115
26.0895
26.9145
27.5813
29.1135
26.4319
26.8526
24.8885
27.0257
26.6571
26.5946
25.6579
25.7258
26.6260
26.5386
26.2171
26.4844
26.5932
27.3814
29.0525
27.9469
27.0793
28.2643
26.8438
26.7137
26.1697
26.9114
26.5661
26.4735
27.4751
28.5461
25.9278
26.3467
27.3314
26.7524
27.1942
27.8682
27.0643
29.0067
28.6247
28.2317
27.0306
29.0310
27.3866
27.3164
27.3044
26.0519
26.1096
26.8527
26.9097
27.0315
25.9304
26.4636
26.9217
25.8501
26.8024
27.2468
28.4064
26.6172
26.5056
26.2401
26.6217
28.0900
27.5771
26.4425
26.1921
26.5161
27.0423
26.8337
27.9684
28.5998
28.7309
26.9450
28.8866
27.8951
28.0675
28.2142
26.0745
29.0181
28.2220
27.2467
26.6494
29.5923
27.6246
26.7070
26.2131
26.6587
26.5617
26.7945
27.7700
28.7522
27.6460
26.7374
28.4482
27.0247
26.3793
26.7221
25.7235
27.1255
28.2050
28.4812
28.5518
27.9989
27.9021
29.3862
29.5085
27.4788
28.1449
26.5642
26.4690
28.8378
27.0045
27.1478
29.4076
27.2091
27.8770
26.7186
26.0977
28.9395
28.4900
26.6922
27.1737
26.9320
26.6889
27.6190
27.2745
26.6605
26.7742
27.1800
28.2462
28.0644
26.8119
26.8274
26.2428
28.0315
26.4518
25.4747
27.0589
27.5160
26.1816
26.8659
26.0758
26.2019
26.1708
27.7407
28.6357
29.3216
26.8963
27.5113
27.8506
27.9400
26.7683
28.3810
27.0955
27.9117
26.6947
26.3218
28.4513
26.3146
27.0643
27.8597
26.9582
27.0053
26.0542
26.1120
25.8959
26.2449
26.9776
27.6919
25.8180
26.3793
26.0792
27.6990
26.3571
25.9735
26.4695
27.4650
26.8396
27.6072
26.8511
27.2427
28.6809
28.2403
28.0483
28.1110
28.5885
27.9201
27.0619
26.3470
26.3833
26.1783
26.9709
28.3833
28.8926
27.6232
29.3271
29.0772
28.6347
27.2863
25.9471
27.1469
26.8439
26.1356
26.2407
26.7804
27.4682
29.2643
28.3814
28.5259
28.1978
27.6028
28.4369
27.8657
28.5127
26.6211
27.1373
26.1445
26.3913
26.7164
26.5974
27.2663
27.3582
27.3165
27.1120
27.3851
27.6660
27.7409
27.7672
26.8894
26.3275
28.4227
26.4571
26.8194
27.2498
26.1197
25.5067
25.8640
26.4390
27.4798
27.2632
25.9824
27.0585
27.6995
27.8061
26.0565
26.4512
25.7360
26.4294
26.2913
27.3040
25.8748
27.0231
27.0089
25.7188
26.6930
26.0095
26.5634
26.4118
26.8859
28.1822
28.4822
26.6174
26.4216
25.7113
25.2751
26.1915
27.6583
27.8040
28.4318
28.3815
28.2692
27.6291
27.3133
27.4982
27.5079
27.1008
26.6010
25.6697
26.4738
25.6418
28.7351
28.9738
28.1752
26.9019
27.6507
27.8327
25.4176
25.7465
26.1928
24.7984
26.8818
27.3418
26.7849
27.9815
28.0610
27.6237
28.2786
27.4076
27.3835
27.3669
27.9201
27.2839
27.3834
25.5122
26.3828
26.5500
27.0595
26.9916
27.3703
26.2931
26.5555
27.2990
27.5633
26.5373
26.5713
25.6868
26.7563
27.1544
26.9183
26.3463
25.2198
25.5046
25.2394
26.6267
26.4011
25.8939
27.1989
26.6760
27.2495
27.6230
26.5094
26.2120
25.0956
25.8843
28.4064
26.6515
26.9500
26.5850
26.8635
26.5544
28.4184
27.4732
26.2736
26.9317
27.2799
26.5643
26.4727
26.5406
26.3788
26.5181
26.7255
26.8564
26.8659
26.0096
26.5037
25.4211
26.1529
24.9070
26.1859
25.9639
26.3222
25.7095
26.6015
28.1254
28.5594
28.0887
28.7004
28.8448
28.6617
27.9001
28.3479
29.6107
29.0000
29.4357
28.9567
26.5636
26.6752
25.2667
26.7784
26.6041
26.3322
25.7378
26.7266
26.9834
26.6047
26.7289
25.9966
25.9318
26.6014
26.7566
26.9161
25.3532
25.2218
25.9357
26.8402
26.9860
27.9301
29.5783
29.2968
28.7503
26.2878
27.4136
26.7759
28.1173
29.5792
26.7721
27.0883
27.1083
26.6988
26.2894
26.0278
26.5465
26.0737
26.7709
27.3157
26.8182
27.5457
26.4256
27.7638
27.6425
28.6616
28.6452
29.5079
27.4005
27.4782
26.4280
26.3910
26.9198
26.8300
27.7715
28.2087
27.3553
27.8988
27.9646
28.4821
27.4240
27.9216
27.7282
27.8583
26.6692
27.5819
28.5229
27.8213
27.8495
26.7223
27.0752
27.1790
26.5083
25.4284
26.0070
26.0051
25.8330
25.4930
26.7291
27.6068
27.1963
26.5479
27.3287
27.6125
26.0056
25.7233
29.2189
26.9120
27.6346
28.3516
29.2590
28.6586
27.7139
28.7133
29.2339
29.5065
31.8150
28.0074
26.5457
26.7008
27.4296
27.3937
28.1605
30.0959
30.1509
26.3603
27.1715
28.6421
27.9406
28.1125
27.1264
27.6820
26.5689
27.2448
27.0028
27.2688
26.9643
25.8469
26.7083
27.5853
27.9517
27.1278
28.5235
26.9567
27.4607
28.4366
27.7773
27.1726
26.6907
27.7698
26.7185
29.9728
27.5139
27.3079
27.1601
28.1031
26.8859
27.2497
28.0689
27.3283
27.0728
27.5021
28.2058
26.2825
26.6142
27.7283
27.9088
27.1029
29.0262
29.5867
28.4056
26.1688
28.4187
30.7909
27.4642
27.5726
27.3046
27.1159
26.4687
29.2676
28.3710
26.5483
28.0065
28.5792
27.4270
26.7010
28.7640
29.0786
28.1502
27.1025
28.5329
29.0054
27.3580
28.6619
27.7975
26.6285
26.9741
26.7796
27.9724
25.7007
27.6112
29.0021
28.4249
28.2651
28.7186
26.4554
26.7444
27.6376
27.4811
26.2927
26.9677
27.6330
26.5044
26.3150
29.0911
28.3040
28.1337
26.7924
26.9520
25.5953
26.2622
27.1269
27.3953
28.4114
26.9711
27.0053
26.9244
28.0868
28.1684
27.2920
26.7482
27.5248
27.6824
27.5092
28.0479
27.6634
26.2120
28.1088
27.7586
27.3729
27.9269
27.5108
26.5085
27.5780
27.4132
26.8835
27.7158
26.6589
26.1728
26.7207
27.1119
26.5939
28.0989
27.0940
26.2982
25.9519
26.2702
26.6105
26.0441
25.9724
26.6783
26.0735
26.8691
26.7017
27.2187
27.4786
27.5946
27.4094
27.6539
28.2306
27.3692
28.1427
26.7759
25.8800
27.3308
26.7959
26.8186
27.5082
26.7266
27.1388
30.7400
27.8940
26.6572
26.2734
26.2110
29.3761
26.6646
27.5943
27.9936
26.4197
28.0892
27.6683
26.3444
26.3694
26.6364
29.4994
27.3283
27.5639
28.6574
28.1329
27.2535
26.9575
27.7244
28.2630
28.7222
27.8354
27.5502
26.0976
26.4846
28.5399
26.9341
27.3827
26.0232
26.6630
26.2803
26.7922
26.2574
26.5629
27.9251
28.0459
27.2733
27.8662
30.4417
29.4113
27.3510
29.0301
26.5765
26.0934
26.3862
27.2818
27.9221
26.9326
27.4305
29.4763
29.1438
26.8716
28.2251
27.3348
28.4715
27.8111
27.7977
26.6380
26.5744
28.0843
28.5962
28.6610
30.4360
27.1065
29.9400
28.7617
29.7702
27.9253
26.1645
25.7925
28.6215
29.0671
29.0364
27.9092
28.1102
27.6164
26.9889
27.9956
27.4895
28.0348
28.0823
27.7815
27.2727
28.5673
28.4546
28.4094
28.5613
25.9932
25.5982
26.3809
26.3978
26.1795
26.2357
26.0780
26.3502
26.0501
26.9747
25.5719
25.8506
26.3498
25.9262
26.6099
28.2668
26.7591
27.2104
28.5317
28.3377
28.0010
29.1757
27.6879
27.5632
27.3636
28.7984
27.3215
28.6128
28.2013
26.8114
27.7959
27.3664
28.5970
28.2072
27.7215
28.3824
28.0492
27.0769
27.7164
27.5884
27.4548
27.1071
26.3417
27.2530
27.1209
26.9707
25.6203
25.4491
24.9614
26.1126
26.2700
26.2170
26.1691
26.5209
29.2001
25.8281
26.0735
27.0942
27.4953
26.6159
26.8759
26.6454
25.7771
26.2297
27.0041
27.6398
27.5658
27.5181
27.2304
27.6188
27.2399
27.0732
26.1373
25.6061
26.2205
27.0724
25.7053
25.9392
26.0473
25.9965
27.2141
26.9485
26.7331
26.6676
26.5987
26.1917
25.6574
24.5292
26.2870
26.6466
25.9630
26.5503
25.9039
25.3827
26.0917
25.3317
25.8811
26.2049
26.3518
25.5613
25.6278
25.7986
26.7366
26.6657
27.9263
28.3538
27.0796
25.8944
26.3770
24.7160
26.0760
26.1810
27.8400
28.6271
26.5761
26.9495
28.1628
26.6225
26.3514
26.6850
26.7451
25.9080
26.6073
26.1619
27.6602
26.6267
29.6039
27.3210
26.7622
25.5470
26.4175
27.2817
26.6716
27.7434
27.5562
25.7659
26.0082
26.8453
27.3539
25.8772
26.8778
25.5992
26.8720
27.5441
26.6421
26.1970
26.4026
27.6135
28.1467
25.5574
26.6768
26.7417
26.8568
26.2625
26.9640
26.4845
26.5093
26.5095
26.4706
27.6409
28.8222
27.5969
27.2469
27.4850
26.8785
26.9913
28.1471
26.1470
27.6452
27.5779
29.0994
26.1829
26.9533
26.8052
28.0292
27.6000
29.0520
27.5644
26.6074
27.5020
26.2325
27.1686
27.9816
27.7420
27.6777
29.1618
27.7363
27.2004
26.1351
26.2270
28.3411
27.5100
27.3985
25.7977
26.1448
27.6791
27.7095
28.4804
27.8729
28.2130
27.7202
26.7122
27.0157
26.9316
26.5762
26.4383
27.4742
26.7272
26.4532
26.8067
27.6724
26.9337
27.0960
27.4626
26.8924
27.8542
27.3754
28.7831
27.8495
26.5199
26.1174
26.2746
25.7470
26.1088
28.5010
28.0800
26.1079
26.8724
26.9528
26.9441
27.8482
28.3440
29.5435
28.4238
26.8649
27.1012
26.2126
27.5401
28.1156
27.1560
26.6009
26.0166
27.7546
27.1897
27.1614
27.8371
28.1095
27.7252
29.4448
27.4586
29.3458
28.9002
28.0108
29.3089
30.0016
25.5293
28.4274
28.2988
27.0183
26.8631
27.7947
25.4432
26.5175
27.9362
26.6956
27.3515
30.9357
28.3042
26.3067
25.7670
28.4185
27.7173
27.3733
30.0732
27.2969
28.2118
27.8021
28.2113
27.5562
26.3811
25.6508
26.2396
26.6386
26.6733
25.9155
27.3400
26.7666
26.6560
25.7117
25.6164
26.5873
27.3580
27.0691
28.4340
27.7421
28.7215
30.6150
26.6617
26.4541
26.9384
27.4305
29.4791
26.6918
27.1264
27.0337
28.3941
26.7524
25.9601
25.9443
27.0356
27.1900
27.2921
26.7956
25.6919
27.2868
27.2506
27.0648
26.2848
26.3162
27.5475
26.3091
27.3188
27.6229
27.6061
26.2662
26.7446
27.4065
26.9628
28.4835
27.4389
27.6764
26.7224
26.2608
26.5543
25.9605
26.0826
27.9783
26.6387
27.6714
27.1316
27.5990
28.5331
28.1787
26.4669
27.7474
27.6265
26.3456
27.1829
26.1192
27.5118
27.3066
27.1576
26.5412
25.2521
27.9285
27.7595
26.8565
26.2304
27.6515
26.2222
28.2452
27.2713
26.3647
28.7685
27.1157
26.0425
27.7621
30.1510
27.9989
27.1987
27.8407
27.2308
27.2458
26.7662
27.7788
26.6338
26.0100
26.2462
26.6631
27.4268
26.4043
26.0373
26.3634
24.9603
25.5270
27.1713
26.4020
27.1887
26.7375
27.9098
26.6220
25.6896
26.7998
27.8872
26.3187
26.5682
25.9111
25.4680
26.7583
26.4268
26.1729
25.9140
26.3541
26.6722
26.1205
24.8457
26.2873
26.6061
27.0385
26.9436
27.6730
28.2252
29.1193
27.0496
27.2497
27.1136
28.7223
27.5573
28.2113
25.9044
27.6300
29.2940
29.6391
30.3398
29.3549
28.6326
26.6788
27.9648
27.3800
27.6184
28.3001
27.6144
27.6837
28.7159
30.5143
30.0046
28.0197
29.6249
27.0354
27.5335
27.7846
28.4301
29.1643
26.2528
27.5291
27.0640
25.3124
27.4827
28.8101
27.2364
28.6755
26.6608
26.3837
27.4210
26.7141
26.3713
26.8176
27.2749
26.9068
27.6719
26.5618
28.1429
26.1516
26.5455
29.1431
27.3590
26.3254
27.4337
26.7897
27.2542
26.0307
26.1722
27.1968
25.5093
25.7324
25.7188
26.0716
27.3845
27.2452
27.1760
27.2581
27.5423
26.3507
26.4924
26.9373
25.8011
27.3796
26.6974
24.7886
26.6284
26.4590
24.5453
24.7980
24.6547
27.0992
26.4593
26.2438
26.3153
27.3262
27.4828
26.8454
26.5000
27.7906
26.8420
27.9864
29.2639
27.8281
27.7824
27.8176
27.7240
27.9305
27.1959
26.7304
25.6155
27.4589
28.3044
27.7291
27.4509
26.4823
26.2308
26.3075
26.9842
27.1805
28.0601
27.3267
27.5200
27.2377
28.7559
28.8281
27.0396
27.3062
27.9178
28.0829
27.8166
27.0907
27.0391
27.6488
26.7347
29.2019
29.5542
29.2879
29.3227
29.1741
28.1448
28.6194
27.5819
27.8393
28.2347
28.6659
27.5332
27.4156
28.5299
28.4042
28.1179
28.4948
30.4980
28.1921
29.6051
26.4001
28.6080
28.3777
27.5997
25.4863
26.4788
26.6033
28.9136
26.9472
26.9223
26.9508
26.6660
27.6092
28.7377
30.0008
28.2814
27.7856
26.9349
27.9220
26.1347
25.2670
25.6777
25.1447
26.9878
26.0998
26.2692
27.3683
27.4339
28.4031
25.3706
27.1090
28.5336
26.5027
26.6687
25.7481
26.2888
26.3119
27.6600
29.2622
26.3169
26.3953
25.5794
25.7680
26.2415
25.7863
25.8480
26.1339
26.3919
25.4577
25.6554
26.9720
26.2874
25.8530
27.4378
26.0875
27.0159
26.2365
26.6750
26.4026
27.2430
27.0436
27.5171
28.3440
25.8258
27.9151
28.2884
26.5013
25.3947
27.7970
27.0577
27.7096
26.7523
26.6375
26.7450
26.8098
25.0436
26.4206
26.7148
26.3324
26.5425
26.8677
26.8345
26.8098
26.9112
26.2489
25.6707
25.9236
27.0982
27.2028
25.4223
26.1979
25.6613
26.7314
25.7270
25.6882
26.4668
25.8795
25.8030
24.8036
25.3394
25.8627
26.5934
26.2498
25.7552
27.1094
26.0398
26.1529
26.4552
25.7603
25.4663
24.3753
24.8929
25.1545
25.8125
25.2087
26.3512
25.9973
26.4443
25.7973
25.5621
25.8721
26.1492
26.7984
26.7482
25.9224
26.1047
26.7220
26.0147
26.8473
25.6428
26.5662
26.1660
26.7925
25.8390
26.0951
24.7734
26.1494
26.7641
25.6298
26.4502
25.8913
25.9652
26.3180
24.6716
26.1086
25.8414
25.6870
26.3562
25.9801
25.9217
25.6688
24.7254
25.7649
26.2832
25.4939
26.8787
26.5646
25.7241
25.3790
26.1869
24.6836
25.7321
24.4738
25.3371
25.0440
24.7660
23.9007
24.4356
23.9212
23.7714
23.2399
24.5886
24.3275
26.3525
24.8615
25.2742
25.4659
26.3071
24.1228
24.6193
25.4122
26.7914
24.8058
25.1015
25.7591
25.1908
26.9119
27.4952
26.4928
25.9939
25.9037
25.7010
26.6129
26.3787
26.7150
26.8017
26.1232
27.1057
26.2966
26.9142
25.8742
26.9971
26.7258
25.9072
26.3253
26.5825
25.5537
25.6230
25.7291
25.7192
26.4685
25.2013
27.0469
26.6704
27.6977
26.0882
25.8160
25.7983
25.7995
25.3415
25.2207
25.1935
25.0473
25.8238
26.7987
26.1371
24.3474
25.7983
26.7375
25.9574
25.9049
25.8846
25.8438
25.4837
26.5465
27.0411
24.9698
26.6718
26.6665
24.9222
24.7891
24.7399
24.7771
24.6378
25.6319
25.8224
25.8637
25.3098
26.0898
26.2878
26.7148
27.3241
26.9483
25.6820
28.3439
28.1447
26.3567
26.9349
27.0423
27.3893
27.0419
26.0135
26.6214
26.6857
26.8565
26.4404
26.6200
27.4382
28.3622
26.5268
27.9831
26.6555
26.3286
26.3317
24.8543
25.6685
24.2589
25.2502
25.3396
24.3873
25.4136
26.1503
26.3434
24.5953
23.6831
23.9913
24.1810
23.3262
23.8127
23.6023
23.7841
23.6775
25.0646
26.0629
26.2745
26.4519
26.1789
26.2878
27.0824
26.0291
25.4012
25.3950
26.9814
25.3902
26.0123
28.0725
27.1392
27.0175
26.1711
26.5755
27.1514
26.6070
27.1973
26.6221
24.8741
23.9048
25.6562
26.2224
25.6485
26.7300
26.5465
25.5467
26.4842
26.4188
26.9598
28.0132
27.9131
26.4492
28.0197
27.7973
28.6267
28.9799
27.7537
27.3400
27.9565
28.6271
27.6284
28.3384
26.4607
26.5202
25.9060
26.8632
27.4649
27.1139
25.3863
27.4431
27.8107
28.5297
28.1407
26.9637
25.5325
26.1425
27.7701
26.9359
26.7049
27.5507
27.7541
27.1462
27.9334
25.6215
25.5189
25.8248
25.0102
27.7671
25.6671
27.3195
27.6649
26.6939
28.2463
27.8376
27.2121
27.0975
27.9292
27.6734
27.2322
28.8618
27.8496
28.4185
28.9010
28.8130
28.0329
26.2160
27.8178
26.6041
27.4793
26.7898
25.6764
25.0047
23.9546
24.8204
25.9233
26.2712
25.6043
26.6123
28.1251
27.0669
26.8265
27.7610
26.7398
25.5856
27.5582
26.7969
26.0179
27.8515
28.4691
26.0264
24.6030
24.6037
25.9391
24.8504
26.3358
25.4916
25.9724
26.6857
26.6357
25.7630
25.0356
26.3561
25.4505
26.3268
27.2492
26.5162
27.4229
26.2151
26.5737
26.5874
27.4724
27.2013
27.6505
28.3294
25.8054
25.3704
25.0118
25.5846
25.3675
25.3179
25.3818
25.8857
25.2359
26.5992
26.5387
25.6100
26.5792
27.7036
26.2129
25.7275
26.0483
26.0288
25.2833
26.0799
25.2415
25.8965
25.7756
27.9095
27.3390
26.2332
27.0008
27.7047
27.1926
27.2741
28.2611
26.9709
26.3727
28.3260
27.0556
25.2458
27.1236
25.9038
26.7987
25.3419
26.3817
25.0968
25.3256
25.9123
25.1067
27.5310
27.1079
27.6114
27.1283
28.5796
28.3755
25.2677
25.1118
26.1249
25.6871
26.5329
24.9640
28.1962
25.6306
25.0277
24.9728
24.7040
27.1193
25.0924
26.4024
26.4202
27.0616
26.6167
27.6555
27.0715
27.0254
25.3420
25.2859
25.4864
24.6228
25.2852
25.3186
25.0378
25.5035
24.5503
25.1641
26.7199
26.0662
26.1753
25.5792
26.3644
25.5643
25.7886
26.3657
27.0361
28.3113
26.9829
26.3505
26.0061
26.5718
25.9295
25.5678
25.9540
26.0074
24.3921
25.4836
25.9902
24.9093
26.6953
25.3753
25.3081
26.0813
24.6770
26.5918
29.2309
26.8497
27.8669
27.1190
27.0950
26.0897
26.4382
26.4328
25.0838
26.1426
26.1327
25.7707
26.9589
27.2251
28.8624
26.6100
27.3068
26.4585
24.4924
26.9215
27.0524
27.6909
26.9047
26.9950
26.1392
27.7832
27.3048
27.7551
28.3252
27.9611
27.5195
26.1811
26.3048
25.9248
26.4172
27.1811
28.3202
26.1515
27.9217
25.9564
26.2421
28.3474
28.0816
26.8057
25.6921
26.9044
26.9774
25.6650
26.3562
25.9035
25.9505
25.9804
26.5253
26.5068
26.6371
25.8900
24.1611
25.9525
25.1079
27.2564
28.1886
28.5561
28.3914
26.3061
27.1612
26.9492
27.3906
26.9659
27.7736
26.3483
27.9245
27.0519
25.9134
26.2971
26.7311
26.3271
27.8106
26.5459
27.1590
25.9916
27.4512
28.4564
26.0405
25.8522
25.6959
26.1081
25.0618
26.6533
26.1251
27.0573
27.3593
27.0218
26.9026
26.1541
26.4596
26.1877
27.0160
26.6877
26.8333
26.3638
25.8614
27.7831
26.5962
27.2480
26.0106
26.2221
25.0873
25.8229
25.2509
25.6972
25.9158
25.5736
25.6486
26.0102
25.8420
25.9343
25.4883
27.0147
27.0395
27.0066
27.0558
26.2250
27.4224
26.2226
26.4951
26.2019
25.8365
25.8338
27.3363
27.4485
27.9460
27.1709
25.7273
26.2840
25.8886
24.7078
25.4936
26.0583
26.1155
26.6524
26.3010
26.3595
26.3738
26.5359
26.7647
25.8445
25.9267
25.7766
25.9073
26.4092
27.6622
25.2603
25.8234
24.9022
24.3431
24.4999
26.4790
25.1761
25.7556
27.8550
25.4277
25.0569
25.1409
25.7092
24.4844
25.8944
24.7033
25.5281
24.7206
24.4944
24.5371
25.0606
24.1350
24.3311
24.7026
24.6583
24.1060
24.2687
24.6483
25.2265
24.9120
25.2725
25.6553
25.0255
24.9599
25.2168
24.3058
24.0932
26.0449
25.0245
24.8398
24.4004
25.4020
24.2672
24.6931
26.6885
27.0315
27.3888
27.7344
26.4909
26.4839
26.3971
26.4229
25.8346
25.0975
24.2467
25.8979
25.6731
26.5395
26.4745
26.7207
25.4959
25.7603
25.2895
24.3463
24.7329
25.2339
26.4894
28.2776
28.0755
27.0800
27.6021
27.7744
25.0165
26.2756
25.7193
25.5412
27.3536
25.8257
26.3801
27.2226
26.5746
27.3958
27.8400
27.9050
26.8825
27.0657
27.6868
27.3048
27.3079
26.9477
27.7492
26.8213
26.8780
27.6426
26.6189
26.5475
24.8391
27.0218
26.6719
26.5340
26.8213
25.9590
27.6772
24.8145
25.5122
23.4582
23.1917
24.2048
24.5050
25.4106
28.3332
27.0820
24.7186
25.1059
26.3960
25.2436
25.2540
26.0066
28.2380
26.9663
24.9765
25.1576
25.8054
26.2808
27.0499
26.5386
27.1132
27.5131
26.1459
27.3776
27.1887
26.3168
24.6765
24.6678
26.7149
24.9507
25.3281
23.2286
24.8242
24.5051
24.4112
24.1141
24.1290
25.0904
23.7000
22.8610
23.4750
25.5204
23.7209
24.8489
25.0954
23.3848
25.2582
25.3659
23.2906
24.0730
24.2173
23.6352
23.3010
23.8057
23.7843
23.9038
23.2873
24.1364
24.5905
24.6051
23.6192
24.7056
25.0542
23.4049
23.9290
24.7061
25.0741
24.6367
24.4942
23.4667
24.3617
25.0256
23.9831
25.3362
22.9156
23.9352
24.8255
23.7970
23.1387
23.7950
23.6452
24.9564
23.5600
23.7654
23.9087
25.4798
26.2063
24.4622
24.9268
25.3434
23.7498
23.6789
24.5119
24.4670
26.1495
25.4134
25.1598
24.3136
24.6569
25.2993
23.7360
23.7646
24.2082
23.7044
23.6270
24.3237
24.5715
24.5684
24.6884
25.5948
24.2456
24.6150
24.1438
24.4468
26.1478
24.2436
23.7440
25.7252
25.2549
25.8839
25.0677
26.1319
26.4932
27.5882
25.1830
25.2459
25.6859
26.0108
24.9486
24.3292
24.1797
24.0635
24.1297
24.4447
23.4902
24.0767
23.4614
24.7448
24.3257
25.3018
26.1515
25.1525
22.9433
24.5257
23.5154
23.9188
25.1285
24.5131
24.2333
23.7992
22.8389
23.8449
23.0705
23.2332
23.3947
24.0653
23.6419
22.9573
24.2500
24.9539
24.9074
23.0808
23.8298
24.5901
25.9056
23.4140
23.6009
25.2421
24.4722
24.1408
24.7896
23.9382
23.6190
23.9261
23.8322
24.7355
24.2446
25.1111
24.3786
24.7778
24.6659
26.0290
24.6391
24.7198
25.2104
24.4360
23.1395
23.4301
23.2877
23.9989
25.3056
24.6330
24.4053
23.5587
22.8641
22.3000
22.7910
24.5623
25.9025
24.9833
24.4611
26.8210
26.9771
25.4051
25.2345
23.9241
23.6606
25.2707
25.7324
24.8837
24.5744
24.9227
25.0705
24.9846
25.2757
24.3409
24.8304
25.5148
24.4710
25.2757
24.5373
24.0176
24.8535
25.7265
24.7132
25.8261
24.4212
24.2047
24.9534
25.7471
24.5176
24.2964
26.9510
25.0007
22.9529
24.9317
25.4530
25.0294
24.4379
24.9891
24.6594
23.5842
23.8177
24.9215
26.4925
25.3650
25.6334
24.2042
24.3783
23.4384
22.9038
24.6155
25.0680
24.0988
23.7954
24.8732
25.1802
26.2488
24.5629
26.1270
23.7409
23.6615
23.3731
24.8471
24.9136
23.3436
24.4721
23.2015
24.4024
24.0120
24.8817
24.3972
24.1703
24.1078
23.1994
24.1445
24.2551
23.3619
25.1835
24.5869
25.4209
24.1695
24.3435
24.1129
24.0442
24.0160
25.1533
24.5091
25.9547
26.1377
26.4635
25.5426
24.2665
25.8398
24.9941
25.9415
24.0416
24.4607
23.9485
24.7765
23.2085
23.2381
23.5853
23.8707
23.8705
24.6760
24.0530
24.0799
23.3611
23.5573
23.5618
23.6048
24.6123
24.9356
24.1630
24.1093
25.8158
24.0871
25.1613
24.5440
25.3292
24.7262
23.8813
24.2572
24.6171
24.4598
24.0067
23.1807
22.2581
23.6958
24.3794
22.8058
23.3453
22.6370
22.4291
21.9779
22.7597
23.8485
23.5440
23.8385
25.5670
25.1509
24.9222
24.8647
25.1437
25.0604
24.6630
24.9502
24.6560
24.2307
25.7398
24.3493
25.3394
24.3248
24.4026
23.5602
24.1615
24.4809
24.7798
24.6964
24.2933
26.5523
23.5209
24.5392
25.1909
25.0948
26.2331
25.5839
24.2298
24.7293
23.6285
23.6661
23.6854
25.5064
24.9878
24.8604
24.5323
25.2476
23.9482
23.8844
23.3213
23.6374
23.8141
25.3029
23.8506
24.9827
24.9923
25.6358
24.3261
24.5670
24.8737
25.7485
23.6817
24.6346
24.0507
23.9964
24.2429
23.4453
24.6013
25.8440
24.8604
23.7898
24.1453
24.9291
25.2653
25.5447
26.6291
25.8562
24.2307
25.4865
24.6619
24.3790
22.1475
25.1839
24.9185
23.7319
23.9599
23.7736
23.2617
23.2032
24.9553
24.0061
25.2887
24.4978
24.4114
24.9301
23.6886
23.6460
24.0263
23.9564
24.4628
23.8839
24.0295
24.7236
24.2202
24.5018
24.7613
24.7848
24.5900
24.1297
24.2125
25.0306
24.4641
24.4600
24.9601
22.8921
26.1498
25.1230
24.2937
25.6938
25.8834
26.0022
24.7884
25.1068
24.3169
24.3443
23.7797
23.5738
24.3135
25.6669
25.1711
24.9005
25.0970
25.8815
24.9046
25.4827
25.4410
25.5644
23.7025
23.7135
23.2385
24.9887
26.0681
24.7155
23.7758
24.0408
26.0571
24.6660
25.2834
24.6075
25.4630
24.8743
24.2180
24.6726
26.1018
25.7736
25.8950
25.7546
24.3901
23.3844
25.1006
24.7849
24.6096
24.8250
25.1094
24.9030
25.1909
25.5791
25.4318
25.1679
24.2260
24.4698
23.6927
24.0432
25.7724
24.6611
24.3414
24.6111
23.6764
24.3970
24.5869
24.3470
25.8289
25.5086
24.9581
25.2077
25.2366
25.3903
24.8441
25.1052
25.2117
24.2648
24.6829
24.9776
24.7757
23.6008
23.2548
23.1064
23.9117
23.9073
23.7742
25.8935
23.7323
24.5753
25.6839
24.6108
24.2174
23.7693
24.2851
23.8209
24.1825
24.8288
23.5737
24.3569
25.5273
25.1611
24.2775
24.2852
23.6728
24.0504
24.3090
25.2257
25.1840
25.5634
25.1904
24.2584
24.6312
26.0577
23.7940
23.4754
24.6449
23.8926
23.8696
24.7553
24.6545
24.2413
23.9760
22.8802
23.5224
23.7359
23.7590
23.7519
22.5941
24.0459
23.7122
24.2593
23.6775
23.9026
23.6404
23.7234
23.3687
23.8828
23.5957
23.4926
23.8342
24.0457
23.2705
23.1794
23.9028
23.2295
22.8944
22.9554
23.1563
22.5929
22.9503
23.0564
23.1343
22.9399
23.5971
22.4989
23.7883
23.7680
22.9652
23.4550
23.9062
23.4289
23.8141
24.4250
24.9028
24.5117
23.6328
24.1082
25.7145
25.0479
25.1985
25.6684
25.6300
24.5429
25.5499
25.8764
25.3794
25.8323
24.8366
24.7409
24.6424
23.8073
24.8511
24.9735
25.1439
24.6849
24.5996
23.8473
24.4920
24.8021
24.7455
26.4023
25.6181
24.6760
26.3979
26.1172
26.8227
23.9455
24.2435
24.9677
26.2028
25.5492
25.8577
24.7548
25.5803
25.4090
26.0076
24.9628
25.0827
23.9874
24.6188
24.5633
23.8055
23.2368
23.4944
23.9023
23.2979
22.6424
22.7754
22.0481
23.6014
24.2612
23.9488
23.8248
23.6631
23.4366
25.9664
22.4704
22.7678
23.3380
22.3269
23.9716
22.4245
20.8167
23.0801
22.7156
21.6294
23.2990
23.6528
21.7413
21.7714
21.8873
22.1779
22.1182
22.9526
23.2568
21.2963
22.7045
24.6718
22.5506
22.7067
23.0914
22.7507
23.3366
23.0226
23.7391
24.4162
23.7074
23.4406
24.9091
26.0288
24.9099
23.7152
24.3392
24.5105
24.7599
24.0366
23.2162
