25.9413
26.3868
25.3554
27.1807
27.0090
26.4393
28.6393
29.4899
28.5682
26.6250
27.1248
27.9338
26.6144
26.4010
26.7838
28.0434
27.4244
27.6946
26.8108
26.8584
27.1093
27.8493
26.9947
25.4835
24.8431
26.3543
25.1253
25.5324
25.6132
26.1211
25.7243
23.9458
24.2337
23.1838
22.6616
23.5937
23.6859
24.0082
23.8952
23.8887
25.3414
27.0394
27.2621
25.4253
26.1804
26.1373
27.4601
26.7165
26.7271
24.8325
23.6556
24.0702
25.2151
26.1631
26.9182
27.5532
26.6814
26.8978
27.8946
26.5068
24.5429
26.0948
26.5785
26.4365
27.0830
27.5933
29.8400
26.8936
25.8259
25.7447
25.9675
25.5219
26.2305
25.5736
25.1852
24.5178
23.7977
24.2380
24.8225
24.3753
23.7366
23.8005
24.7781
24.6310
24.0281
24.5582
26.1836
25.7041
27.4142
25.6186
27.8404
26.1032
25.4838
25.3772
25.6474
28.3437
25.6842
25.9321
26.1354
25.4770
28.3633
27.1949
27.7707
26.6522
25.7353
25.3040
25.6403
26.2089
27.7493
25.4875
26.0772
27.6555
27.1882
27.4389
25.5150
25.2020
26.0668
25.4970
27.9739
25.6374
25.7034
26.4029
25.4951
25.1581
24.9704
25.1388
24.1585
24.7542
23.9798
24.0857
23.7378
23.5284
22.4786
23.6279
23.2724
23.9705
23.9198
24.5157
24.2267
24.8027
23.9591
25.4404
24.7003
24.9079
24.9777
26.0542
24.0872
25.0651
24.4839
24.0487
24.2607
24.4388
24.1959
24.2275
23.8852
24.3566
24.2052
24.0187
23.2815
22.4546
22.1537
23.3231
22.8718
23.9140
22.0106
22.9260
24.0741
22.8433
23.2478
22.9112
23.4661
22.6786
22.1017
22.8207
23.2325
22.2745
22.1211
22.4970
24.2177
25.2934
24.7992
23.5581
24.1048
24.4061
24.3218
25.5277
23.8193
23.6139
24.7026
25.1191
25.5684
24.8967
24.2000
24.4168
24.0953
24.6744
24.8137
24.4647
25.2724
25.0962
24.2084
23.8466
23.9638
23.9565
24.1207
24.4746
24.2156
24.1863
24.6386
24.7545
23.8097
25.1208
25.6191
25.6406
25.4892
25.2622
25.9252
24.2228
24.9018
24.9613
24.2168
24.6098
25.1438
24.9441
25.6434
26.6007
27.5885
25.5775
25.6804
24.7116
25.1340
25.6036
24.7052
24.4677
24.5766
24.1672
24.7539
24.1809
23.8869
23.3153
22.3988
23.0201
23.9850
24.2286
24.5130
24.4526
25.5948
23.8878
22.0858
23.0503
22.9961
23.2566
24.7222
24.0679
23.4260
24.1667
24.3394
24.4723
23.3720
23.9275
24.1535
24.2651
23.9974
25.2456
24.0966
23.9610
23.9261
24.3277
24.7751
24.6658
24.8015
24.3299
24.2618
25.0084
24.4419
24.5431
24.1044
24.5690
24.5919
24.0414
25.1632
23.6996
23.6138
23.3413
24.1567
23.4620
24.5240
22.6718
22.9277
22.8190
22.9624
23.0870
23.3206
23.8827
23.5316
23.5664
23.3310
23.4386
23.9433
24.1667
23.8970
23.1473
22.5944
23.0418
23.4843
23.4171
23.6150
23.7193
23.7576
23.4702
23.2906
23.9336
23.7144
23.6727
23.3927
24.0545
23.9516
24.5329
24.3877
23.7656
23.9350
23.9058
24.3788
23.1978
24.6267
24.3205
24.8728
23.7577
22.8953
22.3502
23.6660
23.2503
23.2906
23.6600
24.2154
24.2328
23.5515
24.0333
23.9550
23.8950
23.4761
23.9808
24.1207
23.5930
24.0559
24.4024
23.7611
24.5356
23.6120
23.9788
24.0348
23.8991
23.7785
23.3230
24.1504
24.2173
23.9221
23.4433
23.4742
23.0158
23.8914
23.8788
23.9214
23.8498
24.2895
23.8433
23.9780
24.0571
23.6703
23.9136
24.2220
24.3138
23.6373
24.8554
24.6637
24.3206
24.3573
25.2123
24.9416
24.7299
24.3904
24.6679
24.5013
24.5936
24.5194
23.9591
24.6326
25.2944
25.1168
25.2190
25.1104
25.1864
24.9815
25.5172
25.9965
24.9605
25.0418
25.6027
25.6114
24.8701
24.5665
23.9787
24.0234
25.0087
24.3286
24.0413
24.6600
24.5270
23.3540
23.7597
23.7608
23.6831
23.9278
24.2733
24.4490
24.0061
23.4394
24.5389
23.8770
24.2373
24.0157
23.4610
24.0820
23.4551
23.9381
24.6931
24.4640
24.1244
24.5398
24.1764
23.7130
24.2463
24.5007
24.4090
23.6240
23.6247
24.1594
23.3872
23.8187
24.1739
23.9184
24.0176
23.8870
23.8697
23.8412
24.1072
23.5328
23.8801
23.3485
24.3199
24.5113
23.5189
23.6718
24.3232
24.5525
23.2367
23.9084
24.3387
23.2830
23.1832
23.6049
24.0131
23.9782
24.0928
24.2809
23.8410
24.1908
24.0208
24.0910
23.8182
23.8650
24.0961
23.7814
23.4239
23.9935
24.2233
23.7621
24.0329
23.7197
24.2852
24.0351
23.8052
24.1500
23.8772
24.4492
24.2595
23.6134
24.6723
23.9152
23.7667
23.4708
24.1055
24.0492
23.9442
23.3489
24.0604
24.1864
24.2473
24.1966
24.4072
23.4655
24.2419
23.9674
24.3817
24.0260
23.7907
24.0306
24.3310
24.5216
24.3951
24.4988
24.5618
24.1003
24.4763
24.4442
24.0250
23.8722
24.0646
24.4263
24.4941
23.9668
24.4411
23.6805
23.4045
24.0774
24.3930
24.3237
24.6963
23.9300
23.9908
24.0712
23.8704
23.5059
23.8243
24.2099
23.9720
24.4038
23.9369
24.1363
23.7805
24.2674
24.4266
23.9604
24.1861
24.5659
24.2383
24.0540
24.7507
23.5852
24.0496
23.8974
23.4770
24.1965
22.9774
23.7799
24.0075
23.6600
23.4183
24.5407
23.4640
23.7891
23.2302
24.0435
23.2504
23.1567
23.4985
23.5523
23.5675
23.7860
23.7821
23.6674
23.7931
23.1652
23.8856
23.4030
23.7755
24.3603
23.8870
23.8468
24.4580
24.3899
23.8202
23.7964
23.7536
22.8089
23.6212
23.2341
23.6009
23.7551
23.9299
23.4119
24.4000
24.7530
26.3030
24.2839
24.6725
24.0989
24.0494
25.5040
25.1668
24.5698
25.4020
25.3221
25.2280
25.9011
25.6307
25.5550
26.2352
26.1024
26.3711
26.8442
26.8143
25.8241
25.6028
25.1288
25.8018
25.5731
26.8796
27.0005
26.8923
27.4356
26.6054
26.0655
26.6267
25.3205
26.9237
26.5329
27.4600
25.6239
25.0285
25.5805
25.0568
25.5802
25.7065
25.1652
26.1194
26.5225
25.5453
25.7218
25.9092
24.5707
26.1098
25.2170
26.1275
26.4781
26.5465
26.6562
27.1314
27.8017
26.1348
27.6660
25.7760
23.3019
24.4893
24.5409
26.8602
26.1492
25.4031
25.1529
25.4414
25.7785
25.8341
25.9813
26.4533
29.1312
27.3118
26.2171
25.5122
26.1019
25.6467
25.9183
25.5753
25.7463
26.6558
26.5234
25.7998
27.9706
26.7031
26.8186
26.0628
26.9084
25.8508
26.7670
26.0371
26.8336
27.1648
26.3701
26.1024
25.6247
23.0853
23.6029
23.5865
23.9246
23.4835
25.4361
25.6814
25.9114
24.2395
24.2058
25.1074
24.8507
24.4831
24.9765
24.2775
24.1102
23.4586
24.9800
25.0653
25.1071
25.5577
24.1487
24.7528
24.7557
24.8299
23.9762
24.1261
24.6075
24.0386
23.6293
23.6833
23.8926
23.9847
23.9734
24.4063
24.1605
23.6177
24.2903
24.1846
23.7201
23.3996
23.7074
24.6168
23.5830
24.3020
24.0282
23.9745
23.5800
24.2568
24.5688
24.6362
23.6881
24.9792
23.8706
23.7482
24.2136
23.5004
23.6718
24.8983
24.5856
26.3944
24.2039
25.2345
25.2584
26.3900
26.3525
26.1388
26.5042
27.2923
26.8297
26.3078
25.6186
25.9448
26.8712
26.2549
25.8154
26.0508
26.4413
25.5357
24.9113
26.3779
26.6834
26.1676
25.9295
26.7339
26.1906
26.2418
25.8792
26.7769
25.8896
25.9751
24.3251
26.6431
25.8926
26.1267
25.7607
26.2850
26.1740
24.6345
24.4974
25.2307
25.2314
24.4878
24.1129
24.7949
24.7350
24.6326
24.3370
25.0250
24.0987
24.0633
24.2490
23.9930
24.0604
24.4931
24.7886
24.1493
26.1416
25.5880
25.2746
26.7513
26.7581
26.3276
26.2410
25.4934
25.4492
25.1511
25.0437
25.6849
25.0521
24.7290
24.7874
24.9288
25.2348
23.7372
24.8543
25.5806
25.1284
25.0770
25.5346
24.5313
23.9106
24.1574
24.1440
24.5491
24.1280
23.6607
23.9032
23.8339
24.2468
24.1806
24.0387
23.2909
24.4400
24.4259
24.5592
23.8394
24.3629
24.2011
24.2597
24.5400
24.3586
23.8209
24.1939
24.7016
24.1947
24.0548
24.8490
24.2288
24.1870
24.6246
24.5658
25.3141
25.4834
24.6210
24.1223
24.6404
24.0322
23.8397
24.3204
23.7567
24.3759
23.8227
24.0581
24.0749
23.6529
23.8690
23.8155
24.0349
24.0884
24.3509
23.7863
24.2777
23.3013
24.3374
23.5816
23.6329
23.3037
23.4796
23.2205
23.5672
23.5375
23.4793
23.8499
23.5056
23.7235
23.9260
23.8668
23.8066
23.8135
23.7207
24.3104
23.8860
24.2587
23.8115
23.0399
23.8738
23.1851
23.2752
23.6545
23.7676
23.5903
23.3303
23.4113
23.8767
23.7291
23.4923
24.3999
23.9400
23.2275
23.9847
24.4578
24.5929
24.2201
24.8164
23.8065
24.2216
23.9069
23.7417
23.4452
23.7885
24.2938
24.8535
24.7290
24.9487
23.9751
24.4001
23.8284
24.2368
24.4453
24.6740
25.6355
25.6586
25.3074
24.7294
23.4341
24.3372
24.2504
24.7541
25.0701
24.1455
24.9052
24.5663
24.3337
24.5524
24.4695
23.7694
25.0703
24.6318
24.9475
24.8187
24.5297
25.5046
24.9977
24.8886
25.3872
25.1434
26.2213
25.6684
25.5085
25.5381
24.5392
25.9979
25.4338
25.4193
26.0129
24.6998
25.4303
24.8709
25.5215
25.7555
25.4120
24.7818
24.4660
25.4784
25.4029
25.3084
25.7081
25.3988
26.2965
26.0399
26.4710
25.2601
25.7230
25.8031
25.5448
25.3296
25.2012
25.3548
24.8387
24.9832
25.0915
24.6524
25.0155
24.3588
24.7482
25.1971
24.2127
23.6368
24.0551
23.9470
24.0321
23.9464
23.5355
24.6190
24.1170
24.0516
23.9010
24.0448
24.2698
24.3077
24.3331
23.0986
24.4353
24.3680
24.2000
24.5697
24.1958
23.8590
24.3676
24.0230
24.0007
23.9647
24.5794
24.3125
24.0542
24.2312
23.8487
24.6087
23.6947
24.0210
23.4580
23.9754
24.2408
23.9684
24.3281
23.7804
24.2732
23.3646
24.0212
23.9294
24.3207
23.7900
23.9383
23.9576
23.4319
23.6829
23.8281
23.5990
23.5293
24.0641
23.6237
24.3301
24.1618
24.4640
24.1372
23.3180
24.1418
24.0949
23.7259
25.4124
24.6376
24.2207
25.1001
24.7544
24.5555
24.0331
24.4477
24.8588
24.0081
23.3645
23.3422
22.4678
24.1211
23.5361
23.4640
23.8589
23.7311
23.8176
24.3068
24.4187
23.9878
23.6917
23.5992
24.2340
24.1661
23.9538
24.0182
24.2190
24.3385
24.1020
24.1162
23.7900
24.0340
24.2505
23.9588
24.9976
24.1402
25.0278
25.0262
24.3332
24.5474
24.5413
24.4522
23.9821
24.4256
24.5264
23.9701
24.0494
24.4602
24.2953
24.0483
24.0489
23.8248
23.4819
24.6416
24.7213
24.3598
23.9819
23.7442
23.7946
24.0719
24.2377
23.9053
24.3805
23.7556
23.6148
23.8451
24.0169
23.4066
24.0027
23.9760
24.4702
23.6275
24.1712
24.5103
24.8300
24.3653
24.4909
25.2554
25.5271
26.1241
26.7065
26.4808
24.4427
24.6774
25.0912
23.9261
25.6205
26.3772
28.2130
26.9357
25.9615
26.4357
26.9871
27.7716
26.6780
27.8515
28.5862
26.1955
25.6587
25.4467
25.7187
25.4439
26.5858
26.7688
27.8099
27.5892
27.0233
28.9357
27.6752
28.7490
27.8246
28.3803
28.3146
27.4466
28.4577
26.6399
25.9384
26.1038
26.8850
27.1439
26.1772
25.6925
27.6857
27.9067
29.0137
27.0727
27.5781
27.9665
27.5074
26.2812
28.4057
27.2451
29.5399
29.4874
27.9594
29.4916
28.6444
28.9050
27.7872
28.7345
31.5133
28.5451
28.1389
31.4096
28.5030
28.6633
28.9367
28.2489
28.3371
28.7015
27.8354
27.0808
29.2184
28.5877
27.8827
27.2735
27.3505
25.7811
25.7698
25.5891
27.3508
27.5999
26.8801
27.1494
26.6794
26.1352
27.2369
29.4709
28.5751
27.5884
27.7223
27.8735
29.0472
29.2437
29.3969
27.8565
28.2797
28.0536
28.6686
28.7611
29.0022
27.3042
28.6655
26.8022
27.0854
26.8966
27.4550
27.1858
27.9995
28.1734
28.0561
27.4281
28.5805
29.1975
27.0057
26.9897
26.8280
26.6856
27.9149
27.6465
28.4345
28.0646
27.7049
27.1525
26.6680
27.8907
27.7233
27.2317
28.6630
28.4870
27.9535
28.3312
28.3452
27.7435
28.1684
27.7127
28.0810
28.3055
28.8337
28.3514
28.7431
29.9911
30.0104
28.9706
28.4172
29.1600
27.7253
27.0278
27.7009
26.9496
26.4962
27.4952
26.7640
27.1284
28.3970
29.7247
30.0597
30.0966
29.5800
28.1299
28.3939
28.0119
27.9753
27.7084
26.5975
26.4699
29.2670
27.6118
28.5243
28.2748
28.3063
27.5387
27.9542
28.3729
31.1002
27.4519
29.4735
27.8330
27.3720
27.8666
27.8139
27.6699
28.8598
30.7768
31.0632
30.1978
28.8567
29.2448
28.9283
30.3316
29.6224
29.6404
30.7332
28.7989
29.1014
27.9290
29.8168
28.1783
29.2199
28.5657
27.0570
26.1678
26.8134
28.1826
26.1506
27.0326
28.4580
27.4745
28.9806
28.1321
28.7233
28.1792
29.0415
28.5384
25.7034
26.1870
25.9424
27.8209
27.9847
27.4041
28.3446
28.4827
29.4252
28.4061
29.6010
29.5349
28.5089
27.3194
27.2795
26.8474
28.0868
28.2729
29.3468
29.2814
29.2899
28.2439
28.0350
27.9908
29.8647
28.8982
28.8505
28.7017
28.1255
27.6117
28.0898
27.0543
27.5438
26.8853
26.1971
25.8248
25.6515
26.1880
26.7792
27.5453
26.4752
28.0678
28.4058
27.2560
26.0222
25.6565
24.8081
23.8621
25.0384
25.5192
25.6730
24.2594
23.6831
25.1549
23.3806
23.8322
24.0035
23.6789
26.2509
25.6780
25.1380
25.9338
25.6830
24.7604
25.6388
25.3959
25.4519
25.5541
26.8310
25.7034
24.3989
25.6722
25.2150
25.1408
25.0123
25.6313
25.5675
27.6592
27.8256
25.8620
25.1851
25.7361
26.8155
28.1976
24.8541
24.7068
26.2720
25.8068
26.7977
27.2470
27.2613
27.5653
26.6508
26.2274
26.2903
24.5753
27.6350
26.9507
27.2103
26.6532
26.7172
26.2246
27.7320
27.0993
25.1907
27.7733
26.7471
26.9385
25.3354
28.5534
27.3351
27.1104
26.2543
25.8129
26.6640
25.5281
24.9372
25.1334
26.1581
25.6778
25.2281
25.8783
26.2665
25.9032
25.6232
26.5507
26.7439
27.0958
26.7800
26.4913
23.8968
23.7577
25.3201
26.3429
27.0590
27.0171
28.7640
29.7168
29.7636
28.3931
28.4197
27.4095
28.1662
26.8357
27.9645
27.2117
26.3503
26.5666
26.6640
26.7645
26.5349
25.6778
26.9454
26.1300
25.7932
27.1131
26.1694
26.9846
27.2261
25.4695
25.0974
23.3753
23.5155
24.3608
24.4760
25.7957
25.6243
24.8418
23.1461
24.2131
25.1251
24.9131
25.7430
27.1692
26.4880
25.8949
25.8145
26.2283
26.1853
25.7938
27.2732
27.1377
27.1978
26.9633
24.9052
24.3651
26.2532
26.2854
26.2706
26.6210
25.4543
25.3098
26.1522
26.4022
26.0304
25.6576
25.3141
26.5527
27.3334
26.6137
26.3506
27.4946
28.4918
28.5166
27.0167
25.9842
27.9299
27.4012
29.1376
28.6512
28.4472
27.0385
25.1738
24.7271
24.6749
24.4989
25.1788
25.0815
24.4992
23.9490
25.2855
25.0751
27.4525
27.7798
27.0359
27.6129
27.5707
26.8345
26.8913
27.0343
28.4378
31.3511
26.9916
29.4617
28.2184
27.2830
27.8353
29.1271
29.1237
28.5850
27.7649
27.2801
26.7784
26.6319
27.0613
26.6817
27.8703
27.5211
27.9844
27.0386
25.9596
25.9145
27.5932
25.8541
26.6697
26.9739
27.6638
28.6138
27.7576
27.1104
25.9868
25.3228
25.7991
25.3813
26.1288
25.2166
26.0747
27.8786
25.0485
27.9213
25.3881
24.5346
25.8081
27.7044
26.3665
27.7894
26.0021
25.6633
26.5604
27.1066
26.0150
26.3960
26.1278
25.9162
25.5632
25.7581
24.5426
26.2116
25.8651
26.7510
27.1263
25.9598
28.1369
27.5587
27.0686
26.6706
26.3405
26.2249
24.7164
26.2352
24.0563
26.0298
24.3856
25.2428
24.9629
24.4556
24.8896
24.6608
24.2295
23.4294
24.1534
24.5839
24.7106
23.9506
24.1013
24.6594
24.1408
23.9944
25.3368
24.9469
24.8549
26.1325
24.5456
24.2744
24.1809
25.1285
25.1237
24.8790
24.9649
24.4535
24.3775
24.4122
24.0345
24.2396
25.2013
24.9026
25.1612
24.4592
23.6269
23.7953
23.8238
25.0552
23.5920
25.1916
24.7423
24.9848
24.9041
24.5158
24.1679
24.3275
25.0928
24.5601
24.3753
25.1614
25.1179
24.9635
25.3606
25.1411
24.9263
25.2775
24.5670
24.9426
25.1145
26.7531
27.8225
27.1977
27.8564
27.1469
26.9082
27.6732
27.3117
27.9908
26.7758
26.4811
27.6918
28.6567
27.8179
26.7095
28.5081
26.6494
26.5343
27.3008
27.2729
27.6843
27.7944
29.1830
25.6710
24.8177
25.1319
25.5701
26.2868
26.4842
26.8719
27.3124
25.5549
24.5404
24.5571
25.1836
25.4395
25.5519
25.7685
24.7272
27.6885
26.4175
27.7490
27.5879
28.2700
25.9406
27.4484
27.7540
28.2044
28.0927
27.1880
27.7486
29.4602
28.1073
28.0768
28.3996
28.6255
27.1260
28.2895
27.8438
28.9427
27.5720
28.1456
27.8418
26.7995
27.5903
26.5077
26.4962
26.8841
26.6444
25.0505
25.2709
25.7159
25.3243
24.2475
25.3422
26.1010
25.8664
26.0092
25.6372
25.2082
26.4211
25.7868
24.6333
25.0815
25.2988
26.6106
25.8653
26.3067
25.5929
26.8238
26.6982
25.4417
27.0815
25.6730
26.8481
27.2994
26.7192
26.2705
25.6821
25.4973
26.0951
25.7667
27.6319
26.4000
23.4147
27.3549
26.3025
25.8536
26.1614
25.3570
25.2778
23.7668
24.2298
25.0269
24.9429
26.0927
27.0721
25.9910
24.8169
25.3453
26.9325
25.7079
25.6618
25.5460
25.6044
25.4548
25.7856
24.4785
24.8682
27.0258
26.3856
25.8993
27.2900
24.2627
24.3223
24.4618
23.7616
23.7788
23.8415
24.3034
25.7083
26.5371
25.9752
25.6456
26.6923
25.2997
26.6136
25.7781
25.2901
25.5867
25.2842
27.9530
27.8858
27.1003
26.9390
26.1112
26.5973
28.3346
27.2851
26.6696
27.5735
26.5850
27.0086
27.4673
27.1974
26.4938
27.0461
27.5744
25.5613
26.4004
29.7408
26.9562
28.2746
29.2374
27.6017
27.7875
28.6042
28.2589
28.0801
28.1650
30.4082
26.7301
26.2257
25.0033
26.7112
27.8109
27.3160
28.2213
27.3855
29.2819
29.5296
29.0134
27.9116
28.9811
30.1499
29.8526
29.5434
28.9859
29.7963
29.6319
29.2740
28.5877
29.6803
30.8933
28.4596
28.5228
27.6486
30.0773
29.0645
27.3270
29.9945
29.4917
28.5829
27.1260
26.3784
28.1946
27.8747
27.4738
27.4279
27.4625
27.8111
28.2040
28.7764
30.1461
27.9783
28.0460
27.0469
27.4608
26.0208
25.7942
28.3629
27.9226
28.0577
29.1553
30.0343
30.0889
28.9532
30.4504
29.9166
28.8639
28.1095
27.1058
29.3400
29.5252
29.6412
29.2245
31.0827
29.8877
31.6556
32.1509
31.6748
31.2477
30.6394
31.6583
30.0526
30.3924
31.9567
30.9953
29.6568
29.3874
28.5827
29.0384
28.3765
28.0692
27.9542
31.1959
31.1552
28.2687
27.4644
30.0023
28.8494
28.8141
31.3520
31.0470
29.8677
29.1641
30.2038
31.8269
29.7035
30.8460
27.8841
28.6086
28.0907
27.2927
27.1085
28.8437
28.7651
25.6642
27.3141
28.1742
26.6978
26.7368
24.7749
26.9335
27.3936
24.8227
25.0081
27.0948
28.6569
27.4394
27.7577
29.3483
29.0347
29.0429
31.1922
29.0086
26.9791
29.8760
29.5793
28.9281
30.9389
29.0527
29.5761
27.8451
28.0789
29.0857
26.8024
27.6005
26.1800
28.1625
26.3747
28.1659
27.3323
27.6625
28.2466
27.8913
27.7184
28.6836
27.8183
27.3028
27.5867
28.8389
29.2492
28.8605
28.0605
25.9458
28.1144
27.6035
27.2340
26.7147
29.2691
29.6619
27.7133
29.6245
28.7470
30.9630
29.8965
30.5356
28.8147
27.9667
29.9493
29.8054
28.5315
29.3901
28.2337
28.3360
28.2591
28.4476
30.4145
30.5739
29.3396
29.5884
29.2931
29.2243
28.5930
27.5648
27.6974
27.1979
27.9379
28.9614
26.4195
29.6369
28.6923
27.7969
27.3050
27.4316
27.0889
28.2709
29.9228
29.1450
29.2987
28.4318
28.5384
27.6503
28.1951
29.5166
27.1760
25.7187
28.6427
26.8216
25.9375
25.4075
24.8240
24.6271
25.2028
24.4912
24.3669
24.5180
24.5177
23.5860
24.3433
24.7818
24.9466
24.1664
24.4350
25.9174
25.5952
25.0637
25.3068
24.8117
24.6524
25.3918
24.5538
24.4684
23.9940
24.6796
23.7324
25.0950
24.6489
25.0960
25.3144
24.6637
24.1638
23.8586
24.7515
25.0095
24.9055
25.5321
25.0235
26.2255
25.8070
25.4633
25.2208
24.5037
27.0525
26.8820
28.1619
27.1719
27.8670
29.2317
30.3616
28.3288
29.5799
29.7655
29.9059
30.1773
29.9268
27.8468
29.6174
30.7730
28.9798
27.2893
28.1621
27.3028
26.4814
25.5503
26.1655
27.1483
27.4127
26.8717
25.9892
26.3542
26.7184
26.9146
27.3546
26.6041
26.4394
27.4028
26.4402
26.5299
25.9227
29.0694
29.3902
28.2020
27.9787
28.3437
26.9979
27.7765
28.7735
26.7830
26.7501
27.2099
28.4985
27.9643
27.6770
26.6830
27.6916
28.4029
28.6008
27.2811
27.6332
27.5493
26.3863
26.7158
26.5499
26.8380
25.8418
26.2152
28.1124
27.8446
27.9409
28.1336
26.9843
27.7489
29.4564
29.4356
27.7137
28.3000
30.1985
27.4399
26.1499
27.9429
25.9271
27.4137
29.0077
28.2044
28.6064
29.0266
27.9645
27.9565
29.0883
27.3659
28.7911
28.0402
28.0926
27.8938
27.9937
25.1286
27.5117
26.2721
27.1575
27.8730
27.5102
28.7601
28.3857
28.5201
28.8139
28.5790
27.7520
27.3798
27.8445
28.3176
28.4720
28.3358
28.3237
30.1648
29.0545
28.6544
30.6240
30.3935
28.9754
29.8984
31.4756
28.8631
29.3878
30.2035
29.4002
28.2870
29.4302
28.2518
29.6345
27.7387
28.3496
30.3308
28.5014
30.9989
29.9892
29.2588
29.0012
29.0491
28.3432
28.9169
26.2510
26.9360
26.4725
27.4609
28.9977
27.8506
27.9635
27.9145
27.5729
28.9769
27.7851
27.0479
27.4879
26.3328
26.6506
27.1134
27.2957
27.0172
27.2313
27.4599
27.9144
27.0014
28.7372
26.5800
28.2928
29.2372
31.3055
31.4625
30.5065
29.6114
25.8993
25.6653
28.0979
28.9265
29.6836
28.9539
28.9617
28.7333
27.1586
28.3409
28.4414
28.1107
28.3229
27.3756
26.9201
28.7157
29.1257
25.5793
26.4911
28.3928
28.9985
28.2825
28.5317
26.8167
27.1295
28.6365
26.9883
27.2534
27.7578
27.2829
27.5030
27.2096
28.7003
28.6279
28.2812
27.7825
29.1684
28.5931
29.4826
29.5411
29.0691
28.4572
29.5102
29.2661
28.5817
27.6759
27.7089
30.4863
29.0462
30.1847
29.2128
28.3211
25.0245
26.8775
26.4369
25.6909
28.1052
28.8858
26.5494
26.3029
25.9301
27.5523
26.0529
26.8393
26.3252
25.7264
24.9354
23.8075
24.9820
25.3671
24.8953
23.9429
24.2424
24.1086
24.3048
24.1635
23.6182
24.5701
24.7132
24.5223
23.4522
24.7823
25.2306
24.3923
25.7391
25.4781
25.2283
25.2711
25.4735
24.8789
24.5758
26.7657
25.5015
27.2838
27.6106
28.7107
25.9061
25.8720
25.2605
26.0478
26.7067
28.6371
27.6597
26.8496
27.0922
27.4646
26.4027
26.2023
26.3779
25.4609
26.7967
26.6864
25.7896
24.2649
25.4124
25.5218
26.5869
27.1799
28.1306
27.8581
27.3227
27.1782
26.1138
28.3172
26.2733
25.8602
27.9045
28.0195
27.5464
27.0053
26.3769
25.4610
25.7227
25.3699
25.3492
27.2532
27.3187
27.9016
26.3723
27.8323
27.6657
25.3886
27.3692
28.8232
25.4252
26.7430
25.5383
25.5022
27.0309
28.6340
29.9025
28.8966
25.0704
25.2541
24.3324
23.9720
25.3746
24.9332
26.9913
28.2266
26.9347
27.6486
26.5921
26.8156
27.8993
27.5527
25.6001
26.6976
26.5263
26.1536
27.1375
26.5638
26.9090
25.0394
25.3616
26.9271
26.0065
24.5174
24.0393
26.3512
26.5465
25.2521
24.7962
24.6931
25.4083
23.6751
25.3961
25.4268
24.8383
25.4956
24.7979
27.2601
25.7040
27.0219
26.1915
26.7611
28.0238
27.0709
28.6197
27.7828
28.5400
27.9294
27.2592
26.7367
28.7364
29.2135
28.7451
27.9997
27.8367
26.4159
27.7589
27.5561
26.2206
27.3840
25.2337
27.7693
27.5067
28.1066
27.3167
27.4632
28.4931
27.5323
27.7896
26.5421
24.5239
27.4283
27.9517
28.5920
27.3525
27.9090
28.3181
26.4856
26.7713
27.4010
27.1524
28.5375
25.7097
27.2376
27.7890
25.6154
26.3054
25.9161
26.0508
25.6957
25.4293
25.0044
26.1065
27.2648
25.8861
26.0453
25.9322
28.9168
26.3780
25.4613
26.7146
26.2309
24.5739
25.9269
27.9604
27.9898
27.1731
27.9235
29.1043
27.0695
28.9849
28.0089
28.4028
27.5453
28.7010
28.8457
26.9451
27.2174
25.0454
25.9731
26.0636
25.3419
24.9777
24.6330
25.3232
24.2968
25.3183
26.2694
25.3716
24.4571
26.2047
26.1375
25.8701
26.5911
27.1127
26.9123
28.2794
29.5009
26.9164
26.1580
24.8666
27.0715
26.8304
26.6192
27.2101
26.3568
28.4202
31.3059
31.6532
24.5893
28.6741
29.4748
30.5650
30.8548
29.6972
29.6039
31.4046
31.0367
30.6006
31.3759
28.7873
31.3178
29.5631
28.0634
27.0131
27.4419
27.7050
26.9227
27.2740
28.1340
25.8775
23.6808
23.6752
26.0946
25.0409
26.9560
26.3277
24.9643
25.9887
26.1597
28.3399
28.3294
29.4449
28.0259
27.0276
28.3886
27.4576
27.4345
26.8911
28.0748
27.6958
27.3241
28.1382
30.0435
28.7966
28.8258
28.5360
26.7294
27.5334
27.1485
28.2955
26.4396
26.9953
28.2505
27.1768
28.7915
27.0314
27.5837
26.9115
25.5629
25.8310
25.3604
26.4057
25.8798
25.7601
26.3774
25.2669
26.9983
28.6531
28.8724
28.0564
27.8854
27.2082
27.2752
28.8292
27.9137
27.2706
26.7948
25.5560
28.2692
27.7300
26.8880
26.3141
25.8397
26.8116
25.4981
27.4168
26.6899
27.1692
26.2786
26.0472
25.1470
26.4299
26.7746
26.9547
27.2649
27.2648
25.6416
26.5888
27.4443
28.3314
27.8196
26.7338
26.0911
27.4756
26.9823
26.0262
26.6246
25.6326
26.9880
26.6640
27.0457
25.7719
26.5090
27.3382
27.5928
28.1933
27.3056
25.2528
26.6198
26.7631
26.5125
25.7621
26.4875
26.4841
26.3326
25.1375
25.9891
25.4306
24.7714
28.5234
29.3812
30.0426
29.8721
27.2197
27.0529
29.1345
27.2175
27.5758
24.9460
25.4206
25.6271
24.9338
25.5104
25.1920
26.5020
27.3095
27.8107
27.0276
27.5559
28.8812
27.8643
29.7774
28.9995
28.1259
28.6270
29.3427
28.6066
28.6694
27.8308
27.5459
27.9118
27.6040
28.6888
29.4246
28.6371
28.6059
28.5935
28.6619
28.8771
26.8804
28.2784
28.2920
29.7527
27.9203
26.5638
24.7933
25.0743
26.3476
27.0036
27.9213
26.9738
28.4763
27.6288
28.9734
29.6861
30.7739
28.6225
28.0073
26.5472
29.4984
27.8605
27.8547
27.4937
28.4448
29.1425
25.1487
25.1112
26.7618
26.4774
26.9748
26.4618
26.9333
28.3628
27.3163
26.8923
27.7887
28.4131
27.2479
28.1350
27.4225
26.7003
30.0584
28.1326
26.8318
27.0250
27.7260
25.6937
26.8728
29.0712
27.9454
27.8858
28.9803
28.3193
29.1168
29.5616
29.1395
28.8249
27.0165
28.0746
28.1072
27.1109
29.2949
26.8302
27.4162
25.3545
24.9231
24.8899
24.5932
27.1721
24.7807
25.4690
24.0320
25.1734
25.3487
25.4444
24.9350
24.4181
25.1626
25.9139
24.2127
24.7998
24.8939
25.2270
24.3635
24.2990
24.0698
23.5476
24.9465
25.7124
25.5064
24.5588
24.2599
23.9934
25.2990
24.2529
23.6960
26.4592
26.5946
25.9715
24.5133
25.1995
25.3982
24.9316
25.1498
25.6634
24.7627
24.7646
25.7205
27.2599
26.8642
27.2328
26.1698
26.4548
26.8661
26.3708
26.0847
24.2919
23.5162
24.1326
24.4946
25.5200
25.5369
24.8020
26.1173
26.4933
25.4141
24.6679
23.3756
25.6421
25.5985
25.3919
24.3986
26.9519
27.3125
25.7065
27.6777
27.5910
26.6193
25.0899
26.5365
26.1226
28.1254
25.9020
26.2406
26.0951
26.0284
25.1753
25.8657
26.0015
25.9009
27.4841
27.2301
27.8502
28.0379
27.3354
27.6092
26.2627
26.7302
27.6837
27.0349
23.8171
25.1571
25.1712
24.8470
27.0460
24.5806
24.6797
25.6482
27.7651
26.7032
27.3463
27.1900
26.1890
27.4017
28.0482
27.9699
26.3651
25.6140
25.3945
27.1280
26.4544
25.7937
29.6613
29.7416
29.1845
28.4900
27.8418
28.2909
27.5940
28.2716
27.5918
26.8402
29.6146
27.6950
27.0877
27.2360
26.5175
29.3144
27.1759
27.1297
27.1615
27.9890
27.9773
26.7813
25.3191
25.2246
25.7716
27.3838
26.9113
25.8976
25.8842
26.0803
26.6943
27.9217
25.4538
24.4539
23.3722
24.6796
23.7820
24.7662
24.3317
25.5358
27.1170
28.9461
28.2320
30.4267
28.5136
29.9165
27.6296
28.7504
28.3430
28.3989
28.6623
29.7735
28.5176
29.0100
30.8524
27.6351
27.4785
28.9135
29.2807
28.6450
28.6140
28.2297
28.3681
28.0650
29.3373
27.7583
27.9419
27.5689
26.9998
27.7152
27.5282
28.1764
28.4532
28.8435
28.3071
28.6334
28.6622
27.6977
28.7359
28.0252
27.1930
25.5793
25.6204
27.5794
29.9990
28.5213
31.2879
29.9755
26.5372
27.3534
27.7160
29.1295
28.0869
28.7382
29.5376
27.9716
27.7774
30.8498
29.6604
28.4066
29.1256
29.0668
26.3041
27.7037
27.0086
28.1263
30.5320
32.2941
31.0590
32.3969
30.5072
29.0332
28.1495
28.1166
26.9409
27.0650
26.7776
26.1606
27.6494
30.1631
28.9484
28.3675
29.9826
27.9571
28.9317
28.5297
28.2559
28.7104
26.5902
26.7172
28.5569
27.2155
26.5669
28.4093
28.6222
29.3766
28.6361
28.4630
26.4731
26.4109
26.7317
29.6368
30.6655
30.3217
29.1980
29.3717
27.5036
28.0699
27.1689
28.3159
25.5665
27.7101
28.9068
27.8517
28.2176
28.3969
29.0394
28.4975
26.9005
26.6720
26.7172
27.8390
30.8075
30.3304
27.6563
29.0401
26.0501
28.4699
28.0904
25.9071
25.8049
27.0467
27.2057
25.8983
26.5147
27.5432
26.4869
27.3752
28.0475
27.2867
27.1632
27.7435
27.0634
26.5829
29.4454
28.7778
27.6228
24.5381
24.6344
24.3800
26.7560
25.3853
25.1468
24.6646
23.7740
24.7323
24.5727
24.9293
24.6903
23.9154
25.1261
25.5996
24.9630
23.5606
23.8411
25.0004
25.6389
26.3814
26.9359
29.1450
28.0443
26.6213
26.1048
27.9412
27.1598
26.8784
27.7442
25.9772
26.5534
27.2859
27.5388
27.2056
27.4878
27.9523
27.2070
27.3975
27.5553
27.5152
27.6445
29.0405
26.5287
27.9658
29.8580
27.8932
29.1631
29.9028
26.6373
27.6305
28.0824
29.3566
28.8586
28.8230
28.0833
27.7993
27.3633
26.5071
30.4032
28.8183
28.2284
27.5743
27.2087
28.1100
27.4566
28.1865
27.6209
29.4617
29.3203
28.7995
28.8443
30.0343
27.7752
31.0579
28.6598
28.2988
28.7302
26.4910
28.0948
28.2029
28.4233
27.6001
28.4389
27.9736
27.9547
28.5758
27.6954
29.0624
28.7206
30.6688
27.9139
30.7268
26.3771
29.5039
29.8500
27.2616
27.5826
29.6001
26.1590
28.4460
27.3205
26.5583
27.2146
27.8197
26.7333
28.2221
27.0875
27.7515
28.4941
26.8800
29.3586
27.8860
28.4122
28.3601
28.1942
28.8251
27.0995
27.2713
28.4193
28.5347
28.9931
28.0344
28.5210
29.0995
28.2857
26.9865
27.0976
28.0590
27.1180
25.9577
27.3012
26.3696
27.3957
26.8399
26.3900
29.0486
29.4469
29.1299
28.1096
27.1428
27.4972
28.2912
27.4465
27.7404
27.6537
27.0858
28.1363
28.4585
29.3260
27.1713
26.7413
25.7996
27.7031
26.0152
28.4333
26.8205
26.5589
27.0664
27.7879
29.0713
30.0857
26.5803
27.0271
26.5465
25.5207
26.6797
26.9911
26.4100
27.4097
27.1983
27.4772
26.1019
26.0234
26.7206
25.1942
24.4442
25.9965
25.9901
25.7544
26.9714
27.2086
26.9691
27.4778
26.1479
26.1447
26.9807
28.1386
29.5767
28.7058
27.4336
27.3832
24.6625
24.1510
24.0631
26.9951
27.1615
26.7753
24.9613
26.6975
24.9023
25.0137
23.1382
26.5119
24.4652
26.4664
23.4074
24.0102
25.0943
27.6327
27.5871
29.0788
28.5095
29.3755
27.7735
25.9019
26.4458
25.7377
26.4322
27.2496
25.7364
26.8174
26.3333
28.6945
28.6468
28.9748
26.6172
26.6782
27.1693
27.2655
26.7350
25.2816
26.5546
25.2347
26.4301
24.5085
23.5652
24.4247
26.2674
26.8147
26.0997
25.3830
24.6315
25.2200
25.2339
25.4513
24.3379
24.0437
23.8558
24.1926
23.9849
25.4922
26.4858
24.5234
26.0375
24.6937
25.8899
26.1022
27.6279
27.0305
25.4747
27.5884
28.4034
27.3399
27.1698
27.3922
26.7382
26.4020
26.5820
27.3621
26.8844
26.0281
25.3394
25.9125
25.5070
26.4325
28.1111
28.3623
27.5348
26.5608
26.0344
26.1288
27.5989
26.9336
26.5691
26.2258
25.7332
25.4269
25.8516
26.3903
27.4196
24.7379
26.4722
25.9845
26.9256
25.3271
25.3612
24.1250
26.3385
26.2012
25.5388
25.7965
27.3107
25.4339
25.8870
25.4549
26.1119
28.1468
25.9201
26.1228
26.0565
26.8466
26.4924
26.3543
26.4599
26.7044
25.8783
26.4192
26.8114
26.5592
27.3951
28.8133
27.8723
26.6837
27.3035
25.6602
26.1102
24.1929
24.6432
25.7876
26.1772
27.0872
25.8639
26.7113
28.0261
26.3272
26.1221
26.6804
26.8666
26.5396
26.8147
28.0877
26.9526
25.8109
26.3813
26.1796
25.3052
25.1344
26.7592
28.9937
27.3601
27.0886
26.6045
28.8875
24.5479
24.1957
26.9224
27.6932
29.3636
28.3196
27.2151
27.0519
28.1816
26.5575
27.7080
29.8576
29.1840
29.7362
28.9946
27.0078
28.8355
24.7397
24.3526
24.4189
24.4011
25.0440
24.9025
24.6460
25.5386
24.4477
24.9218
24.4796
25.6575
28.4403
28.3046
27.9583
29.1628
28.7768
28.8080
28.1726
27.0923
29.4736
28.5775
28.2961
25.9772
25.4466
26.9126
24.5872
28.3128
24.5569
26.1881
25.3334
26.4846
26.1266
25.6359
26.6641
27.7258
26.8731
26.0052
25.7005
25.0252
25.9000
26.2590
27.5910
29.0023
28.2275
25.3239
26.3967
26.6529
27.5622
26.6400
26.3255
25.4843
25.6540
25.0473
27.7551
28.1361
27.5318
27.8701
28.2745
28.2733
27.1551
28.3033
29.0005
25.8942
24.2351
25.0032
27.5987
27.3711
27.3355
26.2318
27.6575
26.5155
26.2784
26.6439
27.6153
27.5761
28.7087
29.6961
28.0157
29.7978
27.2634
28.8573
27.6905
27.1397
27.4441
27.0252
26.2289
26.4018
26.1540
27.1481
27.3650
26.7187
28.6582
26.4861
28.2278
26.7166
27.4074
26.0546
27.7450
28.0553
26.8757
27.5222
26.9675
26.5583
26.4938
25.6627
26.1137
25.0143
22.9210
23.3029
23.5074
23.1356
22.0242
21.8128
22.2105
22.5131
22.4259
21.9549
22.2391
21.7973
22.6708
22.2753
21.4715
21.3133
22.0605
22.7199
21.7132
21.8335
22.1077
21.9095
22.9884
21.8870
22.6830
22.2317
22.4204
21.6156
23.1325
21.9015
22.0732
22.2018
23.2906
23.6765
23.1881
22.8041
22.5077
23.0026
22.0352
21.9068
21.9927
23.1395
22.5539
22.7891
22.2233
22.1747
23.0128
22.2662
22.2654
22.3317
22.4684
22.0549
22.4252
22.9236
21.8354
21.8960
23.1609
23.2513
22.4653
22.9221
22.2814
22.7939
22.1455
22.0711
22.5528
22.8738
22.7935
22.3292
22.3990
22.9158
22.3129
22.8918
22.4977
22.6269
22.0788
22.7712
22.7510
23.2619
21.9887
22.8760
21.8729
22.3532
22.7269
22.5789
23.2702
23.3034
22.4405
23.1576
22.1115
22.7972
22.8279
22.6287
23.1601
22.2118
23.0216
23.5474
23.2732
22.7329
21.8924
21.8534
22.1021
22.7224
22.0069
22.9321
23.5875
21.6865
23.0408
22.5036
22.4152
23.1934
22.8542
23.2880
23.5024
23.5740
22.5018
22.3319
22.9389
22.4761
21.7793
21.8229
22.1939
22.1928
22.0997
21.9768
22.1610
22.5619
22.6546
22.1469
23.5808
22.9075
22.2570
22.9523
22.6683
21.9899
23.0428
22.0959
22.8507
22.1265
22.6149
22.8700
23.0886
22.4920
22.8656
22.4963
22.4923
22.3215
22.5103
22.3110
22.6468
22.1415
22.2097
22.0584
22.7926
22.8387
21.8842
22.6079
22.0090
22.4532
21.3723
22.1120
21.6150
22.0099
22.4033
21.6416
22.0095
21.9992
23.0408
22.2972
22.1706
22.6640
22.0098
21.6151
21.7553
21.8557
21.6990
22.3000
22.3263
22.3045
22.9509
22.1175
22.2958
22.2637
23.1919
23.2006
23.9673
23.1539
22.7535
22.4415
23.2235
23.0956
22.7259
23.3234
23.5737
23.0455
23.6010
23.7165
23.5058
22.6575
23.6362
22.7618
22.6146
23.2584
23.6740
23.0249
22.8129
22.7058
23.2640
23.1628
22.7168
22.0816
21.6933
21.9162
21.9181
21.6927
22.0240
21.6235
21.7174
22.1491
22.8043
21.9460
21.8117
21.9871
21.6748
21.6958
21.9714
22.1477
23.0809
23.0211
22.6969
22.1061
22.5977
22.4323
21.6739
21.8642
22.2575
22.0358
23.0345
21.3139
21.8314
22.4354
21.8118
21.9498
21.8929
22.3385
23.3709
23.3584
22.6872
22.3042
21.8807
22.5204
22.7832
21.8621
22.7604
22.3958
21.9829
22.1915
22.7332
22.4841
21.9246
21.8616
23.1507
22.5786
22.6428
22.4024
23.6751
23.1003
21.8715
23.2082
22.6952
22.8896
24.1995
22.3584
22.9061
22.7712
22.4641
23.4221
23.3758
23.2390
23.1421
23.6983
23.9243
23.1101
23.4789
22.6565
23.2425
22.6376
21.6137
22.0911
21.7074
21.8658
22.6135
22.6907
22.0963
22.0187
22.0613
22.2779
22.0340
22.5398
22.2968
22.7253
22.7916
22.1979
22.3049
22.7651
22.1667
22.1047
22.0523
22.1478
22.2226
22.4249
22.4938
22.1463
21.6960
23.4940
22.1657
23.7323
22.1233
22.0910
21.9873
22.2594
22.2134
22.4987
22.0183
22.1821
22.7000
22.9392
22.7104
22.9241
22.0162
22.8589
22.9632
23.1106
22.0323
23.3377
22.7946
23.2205
23.2994
23.3102
23.6226
22.2002
22.9495
23.0956
23.4597
22.6628
23.7650
23.0848
22.4258
23.2435
22.0271
22.2404
22.3024
22.6658
23.2621
22.9948
23.6904
24.1200
24.1712
23.2779
22.6472
23.1451
22.8219
23.3381
23.2451
23.3063
23.3350
22.4767
22.2301
23.2830
22.9024
22.0015
23.8028
23.5409
22.4522
22.3280
21.9850
22.1102
22.0004
22.2800
21.8918
23.3827
22.0346
23.3234
23.3377
23.5497
22.5825
22.5493
22.6763
23.3384
24.3132
22.9863
22.0422
23.0859
23.0081
23.6862
24.3746
23.1070
22.4977
22.6146
23.2640
23.3837
23.0182
22.9151
24.3705
24.8106
24.0221
24.3715
24.0393
23.3024
23.3523
24.5194
24.1829
24.0964
23.1893
23.6141
24.1471
23.4421
23.2117
22.8464
23.5486
22.7962
23.1495
23.0906
23.5068
23.6149
23.7704
22.5659
22.9526
24.1952
23.2239
23.0455
24.2135
23.9323
24.5711
23.2073
25.1829
25.4827
24.3715
23.4401
23.4419
22.8793
22.2616
22.8345
23.0206
22.8531
22.9589
22.6982
23.3572
23.3034
23.3056
23.1235
23.1675
22.9108
22.9886
22.9438
23.2639
23.4919
23.1817
22.7663
24.3687
23.7577
23.6411
22.5396
22.0772
23.6549
22.2943
22.7781
22.6524
22.7295
23.2716
22.6975
22.5008
23.6496
23.5016
23.0583
22.3729
22.4879
22.3141
22.1009
22.2151
21.7083
23.0038
22.6653
22.7072
24.5918
24.2726
23.5929
23.8072
23.6528
24.1204
23.9120
22.6649
24.5278
24.5987
23.7221
24.1429
22.7016
22.5931
22.5229
22.9673
22.2889
22.3883
23.1827
22.1554
22.9185
22.8392
22.5011
23.4600
23.7502
23.6193
22.3265
23.0535
22.6756
22.2530
23.0174
23.1957
23.8109
23.6224
25.0785
25.0926
24.4317
25.6958
24.1180
23.4682
23.5554
23.7590
23.8081
23.2312
23.4455
23.7343
23.6902
23.5121
23.1647
24.0979
23.1274
22.7019
23.3947
23.1151
22.9740
24.1300
25.0070
24.1221
22.5247
21.7637
22.9201
22.8258
24.6660
23.5402
24.4749
21.9036
23.9071
23.4461
23.7215
22.9195
22.8324
24.1448
24.4866
24.0239
24.4125
24.2900
24.3389
23.9426
24.0034
24.0139
24.3167
25.1741
24.4683
24.4065
24.7531
23.4359
24.6302
23.7959
24.2493
24.3508
24.5719
24.2732
25.4884
23.5583
24.0462
24.5277
23.5119
24.4388
24.2935
24.1575
23.6367
22.3577
23.6223
23.8304
23.8689
23.7834
24.5126
23.9826
24.5604
24.3450
24.1306
24.5477
24.1480
23.8487
24.0257
24.7576
24.1094
25.1119
23.5919
24.3979
24.3782
24.1283
23.8698
23.8693
24.4376
24.8938
23.9265
24.4876
24.6399
24.3284
24.4021
23.6104
24.7895
23.9486
23.8748
24.3142
23.9088
24.2106
24.1833
23.4146
23.9105
24.1033
24.0242
23.7453
24.3894
24.4651
23.3530
23.0380
24.0493
24.1754
24.3591
24.4410
24.1456
24.0509
23.8386
23.8070
24.6933
23.6730
24.6864
24.8426
23.9432
23.0903
22.8964
22.5176
23.2728
22.7227
23.0267
24.8614
24.7052
23.2840
23.8926
24.4196
22.2803
23.8044
24.1943
23.6077
24.1724
23.6954
23.0700
23.4404
24.0098
23.8456
24.1775
23.9528
23.5218
22.8963
23.3237
23.9001
24.0830
24.9062
24.5732
23.9689
23.7084
24.1901
24.0147
23.6617
24.2029
24.5794
24.8520
24.3889
23.9962
24.7869
24.7033
24.1466
23.5308
23.9926
24.2201
23.8971
24.1261
24.0412
23.9612
23.8344
23.2796
23.3218
23.6148
23.8882
24.0668
23.3055
23.2481
23.8905
23.3238
24.1702
24.5943
24.2660
24.6925
23.6228
24.1282
23.3792
23.7864
24.8879
23.8565
24.0335
23.8568
23.5395
22.4928
23.5747
24.5048
23.9632
25.0044
22.8580
23.4284
24.2382
23.3500
23.5056
24.4715
25.0796
25.1164
24.7617
25.1350
24.5496
24.4967
23.6208
23.8349
23.0870
22.6210
22.6388
24.2690
25.5201
24.9069
25.1472
24.7338
22.8773
22.9255
22.8712
23.3342
22.8256
23.3765
24.4442
24.9038
25.5910
25.2160
24.5937
24.7753
25.0875
25.2840
26.0290
26.3202
25.6213
26.7624
25.4775
24.7189
24.0149
24.3053
24.0494
25.0328
24.4407
24.5103
23.7932
24.2355
24.6399
23.6744
23.8506
23.2465
23.0130
22.8481
22.4636
23.3012
22.8763
22.6950
22.8154
23.5038
23.0838
22.4846
23.0324
23.2991
22.8535
23.3411
22.5248
23.0811
23.9622
23.1699
22.7398
23.5566
24.1261
24.0584
25.0495
23.9220
23.6240
22.9134
23.4026
22.9070
22.8703
22.9307
23.0671
23.1621
23.1900
23.3386
23.1389
23.0839
23.8236
23.1568
23.1145
22.9045
22.7596
23.6290
22.8859
23.7608
22.5160
22.8493
22.3451
22.6607
22.1735
22.7939
22.6360
22.7787
22.0157
22.4826
23.0252
22.4608
22.9546
23.2599
24.1625
23.4267
23.3967
22.8648
23.6010
23.5086
22.9204
23.5049
24.2139
23.0375
23.7564
24.0432
23.1603
23.6358
22.1957
22.5509
22.1853
23.8054
23.0417
22.8195
23.4719
22.6450
21.9466
22.0107
21.8075
21.8464
22.0430
22.2318
22.3332
22.4532
23.1862
22.6569
23.2766
22.6124
22.1188
22.0166
22.2222
22.0002
23.5004
23.1499
22.2734
21.8868
22.4474
21.8802
21.9344
22.0493
22.5372
22.8049
22.9045
22.5222
22.1609
22.2595
23.0785
23.5600
22.7520
22.0381
22.9422
22.6974
21.9674
22.2940
23.0709
22.2362
22.4277
22.6641
21.9438
22.7066
23.0348
22.3543
22.0253
22.0233
23.1932
22.0647
22.9465
22.1651
21.8599
21.5891
21.9916
21.3583
22.0745
21.7944
22.1924
22.0445
22.8222
22.0257
22.6258
21.9239
22.0220
22.2423
22.8799
22.0797
22.6339
22.1568
22.2143
22.3825
22.4771
22.9892
23.7358
22.2175
21.8250
23.3415
22.0874
23.4560
21.6946
21.8860
22.5329
21.6881
23.2057
23.2441
22.3496
22.9615
22.0187
22.4885
23.1271
23.3560
22.3244
22.8257
22.5407
23.6455
23.0102
22.7435
23.0694
22.6816
22.8269
23.0819
22.3291
22.9191
23.6479
22.9746
22.1409
21.6440
22.5715
21.7728
21.6567
21.9512
22.3166
22.6576
22.4989
22.5088
22.5700
22.4439
22.2646
22.5069
22.1967
22.2558
22.1236
21.8751
22.8608
22.6214
22.3026
22.4924
22.6780
22.4415
22.5025
22.9035
23.1883
22.2902
21.9795
22.5181
22.3202
22.0407
22.2165
22.9078
22.8332
21.7347
21.9006
21.5375
21.5707
22.1753
21.8696
22.1821
22.4236
22.6234
21.9883
23.0780
22.1144
22.6411
22.3530
21.9577
22.6792
21.9548
22.5104
22.2300
22.2953
22.1958
22.0540
23.0745
22.3629
21.6849
22.1794
22.8129
22.6198
22.4209
22.2274
22.7131
22.3150
22.3574
23.0041
22.8621
22.2549
21.9451
21.9023
22.5912
22.1448
22.3616
23.1274
23.0014
22.4092
22.1907
21.5043
22.1742
22.3399
21.8796
21.8704
21.3842
22.0631
22.2765
21.9870
22.1887
22.0969
21.5418
21.7477
22.1102
23.3405
22.3359
22.9441
22.5748
23.8363
23.2120
22.2106
22.7491
22.2307
22.2364
22.1186
22.2450
21.6532
22.3508
21.8020
22.8813
22.1934
22.2603
22.2414
22.1179
22.3807
21.4203
22.6710
22.7789
22.2821
22.2589
22.1774
22.2554
22.5218
23.0420
22.2184
22.7446
22.4858
22.8082
22.4270
22.0285
21.9999
21.8955
22.3422
21.4842
21.9416
21.9691
22.2092
22.2011
24.0323
22.6517
22.3146
21.1565
22.5023
21.9223
22.1935
22.6333
22.5995
22.1514
22.1770
22.5799
21.7841
22.9579
21.9481
23.2447
22.5755
22.5907
22.4607
22.2415
22.0170
22.3284
21.7009
22.1556
22.5196
22.6494
22.3928
21.6018
22.8525
22.5058
22.0458
22.0674
22.1426
22.4907
22.2773
22.1372
23.5307
21.9852
22.1248
22.2223
23.8465
22.8405
22.0063
22.5129
21.9320
22.5136
21.7992
22.0694
21.1978
21.9691
21.8624
21.8612
22.1913
21.9769
21.8653
21.5127
21.2622
21.4392
22.1125
23.3367
21.9026
22.5955
22.6558
22.4280
22.1902
21.8674
21.5044
22.1605
21.9485
21.7624
22.1527
21.4594
22.6006
22.4801
22.9729
21.7209
22.5917
22.0423
22.0676
22.6758
22.5389
22.5288
22.8064
22.2807
22.2707
22.6602
22.9865
22.5312
22.4596
22.0009
22.9583
21.6246
22.6513
22.1464
21.7055
22.1249
22.9797
22.4426
23.0676
21.5595
22.8021
22.4476
22.7646
21.7377
22.6004
22.5143
21.7710
21.7513
21.9785
22.3129
22.2905
21.7667
21.8434
21.6570
22.2734
22.4301
22.0989
21.6619
22.6082
22.9670
22.9557
21.6389
21.5036
22.9710
23.2757
22.4182
22.4897
22.4436
22.3454
22.1380
21.6863
22.0325
22.3154
22.9232
22.4260
21.9199
22.7488
22.3628
22.2140
21.9955
22.5752
22.4624
21.8845
22.5667
21.9979
22.6106
22.3113
21.6320
22.2448
22.2827
22.6435
22.1890
22.2247
22.2095
22.7772
22.0395
21.6264
21.7823
21.9041
22.2831
21.4348
21.4449
21.4652
22.2210
22.9530
22.1828
21.8323
21.6024
21.6371
23.5143
22.2559
21.5037
21.0106
22.1651
22.3323
21.7182
22.7354
21.5679
22.4092
22.0888
21.7890
21.8612
21.7714
22.7135
22.2656
21.8604
22.2974
22.5399
22.0000
22.4772
22.1229
23.0049
22.3374
22.0231
22.0769
21.9726
22.5560
22.3047
22.2450
21.7053
21.7673
22.4813
22.4083
21.6624
22.1880
22.7565
22.4511
21.7178
21.9754
22.3216
22.0884
22.2474
21.6123
21.7447
22.4157
22.2615
21.8931
21.6567
21.2280
21.3282
22.1101
22.5358
22.1661
22.0397
22.0199
22.1813
21.8286
22.2303
22.4500
22.3765
21.9855
21.7506
22.4007
21.7211
23.1304
22.5182
22.1182
22.2741
23.2393
23.5043
21.9474
23.1171
22.2924
21.6964
22.2797
22.2159
23.0065
22.5827
22.4479
22.0746
21.4002
21.8663
22.1705
22.0229
22.0682
22.7049
22.4562
21.6941
21.4822
22.1968
22.3313
22.1437
22.4584
21.7818
21.2259
21.7743
21.4898
21.8874
22.0464
21.7250
22.3780
22.9462
22.4867
22.1758
21.9185
22.0032
22.2054
21.7448
22.2353
22.3453
23.5589
22.7738
23.1650
22.1134
22.2961
21.6254
21.6947
22.0215
22.4963
21.6208
21.4493
22.5802
22.2605
22.9187
21.9866
21.8317
21.7625
22.2540
22.1078
22.3972
22.5778
22.3703
22.0876
22.3798
22.4322
23.2965
23.0206
22.3355
21.8480
22.0769
22.0654
21.8790
22.4208
22.3220
22.5317
22.5433
22.6794
21.8273
22.3491
22.8897
22.8058
22.4069
22.7479
22.2095
23.1980
23.4469
23.5717
23.1284
23.4187
23.5407
24.3866
23.4017
25.6696
24.6127
24.8907
25.0432
24.3641
25.5964
24.4976
25.8462
24.9611
25.2510
24.3988
25.5537
25.2153
23.8572
24.9618
25.2806
23.8047
24.5915
24.6777
24.8511
24.2075
24.8876
26.5499
25.4931
25.0541
24.8843
24.9608
25.1612
25.7723
26.4556
24.7813
25.4601
25.2817
24.6074
25.5575
24.9080
24.5075
25.0571
25.2075
24.2867
24.5045
24.5169
25.9816
26.0995
26.0866
26.6555
24.8429
24.3894
25.1963
24.6651
23.9347
24.0060
23.5301
25.6035
25.2516
24.2175
24.2302
24.7189
25.3067
25.0097
24.4762
24.1802
25.0528
24.2439
24.9661
24.8822
25.0730
25.4722
25.4112
25.3702
26.3304
25.5180
26.2290
25.6332
26.0213
25.2785
25.3002
25.5356
26.5582
25.3086
24.9943
26.8021
24.2722
25.9034
25.9565
25.3190
26.2004
26.1738
23.6456
24.4306
23.8483
23.5419
22.8919
24.4815
25.0418
24.1675
24.0870
24.6646
24.3595
23.8228
24.1559
24.6488
25.2122
25.6427
25.2493
24.6256
25.2893
25.6605
25.5733
25.0825
25.7863
25.4676
25.1696
25.8803
26.1182
25.2921
26.0787
25.4948
25.5844
25.2024
24.3740
25.7827
25.3538
25.9620
24.8141
24.8908
25.1621
24.8799
25.0304
25.6032
25.9855
24.5960
25.0764
24.3841
26.9397
25.3032
24.8541
24.7415
25.0362
24.5414
24.7296
25.7082
26.4480
25.9886
26.1496
25.6418
26.3484
25.5766
26.6149
27.4944
26.1541
26.4973
25.6493
28.0153
26.5604
27.3012
28.4131
27.6569
26.5660
25.3291
26.1487
26.3743
25.6083
25.4693
24.8494
26.5259
25.6225
25.2869
24.5963
24.5156
24.8330
25.2836
26.2510
25.1389
25.1885
25.8123
24.9504
25.0912
25.5879
25.2536
24.1592
25.6046
26.3623
25.0274
28.0799
26.1316
25.1845
26.0824
25.0970
25.2553
24.8817
25.9361
25.8069
25.8990
25.6029
25.3702
24.8493
25.3596
25.5322
25.3398
25.5471
25.4688
24.6519
25.9027
23.9073
22.6678
23.4226
23.9957
23.5038
24.4498
26.9435
25.0369
25.1285
25.2882
25.2264
25.5877
25.4324
24.7043
25.3701
24.9194
25.5150
25.4566
25.2741
25.6072
25.9374
25.0833
24.6287
24.7575
24.8153
25.2581
24.2931
24.9767
24.5440
25.6603
25.8799
25.5100
25.7360
24.4436
24.7356
25.8709
25.4666
24.2848
25.0193
25.2793
25.1429
26.5123
25.4518
25.3591
25.1901
25.4433
24.7595
24.8732
25.4694
26.4685
25.2971
26.5339
25.6909
24.1200
23.5680
24.9347
23.3760
23.3778
23.4542
22.7950
24.1786
23.5820
24.2889
23.8449
24.6302
23.7312
24.6257
24.9053
23.3164
24.2014
24.0854
24.4437
25.1051
25.5193
24.6741
25.0740
25.7486
25.0530
24.7047
25.7513
24.8824
24.2563
25.2475
24.5803
25.2297
25.6743
26.4614
25.8012
25.3877
25.2044
24.8839
24.4497
24.3198
26.1095
25.7746
25.7682
26.9475
26.0898
26.7257
26.1407
26.4131
26.0579
24.4338
25.9840
26.0811
25.0116
25.6306
26.4060
26.8393
26.3585
25.5462
25.8277
25.4534
25.0001
25.0658
23.0149
25.1475
24.9293
24.9875
25.5734
25.6336
25.1580
25.4596
24.3438
24.9416
25.3018
23.6262
23.5047
23.7777
24.6801
25.3170
25.0885
24.6439
25.2629
25.1538
26.2197
25.2991
26.1061
24.4737
24.2618
23.5509
23.9500
23.3599
23.0975
24.9704
25.4922
24.8058
25.2647
25.3533
26.3095
24.6745
25.4032
24.7958
25.4780
24.3903
25.2812
26.1069
26.0861
24.9011
25.2500
24.3997
25.1474
25.3594
24.3596
25.0834
23.6484
25.5113
25.3054
24.6730
25.4250
25.4208
25.2711
25.0741
25.3384
25.5677
23.4645
23.9211
24.4675
24.6774
24.3014
24.2504
24.5643
24.1094
24.3807
24.4165
25.2094
25.1396
24.7123
24.7788
23.5370
24.3056
24.1728
25.0850
26.6755
25.9236
24.6865
25.7598
25.6496
24.8410
25.7556
24.1375
24.5663
24.8429
24.0264
23.5111
24.4702
23.8806
24.3902
23.8312
25.0113
26.2332
24.7476
25.9656
24.1793
25.4760
24.5243
25.0461
24.8532
24.7023
24.0467
25.1751
25.3865
26.4141
25.2681
25.0278
24.7110
24.6254
23.6307
23.8481
25.2613
25.4751
23.9678
25.0395
25.5604
23.7917
26.2638
26.7202
25.6877
25.8006
25.9600
26.2658
28.1153
25.0633
24.4613
25.4732
25.4169
25.6037
25.3689
24.5464
24.4593
24.5636
24.9465
24.6925
24.6259
24.7350
24.6897
25.3173
24.6737
24.7053
23.5701
25.6680
25.5393
24.8520
23.9769
25.3808
25.0874
26.0930
25.9671
25.0825
24.9849
24.5761
24.4402
24.7112
24.8598
25.6644
23.8247
25.5919
24.9017
24.6288
24.0542
24.9828
24.8772
24.8499
24.0666
25.1822
23.6939
24.9832
24.1708
24.3915
23.6041
24.6286
24.9321
25.3353
25.7921
24.9763
24.4028
25.8048
25.8551
26.4119
25.4778
24.7556
25.4833
24.9718
25.5882
26.0107
25.1236
25.7297
25.4716
25.0843
24.5926
24.5377
24.7726
25.8563
25.1195
24.9391
25.5320
25.3538
25.7856
26.0866
25.9594
25.5985
25.2471
26.1950
25.7886
25.1151
24.9511
23.5596
23.8403
24.9231
24.3964
25.3670
25.1162
24.9244
25.8680
25.7144
26.4304
25.5411
26.0795
25.5185
24.8025
25.7614
24.6779
24.7279
24.0113
25.8353
24.9788
26.8314
25.7866
25.0226
24.4163
26.1757
24.6718
25.2452
26.1659
23.9785
24.4135
23.8701
24.2014
25.2140
25.1106
25.4630
25.5150
24.6483
24.8449
25.9048
25.3804
24.9851
24.3319
24.8557
25.8077
24.6993
26.2200
25.2872
25.2426
25.1830
25.6741
24.2814
25.6088
25.1459
26.4159
25.2520
26.1294
24.9440
24.6209
24.7406
24.5520
24.3654
24.7123
23.9439
24.0849
23.8271
23.8065
25.2533
25.5961
25.3970
26.4077
25.2757
25.0723
24.6661
25.1361
25.3767
25.3097
26.5929
25.1938
25.0261
25.7456
26.1331
25.4185
26.0755
26.7201
26.0048
25.3063
25.3914
24.9422
25.0112
24.5710
25.9585
25.2400
25.0741
25.9627
28.0189
28.0260
27.5888
26.1831
26.1823
27.2838
25.7857
25.0169
25.1517
25.0690
24.8842
25.7151
24.3787
24.7436
25.9135
24.6908
24.9443
25.9185
25.5989
26.7421
25.7213
25.8815
25.6942
25.3828
25.9950
25.2364
25.7189
27.5487
25.3875
25.6585
25.0503
25.4578
24.7288
24.6689
25.2133
26.2224
25.0379
27.5871
26.0826
26.6483
25.8975
27.2794
25.0124
26.0327
26.1718
25.0881
24.7066
25.6932
24.5674
25.9606
25.5161
25.0373
24.6802
25.3323
24.8851
24.9456
25.6274
26.9586
25.0970
25.2563
24.8573
26.0395
25.7420
25.0034
25.2032
25.8409
26.3307
26.4856
26.8606
27.6604
26.2968
26.8584
28.4254
25.7862
27.0049
25.8906
26.4136
25.5811
26.3467
26.5028
25.6356
26.3301
25.9255
25.1740
25.7448
25.1520
25.3556
25.8284
25.9265
24.8753
25.9776
25.8825
25.5846
24.3547
23.9986
24.2098
25.6093
26.1063
25.1266
24.6380
25.0522
25.5983
24.2465
24.6637
25.0531
24.8732
23.7747
24.8778
23.9485
23.8875
25.6723
25.1256
25.4302
24.5622
24.3399
25.1505
24.5407
24.4238
24.8015
25.2467
25.5831
25.4586
24.0336
23.4183
24.8328
25.4695
24.4967
24.7320
24.1933
25.4237
24.1835
24.8738
25.3726
25.2120
25.1894
25.8449
26.1481
27.0037
26.5541
25.8465
25.6782
25.9835
24.8012
25.2351
25.6201
25.9691
25.7975
25.0823
25.0769
24.3585
25.8278
25.7181
25.2033
26.3439
26.5701
26.5739
26.6073
26.2581
26.8861
25.8186
25.2024
25.4984
25.0889
24.9354
25.0274
25.4260
25.4326
24.5526
25.1465
24.0833
24.4454
25.1656
25.5612
25.6807
25.4248
24.9117
25.2985
24.8536
25.4116
24.9666
24.8848
24.1947
23.9007
24.2894
24.9012
24.6140
24.6264
24.7257
25.4360
25.2675
24.8765
24.3583
25.0130
25.3515
25.3974
25.5695
25.3511
25.0422
24.9300
25.6742
26.3956
24.7036
25.8301
25.5313
25.1339
27.2072
27.3161
27.3076
27.4657
25.3810
26.1704
25.9346
25.9042
24.1345
25.1481
24.8466
25.4711
24.6357
24.4668
26.3293
26.2343
25.2642
26.1507
26.1809
26.0249
25.2093
25.5532
27.3554
25.0481
26.2942
26.8223
26.7479
25.4095
25.8439
26.8244
25.7211
25.4320
25.4996
25.0343
25.0262
26.5827
25.8469
24.7819
24.3483
25.7561
26.4721
24.3062
25.4886
26.1950
23.6786
24.5646
25.6821
25.5052
25.3447
26.0238
25.5923
26.1849
27.3362
25.7227
25.9709
25.7181
26.3766
26.5636
26.2300
26.3462
25.1147
25.3966
25.6100
24.9120
26.5844
26.4433
26.7481
25.9654
26.2156
25.0310
26.4168
26.1177
24.8679
25.7533
25.8814
25.9028
25.2852
25.4858
25.3288
25.4917
23.9274
24.9591
25.8317
25.0608
23.9230
24.5599
23.8666
22.6718
23.7669
23.4602
23.7734
23.7279
23.0207
23.3466
23.4073
22.9276
24.1401
24.4967
23.6576
26.2148
24.7010
26.5911
27.3910
25.7425
26.1006
27.2420
26.8339
26.7372
25.4399
25.7989
26.5064
27.3109
27.1275
26.1713
26.3160
25.7419
27.2736
27.3433
25.7979
26.4754
28.1132
27.6348
27.2265
27.4759
28.4920
28.0350
27.2789
27.5255
27.8896
27.2355
27.6654
27.2225
26.9619
26.9461
26.7583
27.5106
26.3651
26.4212
27.1767
26.6336
27.6833
27.8339
27.5738
26.3944
27.4026
26.7124
26.9249
27.2391
26.1828
27.0496
26.5258
28.2875
26.7762
26.7673
28.2070
26.9806
26.7849
26.2890
26.9102
26.8488
27.3641
27.1947
26.2838
27.0040
27.5047
27.6164
27.6529
26.2713
26.3827
27.0686
27.1876
31.4264
29.7479
30.6788
31.2237
29.5833
28.3110
30.1491
31.2708
30.4166
31.2911
29.8388
29.6303
29.2023
28.5698
28.0321
28.3137
28.3523
29.6662
30.8315
32.2602
30.6111
30.9035
30.3793
32.9335
31.2955
29.5181
29.3359
29.9415
30.1220
29.8827
29.8435
30.0856
29.7685
30.7472
27.9006
29.0470
27.5147
27.7811
28.3801
28.2853
27.7886
27.1949
26.8750
28.5000
29.0896
31.7582
30.0960
28.6357
27.7545
27.6957
28.5756
26.4811
25.8872
27.4487
28.6978
28.0451
28.8888
29.4643
29.4481
29.2212
27.0646
26.3010
26.7297
26.7815
26.6998
28.3925
28.8841
26.6076
27.5296
28.4943
29.9035
28.9403
29.0820
28.2701
30.0155
29.2314
29.3077
27.2573
28.5316
27.7987
28.4191
26.7680
26.8612
27.2671
28.2436
27.9923
26.8090
27.2049
26.3270
26.3453
27.2935
27.5444
26.8326
27.5394
27.4950
26.8983
28.4401
27.6568
26.8725
27.4738
26.0225
27.2604
27.0597
27.0593
26.0295
25.3438
27.5319
26.2762
26.9717
27.5867
27.7719
26.0912
26.7956
27.6538
27.6368
28.0643
27.9642
27.7505
27.2716
26.4838
28.3632
30.1805
27.7162
30.6181
29.6106
30.3850
29.8120
29.0694
28.2399
27.0518
26.9360
25.5871
26.9122
26.5716
25.9001
28.0598
26.0576
26.0510
25.8578
27.3410
28.4320
27.8121
26.8586
26.1155
27.1380
27.3595
27.3451
26.7761
27.8097
27.0957
26.8049
27.5526
28.2354
28.8435
29.1460
27.5216
27.4069
27.6543
27.1664
26.4244
26.1255
27.0609
26.5031
26.8217
28.0617
26.3896
26.8034
27.2703
27.1902
25.9534
26.7501
27.2005
27.6239
26.7922
26.7629
27.1590
25.9298
27.1391
27.2385
27.5715
26.7416
26.8610
27.1843
25.8591
26.7747
27.1953
26.0720
26.3108
26.7998
27.2235
27.3800
26.1734
26.7201
26.9824
26.7017
26.8485
27.0064
27.0645
27.4551
27.8383
27.9393
26.8016
24.9863
25.0602
25.6397
25.3327
25.2602
26.1237
25.7619
25.2569
26.1405
26.3176
26.5790
26.2052
26.7078
27.6826
29.6914
28.7092
27.5068
27.5852
27.5235
27.3223
26.6057
26.6720
27.8267
27.8833
26.3288
26.2600
26.8296
26.4744
27.0100
26.3667
26.9564
26.0844
26.6556
26.3399
27.0193
27.4552
27.8373
27.1112
27.0035
26.5145
27.2915
27.1329
27.8826
27.0181
26.7313
25.4054
26.2406
27.0576
26.6903
26.5989
26.9203
25.9152
26.1277
26.7416
27.6545
26.6990
26.4155
26.7452
25.7817
26.5383
27.1242
26.6388
26.7021
27.1841
28.2427
27.9821
27.8004
27.7121
27.2949
28.2637
28.7111
26.9315
28.2168
27.6591
27.7112
27.5524
26.7407
27.4402
27.0193
27.7016
28.1557
27.6290
26.2310
27.0587
28.0433
27.2578
27.5421
27.6617
27.6742
25.7906
27.3280
26.7843
25.9291
25.4068
25.5594
25.1886
25.3361
24.4159
25.4593
25.1804
25.1740
25.5481
26.5801
27.6234
26.2206
26.3238
26.3382
26.8840
27.3772
26.6211
27.2198
27.1061
27.0904
27.7111
26.6933
28.8128
27.2743
27.4335
27.1904
26.8938
27.1843
27.5053
27.6637
26.2069
26.7199
27.0062
26.7873
27.3959
26.1280
27.1526
27.9118
27.7242
27.0583
29.4170
27.2817
27.4107
28.1819
27.8821
27.1647
27.2323
26.1823
27.4949
26.9158
26.7934
27.3015
27.1304
26.4392
27.0500
26.8835
27.4408
28.4431
27.6642
27.7918
27.4678
27.4509
27.3236
26.7299
26.8504
26.9963
26.9738
26.5324
27.0786
27.6141
27.5714
26.9200
26.5533
26.6330
28.1184
26.8166
27.1196
26.7715
26.0934
26.8850
27.1407
26.6527
26.6519
27.9442
25.3107
24.7765
25.9445
26.1279
27.4291
26.7900
26.8329
27.3306
26.3790
26.9039
26.5434
25.5880
26.0328
25.9394
25.3225
26.6051
26.3122
27.1956
26.2542
26.1686
26.9489
26.0321
26.6060
26.6052
27.3189
26.3942
26.6383
26.1552
25.7484
26.4977
26.8014
26.6946
27.4246
25.9477
25.6241
26.7025
27.3691
26.4845
25.9820
26.6482
26.9806
27.4788
26.9341
27.1620
27.1599
27.1215
27.2197
26.4274
27.4664
26.2365
27.3258
26.9111
27.3243
26.8662
27.7534
27.5865
28.2728
28.2928
27.5381
26.5955
27.6086
26.9163
27.1281
27.1899
28.2703
28.1383
27.3309
26.5349
26.6207
25.7813
26.5033
26.3092
26.7768
26.1216
26.1253
26.7248
27.2807
26.6317
26.9714
25.7995
25.6872
26.8655
26.2130
27.4307
26.3156
27.3755
27.2069
26.9338
28.3131
27.8355
26.8769
26.6363
27.0943
27.4583
27.3513
27.0562
26.8106
26.8849
26.2902
26.3857
26.5815
25.5255
25.7895
26.1951
26.0549
26.1670
26.7039
26.7225
25.9873
25.6000
26.0848
26.3056
27.4721
27.4487
27.7014
27.0759
28.2075
27.8949
28.0772
27.3503
28.0654
26.6528
26.6477
27.8257
26.5457
26.7093
26.2240
26.8662
25.8248
26.1270
28.0328
25.9579
24.8945
26.5962
24.7587
27.3252
26.1499
25.4289
26.8241
28.1092
27.6103
26.5043
25.2349
27.2071
27.4908
27.3998
28.6093
27.7269
27.3901
27.4987
26.7921
26.3233
25.8470
25.4535
25.5739
26.0264
24.6039
25.0305
23.7665
25.7576
25.8319
26.6328
28.0275
27.2248
25.3991
25.9816
26.7588
25.9830
27.6880
24.5143
26.1442
25.4336
25.3189
25.8354
25.5480
25.8501
25.4561
25.6559
24.8107
25.6863
27.8312
25.6925
26.0192
26.6386
27.5911
25.9396
26.9417
26.8938
27.0617
26.8470
26.2449
25.0459
23.8255
25.4615
26.1992
25.5996
26.4106
25.1801
26.2002
26.1306
25.5546
25.3815
25.1299
25.3239
25.2375
24.2523
24.4734
23.6497
24.7199
24.8944
25.9840
26.7767
25.7900
26.1664
27.7450
28.5399
27.1263
26.0621
26.2428
25.5734
25.9495
25.2116
25.1643
24.9248
25.4964
25.5155
24.6760
24.4504
27.0040
24.4908
24.1553
25.1179
25.4602
26.8706
26.7467
29.4214
30.2571
25.3086
25.2670
25.5565
25.1375
25.2335
28.0768
26.2069
27.5451
27.0747
25.7456
24.6153
25.0293
25.0567
25.4254
25.7811
24.9291
25.1654
24.8856
26.5939
25.4349
25.2773
25.0643
26.0098
24.2250
26.0455
26.2016
24.0565
23.5284
24.3557
24.1380
23.5116
23.3465
23.4261
24.3591
24.0913
24.4940
24.4970
26.1976
26.0998
26.4109
25.8329
24.7571
25.7809
26.0810
25.4790
25.1360
25.3080
25.1204
25.7125
25.8704
24.9015
24.5853
25.6941
25.3875
24.8146
25.6132
24.5164
25.5156
25.0229
25.5131
24.3049
25.4947
25.6199
26.2829
25.5116
25.3995
26.4489
26.7594
25.3206
26.2655
24.6414
24.7620
26.1955
25.9568
25.8381
25.2280
24.9632
25.5016
25.4580
26.9161
26.6486
26.3782
27.1695
25.8473
25.3425
25.9919
27.0190
26.8497
26.1757
27.5563
25.6829
26.2048
26.2953
26.7962
25.9812
26.8232
27.4115
27.8511
26.3823
26.2407
27.3047
27.6066
25.9267
26.6320
27.1692
25.6949
27.4070
27.5893
26.5945
27.3411
27.3336
26.7330
25.7047
26.7474
25.7349
26.7325
26.1755
26.8340
27.3513
26.9434
26.9120
27.6581
27.3712
27.2968
27.2557
26.8334
26.9261
27.2720
26.8755
27.8788
26.7671
26.9254
26.2578
25.8002
26.3896
25.9585
25.9122
25.7848
26.0998
26.3556
26.8002
26.7686
26.0456
26.4071
26.8834
26.9285
25.4462
24.9608
25.6848
24.4623
25.0209
25.3521
25.8297
26.3287
25.8502
26.2302
26.2210
25.0251
26.3947
26.3093
27.0877
26.6621
27.3557
27.2119
26.9272
28.2309
27.1739
26.2920
27.1818
26.9674
26.4307
27.1801
26.0664
26.4460
26.0747
26.9463
26.2826
26.3627
26.3685
27.8690
26.8331
26.7751
26.2827
27.4938
26.2338
26.9017
26.9583
26.4598
26.6898
26.2610
27.2579
29.0313
27.0975
26.3065
26.6967
26.4986
26.8829
26.9759
26.5338
28.0547
26.4784
26.4160
26.6027
27.4001
27.3289
27.7350
26.5871
26.2484
25.7006
25.8882
26.2956
27.5101
26.7243
27.2989
27.1954
25.9377
26.3940
27.7309
27.9839
27.3156
27.5516
27.0957
26.3598
27.2888
26.0614
26.3847
27.1146
27.6934
27.2481
27.4491
26.2190
28.2824
26.3185
26.6298
26.7431
26.6044
29.2098
29.4390
29.2713
29.0664
30.2141
27.8052
26.9666
25.8009
27.8804
26.3979
26.7145
25.8938
25.4038
25.3845
25.3225
25.2976
25.4170
24.5222
25.1295
25.0989
25.5453
25.0133
25.3214
25.0061
24.8395
25.6488
24.9479
25.2527
26.2104
26.5909
26.6009
28.1910
27.0438
24.5343
26.5582
26.5291
26.5130
26.6636
26.4915
26.2221
26.6031
26.8001
25.7337
25.6919
26.0217
26.3404
26.7919
26.8946
26.1588
27.2760
26.6212
26.9646
26.6082
27.1440
26.2168
25.9965
27.2794
27.2384
27.5520
27.4738
26.7060
27.5889
27.4354
27.8069
27.3604
26.6983
26.3537
26.0831
25.3240
27.2926
26.8888
26.1132
25.9169
25.2040
26.5343
25.9276
25.3342
26.8451
26.4281
25.6979
25.5506
26.6489
27.2324
26.1463
25.9679
25.7380
27.5449
27.1386
26.3105
25.8152
27.7186
27.0405
27.5080
27.7475
27.3964
26.1216
27.2365
25.1899
25.1481
27.6714
27.0404
26.9617
27.9278
27.8356
25.9407
25.9958
26.1290
26.1513
26.3625
26.2350
26.4360
26.2537
26.9278
26.6925
26.1829
26.2736
26.4857
26.8599
26.7853
27.3575
27.2229
27.5770
26.3371
25.8717
26.6312
27.7403
26.3471
26.6321
26.7395
26.2052
26.8584
25.9319
25.2719
26.2587
25.8120
25.1048
25.9994
26.3178
25.4313
25.5607
25.5893
26.2840
25.4543
25.6178
26.0378
26.0195
27.1917
27.5975
28.1094
26.1606
27.3643
26.6717
26.2833
25.9480
25.8465
26.5791
26.7504
24.5107
25.8455
26.3085
27.1724
26.4452
25.5816
25.0161
26.9963
27.4302
26.8539
26.0373
27.4152
27.2525
26.0221
26.1666
26.2742
25.7687
26.0445
27.5852
27.8710
27.1923
28.0423
27.0265
25.3623
26.0611
27.9844
26.4633
25.6940
26.3762
26.4866
26.5251
25.8551
25.9273
25.6938
26.0738
26.3159
26.2042
25.4763
27.1166
25.6170
26.8113
25.8613
25.3061
25.4352
26.3159
27.5822
27.9418
26.2661
26.8710
26.0979
27.0253
26.7463
25.6898
26.1388
24.9782
26.0806
26.9389
27.5382
27.0669
27.1833
26.2671
25.4102
26.5539
25.9652
25.5340
25.8561
25.1462
24.7180
25.7176
25.8524
25.5859
26.9458
26.4485
25.6852
26.6441
26.8641
28.3496
28.0637
27.0606
28.2712
27.4995
29.3583
29.0356
28.0904
27.0447
28.6005
28.2825
28.3370
27.2819
27.0289
26.1779
26.4463
26.7112
28.2474
28.1682
26.6160
26.7413
27.3380
27.2642
27.1544
26.3550
26.9909
26.5989
26.3449
25.9706
26.4264
27.3489
26.9242
28.8416
28.1781
26.1950
26.5123
25.8115
25.9361
26.6687
26.9309
26.1934
26.6655
28.2172
27.9149
27.7746
27.2917
28.2851
28.6275
28.9521
29.1183
28.5349
29.0739
29.3324
28.3090
28.2105
29.1980
27.6618
28.2761
29.4555
30.7417
28.9161
28.3147
29.2472
28.0625
28.9611
28.2139
28.8888
29.4170
29.3596
30.2053
30.3604
29.2915
28.6305
27.3566
28.5549
28.5174
28.3912
28.9860
29.6476
28.9848
28.6049
29.0902
28.4188
28.5114
27.3703
27.8499
28.2677
27.8979
27.3489
28.9829
29.5246
28.8643
27.2024
27.6977
28.8512
27.5925
28.7462
27.8731
26.6876
27.8783
28.2955
28.7275
28.0333
28.5203
29.9330
29.0436
28.0467
29.4225
29.8560
28.6944
27.5009
26.7709
27.4877
28.5955
29.9006
29.7912
31.8454
29.6936
28.2131
27.8171
28.5003
27.0360
28.8615
28.8155
28.0309
28.7530
28.0016
28.0724
27.8176
28.4426
30.4912
30.2805
28.7878
28.2563
28.0338
28.8124
27.5274
27.1601
29.6384
27.6980
29.3901
28.5796
27.9160
29.2904
30.3295
30.0055
29.1998
30.1918
27.9208
27.2302
27.3120
27.0967
27.4516
28.4670
29.0505
29.0847
29.2522
29.2917
28.6771
27.9291
28.0130
28.2415
27.3935
28.8338
28.7334
28.4586
28.4950
29.1343
27.7645
28.5216
27.6321
28.9242
28.5145
28.8675
29.8547
29.5138
27.7860
29.2978
28.0346
29.6026
30.6928
32.1561
31.0075
32.1746
29.9009
30.0111
28.7558
28.8158
28.6417
28.1386
27.2386
27.6738
29.2568
29.4494
28.7355
29.3854
29.6757
29.5444
28.5133
28.4893
29.5378
28.5439
28.9116
28.3460
29.4695
28.0322
29.5213
27.1626
28.0580
26.4940
27.2620
26.5648
26.6026
29.7530
27.3915
28.0085
27.0066
27.1317
26.5379
27.0961
27.6577
27.5498
29.9812
29.5153
27.3373
29.5849
27.2816
27.8351
27.4209
27.4816
26.7790
25.5822
26.4537
27.0599
26.9282
28.7426
27.4272
28.0877
27.7508
30.6593
30.6534
29.1125
28.6829
28.2730
29.6135
27.6588
26.7606
27.8234
27.7926
28.6137
28.6876
28.9914
27.5250
28.4717
29.2117
29.4653
27.7597
29.4909
29.1173
27.6923
29.2043
28.1421
28.9230
28.7887
28.3217
29.0305
28.1265
29.7697
29.4803
28.3956
30.0564
30.4993
32.3754
30.3498
28.2411
28.4096
30.2448
29.5801
27.6839
27.6703
27.6436
28.6938
28.3595
28.9684
29.6576
28.6980
28.7736
28.5782
28.4747
29.0143
29.3415
28.5212
28.6831
28.0567
28.5601
30.1029
29.7825
29.1287
29.1707
28.7172
30.6466
28.5561
28.9918
28.6152
27.6152
28.8297
28.3341
27.6299
30.4380
29.5693
29.1788
27.5879
28.3938
27.5817
27.2128
26.7580
27.3490
28.6670
27.0989
27.4937
28.3074
30.4406
29.6386
27.7459
28.9047
28.8626
28.0056
27.9122
27.6751
27.3658
27.8339
29.6456
28.6111
27.2586
28.6082
29.5150
28.7776
28.2753
28.4265
28.9595
28.5076
27.2854
26.7512
26.3055
26.5785
28.2239
28.7112
28.0319
30.7735
28.9516
27.7375
29.0767
29.0270
26.5808
27.3434
30.2358
28.5487
29.0141
28.6730
29.4906
26.7474
26.8153
27.3555
28.7370
28.5957
29.8940
29.4455
29.4245
29.8702
30.5722
31.1701
32.1892
28.4485
27.5503
27.6414
28.2376
28.8261
26.9529
26.6671
27.0867
27.6702
28.4841
30.0913
29.2836
30.2749
28.5196
29.1744
30.1824
28.7222
28.2009
26.9776
29.1744
29.5537
29.6172
30.1173
31.1812
32.3919
32.0445
30.1685
29.9058
31.5366
30.6847
31.0973
30.6345
29.9529
30.2809
28.9648
27.8099
29.8676
30.4037
31.0851
30.1993
27.8135
30.5120
28.5353
29.3536
30.6331
31.6453
30.0335
29.9327
31.4944
31.9127
28.9372
28.1354
28.4418
27.1707
27.7898
29.0353
28.9608
29.1038
28.6938
28.8381
28.0704
30.5377
28.9380
28.6778
29.3192
28.5765
28.8000
30.3582
29.2112
29.1076
27.7620
28.2280
30.2434
28.1800
29.2944
28.8108
30.5938
27.9231
29.4684
28.1119
27.2640
28.0040
27.2713
26.3399
27.4201
28.1398
27.7898
28.6788
30.4736
29.5686
29.4626
31.5625
29.4190
29.8257
30.6042
30.8660
31.9009
29.8515
29.5622
30.5693
30.9629
29.3801
30.2709
27.3511
27.6345
27.2951
26.4883
26.8090
27.7156
27.5764
27.1545
26.8853
26.4317
26.2504
26.1788
25.5622
25.1913
26.0058
26.0178
26.3576
25.0484
26.7845
26.2607
26.4948
26.6580
27.2921
26.4998
26.6172
26.4972
26.1350
26.0532
26.3222
26.4118
25.9197
26.4679
26.6516
27.0117
27.1232
26.8442
25.4539
27.1416
27.9399
26.0037
26.5264
26.4436
27.1460
25.6716
25.2303
25.4600
26.5658
26.8131
26.5297
27.7709
26.7473
26.1377
26.2084
26.8607
25.7449
27.0293
26.3299
25.9042
26.4232
25.9902
26.9942
25.9797
26.0560
27.5742
27.1650
26.8811
26.5608
25.5625
26.4477
26.7128
26.0565
26.4110
25.9025
26.2998
25.4072
25.5849
24.8991
26.0394
25.9589
25.9310
26.5879
25.0662
25.6493
25.1762
24.9081
27.0247
26.9308
27.0314
26.9054
27.1140
26.3491
26.9847
25.0127
26.5220
26.3792
25.9267
25.5836
26.1013
26.2962
26.4996
25.7336
27.3383
27.0039
27.5120
27.5453
28.5569
26.3921
25.9029
26.3560
25.9053
25.8364
25.5065
26.2738
27.4883
26.7071
26.3184
25.8586
24.9021
26.9529
26.3183
25.4966
27.3016
27.2108
26.9336
26.7858
26.7236
25.8584
25.5840
26.1605
28.2100
26.5945
27.0866
26.8750
27.0226
26.7977
26.2643
26.7638
26.7504
27.7427
27.2067
27.1485
26.1560
28.1774
27.8834
28.2060
26.8478
27.1657
26.4276
27.6474
26.4920
27.5647
26.9473
26.5806
27.4641
28.2097
28.2292
27.7112
28.5157
26.5327
27.7179
27.5567
27.4106
27.3422
27.3994
27.0464
25.8353
24.8526
26.4277
25.2274
26.4928
24.9265
26.2010
26.9012
27.2063
27.4154
27.2412
27.0434
26.0079
25.9100
26.0849
24.8528
25.9525
25.8715
26.2133
26.6359
26.4926
26.8908
26.5622
26.5679
26.7240
27.0216
26.1472
26.7154
27.1414
26.5558
26.3543
26.8430
26.9111
27.4158
26.9905
27.0795
26.7880
26.9846
26.5746
27.3951
27.2109
27.1744
27.5826
26.1850
26.9091
26.0582
26.2033
27.3108
26.4441
27.3692
26.9852
27.3598
27.9562
26.4383
25.7395
26.0436
26.9951
27.1495
27.2152
26.8165
26.6688
26.9597
27.9196
26.2938
26.1381
27.3507
26.3691
27.1779
26.8255
28.1266
27.0589
26.5414
27.4155
27.6284
26.5786
27.3148
26.7780
27.6528
28.6418
27.9903
27.3709
28.0068
26.7000
26.1849
27.0579
26.5344
26.4031
26.6641
27.3046
28.0600
26.4739
26.9494
25.6610
28.3456
28.0243
28.3949
29.3925
27.9858
29.3796
31.8138
31.5282
29.9694
30.7135
29.2626
28.4532
28.0746
28.0878
27.4469
28.4372
26.4545
29.6859
29.7324
28.4286
27.6004
28.9890
28.7315
29.3522
28.3552
29.3378
27.8919
27.5867
26.9365
26.1449
26.9499
26.2247
26.0819
24.5962
25.3172
25.3113
27.5886
26.5107
27.6250
29.8785
29.4851
28.5754
29.7537
28.2311
28.5568
28.9529
28.5634
28.4270
28.9237
29.5235
29.9601
27.7148
29.0271
29.3131
28.8056
28.0885
27.2015
27.6727
28.5647
28.2084
27.7346
28.3832
29.2110
27.5180
29.0028
28.1915
27.4813
27.5103
28.2611
29.2770
28.9246
29.2824
29.2211
28.0051
27.9037
28.1681
29.9209
28.4687
27.7928
27.8445
28.0696
28.5205
29.1193
28.9355
29.8588
32.0345
28.7406
29.4024
29.5746
28.6141
28.3319
30.4672
29.1780
29.6811
28.5147
29.6647
28.7439
28.7761
29.0921
29.4159
30.8425
30.3241
29.6069
28.6104
29.1068
28.2936
29.4991
29.8958
29.7073
27.9613
28.0077
27.3755
26.6392
28.6771
29.1725
27.3621
29.6050
27.6698
27.8414
29.0183
29.1175
28.2715
28.9847
30.3720
27.5025
27.1099
27.8797
27.9100
28.2368
28.1267
28.0671
30.0663
28.5395
28.9664
29.4786
29.2051
28.7026
29.5930
27.6792
27.4871
28.1560
28.7993
27.1063
30.6479
27.8410
28.4829
29.7620
29.1802
30.2012
29.7471
29.4933
28.1682
28.2160
29.4767
28.7703
29.6160
27.1957
27.3280
28.8289
28.6041
29.3623
28.2882
27.9947
29.2928
27.5479
28.4961
27.7299
27.6406
28.4778
29.0126
29.1362
27.9256
28.2709
27.8534
27.8097
27.3676
27.7083
28.5920
28.5665
27.2157
28.2368
25.9845
26.3748
26.7524
27.2861
29.2852
28.5813
28.7522
28.6197
28.0604
28.8486
28.8942
28.8270
29.0281
29.3013
29.4446
29.6047
28.0720
29.8982
28.7649
27.1850
27.3267
27.5634
29.5292
28.8060
29.1589
29.9971
28.9919
31.3425
29.4930
27.9410
27.7518
31.2668
29.4930
29.4756
31.4189
31.6412
30.0338
28.9900
28.6176
29.9715
29.4420
29.9708
29.5413
28.9589
28.2457
26.7047
27.8503
28.6689
26.9253
26.2173
28.4185
29.6878
27.7090
28.9916
28.6511
29.7932
30.7814
27.8158
28.2614
28.0845
27.3127
26.6560
28.9469
29.6294
28.5583
28.0686
28.7185
27.2639
28.2304
28.6396
29.5490
29.2450
27.6130
30.0829
29.8797
29.2979
28.5402
27.8004
28.5375
29.6409
28.2522
30.3840
29.0831
28.9756
29.6452
28.4905
28.4367
28.9329
28.4737
28.1501
29.5990
29.8055
31.5939
29.6619
29.6210
30.9068
29.9891
29.8484
32.7230
31.6502
30.8306
30.4838
29.4373
31.8369
30.0510
30.5040
30.6451
28.9972
28.2596
26.4288
27.9882
28.0141
27.7789
27.8092
27.8189
26.9223
26.7640
27.1149
28.0609
28.1413
27.1220
26.9709
27.0051
28.3532
26.6359
26.8888
27.1056
27.3909
28.2461
27.4877
27.4296
27.2528
27.5891
28.2809
28.1969
27.9199
27.1974
28.3344
27.5068
27.4828
27.7925
27.2723
27.3886
26.6432
27.6402
27.3318
28.1914
28.6165
27.7011
27.4595
26.4852
27.5229
25.7812
26.5558
28.1555
29.9327
27.8892
28.6805
29.1195
29.7979
28.7427
28.7632
29.4581
28.2029
28.3929
27.3614
28.3578
28.9402
29.1699
30.1421
28.5143
30.8239
29.2260
28.8295
29.5163
28.1452
27.3035
29.3342
27.1640
25.5387
27.6146
28.7065
28.3858
29.7597
28.2760
26.8594
29.5744
29.2521
30.1715
28.8042
30.4017
30.8395
31.7579
29.9286
29.6420
28.4580
28.5774
26.2116
26.7480
26.6176
26.1850
26.5898
26.4321
26.3678
25.9907
26.2372
25.4417
27.1434
27.6351
27.3812
28.0347
27.4358
27.6755
27.8441
27.5064
28.0747
28.6425
27.9096
25.9629
25.8169
27.1713
27.1935
26.0014
26.2314
27.6131
29.0426
29.3317
29.6434
29.8551
30.4119
30.3847
31.9017
30.8927
32.0304
28.6924
27.4349
28.0808
27.5659
31.2272
29.9078
30.6687
28.9313
26.7713
26.4666
27.1139
27.9800
25.0575
26.1096
26.7380
27.4047
29.4831
29.2912
27.8345
28.5774
26.4471
29.7683
26.8688
26.1789
27.2703
27.8273
26.7892
28.4489
27.0169
26.4036
26.7254
27.5001
26.8373
27.7534
27.2116
28.8713
28.2047
27.9005
28.3789
28.1366
27.2423
29.1894
29.2273
27.6169
28.5283
28.4736
28.3035
28.9566
28.7754
29.1989
29.4802
28.3448
27.3267
28.9261
27.6790
27.1272
27.6679
27.3757
28.6829
28.0022
28.4574
27.1251
27.6842
27.4909
27.7754
28.3283
27.1255
28.8270
27.7881
28.8737
26.7153
27.7888
27.4298
26.9978
27.1363
28.3866
29.4045
29.1336
27.7832
27.2188
28.0661
27.4794
28.4059
28.5439
27.9100
27.8971
28.5587
28.5182
27.6280
28.3836
27.3255
29.5867
29.7873
29.1186
25.6818
26.3470
26.5201
26.1824
24.8196
27.9305
27.9395
24.9124
26.8188
28.3016
30.8314
30.5336
29.7504
27.9806
32.2029
29.7658
27.6853
27.9381
26.2373
26.5884
27.0824
28.8861
30.3669
29.3319
28.2028
26.7037
31.1239
27.5610
27.1438
28.5750
29.3138
29.4254
29.5113
28.5069
27.5694
28.5691
29.0165
29.5564
29.2354
28.6674
27.9271
28.5807
28.8518
29.0175
28.9072
28.2891
29.1815
29.9484
31.4771
28.1702
27.4969
28.6669
30.6931
29.8596
27.3865
28.6363
28.1035
27.6356
28.0813
27.6376
28.3142
30.4404
29.5515
28.7330
27.3174
27.5664
28.8705
28.0512
29.9147
29.2447
29.3276
28.9121
28.7458
28.5479
28.5017
28.2860
30.4877
31.0830
30.2647
28.8763
29.7777
29.9073
30.1447
29.4730
30.3562
30.7763
29.0458
30.8963
28.7264
29.6881
30.0851
30.6680
31.0910
29.2839
30.5603
31.8811
31.2349
29.4638
30.5318
30.9927
31.7125
31.1353
32.8145
31.5011
31.3377
34.4408
33.1060
34.0986
32.3273
31.5856
32.2403
31.0666
32.5236
32.0437
31.9695
33.8193
33.4538
33.8503
34.0223
30.9820
33.8776
31.7198
33.3893
33.5957
32.9311
31.9516
30.6100
31.2644
30.8569
32.5864
30.8989
31.6749
33.1897
30.7432
30.8819
31.1960
32.4942
31.7090
31.9838
31.3876
30.7962
31.3360
30.9311
32.3836
32.7375
32.5792
33.2940
32.0268
31.8816
33.3038
32.9332
34.0910
33.6410
32.6091
33.0849
31.0022
30.6231
30.6476
32.7355
33.0503
31.5108
30.8910
30.6885
34.2777
30.8907
30.2597
31.7851
34.7404
32.5058
33.5848
32.8201
31.2563
30.4444
29.8730
33.4392
31.1597
33.5513
31.7466
30.9864
33.2647
30.4438
30.1554
29.9315
29.5110
29.1268
30.5152
32.0143
29.4065
30.1741
30.0545
29.6455
27.7584
29.7145
29.5899
29.5376
31.2629
31.3293
30.5520
29.6681
27.8232
27.9036
29.5527
30.9841
29.3127
28.2298
29.9815
29.4060
28.9144
30.5044
30.0926
28.9604
29.5862
31.6420
33.1023
33.2514
31.2353
29.0813
30.2899
29.0934
28.8076
31.8243
28.0109
28.5975
27.5150
26.7840
27.9494
27.3482
29.9267
28.6733
27.6769
27.9917
27.0146
26.8470
27.5821
30.1335
31.3787
28.8888
28.2563
28.6345
28.8066
26.3652
29.0977
27.8544
28.1747
28.5030
29.0099
27.9601
28.1333
27.9896
28.0272
27.0610
28.5291
27.3166
28.6845
27.3036
27.9802
28.1808
28.1922
27.3357
27.4968
27.9973
28.3846
27.6904
29.4026
28.8060
29.6318
29.0239
27.4152
28.8515
27.1545
26.3981
27.1841
28.3162
27.6386
27.4778
27.6039
28.3406
28.6895
28.3999
29.4568
29.4133
29.0933
27.9861
29.1577
29.8234
27.8889
29.8030
28.9181
29.5970
28.4807
29.5850
26.0175
27.8828
28.7758
27.1197
27.0802
28.0439
28.4472
27.9523
27.3155
27.3830
27.9631
27.8246
27.9585
28.1870
27.6778
26.7812
27.6648
27.8294
26.5696
26.7073
27.8055
29.0792
27.5122
26.3425
26.1128
24.8836
24.8464
26.7941
25.9893
26.4517
27.1238
26.3187
26.5655
25.8217
27.1579
26.2590
25.4898
25.4807
25.5502
25.5648
24.0628
25.4861
25.5030
25.1552
24.9725
26.0496
25.3771
25.3310
24.4647
25.1316
24.2563
25.0291
25.2936
25.2682
25.1499
25.5061
26.2883
26.3581
25.7093
25.1310
24.8898
25.5454
26.3095
26.7435
26.5758
26.7398
26.0493
26.0773
26.3738
26.7047
25.5506
25.4549
25.1785
25.6612
24.2773
25.1522
25.4180
25.1121
26.1864
26.3725
24.7776
26.3779
25.1180
24.3335
24.3705
25.3221
24.9129
23.7885
24.3030
23.7866
23.4600
24.6179
25.1590
24.7243
24.8610
24.2368
24.4276
25.6295
24.5980
25.5961
25.1281
24.7048
24.8895
25.0923
24.7221
24.2038
23.8174
25.6295
24.3566
24.7046
25.8343
26.0078
25.9406
26.2399
25.1755
25.2991
24.5566
24.4092
24.8570
25.7332
25.2137
25.5467
25.0055
24.6291
24.3015
26.2702
25.6769
26.2687
25.9934
24.6661
24.3510
24.7005
23.0267
22.7791
23.8531
24.1500
23.6567
24.3155
23.5817
25.2162
25.1652
25.9053
25.3093
24.9421
25.3058
24.6161
24.6141
23.7157
24.5611
24.6613
24.4184
23.4569
23.8197
24.5084
24.5503
24.5607
25.1002
24.3407
24.5738
24.8911
25.0928
24.5799
24.4678
23.1969
24.1924
24.3627
24.5785
24.2996
25.7205
24.3336
25.2299
24.3054
24.5311
24.6719
25.2072
25.6984
24.7809
23.4506
23.8236
23.6398
23.5975
23.2355
23.4285
24.3464
23.7235
24.8098
24.2179
25.0877
24.7401
24.3777
24.2948
24.5354
23.7389
24.7579
24.3762
24.9129
24.4523
24.5686
24.0160
24.8245
25.3410
25.8096
24.8683
24.8923
24.2783
23.9701
25.0051
24.5552
23.8611
23.7646
24.2579
24.3779
24.3024
24.3065
23.5456
24.8322
24.3675
24.0550
24.5157
25.5027
24.7909
24.8709
24.1607
24.5220
25.5797
25.2145
23.9859
25.6535
24.7169
25.6248
25.6378
25.3216
25.6724
25.6485
25.5936
25.8100
25.2292
24.5572
25.5012
24.8948
24.5889
25.3611
25.6943
24.4423
24.9434
24.9220
25.1359
24.2954
24.0691
24.8005
24.8507
25.1909
24.0409
24.6512
24.4154
24.6141
24.0189
23.5607
23.3138
24.3078
24.3558
24.2606
24.6766
24.2542
24.3536
23.9296
24.0588
24.1608
22.8267
24.5316
23.5758
23.8346
23.5504
23.6508
24.4400
24.2301
23.7570
24.7133
25.0978
23.9704
23.9709
24.2566
24.1456
24.9603
24.5051
23.8409
24.8316
24.2186
24.3085
24.4496
24.4741
24.2348
24.1300
24.0193
23.4019
24.5983
24.5642
23.7404
24.7292
24.3535
22.9810
23.3763
23.7833
24.1496
24.0520
24.3578
24.6721
24.4146
24.6059
24.9021
24.0996
24.6792
24.5651
25.3733
26.7061
26.4753
27.1687
27.4044
27.7496
27.7503
27.1295
25.8898
27.4465
26.8797
24.2364
24.7044
24.5771
25.0292
24.8991
24.5676
24.5230
26.2568
25.8479
25.8083
26.0996
26.3091
26.8900
25.8008
24.6254
25.7176
25.2824
25.4646
26.5062
25.8388
25.5507
24.9892
26.0921
26.2340
25.7446
25.8449
25.0340
25.4574
25.5169
25.9546
24.5130
25.5820
26.2442
25.8184
25.7927
25.9634
25.2629
25.4810
25.1507
24.9640
24.5858
24.4412
25.0692
25.0878
24.8754
24.6982
25.2422
25.0206
25.6792
26.2004
26.0035
26.0242
25.6624
25.7153
25.3152
25.3297
25.4673
26.6650
24.9118
24.9308
24.8919
25.3538
26.4908
25.6409
26.7768
26.0664
25.7648
26.0820
25.4903
26.0192
26.8470
27.6193
28.2519
26.8734
26.4151
25.6542
25.9271
27.8734
24.2562
26.0804
27.0856
25.5092
25.0390
25.4394
26.0229
26.2087
26.2168
26.8512
27.4141
26.1633
26.8805
25.4826
26.7289
25.3547
25.3607
24.9199
25.3998
25.0297
25.3253
26.4290
25.6456
25.5467
26.0613
26.5711
25.5545
25.8639
27.4328
26.3030
26.8633
26.0555
26.2033
26.3224
27.2044
25.8549
25.5168
26.7888
27.4818
28.5756
28.6879
27.7648
28.2188
27.3868
26.6708
25.7825
27.3021
26.8598
27.2440
25.5036
27.1590
27.5884
28.7952
28.0562
27.5106
27.9762
28.8718
28.5531
28.8963
27.8007
26.3461
24.5867
24.4200
25.7917
24.5754
26.3946
26.8449
27.4465
26.6875
26.4981
27.0637
27.2088
25.2479
26.2420
26.0313
25.3461
25.9914
25.5961
27.1523
26.5642
27.5338
27.6144
27.2221
26.5531
26.9795
27.5999
25.9695
25.3677
24.5788
26.1918
27.7958
28.6044
30.4491
28.5262
27.9527
27.5023
27.1185
27.9663
27.4361
28.1179
27.2719
26.9440
27.7162
27.6058
27.3075
26.2784
27.2133
25.4343
23.9180
26.6067
28.2803
31.4342
28.8167
28.9314
29.9694
30.1327
29.2189
28.6666
28.7101
30.4276
29.4855
30.0651
29.3906
28.1801
30.5469
29.0208
28.5278
28.0898
29.7561
29.7349
30.9202
31.1586
30.5586
28.4370
29.7145
28.1614
28.0878
30.4216
27.7717
27.1812
25.1217
24.6424
24.5035
25.4590
25.7397
25.3061
26.6218
26.4910
26.1879
25.6424
25.2341
25.9352
25.9391
25.2470
25.1809
24.4112
25.6215
25.9001
26.5838
25.8638
25.5746
25.6440
25.9884
25.1852
26.2448
25.9887
25.6516
26.4320
26.0388
25.5536
25.9141
26.1410
25.9670
25.7913
25.6471
25.4173
25.9781
25.1742
24.7824
25.4116
26.0341
25.2399
25.6820
26.3938
25.5933
25.6190
25.5050
25.6703
24.9562
26.0820
25.0982
25.0320
25.5137
27.3829
27.0312
26.9942
25.9720
26.6454
26.4273
25.2536
27.0148
26.7045
25.0534
24.7025
25.7382
25.6750
25.5560
26.0742
26.7151
26.2330
25.7211
25.1923
25.5838
25.6420
24.7497
25.3272
25.6321
25.9202
26.8511
26.5048
25.5428
26.0083
26.2300
26.1396
24.9777
26.0924
25.5070
25.1075
26.1493
26.2130
25.3352
26.1201
25.4141
26.0169
26.8385
24.6845
25.0920
24.8440
25.0774
25.8990
25.4025
25.2974
26.0300
25.4820
26.0506
26.6204
26.0444
26.3077
25.9143
26.3018
25.9300
26.2896
28.0166
27.4655
28.2410
27.1112
28.2908
27.3995
27.4708
28.5180
28.3372
27.1939
26.0680
28.5140
28.5236
28.6107
28.9140
27.3833
27.4263
27.4255
28.5514
28.8852
28.3515
28.3333
28.1859
27.2857
28.1068
27.4656
27.1073
27.4490
26.2915
26.8727
26.7774
27.5722
28.7421
27.4796
27.0721
26.6249
27.9901
28.4973
27.8946
28.0355
27.6133
28.8504
27.5747
27.6256
28.8533
29.5394
28.1908
27.2829
30.3005
28.2476
30.3625
29.0445
28.4247
27.9154
27.4768
30.1304
28.9826
29.9772
30.7110
29.1920
30.0924
29.6214
29.1322
27.8680
27.5758
28.3228
27.4849
27.6151
26.5954
26.7601
25.1335
26.4383
27.8475
26.1121
26.1167
26.6889
27.4987
28.5979
28.0483
28.5895
30.4950
26.8368
27.2155
26.3620
26.1004
28.2811
28.2681
27.7156
28.1722
28.8943
27.2252
26.2460
27.8203
27.5277
26.7699
26.8972
26.3474
25.9156
24.8151
24.0899
25.4811
23.8294
25.2179
24.6993
23.8004
24.4795
26.7296
27.7621
27.2618
27.2152
26.5759
27.2945
26.2516
26.4048
27.1402
28.5690
28.5596
30.4127
29.7762
27.4431
26.6180
26.4966
26.2938
27.3771
26.4753
28.6725
28.4683
27.8846
28.4889
28.1723
26.4108
27.9419
28.0091
32.3241
29.4629
29.0340
27.8869
29.4190
28.1304
28.5881
28.1999
29.5132
28.4192
28.8416
28.7127
28.9392
28.2174
28.4193
28.3293
28.5009
27.4026
26.7059
28.6218
27.1686
26.9741
27.7185
28.0246
26.7851
27.2362
29.8844
30.3735
26.3336
26.3086
26.8963
27.1118
25.9464
26.5674
26.8681
28.0128
27.9992
28.2661
27.2241
27.8293
28.5540
27.3252
27.6169
27.0636
25.4333
25.1713
26.3571
25.6691
24.7785
26.0200
25.1123
26.0107
27.8811
29.5247
26.2365
25.9644
25.4802
25.9415
25.1409
26.5513
26.9013
27.7045
27.1913
26.9393
28.7799
28.0652
27.8084
27.3912
27.6154
27.6331
27.2092
28.6438
28.1236
28.9253
29.1653
29.7396
29.4577
28.8739
26.3175
27.2859
28.1549
27.0599
27.7069
26.5153
27.9311
27.5464
28.9339
28.6562
28.0618
27.9291
26.9484
25.8632
27.0095
27.2085
28.1195
28.6141
28.5697
27.7447
26.7238
26.9348
27.1412
26.4350
26.1631
27.5698
27.0103
27.2144
26.5214
26.5538
26.3668
26.1578
26.4581
27.4876
26.8818
26.5469
27.8548
27.0990
27.6574
27.1567
27.0035
26.7014
27.3830
27.3256
28.2468
27.0780
27.4185
28.1396
27.8124
26.8204
27.6206
27.2484
26.9047
27.3593
27.9226
26.2491
26.8030
26.4298
27.3382
27.9313
26.5773
27.0066
27.2019
26.2767
28.5636
30.1067
29.5437
29.4254
26.5961
26.9673
27.2741
27.4735
26.4993
27.9428
29.1488
26.6030
28.0389
27.1494
27.6171
28.7218
27.8628
27.3118
27.7414
27.8293
27.5158
27.4865
25.6392
25.2018
25.8824
26.8818
26.6487
26.5115
26.6191
26.8054
26.6988
26.5137
26.4068
25.0987
26.1467
25.3449
26.1979
26.2675
26.6801
26.8210
25.2963
25.4597
25.1437
24.5554
25.8488
25.1826
25.3735
26.4118
26.3318
27.5974
27.0501
27.7557
27.2362
27.1792
27.3354
26.9752
26.9989
27.9901
27.3411
26.2704
27.9458
27.4561
26.4575
27.2168
27.5236
27.7707
26.9755
26.5676
26.5925
28.1389
26.8478
27.3653
27.3869
27.4883
27.3009
27.5581
26.2463
26.7097
26.2259
26.9192
27.2420
26.4987
26.7138
27.1649
27.5304
27.9302
26.4975
26.7346
26.7759
27.3169
26.3846
25.4052
26.8773
27.0563
26.8295
26.1316
27.0199
26.4324
25.0868
26.1455
25.8472
24.9502
24.4538
25.5760
26.2610
26.1632
25.6349
26.7670
24.1202
24.9524
25.3267
24.6612
26.9848
25.1592
25.8382
25.3711
25.4212
24.9355
25.5890
25.6465
25.8962
26.1747
25.8955
27.1667
26.5226
25.8854
25.1493
24.8440
25.2665
25.2995
26.1196
26.0852
25.4355
24.4857
25.2801
25.0317
25.3798
24.8845
24.5296
25.1125
24.0261
24.6728
25.5951
26.0696
24.2098
24.7401
25.1152
24.8489
25.1605
26.0696
25.4676
24.5955
25.0927
24.8366
23.7112
25.2931
25.4158
23.8239
24.6509
24.4098
24.4456
24.3711
24.6816
24.0919
23.7236
24.5916
24.3578
23.9975
