23.7750
25.4324
25.8565
24.5198
23.0606
22.9357
24.7790
26.8077
25.6558
25.4736
22.9098
25.1272
25.0105
24.4308
23.8937
24.4992
22.8083
23.4763
22.5058
23.7975
23.5639
22.9036
23.7045
24.9314
23.2169
22.1063
23.0517
22.5906
24.3018
23.6583
24.3583
24.2492
24.1156
25.0201
23.4806
23.3367
23.6355
24.2739
23.2390
25.7989
22.6520
22.0312
22.8836
23.1746
22.7130
24.3348
22.6341
23.3198
21.7302
23.0087
23.2551
23.5673
22.8067
23.2345
23.5094
22.3069
22.5366
23.2130
21.5624
23.5538
22.4731
22.8256
22.5569
25.3888
22.3324
22.6620
23.5640
22.1384
21.7206
21.2254
23.0243
21.5531
23.6855
23.3132
23.6046
23.0047
22.6305
22.7279
20.8257
22.1326
24.1921
24.5013
23.0460
21.2165
22.0660
22.7558
23.0578
23.8086
22.2620
22.2634
22.2153
21.4426
22.0759
23.1435
22.6279
23.2731
21.5268
22.6585
22.6914
23.1640
23.5925
23.6735
22.4699
23.4706
24.8454
23.6383
23.3771
24.8220
24.5757
23.6261
23.1876
24.4615
24.1104
23.0975
23.5442
22.4950
24.2664
24.0977
24.2764
25.1799
25.1490
23.7084
24.1235
22.8087
23.8764
23.6444
24.7747
24.4335
24.9701
21.8399
23.4571
23.2625
23.6006
23.4452
24.0077
22.8693
22.1951
21.4363
20.3016
22.3330
23.4748
22.1470
23.5248
23.1594
22.5429
23.1643
23.8166
24.9293
25.0558
22.9370
23.0345
23.3913
21.8060
23.2349
24.2380
23.0845
22.6228
22.5707
23.0289
21.8785
21.7923
24.0089
22.4992
21.8681
21.9254
22.9382
22.4743
22.5312
23.2803
22.3452
22.5582
23.2175
24.0526
23.9156
23.7387
24.2036
23.3267
24.3703
24.2126
22.9881
23.0693
23.6994
24.0458
24.6032
23.6921
23.6168
23.9583
22.6438
23.2500
23.0582
22.3166
22.7101
21.5126
23.5415
22.1488
23.2765
23.8420
21.7467
23.4995
22.1594
21.1370
20.7605
21.7019
21.9277
23.7299
24.1276
23.5281
24.4019
23.4506
21.9521
22.1433
24.1418
24.4604
25.8462
22.8550
21.9809
24.1320
23.9938
23.3749
22.3311
22.9946
22.5727
23.5370
23.1490
22.8664
21.7131
23.6925
21.5503
22.6205
22.5629
22.2933
21.4215
20.7165
22.4678
24.0848
23.0177
23.1652
23.3278
24.0798
23.8135
22.6712
21.8653
22.5042
23.4524
21.9051
23.1313
23.3290
22.5957
24.3181
22.9331
23.0932
23.3651
23.3901
23.5475
24.1334
24.6408
24.1301
24.1148
24.5524
24.6065
22.9763
22.3823
22.5724
23.1729
22.7854
23.9509
22.2477
24.1323
23.8829
22.8478
22.1671
24.4335
25.4175
24.0107
23.7720
25.0259
24.6778
23.1233
21.6720
22.5497
21.4490
23.0564
22.6431
21.0447
21.8583
23.6625
21.7549
23.5479
23.7922
24.1846
23.4310
22.9992
21.9656
22.9740
22.2386
21.7150
22.4615
22.5501
22.7290
24.9032
24.1990
23.8522
22.4667
23.5411
21.6001
21.3417
21.7593
21.5778
22.6947
22.1834
22.2123
22.2600
23.4263
22.2940
22.0773
22.0496
22.4919
21.9630
22.6691
21.6169
21.4778
21.5739
21.3435
21.6501
21.4783
24.2366
23.8132
22.8432
23.6414
22.4635
22.5660
22.7052
22.1361
22.8807
22.1242
21.9667
21.7268
22.2933
22.3718
22.0051
21.1249
22.2337
21.8711
23.1138
23.5414
22.7947
22.1715
20.9195
21.1903
23.3119
23.6342
23.1382
22.2018
21.9806
23.2146
22.9297
22.1459
21.8143
20.9865
22.6503
23.6829
22.2952
21.3993
22.5770
21.9234
24.0266
21.9580
22.1057
21.1671
23.1587
22.1073
21.4001
21.8978
23.1357
23.3738
21.4621
22.9441
23.9909
22.0943
22.1766
22.5222
23.2706
24.2195
23.9033
23.5606
22.6947
21.9291
22.4836
22.5583
23.4132
22.1495
21.8619
22.8978
23.5359
24.4616
24.8110
25.0210
25.1762
23.8939
22.9370
23.9762
22.4791
22.3862
22.4839
22.6327
22.5052
23.1713
21.3237
22.0579
22.3991
21.0659
22.3150
22.6786
22.3510
21.6684
22.6589
24.1133
23.1551
23.7711
22.9786
22.6309
22.3067
22.4218
22.0068
21.7986
23.0013
22.5623
23.1508
21.7976
20.8626
23.1216
22.8395
22.9613
23.4196
22.8746
23.9438
23.5321
23.3864
24.1312
23.7455
22.4963
21.5799
22.4556
21.6644
22.7330
23.5649
23.7045
23.0745
22.0441
23.0112
23.2236
23.4576
24.0878
22.9887
23.0501
22.4049
22.0532
24.1989
23.0243
23.0055
23.0064
24.1188
24.1842
23.8598
23.8125
23.6169
23.7520
24.5190
25.2826
24.1186
23.8338
22.3537
23.7757
23.3835
24.2810
23.8669
23.0166
23.0071
23.5044
25.1933
23.3395
23.9709
25.3384
24.9916
25.3747
23.3197
24.0217
24.4118
24.9213
24.5698
22.9739
23.6497
24.4798
24.5298
24.4738
24.7653
25.4677
23.6417
24.3147
23.4087
22.8791
22.7687
24.4729
23.1498
23.4494
24.6256
22.3757
23.7177
24.2216
23.6765
23.8379
25.5607
25.0728
23.2680
25.5991
24.8860
24.8708
24.1884
23.3018
24.1860
23.3744
23.3867
25.3611
24.0352
23.5586
23.7736
23.1746
23.3708
24.7928
23.7767
23.7056
24.7977
25.2541
24.9497
24.8847
25.2898
24.5132
24.8911
24.3696
23.4153
24.3087
23.9369
24.8942
24.0166
24.5998
23.1870
23.9636
24.5134
24.1640
24.4006
24.4722
26.8729
26.6467
26.6713
24.5163
24.6685
24.4250
24.7748
24.2418
23.8583
23.4005
23.0672
22.6142
22.2593
21.1942
21.8416
24.0102
22.8439
22.3673
22.7793
22.7089
22.2245
23.6110
21.9975
22.7651
22.5456
22.1069
23.7466
22.7831
24.3446
23.9781
24.1249
23.9275
25.0336
23.3679
23.9401
23.4858
23.7844
25.7075
24.5627
26.0048
24.3138
26.6467
24.4166
24.6152
22.8261
21.5092
22.6393
22.6909
21.6251
20.5359
22.3024
22.8050
22.4858
22.8891
22.4510
22.5156
22.3035
23.4157
24.3779
23.2282
22.2652
22.5706
22.7630
21.8652
23.6780
20.6619
21.6439
22.1775
23.4670
23.3393
23.6114
22.4644
23.3658
24.2887
25.3419
23.4144
22.9815
23.7640
21.8463
22.3173
22.6704
22.7699
21.8125
21.2102
22.0206
22.6737
24.5442
23.2834
23.3541
25.2337
25.5436
22.7089
23.6336
24.1622
25.2126
23.5342
24.2594
24.3941
24.7971
22.2751
22.7314
22.9859
23.7008
21.6124
23.5736
24.5144
23.5337
23.6799
24.6484
24.5647
22.6350
23.2789
23.0670
25.3808
23.8687
23.5493
24.6087
21.6898
22.1687
22.4525
23.3650
23.8449
23.6434
22.5504
21.7805
21.9299
20.6638
21.0902
22.1724
21.6284
21.9617
23.8529
21.6945
22.8602
22.7919
22.1416
22.8587
23.0855
22.7734
23.3448
21.2199
23.3561
22.8653
22.7841
22.2360
23.1249
23.6653
23.3337
24.5221
22.5911
22.1725
22.6418
23.0983
23.0051
23.2923
22.4875
22.3880
21.9170
23.1167
22.3269
24.1029
21.8795
21.2218
21.7840
22.5566
20.9296
22.8040
23.6304
23.6401
25.2704
21.3766
24.4614
23.8190
22.8212
24.8015
23.6477
23.3929
23.3445
23.7116
22.5210
23.1207
22.2890
23.0707
22.5417
22.2725
22.7936
21.5929
23.8070
23.2224
22.6075
22.5658
22.4080
24.4744
22.0350
23.0535
22.4023
21.9707
22.6691
22.3689
23.1060
23.5117
21.5432
21.5018
21.9033
25.4749
25.1474
23.6105
23.9127
22.9371
22.8302
21.3617
21.3060
22.0918
24.1124
24.0027
21.6982
22.5096
23.2666
23.3519
23.1414
22.5877
22.4050
22.2118
21.3984
23.0482
22.2909
23.7813
22.9276
23.4153
21.1837
22.2726
24.6455
22.9883
22.9761
22.9480
23.5989
22.5409
23.3103
22.1027
22.8162
22.7609
21.6820
22.2219
24.1336
25.0652
25.5509
23.7547
23.3902
22.8815
21.8009
22.2899
23.4255
21.6869
21.9980
22.0901
22.3865
22.7503
22.0112
22.7169
24.4063
22.3260
21.3229
22.2188
22.8028
22.6475
21.4687
21.9812
22.1991
21.6987
21.8167
23.4333
21.3506
22.0632
21.6908
23.0089
22.6978
23.1324
23.4468
22.2586
22.3045
21.8493
21.9252
21.5406
21.3766
21.9809
21.3742
21.9463
21.8840
21.7161
22.7917
22.4290
21.9723
22.7069
22.3971
21.8959
21.9957
21.7812
22.3098
24.6380
23.5675
21.9259
21.6306
20.5280
22.7203
23.0346
21.0807
21.6082
21.4952
21.7550
23.0274
24.4530
21.9811
23.0618
23.0029
22.0401
21.6927
20.3138
21.7425
21.0043
22.7214
21.6339
23.3011
22.2471
21.4917
21.9188
20.6534
22.6135
22.3618
22.7426
21.4493
21.8703
21.9950
23.0261
22.8309
22.7078
22.9584
22.2698
23.4901
21.0193
22.3941
23.6467
21.7369
21.6608
21.6606
21.9558
21.8689
22.4673
23.1632
20.3552
23.0026
21.3179
21.9467
22.9021
23.0946
22.1869
25.2600
22.6023
22.8332
23.5272
20.9208
22.1642
21.6749
22.2021
22.8387
22.7316
21.8849
22.4955
22.6639
22.7962
21.0872
20.3538
21.3954
21.8462
22.1183
21.5932
21.6160
21.6713
21.7087
23.6287
21.3956
21.8471
21.5438
23.2462
22.2407
22.1775
22.6268
21.6584
21.4489
22.1080
21.0160
22.9152
22.0014
22.0420
21.6145
23.5773
24.1435
22.1038
22.7764
23.5789
23.2231
22.7090
22.1836
21.0309
22.3175
23.2201
22.9048
22.5191
22.4605
23.3904
22.8609
22.8969
22.6187
22.9332
25.1620
25.7981
27.1644
24.3694
25.7621
23.0812
22.4178
22.8894
23.0274
22.8005
23.7965
21.9066
21.7706
21.4780
21.6841
22.9124
22.2232
22.2472
22.1188
22.5049
22.9734
22.6560
21.5246
22.5674
22.9662
25.4556
23.1895
22.7496
22.2493
23.3000
21.3608
22.4294
21.4362
21.8653
22.4003
22.4194
21.4409
22.0036
22.7671
21.6050
22.1509
21.5960
22.0814
21.5142
23.1509
22.5872
22.0592
23.4684
22.9681
24.5051
22.5106
21.8020
22.8234
23.9631
22.4118
24.1442
23.3707
23.9243
23.1863
23.0423
23.5324
24.7920
24.8283
23.3552
24.6988
24.3003
23.1744
25.0732
23.2035
22.2635
21.2957
24.6676
22.5099
21.5000
22.9347
24.0318
24.6272
25.2586
24.6402
23.7386
22.7212
24.0642
23.2294
22.4895
23.3898
25.6355
23.2146
22.8580
24.2023
23.6364
23.7879
24.3857
23.1533
24.5594
24.5280
23.0290
23.0051
23.0176
23.3228
22.9312
24.5432
22.8907
21.7370
21.4396
21.5829
22.2105
21.0700
23.7138
22.8677
23.7269
24.2902
24.4802
24.2702
23.9107
21.3586
22.2270
22.5106
22.0460
22.1454
24.7623
26.1059
24.7993
24.5572
23.8790
23.4664
23.6935
23.1308
24.7642
23.2603
24.2029
24.5794
22.9478
23.5377
22.0595
22.1218
22.8679
24.5717
23.5341
21.8522
21.2741
20.7754
21.2192
22.4089
21.8778
21.8110
21.5849
20.8821
22.7848
23.5445
23.1609
23.8703
23.1334
23.6114
22.7121
23.9330
21.8390
22.4099
24.0788
24.0426
23.7305
24.6983
24.1150
22.8581
21.6037
22.3389
23.4829
24.4597
22.6078
23.7193
22.3641
21.2689
22.2362
23.7266
23.0577
22.1885
22.7530
20.5744
21.6538
21.4713
21.6447
23.3518
23.2192
24.7364
23.9638
24.3035
23.9937
23.6810
24.5864
22.4784
23.4690
26.3309
23.5869
24.6054
22.6855
22.1155
23.2363
22.3369
23.3664
23.3733
23.2877
23.4844
25.4022
23.8270
23.0760
25.5330
23.9829
22.6138
24.2429
25.2339
25.9122
24.5571
22.9610
22.4676
24.3599
23.3969
22.2360
22.7748
22.8406
22.5646
22.9741
23.7966
24.0294
24.8205
24.5263
25.0527
24.4313
22.7284
23.9184
23.4724
24.1355
23.5241
22.2231
22.8905
24.1833
25.2144
24.1797
23.9814
22.5593
25.0091
24.9998
23.9103
24.7718
23.9848
24.3705
24.6324
24.1603
24.1149
23.2905
22.4282
25.0758
25.6832
25.0712
26.3644
25.3814
27.3917
25.7189
26.6469
23.8378
25.2391
24.7748
25.3768
25.1756
22.9472
22.7623
24.4291
23.7360
26.2452
26.0265
27.1245
26.4205
25.2778
25.2770
24.6961
24.3517
24.3240
23.7696
23.6155
22.7525
24.0476
24.3014
23.4553
25.0438
24.4944
24.6283
23.9576
22.8193
23.9532
23.6429
25.5854
23.4423
24.0603
26.3427
25.9773
24.3606
25.0037
24.6514
23.7708
25.2196
23.5186
24.2539
22.7785
24.3261
25.1170
25.2853
25.2613
26.0173
25.1036
25.3703
24.0407
25.2491
25.6981
25.4196
25.7834
23.3483
24.0968
22.8530
21.7269
22.0951
21.5144
21.4945
21.6731
23.4738
21.1828
21.8130
22.3709
23.5514
21.7943
22.4522
21.1308
21.5106
21.0719
22.3800
20.3663
22.7088
22.0594
21.3429
23.4699
26.0136
24.4875
23.4935
23.3102
22.1565
24.2036
22.7204
22.4295
21.7452
21.3995
23.2293
25.3136
25.7093
23.2766
24.0164
24.6947
24.1492
20.7297
21.4711
21.7528
22.6227
21.1620
23.3086
22.0573
21.6115
23.1970
23.9638
23.2482
23.7644
24.0383
23.4114
22.2596
21.5350
21.2648
21.4530
22.1259
20.6330
20.3670
21.4922
23.5211
22.9025
22.8236
23.5329
25.1052
22.3530
22.8238
23.0554
20.9471
21.6446
22.2938
23.5298
23.3280
22.3075
22.2086
23.7580
22.5049
22.5052
22.9212
21.7705
23.3810
22.1556
22.6292
22.3780
24.6774
22.6973
25.3919
22.9297
23.4882
21.1049
23.0527
21.8447
20.9154
23.2007
22.5083
22.2179
23.4613
21.7403
22.8150
22.4744
22.3440
21.9340
22.6179
22.4029
21.1334
22.6378
21.6957
23.5904
23.1668
22.6360
22.5434
22.2432
23.8763
23.8832
25.3402
23.0869
22.0108
21.7534
23.9839
22.9722
22.2002
22.7012
24.7991
26.2566
23.8090
26.5504
24.8311
25.6966
28.8350
23.6053
23.4177
24.0518
23.1218
24.9856
24.5883
24.2042
24.4746
22.6259
23.8659
23.8680
24.0445
26.4439
24.2863
23.2783
24.0776
23.4154
22.6434
23.2389
22.8861
22.6467
22.4494
21.9545
22.4369
22.0063
22.5393
21.9805
22.5140
21.8643
22.2856
22.9787
20.9995
23.0675
23.9313
22.6635
22.5378
22.6063
22.4716
22.6570
23.3273
23.2395
21.0853
21.6575
21.9518
22.6737
23.7536
22.5643
22.8965
23.0704
26.0830
26.8132
25.0680
24.7931
24.8453
25.5576
24.8526
25.6893
23.9686
22.2224
22.5701
25.1103
24.1727
23.5129
22.6998
22.9552
25.1065
22.5142
23.8605
24.8972
23.7859
26.2066
24.0276
23.6907
23.1680
22.8747
23.4375
24.6456
23.9589
23.2241
22.7965
24.0220
23.2075
25.1856
23.0873
22.3753
23.7127
24.9109
23.7584
24.3593
23.8077
22.7092
23.3666
24.2785
23.1824
24.8689
25.3528
23.0225
22.7855
23.0847
23.8399
22.0893
23.3083
21.2273
21.8070
21.0337
20.7982
22.8328
23.8958
22.6142
22.8750
25.2892
24.9006
20.5953
23.2052
21.6585
23.2222
22.3226
22.6147
23.2610
22.9250
22.4405
22.7045
23.1619
23.4768
24.3589
23.9865
23.6227
23.6822
22.4871
23.8428
24.0712
23.1002
22.2778
22.4852
21.9866
21.9705
21.3727
22.0782
22.7512
23.2634
21.5005
23.7133
23.0389
22.5973
24.3490
22.1157
21.8360
24.3180
23.5101
23.5429
23.8771
22.5558
22.6200
21.6830
21.4263
20.8337
21.8856
22.6852
22.9807
22.6405
23.1935
21.7217
23.2326
23.7923
24.3760
23.8592
24.5432
24.3289
23.1621
22.0978
21.7523
20.5694
22.6517
20.8992
23.9396
22.6509
21.7388
22.1440
22.9888
24.7578
24.3303
24.9491
25.1428
22.8104
22.3161
22.9812
22.4470
24.5642
22.2112
24.7527
23.4586
23.1576
24.0536
22.6592
22.1830
23.5405
23.6662
23.6781
23.9411
22.4961
22.8219
24.0803
24.3524
25.0638
22.9906
24.2560
21.8494
23.6604
24.2823
23.4123
23.1533
23.6368
21.9071
21.0538
21.7048
22.7216
22.4767
22.8374
21.8277
23.4728
23.0197
22.9828
22.6344
23.6028
20.4587
22.3284
22.0546
22.8193
22.4407
22.4813
23.0237
22.0971
22.2542
22.7893
23.7146
24.0028
23.3073
24.6059
26.1233
23.6181
24.6036
21.3748
22.4182
22.0568
22.2670
21.4483
22.3376
23.3990
23.1194
23.2425
21.1642
21.6757
23.2725
21.9299
21.5344
22.1117
23.2204
22.5807
21.2391
22.3155
22.8219
22.9347
22.8513
22.8292
23.1454
24.8178
24.4366
23.7863
22.7676
21.3513
23.7142
23.0772
23.6174
23.2394
25.8251
22.5373
21.9964
22.7064
23.2822
23.0528
23.2570
22.1119
24.6704
24.3756
22.0380
23.0216
22.4999
23.9748
24.0513
24.3715
24.0569
22.6277
22.3825
23.3349
23.5359
23.4826
21.5133
22.5284
23.2923
21.2501
22.2509
22.0294
21.7129
22.2210
23.0849
22.6073
22.6847
22.2446
21.6136
22.6020
24.0496
24.2489
23.5448
23.8007
26.3850
23.3830
25.1425
24.7812
23.3502
24.7886
23.9835
24.1233
24.5739
22.4362
24.1874
26.2903
26.1663
25.2442
24.6118
24.4554
25.2179
25.4357
24.5284
23.1903
24.7051
25.1003
24.6838
23.9998
23.2844
25.1971
24.2250
22.0739
22.5497
24.2506
24.0593
23.5095
24.2101
25.5871
23.8926
22.8648
23.3027
21.8991
22.5773
23.7505
22.3718
24.7870
26.1786
25.4009
24.0680
23.1224
23.1262
22.7399
22.4415
22.7478
22.4584
22.8747
21.8610
21.9704
24.0006
23.6025
23.7127
22.5574
22.0215
22.3649
23.3192
21.4426
21.9931
23.1266
22.0120
22.1604
22.2115
20.6890
21.9723
21.0704
22.9212
22.4385
21.1124
21.9007
22.9655
22.9217
21.4396
21.7890
22.8032
22.6495
23.1625
23.7106
20.9801
21.2745
20.8132
22.3970
25.1143
25.4317
24.9631
24.7689
24.1618
24.8903
24.4301
22.9156
24.4649
25.8248
25.1235
25.0268
24.1020
23.2976
23.4021
22.7091
21.9423
23.1800
22.3068
23.3755
22.3827
20.5095
22.6925
21.6670
21.6840
21.1639
22.6457
22.4951
20.6055
21.8450
21.9930
21.6128
22.2854
23.7195
24.4745
22.6029
21.0467
22.6938
22.1390
23.5563
22.1889
24.6404
23.7467
23.1640
23.7573
25.3429
23.1481
23.5248
23.4864
23.5471
22.2484
23.1028
23.0395
23.2604
23.7256
24.9752
22.9945
23.5914
24.1486
22.4771
23.2282
24.2871
25.2961
22.6376
23.1111
24.8213
23.6976
24.4200
24.1095
22.8161
20.6512
21.9373
21.7248
21.9967
23.1558
21.9742
23.0014
22.1516
21.9960
21.9858
24.4821
24.0529
21.4007
21.9554
23.2490
24.4614
22.5872
24.0453
20.8555
22.3394
22.9030
21.9955
24.2708
20.8334
20.2055
21.3158
21.8565
20.7890
20.2483
21.2713
21.0319
22.0057
22.7997
22.8230
23.6950
22.9366
22.2932
21.4645
22.1226
24.5196
24.1003
24.2347
22.1074
22.2026
23.7203
23.0079
22.4000
22.9539
23.1103
25.9480
24.7256
22.1317
21.5260
22.5176
24.8188
21.6622
22.1946
23.2193
22.4968
21.2541
22.2571
21.8978
23.4251
22.1694
24.2100
23.1869
23.9880
21.6607
23.7714
24.4271
24.6227
23.3501
23.7343
23.4079
22.9315
23.4708
24.5661
20.4641
23.2410
22.5630
23.5109
23.6363
22.9442
21.2361
22.3268
21.7177
21.9306
21.2354
21.9640
21.6290
21.0986
21.5608
22.0594
22.5623
23.0070
21.8957
23.3157
23.3367
23.3297
25.6484
25.6583
24.4041
23.9959
23.9526
23.2956
24.1597
22.1495
23.8288
22.9635
21.8153
23.2924
23.5313
22.8765
24.5386
23.3004
23.1086
24.5318
24.5671
23.5369
24.9411
23.5983
25.6783
24.9881
25.6686
24.8425
22.4062
22.1804
23.1689
22.1925
22.6307
22.1183
24.4129
24.6314
26.8034
24.1989
23.4115
23.5041
24.1547
23.6358
27.4234
26.6734
24.3551
23.9739
26.0011
23.2279
23.5855
24.5423
24.8225
25.6957
23.9666
23.0942
23.4610
23.3324
23.7970
23.6521
22.4749
25.4458
25.0205
23.4024
24.1688
22.0278
24.3108
22.0989
22.3290
22.1552
23.7171
23.5038
23.6220
22.4440
23.6547
23.8252
23.2176
24.2373
23.6116
23.6816
24.3849
24.1716
23.6596
23.8173
21.3599
22.3348
21.7307
22.7251
22.2562
24.1207
22.2412
21.6969
21.7093
24.2680
23.5041
25.0189
24.8441
21.3987
23.7190
22.4301
21.8294
22.1263
22.3167
23.9159
22.6077
24.4881
23.2424
24.1858
22.6252
23.2834
22.7832
24.9605
23.6342
24.3496
23.9636
24.2354
22.9565
24.5462
23.8764
22.8471
23.0509
23.4094
24.0696
24.8739
22.8187
21.9064
20.8043
23.1117
24.0670
23.7278
25.1173
26.5630
26.4355
25.7191
25.2119
26.6454
26.9683
24.3209
25.5408
24.7229
25.8896
24.1000
21.7789
23.0833
23.3154
23.7530
25.8461
23.9100
23.4287
21.7020
22.2072
23.8084
22.0790
23.7057
24.2301
23.4044
23.3883
24.3845
23.9237
25.2947
24.6862
23.2845
24.0275
22.8384
24.3887
23.7229
24.6131
23.1271
23.5962
24.8506
26.4863
28.2645
23.8437
26.1376
25.8780
26.2793
25.1561
23.7163
23.6228
24.0909
23.5533
25.8476
24.5187
23.5702
26.1669
24.4249
25.5579
22.6874
22.2228
24.3058
23.1688
24.2874
24.9296
23.9663
24.6451
22.7237
25.5180
27.2821
25.9134
23.7418
25.5096
26.2151
26.7646
23.7056
24.3326
23.4805
24.2019
24.3294
24.0949
22.0660
23.9411
23.7762
25.0837
24.2416
24.3547
23.1397
23.8447
22.8546
26.0000
24.5260
23.3232
23.2891
23.0583
24.2630
23.8969
26.3375
23.1724
23.1807
24.2573
25.4373
23.7352
24.8216
24.7987
23.2239
24.6440
24.0410
22.8663
22.5738
23.4582
21.0423
22.0172
21.3799
24.6939
23.3811
23.8867
24.3738
23.8352
23.5317
24.2305
24.4200
24.8260
24.0401
24.3538
22.7244
23.1649
21.5636
23.1922
24.0608
22.9187
23.9750
23.4328
24.1917
23.8547
26.7815
24.5423
25.2895
24.3632
26.2917
24.3729
23.5939
24.3539
23.3360
22.9878
24.5881
23.3013
25.1347
25.7001
27.4153
25.5463
24.7919
24.6615
23.7226
25.1481
25.4833
26.1165
24.4636
23.5214
24.4456
23.1416
26.0979
25.5361
25.8631
24.8928
26.3286
22.5024
24.3900
23.9415
23.4684
24.6413
22.7030
21.7236
23.0747
22.9897
25.7086
24.1399
23.6130
22.3272
23.9541
24.4158
23.9966
20.8948
21.7099
24.0564
23.6683
22.4126
24.4998
24.3405
23.3756
23.6068
24.6273
25.2025
25.9919
25.6891
27.6372
25.5823
26.2165
29.3779
26.7095
26.1892
24.8161
29.3643
25.4099
26.4907
28.2111
25.7660
26.4499
27.2582
27.2794
24.6301
28.4105
25.7214
25.8819
24.1420
25.9546
24.5701
25.2054
27.0699
25.0096
24.1941
24.0350
25.6241
24.3644
25.4851
24.2852
26.6014
25.3956
23.6918
23.1353
25.0132
24.9807
25.7974
26.7057
26.9680
26.9112
23.7630
25.2821
25.1528
25.5472
23.7283
25.6485
25.8928
24.3059
24.6553
22.9275
24.9430
23.8239
24.4370
22.1619
23.2473
23.6501
24.9642
23.4852
23.4077
26.2120
27.5310
25.7335
25.4735
25.2448
25.7654
26.3299
24.6298
25.1292
27.1855
26.4785
23.5068
26.1667
23.2966
24.2459
22.4214
23.0448
22.4898
23.7133
24.4691
24.3563
22.0015
23.0519
23.6391
23.3605
23.6258
22.6089
22.2562
22.3556
23.1229
22.9145
22.2022
23.3202
21.7329
22.1760
22.4961
22.3426
22.5573
23.2996
24.6726
24.7074
22.2813
24.9353
23.7311
23.2047
22.4643
24.4648
23.5688
23.4634
24.9367
23.6701
22.9532
23.3447
23.6673
23.8058
23.1522
23.8573
22.6793
22.6641
23.7593
24.5081
25.6487
25.0269
26.7488
25.5343
25.3391
25.2106
24.2168
26.4571
24.8323
25.6039
26.2455
24.0263
25.1598
22.9254
23.6231
21.8663
20.7440
21.7815
23.1126
25.3813
25.8351
25.5149
24.7431
25.5098
24.5263
26.5783
25.0496
24.9161
28.0290
26.5089
27.4313
29.6949
27.7441
23.7132
23.9757
25.6495
24.1332
26.5544
25.1949
27.9352
24.3628
25.2046
25.4796
26.5181
25.2181
24.9468
25.6878
26.2524
24.2173
26.8627
27.3972
24.3157
26.2924
27.0253
27.0315
27.3013
26.9071
27.9298
26.1703
26.4203
24.9037
26.6835
23.8859
26.7424
30.2462
26.8997
26.6039
24.9041
24.0237
27.7760
25.5009
26.1677
25.1957
22.4715
22.9799
24.7195
27.4764
27.6540
26.3323
25.0335
25.3219
26.9758
26.9910
27.0736
28.1564
25.5423
24.3890
25.3063
26.8211
26.4170
25.5760
27.8075
25.9216
25.8382
25.6797
23.4432
26.5203
26.9642
26.8106
24.4537
25.9572
25.1686
23.4452
21.9280
22.6100
24.8941
25.4267
26.1234
23.0929
26.4966
23.7845
26.0936
24.7916
25.6362
27.9563
26.4205
26.4109
26.8290
26.1298
26.3726
25.5552
25.4772
26.7878
26.4328
29.0923
27.6175
29.9004
28.6535
27.0696
26.4323
25.5165
26.0379
26.3067
27.0562
25.9621
28.2917
28.4581
26.1525
25.3055
25.9043
25.7794
26.6168
26.2166
26.8523
24.7330
24.6214
25.0078
23.4289
23.3368
26.0577
24.9965
22.4080
25.2390
24.3753
24.7289
24.5235
24.0430
23.4074
25.2203
24.3357
25.3845
24.9906
24.3525
24.3257
24.6343
22.4417
26.8370
24.8859
25.0534
26.1087
24.9895
24.0578
24.4823
25.2161
23.0549
24.7498
24.6694
23.7529
24.6313
24.9230
23.8148
23.5090
23.0184
22.8559
22.9813
24.8752
25.1515
26.7754
24.7310
25.0640
25.9449
25.1413
22.6440
23.7745
23.4257
24.3673
21.9724
21.9332
23.2404
22.2792
21.4174
23.1137
23.3779
22.7737
24.0515
25.0638
23.4376
27.1245
29.0057
28.3742
27.1723
27.9330
26.9455
25.1305
26.5421
25.5995
23.5556
22.3886
24.1381
24.2632
24.7595
23.9510
25.5722
22.6829
25.0977
26.6261
24.8371
24.2512
26.3623
26.5425
27.7905
23.2899
25.9090
24.0544
23.2688
24.6849
24.3929
23.8284
24.6374
26.0920
24.6038
24.2449
24.2316
23.9963
23.9585
23.4824
23.9113
22.8521
26.7922
26.3458
24.9481
25.3564
26.0980
25.7432
25.9254
25.6860
26.7175
25.3387
27.0268
23.9801
25.0549
25.0226
25.0776
23.4912
23.3701
23.3116
23.6128
25.4268
22.9783
22.2534
21.4481
22.8169
24.3513
24.3011
24.2090
25.0435
24.8001
23.9486
25.4670
26.8257
24.2593
25.3268
24.3146
24.4537
24.7481
23.8151
23.5116
23.7612
23.9950
24.1075
26.8903
24.2999
24.6314
25.1063
26.1634
26.7351
26.8170
25.4757
24.5812
24.4862
22.9867
25.0423
25.5570
22.7044
24.7091
26.2887
24.0638
23.5071
24.5470
25.0059
24.5638
25.3633
23.6780
25.0146
22.3646
21.0629
21.6415
21.4135
22.0275
23.5030
23.9534
23.9640
25.0670
22.7293
22.7160
22.9898
23.1544
22.8493
24.2733
22.6106
23.1089
23.3946
23.3928
22.4208
23.2967
22.5545
23.0479
23.2403
23.9241
22.1342
21.4809
21.7355
21.2512
23.3672
23.3660
23.9144
23.4001
22.7913
22.3376
22.4996
25.4327
23.9111
21.9718
25.1334
23.6980
22.7267
24.8334
23.7586
23.5749
24.8510
25.5606
24.9224
25.8814
24.0412
23.6441
22.9354
23.7743
24.1522
25.2143
27.1392
25.5941
23.0164
23.3446
25.8874
26.6787
25.8383
24.1400
22.7554
24.4222
24.6851
25.3181
24.0503
25.4969
25.7811
25.0980
24.3565
25.3094
26.4133
25.3986
24.8549
25.4305
25.6828
24.9962
26.1935
24.0712
23.8613
22.9700
23.3340
22.9421
22.7300
23.5961
24.5591
26.5637
25.6713
25.8337
23.3636
24.9509
26.7620
23.7319
24.7795
26.7594
25.0353
24.7459
23.5641
23.8900
25.7862
24.6729
25.8262
25.7764
24.8387
24.2851
23.2704
23.9829
25.0781
24.8346
24.3949
24.5796
23.6174
23.4850
24.8041
25.6269
24.1649
23.8615
23.6980
23.3798
23.7149
22.0364
24.4129
25.1979
25.7106
22.9388
23.0999
24.0909
22.2746
23.9579
23.3278
22.9133
27.1555
25.1144
25.2844
25.1804
24.2742
24.7692
24.3900
22.1818
23.2015
22.9871
23.9471
23.4225
22.0485
24.4258
23.5819
24.5007
23.7066
23.4458
25.9101
25.2360
25.9915
25.2563
25.0932
23.9025
23.5551
23.5568
23.8754
23.9001
25.3785
23.9474
24.7924
23.6331
25.6897
24.9925
25.1481
25.0890
22.7009
23.9844
25.7794
27.2033
23.0194
22.9728
24.0361
25.0869
22.7510
24.2752
23.8625
22.9234
25.0277
25.4735
25.9096
25.8291
25.0125
24.5886
24.2903
27.6256
28.4316
25.6592
26.8545
25.1291
25.7390
26.4361
24.7896
25.0104
26.6090
24.6396
25.3207
25.3221
26.0811
26.3117
24.1669
24.5634
23.8187
24.3021
23.7845
21.7138
21.4924
23.7027
23.5512
23.1517
23.0020
22.8113
23.0233
23.8967
23.4238
23.6919
25.8974
22.9899
24.7187
22.0251
24.2568
24.5194
23.5382
24.2134
23.6554
23.4405
25.5182
24.5607
24.8682
26.0581
24.7319
25.6744
25.2540
24.6778
24.0250
22.7376
24.8481
22.7186
22.8710
23.0261
23.1032
24.2662
24.9271
25.8715
24.8669
24.3026
25.2979
24.2076
24.9538
24.2676
23.4211
24.5919
24.9131
22.9383
23.5085
21.9933
23.6495
23.3529
24.3560
24.9732
24.6156
26.1691
23.8553
24.7323
26.4104
25.5718
26.1313
24.4951
25.5403
23.7613
24.1561
23.2849
22.5600
22.6143
23.5462
21.9748
22.2079
24.0351
24.0881
22.8952
23.0136
24.8260
23.8442
23.6997
23.3869
23.1332
24.9209
25.8955
25.9942
24.6856
25.9807
24.3384
23.5343
23.4773
26.2158
24.8014
23.7598
24.8255
24.4783
25.3562
24.9878
24.8557
24.8880
22.5113
22.9787
24.4933
24.6774
25.7579
26.2312
25.9825
24.3074
23.8637
25.2654
26.5544
27.7729
26.5633
26.6396
26.3360
24.2624
24.7225
25.1012
23.8933
24.0635
24.1188
24.5605
27.2669
25.3637
24.2653
25.1429
24.3715
25.4300
26.2599
24.2927
23.0738
23.9851
25.2641
24.4839
22.3892
24.3451
24.7687
22.3786
22.2624
23.6565
25.8417
24.7991
25.2571
26.4258
24.6435
24.2509
22.0401
23.7254
25.1053
25.8934
23.7702
23.3403
25.0989
23.9458
23.9615
22.3976
24.7068
22.7439
21.5349
25.7046
21.9869
22.7774
23.1329
24.6908
22.4762
24.8281
24.5994
23.1054
23.4568
23.1664
23.5873
22.6238
23.3178
24.2803
24.8675
23.4038
25.4799
24.2869
23.6155
23.8540
24.3041
24.7750
24.5691
24.4351
24.4480
24.3180
23.2908
24.1404
24.9497
22.9089
24.4120
24.5906
24.7869
24.3280
25.4181
24.4311
24.1102
24.2393
23.6582
24.8136
25.0955
24.0841
23.1636
23.4703
24.1078
23.5048
24.2246
22.7896
23.2876
25.0628
23.4596
22.4740
23.5941
24.5570
24.4910
25.4381
23.5838
23.6330
22.0658
22.9703
22.8238
24.7235
23.6024
24.5435
23.1799
23.3112
23.3651
22.6449
23.0019
24.4028
23.5399
25.2773
25.2738
24.7493
23.8636
23.9481
25.4634
23.6764
25.4686
24.4926
21.8896
23.9238
23.6264
25.3867
25.8249
26.3902
25.2202
24.1856
26.3797
27.4281
24.1170
24.7790
25.8000
26.6120
25.8434
27.0769
27.3824
25.3994
23.7113
24.6734
23.8973
22.6271
22.6673
25.7754
26.2975
25.2594
23.8114
23.2429
22.3368
25.0635
24.8238
26.3453
25.7833
25.6798
24.6196
25.0466
25.7591
25.5295
24.9496
22.2766
24.6038
23.2011
23.4022
24.4002
23.4684
22.2861
22.3531
21.6912
22.6775
22.4136
24.7143
24.4237
25.0493
24.1086
22.8728
23.4241
25.8657
23.6294
23.8696
22.2951
22.0907
22.8891
22.1830
23.9980
23.9089
23.8864
22.3204
25.3677
21.7801
25.3283
24.7425
24.3960
22.5606
23.7195
23.1385
22.2199
23.3898
23.1959
23.3420
22.8273
23.6676
23.1917
24.5334
22.5908
24.2161
24.1339
23.7849
22.7379
23.0516
24.4146
23.0479
23.8349
25.4583
24.9215
23.2738
24.8857
25.4635
24.3972
23.8872
24.1436
24.4879
25.2905
23.6650
23.5137
22.0985
23.5406
22.3636
22.3307
23.5785
22.2915
24.8328
23.1312
24.8316
23.1731
23.0393
23.7195
24.2486
24.0434
22.9669
23.0416
24.1538
24.4359
24.5422
24.1223
23.4017
23.4736
22.5823
22.6824
22.0165
20.4952
21.7239
22.5147
21.3848
23.5465
21.3623
22.8890
24.7931
24.1189
23.0932
24.7416
23.7435
24.0456
23.7106
21.5727
22.6184
22.4027
23.5845
24.9228
24.4135
24.4265
24.3037
23.1432
23.4136
23.0088
21.8415
22.7084
22.2119
22.7319
21.8171
23.4159
22.9012
22.4849
22.5535
21.9224
23.0134
21.8457
22.2833
21.0696
22.6012
23.0985
23.1384
21.4277
22.8633
23.1725
23.2564
22.3649
22.8583
22.6127
22.7454
23.9185
22.7331
23.5140
21.8035
21.7427
22.7641
23.4111
22.2861
22.0790
21.4597
23.0800
23.1638
23.0725
22.9237
23.0752
23.1639
21.7249
23.6491
22.2363
22.1029
20.8274
23.0809
21.9723
21.8696
22.7280
23.8848
21.5734
21.9830
22.6676
22.9952
21.5822
22.9128
23.0877
23.4878
23.6925
22.7306
22.4284
24.2154
23.9936
25.3041
25.7344
23.8682
24.3227
25.5471
24.1091
21.5876
23.7618
24.2097
23.6873
24.8757
23.2540
23.8385
25.2276
23.8192
22.5900
23.8368
23.6604
23.7338
23.8103
24.2038
22.3120
22.2934
23.9826
24.7862
24.5093
24.2832
24.3327
24.0113
23.8356
24.1445
25.4709
23.1638
21.9619
22.0578
23.4941
23.4357
23.1812
25.4910
24.0490
22.6888
24.2268
25.5725
23.5755
25.2038
26.3596
26.8660
25.7311
25.7892
25.5027
25.5354
25.6550
24.0102
26.1489
25.6000
26.8031
24.4308
25.7287
25.1909
25.9620
24.3527
23.7472
26.2279
25.4026
23.7225
25.3918
25.5641
25.0247
24.2811
24.3525
23.5486
24.2426
22.2176
24.8417
25.2444
25.0775
23.5502
25.0245
24.4571
24.4754
25.6997
24.2071
23.8088
24.1998
24.6249
24.9396
22.6804
22.9575
23.6938
24.8131
24.4213
23.2155
24.2315
24.4590
21.6986
23.5193
23.9978
23.5826
22.7072
22.4889
21.2332
23.4155
22.3728
22.1673
24.4789
25.9565
23.7393
26.1880
28.3465
27.5215
25.9509
22.4017
23.5465
23.9066
23.6796
22.0956
24.1155
22.7295
20.7232
21.5469
23.0372
22.4406
21.8800
23.0944
22.4559
24.0679
23.5324
22.7014
25.0081
23.9436
23.2026
22.7762
26.4485
22.4887
21.7185
24.1807
21.8262
22.8969
21.3539
23.9609
21.3920
23.6269
24.6925
23.5047
22.4718
24.0732
21.9493
24.1750
23.5677
25.1579
22.6604
24.4842
24.0163
26.4634
23.1731
23.6495
22.0392
22.9723
24.8751
23.8122
25.2269
22.0165
22.6757
24.8197
24.4684
24.7375
23.5467
22.4905
23.2802
23.8246
24.3086
22.7466
21.5543
23.3477
22.6477
23.3391
23.1838
22.2051
22.7785
21.9591
23.4198
24.6221
24.8660
23.6168
23.9706
22.7968
24.3731
22.5931
23.5226
24.7997
24.1372
24.4543
22.4138
22.4620
22.8523
21.9437
22.3562
22.0432
24.2989
25.0844
26.5502
27.0154
23.2150
24.4309
23.0850
24.7540
24.8752
23.0594
24.0326
24.5257
24.2374
25.0964
24.6525
25.3852
23.2263
26.5159
22.8455
25.5686
26.0589
23.2703
22.4683
21.6736
22.9266
24.1906
24.1244
24.3591
26.1078
26.7700
27.3484
25.2330
24.9456
24.3270
23.4093
23.2346
23.4024
26.3454
26.3054
26.3964
24.9873
23.2006
26.2788
27.7641
25.4576
23.1726
25.1403
26.4456
25.4685
23.0991
23.5985
23.0971
23.1183
22.7654
21.8105
22.7354
24.4699
24.4009
24.7141
23.8251
23.9286
25.1022
23.4521
22.8022
24.2650
23.2345
23.6855
22.5644
22.6489
23.2637
23.1475
23.3996
22.6881
22.9909
23.6075
24.8889
25.4136
24.6234
25.0623
24.7622
25.9456
23.9327
23.3256
23.1974
26.1416
24.5467
25.4020
26.4131
26.1305
26.6058
26.8207
24.8595
24.5318
24.7853
23.5954
23.2291
24.0195
23.6828
23.5598
22.8324
23.8371
23.0292
26.1375
26.4248
25.4880
25.3628
24.3030
26.3726
24.6078
24.2643
24.1457
22.4945
24.3010
24.8321
24.1792
23.2800
26.2722
23.6793
24.2693
25.0052
24.2458
25.1927
25.7042
24.4855
24.5093
26.3328
26.0487
25.3318
24.7657
27.0202
26.2612
23.5398
23.6208
22.0804
22.0479
22.7846
22.8951
24.0603
27.3351
25.5660
23.0341
22.3929
23.7224
24.2490
22.4943
24.0654
24.0833
23.9925
25.1193
22.7745
23.6365
21.9403
23.2809
23.9883
21.4762
23.3618
24.7031
23.0750
23.0972
22.6262
22.9696
23.9225
23.8980
23.8069
26.4678
23.6401
24.5384
24.4928
22.8416
24.6480
22.7444
24.2604
24.6916
25.6821
24.7798
23.1092
23.0536
25.4334
25.2645
25.2526
24.4251
22.8289
23.2110
22.8559
23.6927
22.4929
22.8946
22.7377
23.2608
24.3727
21.8749
23.5672
23.8967
24.5943
23.7399
24.9672
25.9328
25.0960
25.5775
25.6999
26.4644
23.4412
24.3272
23.6028
24.4861
26.2108
25.5041
25.4482
24.8473
23.8650
22.3261
24.5118
24.3399
23.2700
24.2950
24.5214
24.1226
25.7718
26.8234
24.8336
24.3251
24.2697
26.0162
25.4189
24.8286
23.5670
23.4874
26.1804
24.2097
24.0460
23.7696
24.9845
25.2061
23.0053
22.8433
22.4887
21.5488
22.1956
23.9848
22.8911
23.8620
23.3113
23.5592
25.6754
22.5578
25.3976
23.7854
23.4605
23.4197
22.7801
22.4543
22.4591
24.7389
24.5457
23.8622
23.3932
24.4354
24.8372
25.2450
24.0977
22.8321
23.7817
25.2527
26.0058
24.8080
25.2697
22.6667
24.1466
24.8721
24.0966
24.8601
27.0741
26.0742
26.4970
26.3056
24.4955
25.9505
24.6703
25.1594
25.4728
25.5127
26.3641
25.7913
25.3659
25.7111
27.4815
25.6470
24.8121
24.6877
27.6940
27.6091
23.4872
24.5818
24.5410
23.8801
24.1712
22.3838
25.5498
24.5049
23.7374
23.2090
25.7319
26.9050
28.2504
26.1069
23.1424
22.9432
23.8125
26.0130
24.7319
25.7210
26.4252
25.2871
25.7184
26.0301
27.0589
24.5627
25.1647
24.5550
24.2504
24.8798
23.6361
22.2432
23.8882
23.9707
25.7242
24.4344
24.2858
25.2261
25.6143
26.1600
25.3115
24.8477
25.6616
27.1255
25.6361
26.6491
24.0070
26.7646
25.0324
23.7603
24.7938
27.1267
26.9581
25.8657
26.0017
25.1832
25.0581
24.8698
26.3681
28.3240
26.1975
25.6602
27.9320
28.9648
26.1531
27.5790
26.7845
26.2782
25.2109
27.5128
21.6865
23.9121
21.9197
22.3703
21.5196
23.2114
23.2534
22.8815
23.3648
22.8442
23.0394
22.6094
23.2209
21.5542
21.7397
22.8588
24.4441
24.4723
21.3775
22.7855
25.2924
26.4529
25.7656
25.9473
23.9055
25.6397
25.2531
23.5018
23.2064
24.4671
23.2330
24.3389
24.3178
24.3653
24.4955
23.2356
23.7077
23.8363
24.4749
22.1776
23.4864
23.5288
25.0975
23.6672
23.0611
23.8769
23.5328
24.4964
23.9342
24.3389
23.8035
26.3265
24.9385
24.6905
25.0595
26.3538
25.9544
23.5156
25.6411
25.5617
24.7775
24.1822
25.8827
24.8343
25.7782
25.4413
26.1032
25.0345
25.9184
24.6574
23.2407
24.2672
24.0125
22.0882
22.5084
23.0245
22.3084
22.5674
23.5682
22.0927
23.9924
25.2062
25.3468
26.2433
23.5132
25.2556
23.3583
23.5361
23.9813
24.7401
22.9100
25.2644
24.2322
25.1321
24.2184
23.7410
25.7291
21.8591
23.0193
22.1812
22.7878
22.6736
22.3792
25.2600
22.7383
22.9488
24.1247
24.0844
23.7287
24.6697
23.1498
23.9393
24.2006
25.5016
22.7817
25.1904
24.1277
24.5741
23.9003
24.4863
24.5266
22.7106
23.4118
24.0008
22.5176
22.6783
22.8652
23.2153
23.5728
24.3570
23.6790
23.6443
23.5155
22.9086
23.0208
23.5763
25.9820
24.4414
25.7969
23.0468
23.2360
24.1770
24.8234
25.2483
25.0527
24.9385
24.5715
23.3145
23.3837
21.2961
23.6376
22.7340
22.2143
23.2996
23.2676
22.4013
21.2689
21.9580
22.2740
22.4956
23.6922
23.2959
25.7003
24.7968
24.3265
24.7677
24.7373
23.5391
24.6756
21.9169
21.7625
22.6097
24.6762
24.2429
20.6504
21.3533
22.5840
24.6661
23.7879
24.3419
22.6125
23.8088
23.5048
24.5142
23.8971
23.7487
23.0598
24.0970
25.0042
23.9208
23.1283
23.5841
23.5660
22.4312
23.9122
24.1332
25.5540
26.3221
24.8611
23.5626
24.9207
24.5242
25.7682
24.0963
23.8948
24.2967
24.4530
23.8823
23.9712
23.8329
23.0301
25.2119
23.4466
25.7332
25.4736
24.3610
24.7367
25.0309
25.2588
24.4213
24.6566
25.3522
25.4296
22.8160
25.0004
24.1363
24.8280
25.3582
25.5008
26.3939
26.4864
26.1569
24.5832
24.6111
22.7076
20.7548
21.6511
23.9277
21.7253
23.9778
23.8069
25.0002
23.5959
24.9148
24.9122
24.3142
24.6456
24.1560
24.8610
24.1567
24.9974
24.4325
24.2191
23.6944
24.9725
24.6025
23.8123
27.0803
24.1976
25.4543
23.5008
22.8338
23.6948
22.4362
23.3134
21.6862
23.6965
22.7027
24.1703
23.3295
24.5830
23.5461
25.6741
24.4524
22.2931
22.8259
22.8145
24.6507
25.9354
24.9811
25.3168
23.7807
24.2035
23.0143
24.2677
24.0582
23.4553
22.4515
24.6191
23.0755
23.1817
23.3774
23.3061
25.1611
26.2317
23.9357
23.3229
25.5598
25.2333
25.4532
25.1937
24.4420
22.9406
23.1101
21.2471
23.2705
23.8620
24.7319
23.1171
24.0771
24.1775
23.5851
22.5530
24.5961
23.7493
25.0365
23.1847
22.7153
22.4173
23.6937
23.7566
23.5850
20.8937
22.9561
22.6261
22.8571
23.4864
22.7662
22.2304
22.3915
22.1645
24.8234
22.1996
23.0104
21.7331
22.8118
25.7648
24.0262
25.1787
24.3456
24.7810
24.2374
24.4600
22.8072
24.0826
23.1857
21.8654
23.4288
24.7492
22.3231
24.0920
23.4886
24.3849
23.7705
23.2475
23.6839
23.6554
25.3541
24.4252
24.2888
22.6034
22.9295
21.8478
23.1595
22.8110
24.8538
22.9285
22.5825
21.8193
22.5891
23.2109
23.1198
23.5103
22.0323
23.1649
23.3414
24.7502
21.7410
22.2674
22.6228
23.5176
22.2750
24.1670
23.8554
24.2737
23.4454
21.6414
22.2608
22.7788
21.2410
21.8430
24.2300
24.3615
24.1537
25.3741
23.5446
23.9595
22.7498
22.7941
23.6396
22.6523
22.5572
24.2674
23.7894
24.1495
23.4718
22.1528
24.5536
22.5795
22.9094
23.1271
23.1812
22.2197
22.3970
22.5435
24.8297
24.6979
24.2815
23.1200
22.3634
22.4771
23.6750
24.3478
24.8632
23.8730
23.6558
23.9416
24.3873
23.7855
24.6775
24.4266
22.4518
23.3146
24.2032
23.4649
22.8245
23.8544
24.7137
23.6399
22.5789
23.1655
21.8767
22.7009
22.7084
25.1794
25.8527
24.5750
23.0320
23.5131
23.6486
22.8372
21.8372
22.5317
22.2524
23.5455
24.0086
23.1534
24.1653
24.0574
23.2004
24.0376
23.5881
23.2643
22.9850
23.4144
23.0946
24.1894
24.9519
25.1788
23.0856
23.8581
24.6598
23.6326
24.4175
25.0006
23.4108
24.1634
22.7649
23.3944
23.7350
21.7030
22.0601
22.9172
23.9698
22.3184
25.0304
23.6372
24.3647
23.9392
22.9973
24.9129
24.6221
24.3793
23.4596
21.9229
21.2492
22.3366
21.9783
23.4435
24.3502
23.3378
22.0907
22.2140
23.0263
22.2660
22.3954
23.1854
22.2684
24.2431
24.8350
23.3805
24.9587
23.8991
24.7197
24.9474
27.0965
22.9055
24.6106
24.2287
24.2366
24.9451
25.4872
24.4410
24.1763
26.0599
24.1240
25.0607
24.2540
25.2893
23.9596
26.0355
24.4328
23.7025
23.7562
25.3767
24.0258
23.5216
25.3799
24.8199
24.3288
25.2943
23.9661
25.1001
25.0628
24.9465
25.0367
22.3118
24.8270
23.7468
25.1168
25.1248
24.5789
22.1782
25.9446
24.6960
23.8917
23.6876
24.3955
24.0527
22.8516
23.5025
24.2701
23.1997
23.9490
22.1424
21.5637
22.9057
21.8287
21.7132
25.1731
23.3174
23.2785
24.9678
24.2523
25.4015
23.8650
23.5103
23.1110
23.6684
22.0933
21.3951
22.4882
21.8090
22.7194
24.2809
22.7275
24.4058
24.1742
23.7318
21.6573
26.0006
23.0008
22.9817
23.5377
22.5734
23.0582
21.7144
23.0220
23.8429
24.8582
23.0323
23.4491
22.7461
24.2611
23.3184
24.5905
24.4672
24.2344
23.9302
24.2681
23.9773
23.4302
22.8993
23.4096
25.2585
24.5168
24.6792
23.9609
23.1667
23.2521
23.8189
23.1953
23.8088
24.5638
23.6259
22.9255
22.5995
24.2195
23.2825
23.5521
23.5551
24.5159
22.5510
23.4673
24.1850
22.2075
22.7656
23.5236
25.4646
25.9723
23.4866
23.0141
23.8413
25.1331
22.5781
24.0080
22.1428
22.8220
24.1999
24.6993
23.5575
23.7339
23.5070
24.1154
24.8491
24.6850
25.1189
23.3697
24.2123
22.7781
25.2194
24.3961
24.3820
24.6960
22.5640
23.8703
22.8193
23.0381
22.2170
23.1263
23.8728
23.2554
23.3434
25.7216
26.2166
24.4529
25.4118
25.1123
24.4739
25.0986
25.2702
22.4525
22.0924
23.2897
21.9282
23.5169
25.7441
24.9559
21.6541
24.2196
23.4098
24.3456
25.0698
25.4773
24.1906
24.6810
25.4593
25.2723
25.8302
25.9284
26.5426
24.7057
23.4442
25.9291
27.6632
26.1041
26.1029
28.3458
25.0024
27.2370
25.5784
27.4622
27.2378
24.5406
26.3136
24.5390
23.0200
25.7202
25.8203
26.4815
25.0810
26.6213
24.9221
25.4935
23.1281
24.2968
24.2892
22.8125
22.0424
26.0849
24.2975
24.3820
24.4089
26.7748
24.7365
25.3675
24.7341
24.7837
25.5731
24.9834
25.7881
24.9383
25.4421
24.8298
24.5149
25.7850
25.0267
25.4955
23.6089
24.4359
24.3253
24.6379
23.0690
25.1649
24.6466
23.1182
24.5017
24.1204
24.3484
25.2044
25.4836
24.2189
23.8025
22.6095
22.3121
23.1397
24.0464
24.4928
23.9841
23.8924
24.3397
25.8239
24.6205
24.3458
26.3342
27.5050
24.6860
24.0291
24.0189
25.6689
25.2950
24.8178
24.7299
23.4875
24.7537
25.4708
24.0790
24.9297
25.3032
23.0153
25.2655
24.0169
24.1864
23.1610
23.7070
24.3547
24.5247
24.7754
23.2431
23.6676
24.4487
24.4046
23.2645
24.1352
23.8927
23.0474
24.5524
23.4665
23.2580
23.0778
22.1146
23.5800
22.4365
23.1010
24.7856
25.6637
24.6611
22.3451
23.1471
24.9390
24.9868
25.5962
23.7805
23.6659
21.2665
22.7679
24.1060
24.8019
24.2738
23.8141
25.3836
25.1538
25.1469
23.9425
24.8209
25.1138
24.5168
22.9730
22.6690
22.8494
24.7745
24.7190
27.4578
27.1986
24.5871
24.1251
25.2714
24.2573
23.4144
23.6356
25.5909
24.5496
24.1259
24.8803
23.3327
25.1611
26.1003
25.7511
26.3466
27.1799
26.3006
26.2576
26.4894
25.4747
24.3750
24.2780
25.5975
25.4979
28.0483
28.0380
25.2095
25.1449
27.6658
26.9475
25.4086
27.1028
29.1812
29.1809
25.3826
26.7763
27.1825
28.6871
26.7503
27.5067
25.7387
26.4775
25.4966
27.4586
27.7089
25.9083
26.4984
24.0872
23.8773
21.9885
23.3318
22.4335
23.1966
23.9145
23.8106
22.6811
24.4421
24.9480
23.2045
23.7830
23.3688
23.2785
22.9579
22.6207
21.3998
24.3667
24.7282
25.0894
24.2381
23.3502
24.1445
23.4667
25.4065
24.6906
25.3838
25.0592
24.0225
23.2362
22.2378
22.4958
22.3601
23.7623
22.7582
22.5168
22.6729
23.8669
23.9928
23.5525
25.0733
23.4808
23.9114
23.8823
23.9502
22.9160
25.1667
24.6385
22.2482
22.9861
24.4116
24.3278
24.1438
23.3306
23.2295
24.7667
24.5708
23.7585
23.3675
24.1114
22.3765
24.1246
23.7450
22.3919
22.5812
21.8677
22.7811
22.5921
24.3484
23.4046
23.7754
23.4284
22.0004
22.6294
23.5488
23.1929
24.2393
24.2759
23.3770
23.1378
24.4598
26.2567
23.1729
24.9090
24.4187
24.2260
22.4354
23.5600
24.2174
22.8722
23.1652
22.2329
23.4045
21.8209
21.2999
21.3251
21.8058
21.6695
21.2169
21.5149
22.5885
21.0590
23.8226
23.9609
23.7586
22.1441
22.5998
24.9147
24.6017
23.3095
25.5381
23.8896
25.3102
23.7334
22.4444
24.2047
23.7577
25.1259
22.6446
24.5725
23.9799
23.8730
22.9001
21.8544
22.7453
22.3575
22.3826
23.6722
22.4038
22.4866
21.7032
21.9951
23.3793
23.4965
26.2863
25.4552
20.9603
22.6418
23.3357
22.6817
22.7536
21.6418
21.8916
22.5210
23.4234
22.2033
22.5481
22.9109
22.7033
23.8140
23.9737
23.0235
21.0141
21.9052
21.3726
23.8570
22.9743
23.9122
23.6327
24.6337
22.3865
24.3570
24.2301
23.6070
23.5271
24.2610
22.7521
21.2813
24.3777
24.8936
23.6099
23.8044
22.5148
22.7734
23.5085
22.5832
24.3030
24.2179
22.8507
23.4606
24.3874
23.9213
25.3558
24.4932
22.2911
22.6707
23.7327
22.1352
22.1124
24.1394
23.3455
22.9702
21.9277
21.5807
23.2866
21.7382
23.2327
24.6013
22.8782
22.9994
24.2147
25.9659
25.4338
26.2807
26.4705
26.0596
25.5473
23.9885
23.2886
22.7905
24.8891
21.9100
23.8600
24.8763
24.5624
24.7455
24.4732
23.7679
22.3073
22.1372
22.5227
23.8414
22.6815
22.4896
22.8815
22.7726
22.3674
23.5006
22.9491
24.5927
22.3270
25.4635
23.1784
25.2045
24.1397
26.3202
25.7830
25.6552
21.8470
21.8995
22.6973
21.8109
24.7545
26.1471
25.5827
21.9083
21.7516
23.2840
24.8982
22.3692
24.5840
24.0263
23.5705
25.3935
25.6698
24.4874
24.1887
24.0063
24.1484
23.8911
25.0458
24.3600
25.8676
22.5226
22.1806
26.0642
25.1470
23.4396
23.6526
23.3002
24.0297
23.3170
22.9774
22.9035
24.9705
25.2966
22.9884
23.8506
22.2260
23.8337
22.1824
23.4115
22.9224
24.4725
22.9101
22.6614
24.9631
23.7623
26.5206
24.2070
22.9614
23.0158
24.0728
22.9337
23.7120
24.7361
23.1591
22.3597
22.4624
22.6906
24.0060
23.6852
21.7057
22.8139
24.0816
24.3085
25.2853
22.9739
24.1970
23.0021
22.5803
24.1814
23.7338
23.5555
21.6413
23.7698
24.9395
22.6972
22.8877
21.8523
24.1393
23.4588
24.8404
23.3817
23.5777
24.0022
24.5822
23.6084
23.0267
22.1923
21.3886
21.9103
21.3172
20.9193
22.8083
22.0968
21.7111
21.4926
20.7867
22.1530
23.1104
21.6177
22.4508
22.2705
24.6272
23.8456
22.6488
21.7086
22.3813
21.9723
21.6446
22.7672
22.6857
23.1999
22.2182
23.3925
22.7232
24.1715
22.2548
22.9743
23.9640
22.9638
22.0153
22.2953
21.9416
22.1697
23.2944
24.4422
23.1052
20.7650
22.6013
23.3635
22.6874
21.9769
22.3241
22.5706
23.0880
22.7125
23.4364
22.4065
21.7005
21.9249
23.2421
22.1480
23.2422
21.3000
24.3095
23.3441
24.1994
24.5512
22.2586
23.9870
23.4213
23.7069
22.8122
25.5329
24.2365
24.2499
23.3005
22.8096
24.3571
23.1802
21.6282
23.4934
22.2445
22.3204
21.4826
21.0328
22.2249
21.7202
22.4292
23.2194
21.6482
21.8257
21.9483
21.5855
21.9806
21.5670
21.8545
22.5836
22.6131
23.5927
21.8857
21.5727
22.2235
22.9214
22.3814
24.0012
24.2596
24.0665
22.7654
23.3662
23.5094
23.5045
24.7421
24.1554
23.5207
22.4223
23.0820
21.4930
22.8226
22.4448
23.1140
23.5756
22.6640
22.6567
23.2598
22.0394
23.0863
23.4311
22.1267
22.4866
23.1758
23.7692
24.2889
22.9551
22.3772
21.4495
22.1721
23.1027
23.8526
22.9263
23.8477
22.9514
22.5008
24.1118
22.9580
22.1574
22.4948
20.0689
21.8018
21.9058
22.3020
23.2758
23.4297
21.6030
22.1817
21.4601
24.4037
22.7054
23.0445
23.3703
23.4800
24.9622
26.1362
24.0061
24.1662
22.3965
23.7028
23.4979
23.8213
24.8653
23.4317
25.0287
23.9913
25.2080
24.1905
22.9569
23.8336
24.6939
24.2502
23.1151
22.8618
23.2996
22.3240
23.4587
23.1647
24.7493
22.7321
23.1693
23.7368
22.9851
23.5291
24.2082
22.5734
21.8892
24.8431
23.6482
22.9514
22.8106
24.1425
24.5999
23.2566
24.3010
23.5377
23.1845
22.7877
22.7585
23.3127
23.5746
22.7680
22.5768
22.1221
21.1107
22.7935
23.6222
23.3604
22.6200
23.9157
23.6772
23.5949
22.9566
23.0195
22.7244
23.1953
23.2278
23.0437
23.5590
21.7472
23.3249
22.4124
21.6649
23.1996
23.8297
22.8928
22.7131
20.6556
21.5673
20.9853
21.8271
21.7740
21.7853
22.2659
23.9195
21.9588
22.3564
22.6467
22.7283
23.0628
22.3599
23.4247
22.5796
23.6215
22.2490
24.0141
22.1410
22.6753
22.5639
23.5920
22.3165
24.8120
23.7689
23.1952
25.5527
25.6300
24.9972
24.5148
24.5499
23.9008
23.5502
23.9597
23.0942
22.9844
23.9871
23.5580
22.8650
21.9766
22.8513
22.6282
22.3895
22.5115
23.5878
24.0002
24.5044
23.9394
24.7918
24.1883
25.2512
23.1434
22.9837
24.0748
24.2731
24.7898
23.8745
23.7691
22.7537
23.8233
22.4873
21.8238
23.0329
21.9922
23.4946
23.0413
23.0440
23.3157
22.5799
22.2722
21.9017
21.7151
24.3466
23.7999
23.5538
22.9787
23.0788
22.2263
22.2312
22.6155
23.1370
22.8398
23.2060
23.7829
23.1841
21.7703
23.0242
22.7227
22.9224
22.6333
22.3667
23.1696
21.7339
22.3609
22.2142
22.7129
21.8513
21.4469
21.9622
20.9069
22.0683
21.4371
23.9520
23.3007
22.8069
21.7710
22.7029
21.6910
21.8029
22.0013
22.8547
22.6157
22.4436
22.8051
22.3893
21.5927
23.5610
21.8973
21.9540
20.5243
22.2234
21.0800
22.4373
22.9809
23.0922
22.5578
23.1746
22.0365
21.8605
24.0374
23.3655
23.0934
22.5647
23.1091
24.3186
22.5632
23.6589
23.1303
24.4052
24.4584
22.8219
24.4704
22.7282
22.9581
21.7322
23.4523
23.0247
23.6501
24.2845
22.8669
23.7341
24.3119
23.3333
24.7415
22.9869
23.9190
23.4618
25.9716
25.7944
24.2396
23.0061
23.8968
23.0639
22.6393
22.7418
22.7920
21.8979
22.9108
22.2678
22.9185
23.1440
22.9886
23.0025
22.8956
22.6917
21.7867
22.3106
21.9683
22.4564
22.6194
23.1528
22.7926
23.3213
23.8558
24.9271
24.6965
24.5023
21.2899
22.4091
24.7501
24.1428
24.1915
23.4385
22.6737
23.7696
25.2497
24.9092
23.3123
23.0521
23.2395
25.0002
23.5740
24.0090
23.4273
25.9953
26.2009
26.1006
27.2264
26.4285
24.3915
25.8639
26.5498
24.8082
25.0513
24.5204
24.6381
25.7007
27.5114
25.6018
23.3814
23.9527
25.0005
27.4785
25.1446
24.7041
25.4567
25.6663
24.1525
25.3760
25.3044
24.7424
24.6762
24.8041
22.9463
23.1528
23.5970
23.5800
23.8386
22.9270
23.3404
23.2356
22.8570
22.8093
22.8795
23.1598
23.4505
24.1701
23.2397
22.7565
23.9513
22.5095
23.7940
24.0681
24.3114
25.8249
24.4255
22.5276
24.1863
24.3384
23.5551
24.8379
24.5395
21.7248
25.4166
23.2611
23.4718
21.8834
23.9737
23.4092
24.4359
24.6221
25.2109
25.8494
24.2006
23.9128
23.1307
24.6024
24.8514
23.1447
23.6183
22.6421
21.4516
22.8326
22.3035
21.7913
22.8285
24.0223
23.0681
23.4077
24.5405
23.3579
25.1113
23.0636
23.5796
24.3688
25.0423
22.9087
23.9486
23.8666
23.9550
23.8013
23.9755
25.0988
24.2487
23.9707
25.0855
24.5077
23.2582
24.0576
25.4916
23.6763
22.4879
22.9453
24.3148
23.9486
23.7181
23.1715
22.2184
22.9769
24.1538
24.0906
22.4538
23.4785
24.0090
23.8259
22.6017
25.5940
24.0935
23.6764
23.8854
23.3331
24.3345
23.2203
22.8214
21.6962
22.3769
22.4952
22.7418
22.1238
21.1687
21.0607
21.3671
21.1842
21.4571
22.4324
22.5491
21.7374
21.5988
20.4231
19.8243
22.8020
21.4066
23.3278
23.5399
22.6109
22.4142
22.7285
21.6786
22.1642
23.8652
24.6041
25.6279
24.8044
26.1091
26.2332
25.0413
23.6841
24.1395
24.6637
22.5069
23.5461
22.6826
23.0874
24.0362
22.7044
23.0499
22.1609
23.6371
23.8715
25.5678
25.0825
24.3536
26.6300
26.1895
24.4604
23.3589
25.0437
27.1983
25.1531
27.4742
24.0684
23.6701
25.1688
22.9289
23.5637
24.1511
25.2298
25.5835
23.7793
24.8967
25.6154
25.1569
26.4024
25.5666
24.6914
24.9899
24.5168
23.6692
24.6660
25.8696
26.5489
24.9556
23.0383
23.3079
24.4209
26.2781
25.4661
25.1871
24.5544
26.0394
24.4689
24.4221
24.3905
22.8484
24.2541
23.0810
22.8355
22.8919
22.6393
22.2155
22.2008
22.7632
23.5591
23.5900
22.8952
22.9566
24.5448
24.0636
23.1602
22.4585
23.7236
22.4506
23.0832
22.5698
23.5831
23.0034
23.0884
24.0187
25.1470
24.6097
24.9409
25.8652
25.3008
25.2142
23.4876
23.3914
22.0962
22.8938
23.9706
25.5581
22.2045
23.1856
22.5020
23.2004
23.0413
25.0104
25.1262
24.7358
25.5581
24.7581
23.5414
24.7813
24.9499
25.3373
21.8439
22.5222
22.3552
21.8933
23.7263
22.7123
22.7062
21.9832
22.9612
25.4753
23.2553
23.8625
23.4397
24.8043
25.1982
23.3148
21.9194
23.8352
24.2642
23.0238
22.5166
22.6996
25.3763
23.9664
25.8005
22.8760
23.2808
22.4833
23.4838
23.9165
22.8035
23.1846
22.5418
23.7321
22.9259
22.8950
23.3194
22.5388
22.7888
23.1002
23.2106
22.7578
22.4767
23.0773
22.5522
22.1344
21.5967
20.1011
21.1329
21.5999
21.4804
22.0012
22.0157
22.2655
20.1870
23.0249
21.5183
24.2444
22.3817
20.6160
21.6142
20.1490
21.4529
21.0500
22.2072
21.6916
21.6059
23.4343
22.5491
22.0010
21.2720
21.6742
21.1000
22.6546
22.5408
22.8177
22.8914
22.7547
23.3158
23.6036
27.0403
21.9474
23.0981
22.6543
23.6270
21.2591
21.8717
22.4786
21.5146
22.8780
21.7918
22.1830
21.3010
23.2532
24.5242
23.4650
23.3110
21.9148
22.1020
22.4418
22.7657
21.7068
24.8204
26.0868
22.6852
22.6458
20.9970
21.9784
20.9170
22.4005
24.6065
24.4543
26.0165
23.9097
22.5863
22.7724
22.0437
22.7810
23.8318
23.3307
23.6424
23.1404
23.3503
23.2065
22.7039
23.1463
23.5475
24.7035
24.4387
24.7145
25.8122
20.7707
23.7259
22.8571
23.7613
22.2677
23.0348
22.0742
23.8166
24.8476
25.5900
25.7913
23.5150
24.5296
22.9969
22.7081
24.2541
23.6890
23.3149
23.2142
22.8283
23.1552
22.5648
22.6343
21.6164
22.3803
22.0508
23.9081
24.9166
22.7298
24.7774
22.9201
25.1487
24.2627
24.8230
24.3878
23.7349
24.9425
25.9434
25.0266
26.2381
24.7642
23.8581
24.1764
23.7978
24.7665
24.4029
23.9823
23.8414
25.4338
25.5623
23.4156
25.6958
24.7690
23.7085
23.4922
24.1451
26.1505
25.6383
24.9829
22.8884
22.2722
21.5254
22.5675
22.3559
22.5622
22.9653
22.5826
21.7927
22.0636
20.8481
22.0053
23.6824
22.7274
24.1970
23.7059
22.9535
24.2740
25.4368
24.6135
23.9906
23.9115
22.8939
23.7292
22.1462
22.7325
25.5563
25.5020
25.1800
25.1731
27.6495
25.4134
24.9908
25.0782
24.9556
25.6845
25.3544
24.7021
26.1980
24.9947
24.5816
25.0562
24.2496
23.1912
24.4988
24.0990
27.4626
25.9456
26.7070
26.8949
26.9232
27.9320
25.4253
27.0600
25.7305
25.2562
24.9480
24.0493
25.8677
26.4887
25.2659
25.3516
24.2636
23.3693
24.6703
22.5293
21.6179
23.8301
23.4065
24.3074
24.5106
24.3546
24.5798
25.6769
25.3444
25.5795
22.7117
25.5481
25.0466
25.2562
24.9161
26.0557
25.8102
24.5023
24.9732
25.4636
24.3611
24.9662
24.1543
24.4535
26.7369
25.3429
23.5170
24.0683
25.2044
24.3917
22.7219
24.0803
22.6863
22.4182
23.8369
23.5244
24.3603
25.3776
25.0806
27.0348
26.2090
24.0339
25.2233
25.2633
25.1641
23.1785
24.6786
23.7780
23.6786
24.2958
22.5920
22.8882
25.8434
24.9162
25.6463
23.5189
22.8533
24.5632
22.9665
22.7856
22.9025
23.1726
23.6678
22.2291
23.2038
23.6903
25.3553
23.2901
26.4788
24.0864
26.7475
24.9384
26.1610
26.6274
26.7958
22.4986
22.9178
22.4840
21.5654
23.3246
22.9011
23.0499
21.5180
24.5936
23.0744
22.9115
23.5461
23.9252
23.9419
22.8815
23.8449
23.5446
25.0471
23.9331
23.0523
22.7170
24.5788
23.0372
23.5991
23.2219
23.5162
24.1775
25.8280
24.0223
24.2802
24.2618
24.2343
25.1370
25.0411
26.0539
25.9751
25.2970
25.4834
24.8746
24.1505
24.1101
23.4919
23.6539
22.3622
23.2601
24.1033
23.1192
24.2218
25.1921
24.2228
25.6989
24.1586
22.6872
23.3812
22.2896
22.6744
22.2398
22.8903
22.5154
22.3798
24.1244
23.2631
22.7306
26.4373
26.0873
24.4893
23.4226
24.2119
23.9809
23.3361
22.7913
21.7645
21.7829
21.7109
23.2063
24.1535
24.7070
22.1962
24.4230
22.3363
22.9345
23.1961
23.2649
22.6335
22.8489
24.0221
22.2006
23.8123
21.8503
22.1052
22.3537
20.1969
23.2022
22.6598
20.7570
20.9726
23.5706
21.8186
22.3596
23.4266
22.9603
23.2278
23.0549
23.9852
22.4690
22.8872
22.5994
22.6678
22.4150
23.1751
23.2053
21.5012
21.2910
22.1705
21.6823
23.0382
20.7436
21.1997
22.1443
22.7330
23.2808
21.5485
21.5016
22.8814
22.8969
22.8187
22.8970
23.5327
23.4824
23.0338
23.7987
23.9074
23.1726
23.5272
24.8982
22.3685
23.0756
22.4597
23.2856
23.5354
24.4600
22.2187
22.4588
23.1312
22.4979
25.2712
22.1780
22.2483
23.1114
21.6238
20.7033
21.6096
23.1147
21.7074
23.4961
22.1102
23.9724
23.4149
21.2241
22.1740
22.3170
21.2813
21.2358
22.4854
22.6092
22.0172
21.6589
22.8909
23.0227
24.6567
24.9658
24.8488
22.7449
24.0965
23.7064
24.6592
23.6952
22.0511
23.5645
23.7562
24.0632
25.2509
25.1865
25.0976
23.9802
24.6495
23.2661
22.7099
23.1711
24.0621
23.8118
23.4975
22.5080
22.4200
20.2950
22.6532
23.6150
24.9601
22.5910
23.7612
26.5596
23.5399
24.9449
24.8696
24.4561
22.6395
23.6078
23.4629
23.4048
23.7389
22.7810
22.9096
23.5930
24.0797
23.3822
25.4731
25.1082
22.5360
23.8582
23.4532
23.4358
22.3441
21.7387
21.0312
25.4884
24.3932
24.3290
23.2764
23.5212
22.9752
24.1577
23.6368
23.5828
23.5955
23.3214
24.2677
24.9013
23.6359
24.4138
23.8599
22.6387
23.0334
22.4278
22.8232
23.9881
22.2410
22.4697
23.5123
24.4315
22.5886
21.8729
21.5106
22.0513
21.7142
23.4893
24.2837
22.0623
22.1945
21.6896
22.1064
24.7292
23.6026
23.0064
21.7221
21.4312
23.0832
20.3781
20.6340
22.5919
21.4032
22.0475
22.3522
22.6820
22.5834
22.6290
23.1712
24.3947
22.4719
24.2543
24.1392
23.7594
23.5320
22.6528
21.3863
22.0604
23.6594
23.1762
22.6225
22.6562
23.1636
24.1798
23.1738
25.1916
24.2705
26.1180
25.8735
27.3704
24.9556
23.2753
22.9340
24.5792
22.9280
24.9428
22.8663
24.9223
23.3567
22.0498
21.7005
22.9935
22.1960
22.4080
21.7156
21.2922
21.9799
21.1926
20.2352
21.6808
22.5935
22.6969
23.6031
23.3094
20.9984
20.8249
21.6641
23.0577
22.5619
22.1094
22.3486
22.8929
21.6647
22.3536
22.3876
22.8081
22.7510
23.2917
24.1964
24.7719
24.3379
23.5431
24.0215
23.7350
21.8099
22.0332
22.6371
22.0680
22.2528
21.7898
24.0248
22.4080
24.2581
25.3772
27.1482
25.0046
26.8683
25.2920
22.0269
22.1444
24.0744
27.4586
21.9936
22.7608
24.0519
23.6207
22.7563
22.9766
23.1782
22.9464
23.6456
22.7125
22.3794
21.4047
22.6182
24.1516
25.1122
23.1442
23.3411
21.6327
23.1844
25.8866
22.3612
23.7343
23.3397
24.8653
22.9819
25.1345
25.8034
23.6883
25.7445
25.6508
24.1993
23.4278
23.2198
24.7982
24.3454
23.8427
23.8473
24.7491
22.3959
22.0058
23.6333
24.8864
24.4473
23.5125
23.1172
23.7751
23.3712
23.9946
23.6857
24.0170
21.3415
22.9825
24.6964
22.7553
22.6035
24.8277
24.4237
25.4870
26.3333
25.7418
23.3790
23.4668
22.5558
23.4667
21.6874
22.9176
23.3494
26.2678
24.2280
23.6488
23.2074
25.0732
25.4107
20.5452
22.1940
23.6678
24.1055
22.7197
23.7219
22.3319
21.1117
23.7631
23.6543
23.6652
25.0483
25.1430
22.1142
22.5733
22.3642
23.8255
23.4382
24.5338
23.1494
25.7310
25.3726
24.7328
22.0880
22.2774
23.7460
24.6670
23.4451
21.9414
22.9737
23.5936
22.8695
22.6950
23.8605
22.6261
25.2127
24.8621
24.5011
23.4395
24.0518
23.6768
25.1501
26.3019
25.2292
22.9682
23.4361
23.8479
23.0017
22.1461
21.3627
22.9197
23.1330
23.6991
22.2712
23.8042
23.7978
22.2088
23.9959
23.0694
23.6852
22.6495
25.0104
25.3416
25.6760
24.6950
22.7750
22.3102
23.0139
21.0577
20.9535
24.1520
24.2757
22.8464
23.0666
23.1290
21.8006
23.1082
23.8853
23.3493
22.3083
22.8071
22.6923
23.1789
22.4201
23.3547
22.6214
22.1037
22.4521
22.6920
21.9571
22.4173
22.5075
22.7712
24.8531
23.3753
21.8023
22.8711
23.1119
23.9898
22.2622
21.7006
22.2476
23.0613
22.6570
22.4644
22.1873
22.7269
23.0816
22.1350
22.1384
22.4542
23.5332
22.1881
22.4897
22.1447
22.5968
22.9918
23.8484
22.1233
22.1416
23.2513
21.7289
22.6755
23.2234
23.5964
24.1293
24.5152
23.9543
22.8156
24.7541
24.0944
22.5357
23.0810
22.0405
21.9230
22.0356
22.6275
22.5487
22.6604
23.6153
23.9097
22.8682
22.0079
23.8528
23.1629
24.2039
21.7427
23.3401
23.8785
24.3190
24.9211
23.6671
24.0216
23.9881
24.9504
24.6777
24.8654
25.3500
25.4647
25.3367
25.1717
24.5448
25.5576
25.6315
25.6164
23.5256
24.4859
23.6810
23.2698
26.0331
24.3821
24.1442
25.9555
26.3017
25.1780
24.7720
25.2939
24.1291
24.9972
23.6529
24.4799
26.4526
26.1850
24.9043
23.7491
26.5313
24.3393
23.4401
22.2556
25.3607
26.2117
24.2559
25.7226
25.4046
25.4191
25.0128
24.7448
27.1243
23.9455
26.9655
28.7142
28.0350
26.2540
25.2709
27.8263
27.3225
26.6021
28.2070
26.2212
26.7424
25.6913
24.4326
23.4664
24.2580
21.9278
25.5571
24.8117
27.4486
26.3805
28.0340
23.9250
23.6036
23.6439
24.0558
24.0572
24.6935
23.4278
23.3936
25.5484
24.5676
25.4938
24.4863
22.7060
24.1090
22.9658
23.2846
24.2605
24.2533
25.0505
24.8103
24.0897
24.4871
23.6262
22.8477
22.4907
23.1320
23.1650
23.7966
25.7975
24.8786
25.8938
24.1700
24.8137
26.1607
25.4127
25.4116
24.7101
24.8327
26.4048
26.5176
24.8322
25.4554
24.9553
24.7035
25.4443
23.2461
22.1371
22.5652
23.1383
24.3356
25.3750
25.2186
25.9504
26.2521
27.9420
26.5524
24.7366
23.8429
23.1111
22.9535
24.9074
23.0580
22.9667
23.8771
25.8201
23.3952
23.1053
23.3301
24.6104
23.3657
23.2608
23.9843
22.8390
27.5375
24.4293
24.6855
26.0499
25.2227
25.3798
23.9625
24.9326
24.6459
22.7552
23.5879
22.7815
25.1181
24.1693
24.5629
24.0228
22.6202
21.0223
22.7113
22.0420
22.2929
22.4158
22.9282
21.7743
23.3063
24.7361
28.0100
24.6500
24.2205
23.9294
24.3076
25.1372
23.2216
21.7781
22.5239
24.3512
24.6576
24.4763
25.2100
23.7590
25.3799
25.3104
25.1580
23.7303
24.8667
23.1255
24.4252
22.3772
22.9062
23.7451
23.5235
23.5683
22.9698
22.1376
24.0596
24.2175
24.8233
24.0454
24.5252
23.7292
24.8361
23.3694
26.0708
24.8874
25.3735
24.6920
23.6884
22.6750
23.7871
23.9894
25.7134
24.3243
26.1730
25.6756
24.5119
23.4479
23.1289
25.0028
24.0378
22.5615
23.2582
23.0071
21.7367
25.2754
24.2174
24.5947
24.7464
24.4233
23.7038
27.8900
24.9980
24.3216
24.0267
22.7030
23.1755
24.2694
24.6884
24.5395
24.6466
22.2449
24.8547
25.3072
22.7657
23.6319
25.4203
25.2077
24.4834
22.3857
22.1020
22.1098
23.9219
24.8357
22.8034
23.6199
24.1675
24.7660
23.1543
24.3014
24.4276
24.5767
25.2963
24.6868
24.5360
26.0929
24.3075
23.2690
24.6457
24.1804
24.1993
22.8780
22.2281
22.9617
21.3931
22.2486
22.8318
22.9565
23.4441
24.2901
22.7255
21.5687
23.6221
24.9150
24.4564
24.6238
27.1050
25.8780
25.2585
24.6152
25.4248
26.9956
26.5009
25.5075
24.1686
23.3706
25.4141
24.2740
22.5871
22.0254
21.8316
22.4982
24.1575
23.6089
26.5781
24.2362
24.8804
23.1586
22.1637
24.1020
22.9932
22.8490
24.6791
22.9094
23.1438
24.0138
23.6295
25.0902
26.5684
25.5987
24.1134
22.8562
23.4967
23.9607
21.8521
23.9719
22.8700
25.6177
24.0423
22.8356
25.3693
25.4582
26.0183
24.8446
26.0680
26.2661
26.6958
26.6080
24.9920
25.4129
26.1382
25.6098
23.6653
24.2787
23.7752
25.3069
24.8757
23.8631
24.5907
25.6948
26.2635
24.8590
22.8848
23.2404
24.5373
24.1517
25.3411
23.0909
22.7947
22.3580
23.2056
25.4628
25.3560
26.6534
24.8125
23.8031
22.8364
23.7496
23.9783
23.0089
23.2173
21.8827
23.6170
23.2494
24.3379
23.6004
24.8834
24.4449
24.0831
25.0891
24.7204
25.6526
23.8475
24.8326
23.8028
26.0675
24.4425
23.1963
22.9151
22.9607
24.9455
23.3585
23.7279
25.7384
24.2688
22.9908
22.0374
23.6760
23.6350
24.0465
22.5323
23.7936
24.4642
23.9405
23.6764
22.6191
24.0239
23.9803
24.2638
25.3086
26.2713
24.3655
24.4345
27.6618
25.2460
23.5459
22.4955
22.3786
22.2276
22.7840
22.1818
21.9046
22.8268
24.5277
24.2333
22.9964
22.8983
21.8018
23.3690
24.7004
23.6682
23.4216
24.3864
25.1015
23.8495
22.5144
23.6318
20.9516
23.4599
22.0085
22.7617
22.8193
23.8682
24.3536
24.0221
24.4111
24.2176
23.1332
23.0061
22.1855
23.3472
22.8521
23.6880
24.2292
23.0104
22.5121
24.9467
23.0476
23.7675
23.6802
23.2990
23.2782
22.5505
22.0312
22.9227
23.0800
21.1292
21.2092
22.2764
22.9450
22.0091
22.9271
21.3218
22.1207
23.2563
21.5042
22.9616
22.5227
20.1860
22.7514
21.9270
23.5013
23.3072
23.2337
23.7908
22.5976
24.8150
23.8995
21.2787
23.9174
22.2639
21.8387
23.5475
22.8264
26.4795
24.3911
24.7015
21.6207
23.0218
22.7277
22.6853
24.0007
23.1798
23.3047
24.6593
23.8557
25.6267
26.3756
23.6821
22.6212
23.3175
22.4211
22.1084
25.3112
22.5166
23.8860
23.6599
23.8512
24.6774
22.7535
23.2772
24.6583
24.8927
23.3912
25.0332
23.4656
24.0958
21.1870
22.3542
21.0868
21.6042
22.6910
22.6253
22.6620
22.2234
22.6486
21.2774
23.3102
22.9211
22.7993
22.8945
24.3874
23.6423
23.0086
25.4119
25.7297
25.0722
22.7586
23.1940
24.4887
22.6816
22.9954
21.6212
23.4727
22.8063
23.0017
24.8587
22.3404
22.6963
25.0687
24.2176
26.2293
26.3723
24.6418
25.9529
23.8854
24.0126
25.8062
25.1947
24.9444
23.2095
23.4446
23.2179
24.2404
26.2870
24.0109
23.9698
23.7623
22.3935
22.2745
23.0645
23.2616
23.2408
23.1507
22.7785
24.6842
21.4401
22.6179
24.2738
24.2149
24.7286
26.9859
25.8839
24.3398
24.2007
23.6047
24.6765
25.4384
24.7539
22.1235
22.0236
23.3390
24.7146
24.0230
22.3992
23.5583
23.3327
25.3936
24.4590
24.4733
26.8411
25.7685
25.9735
24.6018
26.6203
23.9265
24.2091
24.4482
26.8994
23.8163
23.1587
23.5464
23.2513
25.9838
24.5562
23.9860
23.9023
23.1999
22.7983
23.2374
22.5411
24.6130
24.0082
23.9182
22.9307
22.1667
23.4466
25.5708
24.8478
24.7479
25.4954
23.7326
25.2580
23.0151
24.7963
24.9888
25.7399
21.9798
24.0506
23.3802
23.9336
25.3786
23.5329
24.6878
22.5073
21.7164
24.4151
24.4751
24.3503
24.5435
23.6318
24.7504
21.9262
21.0031
21.3332
21.8068
23.1877
23.9829
22.8852
22.6663
22.2344
24.3523
25.9466
24.0095
24.9055
25.8197
22.7508
23.6872
23.0351
23.4288
25.2306
25.2996
25.5780
24.9068
22.8751
23.4023
24.6112
24.0652
25.0749
23.4403
22.9720
24.5529
23.7417
22.7061
24.1276
23.2254
26.9696
24.7931
22.7073
23.9892
24.0944
24.8922
22.7788
22.9190
23.9598
23.4160
23.8875
24.6912
26.0259
24.2972
25.5986
24.2027
23.5157
24.1598
23.2977
22.6684
24.2960
24.3010
25.1088
25.3153
24.7961
23.2158
23.9038
24.5284
22.1443
21.0767
21.3270
21.6240
21.4912
22.3997
22.1029
22.0682
21.7531
20.9968
23.6715
23.4842
21.8934
24.5812
23.3460
23.1745
22.5776
21.9094
21.6190
21.4664
21.5885
21.2915
22.5802
22.4980
23.4037
22.5565
25.0446
24.7649
23.9515
24.2762
24.4919
24.2982
23.3107
23.0884
24.5399
23.3491
24.9644
23.3964
24.3162
24.8253
23.5007
22.8362
22.6191
23.6442
23.1443
23.5009
23.2296
22.1554
24.0827
24.8967
24.1161
23.3896
22.9722
24.6941
24.1939
23.1088
25.9185
24.3665
23.8387
22.7223
23.8218
23.1857
24.9727
23.7515
23.3493
22.4562
24.8133
25.0733
24.6887
22.8415
22.7144
23.2292
24.4814
26.6470
22.9043
21.9594
23.3523
23.9571
24.8866
25.0717
24.4275
26.0970
23.9892
24.3729
23.4428
22.9958
23.4973
22.6478
21.6920
22.5021
23.4898
23.7958
23.3216
22.7493
22.9556
23.2269
24.1322
24.7599
26.3221
27.0970
26.0498
27.3476
25.5587
23.8171
23.0113
23.5489
25.5274
23.4839
24.3854
23.0045
23.1643
23.3712
22.8733
21.8802
22.5545
22.4005
24.0530
23.7654
23.7576
25.5789
23.0137
23.2014
25.5364
24.2078
24.3005
23.2621
22.2567
22.8355
22.7184
22.3353
21.8535
21.8071
21.0728
22.1028
22.1098
21.4321
23.4375
22.3347
21.9252
22.0197
21.8375
22.8128
22.2262
22.3510
21.2999
21.5472
21.6506
21.1699
21.5519
21.1613
21.0647
20.9006
22.1175
21.5260
21.6914
21.4812
22.1026
23.5774
20.5731
21.5052
21.6863
21.3876
21.6040
21.9718
22.5168
22.2584
23.3350
21.3594
23.5255
22.3071
21.0016
22.9972
22.5268
22.6193
21.9935
22.1614
23.6405
23.3761
25.4115
24.8180
23.6632
23.3836
24.7478
22.4578
22.1194
22.9910
22.2204
22.5458
23.5290
23.0353
22.4365
23.2806
22.4259
22.1470
22.2928
23.5752
21.6736
21.9920
22.3119
22.1705
23.4832
22.5777
22.0118
22.5724
24.2745
23.6692
24.5037
24.4077
23.6247
23.5955
21.8517
23.0732
24.5707
24.4226
23.3792
23.3103
22.5297
23.3551
22.6933
21.9813
21.8061
23.2453
24.4655
24.7974
25.1126
24.6128
22.5312
22.1053
22.5628
22.6746
25.6106
23.8743
24.8546
24.2038
24.6191
25.3988
24.8886
24.0881
25.7719
25.1428
25.7272
25.7887
24.6042
23.5137
24.1513
25.1574
21.2509
22.9482
24.3881
25.0360
25.7314
23.5327
24.3024
23.8007
23.5787
22.9409
22.1646
22.0476
23.9260
21.0866
24.8198
22.6545
22.6157
21.7513
23.4104
22.3445
22.4639
21.8269
22.7454
24.7579
23.0247
21.7370
21.7748
23.5002
21.9186
23.3651
23.7407
22.1341
21.9108
21.1422
21.5074
21.3776
21.6405
21.3214
20.6276
21.1268
22.0105
21.6947
22.5234
23.1956
22.6851
22.4557
21.6595
22.4934
22.3751
24.4117
24.3678
24.4768
22.8470
21.0477
25.1354
22.4017
22.2140
20.9827
21.1391
23.4924
23.9815
23.3496
23.7389
23.4213
22.5367
23.7536
22.8875
22.2628
21.3453
21.8101
20.9834
23.6306
22.2006
21.6799
23.1765
22.8901
22.7128
23.3721
22.7621
23.2516
23.7513
23.9554
23.9603
24.4115
23.8059
23.8112
24.3652
23.2990
23.4051
24.7158
22.2643
23.9094
23.0982
24.6384
22.4825
21.6550
22.4913
22.8484
23.0542
21.8834
22.7526
22.1402
23.1921
24.3706
23.5944
24.5440
23.8054
23.4518
25.2426
22.8411
23.2287
21.8769
21.9474
22.4698
23.6908
21.8303
22.8096
21.8879
23.4042
23.6247
23.4863
24.1239
22.3242
21.6476
21.4932
21.9629
21.0377
22.1252
21.8208
22.7749
21.7337
21.7610
21.8422
23.0134
23.7049
22.5417
22.5272
23.7823
22.7312
23.1006
22.0431
24.0430
25.3576
22.7728
25.0781
24.6588
23.8420
23.1181
22.9198
21.9142
21.6812
23.3980
22.3549
23.8471
23.7144
22.1639
23.1982
21.7209
21.7948
22.4205
22.6469
23.6935
23.0788
21.1808
20.2061
20.3923
23.5485
22.1016
23.0957
23.6176
23.4542
21.0713
22.2010
22.4783
22.9215
24.6019
23.0216
23.4303
23.1042
24.9015
24.2534
24.0220
25.6017
25.5971
25.2466
22.3961
22.0126
24.5340
22.7885
22.4582
23.8993
23.5011
22.2233
22.0791
21.4329
22.3990
22.6389
24.8634
22.6416
22.1274
21.7899
22.5269
23.1928
21.7220
21.0457
22.5895
23.0384
23.4337
23.2102
21.9807
23.1279
23.0976
25.9163
25.1271
24.1527
23.5099
24.6049
22.5637
22.6408
24.2223
24.5482
24.8065
23.7382
22.3188
24.0640
25.6149
21.4078
21.3989
21.8811
23.2136
23.6784
24.0732
23.7082
23.9204
23.2814
21.8708
21.8874
23.0642
23.6765
21.7179
23.9231
22.7097
24.2972
23.5849
23.6461
24.1131
23.3017
24.3989
24.7530
23.6416
25.1042
23.6608
22.4516
24.0270
25.1332
22.6951
23.7780
21.8895
21.0144
21.5882
21.3973
20.7551
21.5530
21.5414
21.9495
22.7243
22.2241
22.4322
23.5240
23.7893
22.6601
22.5017
22.3679
22.5923
22.4091
21.9657
20.6764
21.9730
21.9642
23.0291
21.1447
22.8480
23.5008
23.5265
23.9835
23.4414
23.6595
23.8368
23.8620
24.0469
24.1280
22.6016
22.9506
21.9544
22.2083
23.8318
22.5991
23.5213
24.0451
23.6298
22.6352
23.6314
25.1944
24.4158
23.8429
22.6148
24.0086
24.3783
24.0349
23.0807
22.6294
22.9668
21.8436
22.1005
22.4877
21.9310
21.9452
22.5348
22.4043
22.5366
23.9269
22.1640
22.9483
22.0114
20.9904
21.0304
20.3806
23.0795
23.0196
23.0315
21.6764
21.2382
21.7049
21.7885
22.7693
22.9655
22.6896
21.5247
20.2445
21.3818
22.8499
23.9978
22.5193
23.2848
23.3351
23.1863
23.5787
23.5861
21.7181
22.4602
21.2759
22.3435
23.2936
24.4677
23.3111
22.9223
22.9133
23.7138
22.9599
22.3266
21.5956
21.8309
21.8458
21.5951
21.8476
23.5448
22.2047
21.7285
21.8642
22.1245
21.6506
21.0004
22.2194
25.2086
24.6716
24.4698
24.9176
23.6319
22.6425
24.1531
23.1679
23.7514
21.7974
23.0080
23.2776
20.7634
21.7162
23.5167
23.8160
23.5629
24.5521
22.3973
21.8800
22.8886
21.5103
21.8600
21.8005
24.0093
24.5940
23.1666
22.4027
22.0707
23.6718
22.4567
23.2307
23.8448
22.4525
22.1316
21.8574
21.8975
21.9788
23.1174
23.1880
21.1698
23.8969
25.7515
24.7168
23.6301
23.5468
24.5428
21.6444
22.7847
22.8925
25.2079
23.0121
23.7360
22.5910
23.1040
22.2690
21.9280
22.5575
22.1266
22.1290
21.1220
21.3176
21.3956
21.9400
23.4630
23.4768
22.0471
22.7239
22.9595
23.8259
22.5849
22.8377
20.6279
20.9898
21.5823
22.7887
21.2501
20.7337
20.9788
21.0437
21.8095
21.8231
22.4099
22.5205
20.5046
21.1818
20.5143
20.7964
21.8691
20.7022
22.8993
23.9943
24.2802
20.9150
23.8856
22.6082
22.6624
21.9033
23.0774
22.4236
21.9200
22.0749
21.9806
21.3467
23.0889
21.1081
23.0455
25.5485
23.0916
22.1555
21.7456
22.4428
22.7512
23.3226
23.2313
23.7868
21.7709
23.0776
24.1204
23.1526
23.1365
22.7923
23.7248
24.0259
22.6802
23.6517
22.1655
24.0020
22.0440
23.4272
22.6188
23.0181
21.8495
21.5260
21.1815
20.4657
22.4285
22.8592
22.9651
24.2205
23.5947
21.6870
22.5953
23.2760
21.4799
22.8381
23.2223
21.9753
23.0259
22.8845
23.4779
23.0273
22.6886
23.3833
24.4495
22.7820
22.8678
22.9613
24.0455
23.8956
23.3900
23.2973
22.3830
21.3784
21.4990
21.6611
21.8540
21.7677
24.0240
21.9186
23.0404
20.9007
21.7310
23.5618
21.5512
22.1620
21.7745
21.2217
22.3098
22.4101
21.2875
22.8668
23.4791
23.9608
24.5167
22.8092
21.6352
24.1094
23.8486
22.4517
21.9680
22.8009
22.5968
21.7258
21.4274
22.2431
22.4986
22.2296
21.3767
22.0335
23.3946
22.6755
21.6096
21.1248
20.4091
21.4525
21.4573
21.9139
21.9319
21.0675
21.3717
21.3134
21.0333
22.1239
22.3975
21.5248
22.1941
20.9137
22.1041
22.9432
22.7874
22.7251
22.2052
21.9169
20.9284
21.4728
22.5286
21.7039
21.5176
21.8372
21.9073
22.7314
23.4484
23.4997
23.0369
22.9008
21.7496
22.9854
22.4913
20.5654
23.4279
24.0518
22.5065
23.3269
22.4967
23.4205
23.5997
24.1679
22.1671
25.8891
21.4298
21.5656
22.2161
20.5699
21.2864
21.4051
21.8174
22.0359
21.5499
21.7824
21.5145
22.4635
23.3988
21.9478
23.6809
23.3528
22.6356
21.9058
23.6930
21.0297
23.8539
22.5317
23.9791
22.1875
22.1633
23.5833
23.5349
21.9207
22.5991
23.6378
20.9800
21.7444
22.8120
22.0990
22.0684
22.4497
21.4851
21.4778
23.2160
24.4198
22.2840
20.9902
21.2787
20.9324
23.2871
22.3905
23.2135
20.4785
21.0634
20.0739
21.9422
22.2071
21.4133
20.7123
22.3491
20.2728
20.2157
20.9975
21.1534
21.6239
22.4951
22.4992
22.2891
21.7162
21.9143
22.3927
22.7962
22.1116
22.0715
23.3161
23.4708
22.0454
20.8046
24.5583
24.0567
22.6591
22.2256
21.1531
22.6031
21.2635
21.7243
21.8817
21.0109
21.7100
21.2796
21.0970
21.1079
21.7609
20.8202
21.2276
20.8586
21.4952
21.0954
22.1292
20.8539
21.7055
20.9264
21.5353
21.1369
20.7358
23.1934
20.5353
22.9110
20.9882
22.2856
19.5430
20.2703
19.5646
21.0038
20.7597
20.7857
22.2798
21.1371
20.2936
21.6036
22.9314
21.5188
20.5761
20.3675
21.0575
21.4082
21.3802
20.1982
22.5520
21.6415
24.0135
21.5424
23.5103
23.5087
22.5986
21.9910
23.2177
23.6129
22.8467
22.4889
23.4982
20.8244
22.6001
22.2511
21.2117
20.8104
20.6955
19.8820
21.0091
20.3184
20.6101
21.6245
22.3800
21.4820
20.7088
21.4456
21.2592
23.4572
22.9614
22.7509
22.3742
23.1206
22.5121
22.8529
21.5650
20.2788
22.7293
21.4477
24.6039
23.2935
22.7898
23.5674
21.9855
21.5827
20.9580
22.1187
21.7647
23.2263
22.2752
23.1081
22.4833
23.0428
23.3339
22.8524
24.6865
22.6350
22.6502
21.7957
21.8905
22.0510
21.4044
21.7981
22.6702
22.1822
21.5538
22.3399
23.3854
23.6968
24.8568
24.2513
23.1441
24.0209
26.0876
23.3615
22.5566
24.4481
24.6735
24.6240
23.9633
24.8495
22.5730
24.9850
23.1765
22.6729
23.2804
25.4503
24.9061
24.8084
25.0359
23.4743
23.6666
23.2404
23.0842
24.5597
22.0793
22.5211
25.3227
25.3818
23.9402
25.4292
24.0414
23.3567
23.9816
23.3867
22.1829
23.9275
24.2639
25.8636
25.0934
25.6136
23.4855
22.3957
24.0825
22.5865
24.0649
25.9203
26.2646
26.0507
25.6814
25.9580
25.5873
25.5880
25.1698
25.5564
25.9259
25.1323
25.0087
28.0059
25.4782
28.7226
25.1448
24.8237
25.0237
25.6590
25.1719
24.5783
26.4111
25.3047
23.2692
25.8485
24.8261
24.0067
25.6895
24.5990
25.8063
23.7581
26.7485
26.7872
26.9130
26.4026
24.8715
26.8161
27.3387
26.6595
26.9178
27.5511
25.7663
27.2285
24.9861
28.4338
26.5844
25.4816
26.0877
26.2968
26.3373
25.6717
26.5070
26.7034
26.0945
28.3952
28.0733
25.3184
27.6630
28.6638
26.7334
26.2445
23.8491
24.7381
25.6721
26.3593
26.8138
23.3511
24.7647
25.7140
24.0603
24.6505
25.3800
25.7430
24.5533
26.1851
26.1697
25.0120
24.3143
25.5524
25.6020
25.2467
26.6667
26.4706
25.7106
27.0464
26.0813
23.1289
25.9713
26.6845
25.0836
26.3116
26.7386
25.1738
24.9270
25.5914
24.2804
24.4918
26.8841
27.2157
25.1972
23.8544
25.2197
24.0153
24.3049
24.8618
23.8250
27.3521
27.8960
26.4859
28.2880
25.0283
26.8172
25.7037
26.4156
25.4822
25.3262
25.5220
25.6032
26.8565
25.5882
28.7001
27.0929
25.3575
28.7555
27.1093
25.8513
24.7664
26.4812
27.1134
25.0291
27.7363
26.1490
26.9233
25.6523
25.7406
26.2597
25.6631
27.9873
24.7067
24.6109
25.3790
26.0936
25.9864
24.9213
25.8468
24.3555
26.4351
24.8026
25.3299
26.7249
25.5445
25.3903
24.7770
24.1783
24.6359
23.3395
26.6048
25.0086
26.4186
25.3952
27.6584
25.4824
27.7011
25.2010
26.6800
24.9361
25.7919
22.0619
25.1445
25.6776
26.3748
25.1844
25.7821
24.0244
23.8287
25.1373
25.8937
25.0585
25.6352
24.3329
25.7603
26.1755
25.7123
27.9101
25.3584
28.6801
26.0489
28.2151
27.5147
25.1204
24.8742
24.9661
25.6900
22.8810
26.9098
24.7877
27.5305
25.1148
24.6625
21.9145
23.7684
22.3255
23.3326
22.4981
25.5253
27.0923
24.3165
23.8666
23.8734
22.4233
24.4839
22.2465
23.9968
24.8610
23.8203
24.9144
24.9203
22.8801
23.6314
23.7550
24.6638
22.5255
22.1292
24.3169
25.6170
24.4919
25.7581
25.9368
24.8745
25.4942
23.7874
23.9456
24.7635
25.5652
27.5752
26.2971
25.9787
24.1874
26.5496
26.6448
25.9147
28.0102
27.3246
25.4435
25.8185
23.9042
24.7942
25.2244
24.0076
23.5117
25.0194
25.4735
25.4477
24.7457
24.4306
24.1842
23.8045
24.0429
22.4942
24.5243
23.9374
25.6576
24.6826
21.8105
23.8841
23.3190
23.8092
22.2941
22.0605
24.2268
23.9169
24.4681
23.1455
24.5713
24.3993
22.9943
24.8634
24.9060
22.4831
22.3301
23.3532
23.0046
22.8677
22.0363
21.1721
24.0216
21.8224
20.6948
19.4404
21.8198
21.8543
22.6393
21.7622
21.7393
21.5213
21.7812
21.2100
21.7361
21.2759
22.8030
22.3806
23.5696
23.2568
22.0372
24.6218
25.7126
22.6415
23.9244
25.3430
24.8910
25.1253
24.5725
23.6665
22.7213
23.4176
24.0761
25.1894
25.8521
26.8344
25.4510
26.0284
25.7760
26.6020
25.6215
24.9054
24.0823
26.3109
24.2571
26.7873
26.2445
27.5344
26.0713
27.3525
25.9421
29.5755
23.5546
23.1840
23.4009
24.8615
25.7219
24.8279
24.7245
24.5593
24.6091
25.6701
26.3175
26.0932
28.8400
26.9510
24.4953
25.0924
24.8162
23.3215
21.6468
23.4492
27.2408
26.1934
28.9080
24.4741
26.8088
26.3056
26.8148
25.4438
24.7856
26.3170
25.4721
25.1092
26.7701
24.2866
27.4625
27.3935
25.5304
24.9080
26.0189
27.2077
27.1512
25.7210
24.7187
23.2519
23.0697
25.1069
25.7143
25.6520
25.7833
23.8756
23.8579
23.9398
25.2096
26.1036
26.8670
26.7947
26.3760
27.0168
27.9195
26.2421
26.5570
27.5011
26.2056
23.2811
23.5887
22.8984
24.5726
24.0833
24.2268
24.9546
28.3157
24.6277
24.6868
23.2622
24.5480
24.6481
24.2415
24.1833
26.0273
24.8373
23.3151
24.9026
23.7429
25.2750
27.6695
26.4676
26.0892
25.4932
24.9790
26.2806
26.9638
26.5012
23.8511
23.6570
24.6102
26.5643
27.0862
24.7416
25.8729
24.0750
24.6978
23.4225
23.7833
24.5040
28.4053
24.5958
25.0823
28.6580
27.1424
26.2483
25.4532
25.5691
27.3298
25.9032
25.2658
25.9435
24.3586
22.3013
24.6185
26.1303
24.9817
24.7690
24.4141
24.0533
25.4210
26.2381
24.4450
26.7190
26.4429
26.6571
24.7802
24.4186
24.5051
24.4104
23.9568
26.0404
25.9389
23.8361
25.1305
24.8666
24.9826
25.2501
24.8990
25.4144
26.7846
25.6144
24.2683
26.4160
26.2095
26.3619
27.9755
26.6145
27.1130
26.8354
25.7676
27.4422
24.6732
25.2245
24.5745
24.8406
24.3838
24.7025
24.5192
24.2666
24.8441
25.7708
25.4804
27.1143
24.2367
26.5702
26.6675
25.7419
25.6773
24.3701
24.4107
27.1011
26.9601
27.4713
26.4739
26.9986
26.3711
26.4730
25.0436
25.7931
27.2538
26.8255
26.5984
24.4748
25.0731
24.4870
22.1609
22.8433
24.0015
21.4694
25.7482
26.2341
24.5540
24.3234
24.1076
24.4726
25.4960
22.8268
23.7317
25.0495
26.4412
22.7131
22.9706
21.8495
21.0743
22.6378
23.2619
22.2597
22.1373
22.5169
22.0700
22.3874
23.3165
22.3555
24.1717
20.6039
24.8181
24.1362
26.1636
23.7382
22.6816
25.1385
23.5826
23.7526
21.9388
22.5998
24.8647
24.9377
26.0429
25.9417
26.4882
26.8136
24.6711
25.1401
24.3716
23.7402
23.7718
24.3972
25.1235
26.6266
25.1436
24.3303
25.9933
25.7125
24.1364
23.1197
22.3063
23.9112
23.0057
22.1920
23.7630
23.6678
22.7954
23.2622
22.5273
21.1912
22.7900
22.0880
22.5543
20.7554
22.4615
22.5242
22.9488
23.8701
23.4631
22.8114
23.8970
24.5731
24.2922
23.5290
22.9868
24.2460
24.6226
23.1918
23.9076
25.9844
25.0919
24.3903
22.9829
23.0192
23.0228
25.2465
24.5402
23.7047
24.3242
23.8794
25.0483
21.4013
24.0471
22.8869
24.0987
23.4714
25.3551
25.3415
23.6929
23.3673
24.1947
24.9566
25.6234
23.7592
23.6798
23.8007
23.4850
23.1058
22.1132
26.3582
22.8345
24.5760
23.2108
23.8065
24.3464
26.9536
24.1825
23.7189
21.9425
23.1456
24.2216
23.4354
22.1391
24.7455
22.8381
23.7030
23.2853
23.2941
24.5167
23.3174
22.0572
24.6077
24.0931
23.6210
24.7607
24.4992
24.2924
24.1388
26.4372
25.0454
24.9990
24.5782
24.1007
26.4168
25.7843
23.6960
23.5414
24.5279
22.7392
24.5219
24.4130
25.4952
24.1862
23.7655
24.6148
24.6929
23.5281
21.3024
21.6517
24.2439
22.1999
23.0318
24.9783
24.6463
23.0923
22.1075
20.6259
22.3292
22.7413
22.4245
20.9893
20.8469
24.0603
22.3346
20.7534
21.7782
21.5184
23.4217
22.3170
21.0777
21.8425
22.7442
23.0339
22.4884
22.7436
22.1816
21.4529
21.5464
23.0289
23.8955
21.5785
21.6891
21.5910
22.1084
21.9063
22.1983
22.0779
22.7585
20.8743
22.0351
22.2295
22.1328
23.3790
22.2582
21.5391
21.3963
20.6562
21.2971
22.1234
21.1113
21.8187
22.0018
22.4330
22.3505
23.0113
23.7920
23.3794
24.0841
22.2370
23.0137
22.6916
21.9822
23.0800
21.7004
22.8420
24.0068
22.5039
21.7603
22.7136
23.4567
22.1411
21.8346
25.5152
23.5413
23.8466
23.4483
21.6182
24.3887
25.0278
23.4475
22.5780
21.3400
22.0014
22.8533
21.2538
21.7213
23.6162
22.8198
20.9771
20.7007
23.4558
22.3263
22.1054
21.3863
20.8050
22.0829
23.6880
23.4664
22.8732
21.5298
22.0133
23.3771
23.0751
21.8792
23.3721
24.3561
23.5118
23.1771
20.3518
20.8344
22.1339
24.9951
21.1518
22.5297
24.4515
25.1284
24.2324
21.7533
20.7655
21.7438
20.0563
23.2812
24.2394
22.6860
23.2625
24.5985
24.4718
22.7357
23.4003
24.9420
24.0798
24.9879
25.4637
25.6664
24.3609
25.8175
23.5593
23.7492
25.7150
23.3072
24.0969
23.5522
23.6766
23.3456
23.9530
23.4600
24.6158
24.6977
24.3826
25.9051
23.9475
23.1173
23.5444
23.0375
21.4821
21.7184
22.9298
23.4154
23.2909
23.5631
23.9073
23.2713
25.7597
23.4046
23.4810
24.1040
23.5455
22.3802
21.7376
24.0151
23.5821
23.5970
23.6332
22.8163
24.5407
22.6408
22.3924
22.8249
21.1951
23.1794
23.3341
22.3408
24.0385
23.6664
24.1582
23.4437
22.4658
23.4053
21.7778
23.6106
22.1100
23.9579
23.3961
24.5774
24.3453
25.4036
24.8809
24.4506
25.2202
24.2763
25.2386
25.1829
24.7727
21.9067
23.2350
24.1294
23.0986
22.8939
23.0952
21.9995
20.9329
20.7992
22.6566
23.2217
23.0659
23.5648
23.1274
23.0701
24.2619
21.6412
22.0185
23.0293
22.3803
23.6968
22.3140
23.6963
23.0425
24.2238
22.6596
24.6638
23.4213
24.7400
25.3293
23.9886
23.8427
24.9231
24.2523
23.2269
22.7806
23.8178
25.0019
23.1350
23.4747
24.2019
24.4600
23.7146
24.5913
24.0542
22.3605
22.1083
22.8357
24.0038
21.3593
21.7856
23.3259
24.2175
23.5616
24.7466
23.3571
23.1768
24.0096
22.9274
24.8418
23.9545
23.3444
21.9628
22.5984
21.9189
21.6047
21.6017
22.4863
22.5979
24.1530
22.3718
21.8695
22.1518
21.5099
22.1381
21.3699
22.0339
21.2608
23.7506
21.8669
21.2839
19.7915
22.2808
21.0690
21.8924
22.5380
21.5141
21.8859
21.1181
21.3617
22.1720
22.8072
22.2746
22.2170
24.3046
22.6793
24.5423
22.6094
21.7288
22.3434
21.6314
23.5858
23.0909
23.3039
24.9919
23.5462
22.6193
23.2950
22.8545
22.9427
23.2141
23.4329
22.4479
21.3212
22.1105
24.2037
24.1197
23.0069
22.9285
22.5178
24.8490
23.6913
23.2406
21.9657
21.9531
21.9538
23.7941
23.2849
23.4986
24.9627
25.1753
23.4851
23.9426
25.8774
24.2464
24.6330
24.6608
24.4053
22.0330
24.8561
24.3928
22.1536
22.9133
23.7481
25.3614
24.3072
24.9653
25.2676
23.1477
25.3179
24.9226
23.0467
23.1448
23.9603
22.5311
22.2251
22.7507
22.2253
22.4456
24.1073
22.5377
21.9035
22.7470
22.4316
22.1748
22.4316
20.7484
21.5485
21.4046
21.1029
21.5842
23.3169
22.9100
22.9742
23.9992
23.3470
22.9033
22.6165
22.0452
22.4087
23.2313
23.3564
23.7318
22.9982
23.0434
23.2051
23.3093
22.9353
22.5920
25.0888
25.2289
26.0071
24.0673
22.8129
24.3752
22.4515
22.6066
24.0851
23.9567
23.2909
22.2295
22.5257
23.1870
24.3195
23.0588
21.3922
23.0228
23.1032
23.9872
23.5638
22.6811
22.2247
23.1069
19.6117
22.1490
22.8326
23.9501
22.2258
21.7738
22.2237
21.4595
23.7634
22.8667
23.8206
23.2936
21.3572
21.4307
21.2693
23.2005
21.4289
21.7306
22.4014
24.9644
24.9545
23.0263
23.2194
23.0214
22.6113
25.2905
24.3124
24.3307
22.4504
22.0149
22.7735
21.4971
24.2223
24.6024
23.4947
22.0835
20.9638
23.7957
23.3956
23.4124
23.3742
23.0912
23.2065
22.6711
22.7497
22.6677
24.4242
20.6472
23.8849
23.5510
23.3415
22.2285
21.5772
19.8568
21.9369
22.6587
21.9844
21.4314
18.9005
21.5518
22.1188
21.6367
22.8899
23.3008
