28.2630
27.6212
25.6037
25.3455
24.8912
27.4557
25.9747
23.2480
25.1715
27.7266
25.6744
22.6727
26.1915
27.0209
28.4784
26.2938
26.8296
27.5755
25.4220
25.3893
27.8792
27.2266
25.5172
26.0368
23.4063
26.2635
27.2575
26.5143
28.9507
27.8390
27.8119
27.9340
27.5348
25.8243
26.9093
27.4671
27.1942
27.2092
26.1335
25.7792
29.7422
26.2058
28.0707
26.1215
27.5957
26.7244
25.9484
26.9564
28.0102
27.5331
27.1233
27.4433
28.2149
28.1891
28.6703
29.5000
30.4137
26.5281
27.5701
27.2737
26.2481
26.6946
27.7302
26.5454
28.3221
26.6263
27.6577
27.4556
29.9820
29.1137
28.2822
28.0767
28.0971
28.2739
29.1301
31.6103
27.8981
27.7372
27.7821
27.9384
25.0768
24.5833
24.3689
27.1048
28.6772
26.7786
27.0224
25.4122
27.6023
28.1351
28.4700
25.2637
29.0119
25.9529
27.4834
27.4268
27.5224
24.6144
26.2240
26.7182
27.3394
28.8249
27.5774
27.7907
28.2794
28.2947
27.1899
28.9892
27.2916
27.0563
28.4598
29.5836
27.8397
27.4141
27.2179
29.4459
27.2308
29.4811
28.8695
30.0471
28.1863
28.2936
27.7967
27.6929
27.2273
28.5445
26.2582
28.5709
28.1514
28.5255
28.6103
28.1575
29.1104
26.7031
29.2093
30.2226
28.6402
27.4057
27.6415
28.1320
29.2221
30.7442
30.1008
30.4578
28.9477
29.0859
27.1911
27.9065
30.2726
28.5042
29.5613
28.4473
29.4025
29.1442
27.1857
29.1608
30.0816
30.4377
30.2325
31.1357
30.3919
29.3305
29.0289
29.7634
29.1066
30.0125
30.2334
28.6355
28.5889
29.1410
29.3223
29.4556
28.8513
29.8983
30.6641
27.7502
30.9897
30.5482
29.6864
31.8423
29.3251
31.4620
28.0597
30.2535
31.0997
30.2839
30.5584
30.3440
30.5369
30.0933
27.9262
29.3009
30.4323
28.1890
29.0553
29.6822
29.4527
26.8757
29.0179
28.8832
29.6892
29.1568
27.8959
28.1205
27.2215
28.8466
25.4377
26.2928
27.1373
28.8635
26.6441
30.8002
29.5108
28.3869
27.1975
27.9662
28.3223
28.1689
28.6522
27.9458
27.1271
26.5619
27.8633
29.4600
27.7921
28.9087
28.7361
29.9706
28.5726
29.0961
28.8488
26.3840
29.4782
30.3807
28.3153
27.4065
29.5508
27.3841
26.8995
26.5084
28.1576
28.3713
28.4116
28.5101
28.8268
27.8212
27.5295
27.8286
27.0150
27.5218
28.2879
30.5201
27.4329
28.7050
29.2269
29.4754
31.3041
29.5337
28.3256
27.6615
27.8380
29.6665
29.5071
28.2810
27.1684
28.1551
26.1193
26.3899
25.7647
26.1724
27.4840
27.2211
27.3934
26.9919
28.7984
27.3530
25.6599
27.7789
26.7182
26.5581
25.1307
28.3254
27.7140
30.1774
26.9219
27.7161
24.8102
25.6589
27.7385
26.8434
27.7746
26.8496
28.0448
30.7328
31.3221
30.8035
29.1328
29.6858
29.2370
28.4347
26.9249
26.4249
27.1368
30.1452
30.1511
28.2585
26.9735
31.9169
29.6079
30.7179
30.5963
30.5577
28.0657
28.4477
27.2263
28.6264
28.4149
29.5760
29.2453
28.0253
27.5112
29.7141
29.9788
29.7961
30.1002
29.5322
30.1924
28.7146
30.8968
28.6366
29.0110
26.3234
28.7448
27.8190
27.5232
28.6323
28.9626
29.5401
27.4661
29.9627
28.4309
31.6736
29.6036
30.0175
30.6593
29.1585
29.1939
31.8078
29.6381
28.7124
29.1521
28.8338
28.4647
30.0258
27.9551
27.7415
27.2676
27.5168
26.5629
27.6164
26.5595
26.8706
25.0519
25.5391
24.2355
26.7300
25.7815
27.7219
25.6867
24.4741
25.4307
24.3394
25.0764
25.6658
26.9905
27.2925
24.7409
24.8496
25.3620
25.1484
26.8303
25.9954
25.4636
25.2117
27.4287
26.1017
27.3895
24.7994
24.7607
26.4182
26.3046
25.2656
25.9896
25.5936
25.1543
26.8309
28.1575
26.6660
27.2721
25.7706
27.4385
25.6355
28.5856
25.5598
24.9885
25.0788
24.0022
25.5839
26.1892
25.8341
27.9078
25.3972
24.9570
28.3044
27.0970
25.9455
28.0025
24.2935
22.6241
22.9817
25.8355
26.6219
27.8917
28.6328
27.6399
27.3343
25.6878
29.0966
26.4494
26.0275
25.0986
25.9437
24.3092
25.2252
24.9697
27.8768
26.5134
26.2991
27.6259
28.2020
27.4793
28.3959
29.9756
28.5707
29.9129
25.6602
28.8399
27.6050
29.8793
30.6923
32.6046
29.9619
28.0218
27.5897
29.7237
27.1533
27.8224
26.4463
26.9086
24.9104
28.1026
29.5470
32.4654
29.6692
28.6673
28.2873
33.1461
31.9566
28.6213
31.6898
31.6168
29.6818
26.0652
28.7848
28.3256
25.7665
25.9460
24.9831
23.4414
26.5496
27.8104
26.0141
26.4605
30.5432
28.6639
28.2976
27.1866
27.5692
28.8329
29.6847
29.0367
28.1524
27.5608
28.1406
25.4210
27.9372
25.3041
25.6972
25.5399
25.0163
25.4111
25.9083
27.3903
25.8241
27.9074
26.4435
27.0818
29.5239
27.7351
30.2010
26.2078
26.1012
28.0844
27.6321
25.0797
24.1215
24.6179
25.1794
25.0581
25.2578
24.8182
22.8571
24.3683
25.2225
26.1317
24.7780
27.2605
25.8536
26.3149
25.0193
26.8479
28.0373
25.3418
25.1834
26.7832
24.7384
25.4432
27.1723
25.3459
24.2059
25.1157
22.8998
24.8921
25.1005
25.8781
24.9610
23.4997
24.5322
24.2855
24.7726
22.4992
23.0117
23.4152
25.1856
24.0661
23.7955
25.1634
27.7594
24.8176
24.6575
24.7693
23.9062
23.8426
24.5125
25.2649
23.6499
25.1824
23.5476
23.8056
23.5895
25.2259
25.1778
25.6471
25.8834
25.4757
25.8844
25.0612
27.1778
24.3239
25.1978
24.6892
25.7727
24.7871
25.8516
25.7171
27.9607
26.6923
26.6160
24.4951
23.6712
25.5352
23.7354
25.1731
27.0745
26.0397
24.1128
25.2801
24.6288
22.8899
25.4195
24.2382
23.8590
24.4789
25.9971
26.0611
27.4698
26.6829
27.3511
24.2633
25.9235
25.3264
24.5293
26.5001
26.4422
23.6949
24.7635
22.6221
22.8728
23.5608
24.2975
23.2815
24.1711
24.9603
23.8228
24.7460
25.0437
25.5315
25.1515
24.4898
25.3808
24.3756
24.4583
25.1149
26.0561
24.7832
24.8776
25.0092
25.0599
27.3158
25.1599
25.3362
25.2590
23.9321
23.5392
23.4464
25.1624
27.0359
26.4764
28.4529
25.1431
23.3277
24.4867
23.4949
22.7423
21.9847
24.1365
24.8716
25.6732
24.1233
26.5136
26.9717
27.6042
24.1603
26.2325
26.8089
27.0837
28.6578
27.8302
29.0297
26.5800
25.9025
26.6459
26.1629
24.5923
26.5348
27.2239
29.0268
27.1187
31.6168
29.1439
27.1300
30.7903
29.1324
26.6744
28.1852
31.0953
30.7019
30.4741
28.6882
30.1583
27.4496
28.2283
28.9598
28.1800
27.4995
27.1242
29.0689
26.4071
26.5007
25.1057
25.2648
24.9976
29.3206
27.0538
27.5967
27.8960
30.7953
29.4061
30.4499
28.3990
29.0981
25.9884
27.5043
28.9732
27.8692
27.8844
27.6206
29.6118
28.1965
29.9587
27.7826
26.6042
27.2880
29.8892
28.9434
27.8980
28.9454
29.4656
26.4225
26.6691
28.1519
26.2622
26.0842
26.8286
27.7046
27.3976
26.4845
27.7085
24.5501
25.3808
26.7407
27.6342
28.7206
29.2279
25.7673
26.8017
27.2845
26.0768
27.9161
27.4898
28.5059
28.0721
27.8554
28.0347
25.2580
26.4555
28.4933
29.3755
29.6139
28.4669
27.3625
28.3758
29.4999
27.5830
30.7357
29.2562
28.3713
29.3447
29.9036
31.0308
29.8365
28.8696
31.9026
30.2747
31.4441
30.1388
28.2830
28.2216
30.9885
29.8929
29.7531
30.1259
28.6725
27.4468
28.5204
30.1136
29.6431
26.7886
28.8200
28.1791
26.9987
28.8752
28.9825
28.3121
29.4871
30.2026
29.8558
30.6831
31.8180
29.7750
29.8146
29.9113
29.5760
30.4144
28.7505
31.9978
29.4805
30.2403
30.5165
27.2426
28.8676
30.1281
27.9626
28.5356
30.6248
27.1191
27.6754
26.4337
27.1487
26.3307
27.1361
28.3165
28.6825
28.2691
29.0240
30.3851
28.1058
29.4110
28.1380
26.5465
27.7457
26.8456
25.6394
26.4017
25.0915
24.4137
25.5420
25.1615
25.1027
25.8184
26.4548
27.1055
24.2010
24.8398
26.4779
26.5557
25.1421
27.9722
26.8918
28.1832
27.0738
26.8170
27.7941
26.7329
27.3742
26.9876
25.2433
26.6210
24.5832
23.6388
26.6075
27.0309
26.8872
25.9262
28.4232
29.5722
28.5905
26.8425
25.8855
26.2398
25.1902
26.1494
26.2393
25.9288
26.1825
25.5558
27.0655
25.0683
22.2866
26.5331
26.8155
25.2338
27.4519
26.4037
26.3257
27.2253
25.2754
24.0925
24.7916
27.5434
27.0530
26.0577
27.1160
28.0008
26.3232
26.5103
25.8038
24.6618
25.1282
24.5420
24.0266
22.9585
24.1848
23.2902
23.9010
23.8800
23.0037
24.0197
23.4285
24.4613
24.0606
24.9857
25.5362
25.5070
24.7543
25.5527
22.3240
23.1930
25.3650
26.0827
25.4870
23.9045
23.4074
22.5841
22.7483
22.4333
22.6035
22.8427
22.7207
23.8291
24.7988
23.0787
24.8888
24.5852
23.8581
24.3425
24.8796
27.0627
26.2663
27.0142
23.4613
24.8243
26.3010
25.7461
26.9027
26.5083
26.4335
25.4674
25.9242
24.4060
24.2184
24.3466
24.1316
24.5856
22.7235
23.8830
24.0341
24.2523
24.0516
24.5343
25.2787
23.1750
23.7639
25.5045
25.6831
25.6478
24.5891
24.4599
25.3797
25.9782
26.0954
27.6236
26.5534
25.8438
25.3964
26.3261
27.6756
26.0919
24.7776
25.0583
23.9817
24.7629
25.2164
24.8227
26.5254
24.6508
24.0987
25.4766
23.5396
24.3798
24.5265
26.7697
22.8014
25.1453
24.6201
23.8570
24.0283
23.2241
24.3636
24.9829
23.5231
24.4308
24.8459
24.8859
22.5001
23.0102
23.3086
24.0143
24.6553
26.1869
22.6340
25.0108
26.9559
28.6282
26.7892
26.1318
26.7364
24.4249
26.2274
25.6122
25.4735
24.9346
25.7970
26.2294
26.3132
23.9178
25.5364
25.9148
26.7784
27.8287
26.0442
26.8419
23.3155
25.9382
24.1977
25.6520
26.1598
25.3757
26.3755
28.3442
27.8566
25.6279
27.3084
25.6662
27.9481
28.1827
28.4840
27.8854
27.0328
26.2318
26.2334
28.8288
26.6189
28.7045
26.5250
27.5673
28.2028
28.8358
28.5201
29.1476
30.1737
28.2543
27.3381
27.7869
28.0950
27.8609
30.2521
28.8085
29.5847
27.8768
27.9448
29.0616
28.2041
26.9830
25.1863
26.1535
27.7467
27.0412
28.3532
27.2439
26.2255
25.7382
25.8258
24.7998
26.5519
27.1577
25.0174
25.6403
25.5679
25.7918
25.8715
23.0086
25.5404
24.7607
26.8110
25.9316
25.6295
25.0288
24.8584
26.3953
26.4866
25.4508
26.7443
26.6327
27.9219
26.8499
26.6549
26.8518
26.7224
26.6786
25.2506
25.5746
25.7953
24.8841
27.5822
25.7912
27.9611
27.0282
26.5398
26.0548
25.4687
26.5473
27.2899
27.8885
25.0768
23.9622
25.9873
24.9216
26.9488
27.8214
24.3575
25.6363
26.1471
23.7793
23.4943
25.0977
24.4697
24.8179
23.2057
24.3811
23.9409
26.5594
23.9208
24.5150
25.0823
26.5238
26.5859
29.0024
28.7252
27.0432
27.4063
24.8093
24.0727
25.6319
28.2364
25.2343
26.8698
25.7822
24.7080
25.2162
26.6124
25.7546
24.5092
27.3843
27.7734
28.1337
27.3509
24.3279
23.9544
26.4824
26.3386
25.2000
25.1125
24.9723
24.8663
26.6592
29.9739
29.4785
27.6855
26.0292
26.4727
28.8465
30.2374
26.9011
25.9562
27.1231
27.3731
28.1628
28.5916
28.6323
26.7732
25.7861
26.8047
26.3780
28.4217
27.7720
28.0402
25.3622
26.4750
27.2875
26.1555
25.3387
27.6361
26.3890
27.4024
27.7159
27.1975
27.3728
24.5338
26.6167
26.9127
26.3163
28.2538
26.0949
23.4773
25.2600
27.2479
26.2504
27.9756
26.7772
27.5507
25.5367
25.4784
26.2756
27.4998
27.1932
28.1407
28.4825
28.1136
26.8932
27.5240
26.3408
28.0436
27.8348
27.2120
27.5067
28.4726
28.0075
27.1985
27.6037
29.0992
28.0463
28.1862
29.4112
29.6559
29.4376
31.2058
28.9920
28.7267
28.3041
28.6945
26.8345
26.5021
27.0693
27.0566
27.3173
26.7461
27.0457
26.4635
27.6616
27.8963
28.2248
26.8783
29.5974
28.4913
27.6324
26.9343
30.0866
27.8488
26.6985
26.2454
27.0583
27.3882
27.0525
28.0946
29.2621
26.0641
24.6562
27.8163
27.7563
30.4193
29.6646
29.9569
28.8215
29.3797
28.5864
26.6011
29.7089
29.5200
30.8417
31.0085
30.3006
27.9824
31.1609
29.2046
29.5624
31.5689
30.8191
29.0880
29.9549
27.1527
27.8619
26.4683
27.9191
29.6524
27.4798
27.0871
27.1274
28.2600
27.8654
25.4019
27.5852
27.5447
25.8078
27.9243
31.6651
33.2294
30.9780
29.1781
26.5012
27.5278
28.0202
28.8788
26.9233
28.3311
28.4622
29.8089
26.9580
26.2458
26.9456
29.0677
27.8282
27.8495
29.5590
29.2519
28.4656
29.7992
28.7392
30.0974
28.7989
31.7509
29.3002
29.2803
28.1996
31.0317
32.4498
32.1091
30.7558
30.2519
30.2286
29.7645
29.2961
28.2482
31.9351
29.0331
31.5741
28.6906
30.0259
30.0048
27.1808
30.5178
30.8134
29.4918
29.9353
30.7168
29.5552
27.9094
28.4113
30.3232
30.1920
30.7410
30.6915
29.1799
28.6309
28.7241
32.8660
30.2525
32.2857
30.8594
30.3844
29.9940
30.9666
29.0611
28.9470
27.9724
31.2680
25.8004
29.6429
28.6998
30.6594
29.8505
28.2903
26.2709
26.7676
26.7544
25.1965
25.2942
26.4217
25.6785
26.8377
25.3719
27.6815
27.8615
28.0131
26.5133
25.1724
27.4876
25.7278
26.1746
27.0266
25.6743
24.5741
24.2642
24.9110
26.7871
28.3000
28.2086
27.8193
27.3468
26.6718
29.0497
26.6645
27.1736
28.5267
31.0278
28.9543
28.8227
29.9773
30.7436
33.1465
30.2134
31.6392
31.2350
32.0560
33.1429
29.2733
29.7746
28.7941
29.5656
28.9034
27.1886
28.1567
28.4913
30.9530
31.8887
31.5603
30.2375
29.3591
30.4993
29.5038
29.3024
28.9389
30.0124
30.5517
29.9989
28.8103
31.7150
30.3294
30.4383
32.5393
30.9771
29.3058
30.3970
29.7402
29.7273
27.7991
28.7321
29.2751
28.9292
27.9619
27.4131
26.8856
27.9230
27.3475
29.5334
28.5664
28.8597
26.8071
28.7657
28.3182
27.0085
28.3585
27.6371
28.4333
29.1361
27.1993
27.3102
29.0595
28.0117
26.9666
28.9644
29.4120
29.4883
28.7671
28.3026
28.8723
29.5970
27.0284
27.4699
27.3639
28.5602
30.4309
30.9143
30.0519
28.3507
28.5670
25.7626
28.4797
27.7995
26.8534
28.3705
25.7745
25.5555
27.5396
28.6680
33.2930
33.0951
30.5950
31.4307
29.2754
28.5854
31.0552
32.4564
31.3403
30.8624
31.7753
29.3414
29.4548
30.2034
29.1668
30.6428
32.9858
29.9582
29.2342
30.5900
30.9586
30.6089
31.6756
31.4528
33.1882
30.9664
30.5355
34.7676
30.5459
31.8737
28.1716
29.7938
30.0062
30.5169
28.1512
29.8077
29.2511
29.6749
29.0860
27.6466
31.2118
30.5220
30.4405
30.9618
32.6892
31.6052
31.7927
33.5475
32.8701
30.7029
32.3483
31.8362
30.1785
30.7123
32.6220
30.4560
32.2583
31.1415
27.9992
29.0674
29.4644
27.2741
28.1395
29.8015
29.7422
30.6570
30.7502
32.8695
28.2985
28.7491
29.6632
28.7526
29.7383
27.4101
29.1490
29.4007
27.7083
28.6429
28.2571
29.5334
29.0730
28.1952
28.2551
29.7079
29.2813
30.7224
31.5124
29.0307
30.4911
31.1304
27.3528
27.2657
26.4851
27.7554
28.0917
28.4267
27.6356
28.6981
28.0430
28.9084
30.0180
30.8072
28.4324
29.4409
27.5781
28.6559
28.3437
29.4078
29.1768
27.0319
26.5363
27.9904
25.7782
26.3368
28.4220
26.7681
29.6696
28.1632
27.6542
27.1338
29.5210
28.3301
26.0814
28.1549
26.9397
26.7873
27.8693
27.9041
27.8947
27.0481
30.6432
29.3162
28.4884
26.5181
30.0875
27.5438
25.5417
27.2679
28.6038
30.4494
30.8002
29.3144
30.6614
28.6810
27.5117
32.0167
28.8762
29.4218
32.4086
31.3819
29.7601
29.4814
28.1794
28.3368
25.7330
27.0805
27.1903
26.7724
26.6606
27.6872
26.5418
29.4055
26.5503
29.2825
27.8159
28.1705
31.1341
33.6712
29.8950
30.9380
30.6616
30.3714
28.6808
29.4063
30.8474
29.6405
29.4090
29.2437
28.1475
27.6760
27.9567
26.0004
26.8232
26.1904
26.9889
28.5893
28.0318
26.5264
28.7443
30.6649
31.8861
31.7088
32.1017
31.5020
31.2699
30.0144
30.0493
32.9959
31.7077
30.4901
29.4088
31.0244
30.5634
31.9197
33.1397
31.4596
32.2887
30.8339
31.5137
31.0631
29.6561
29.8326
29.9689
30.5679
29.6396
27.7350
28.2346
28.6373
31.9065
31.4485
29.7651
30.1764
28.8456
29.8840
31.0899
28.1173
28.3598
29.3051
29.8846
29.0621
29.2230
30.2958
28.6671
30.1552
29.3327
30.4126
28.8319
30.4917
28.1047
28.4114
29.0953
27.1802
28.5914
26.8893
28.2040
27.8760
29.3756
28.6444
28.6242
26.6431
26.8636
28.1360
27.4546
28.2278
25.3550
27.6907
27.6268
28.7628
27.1067
28.9638
27.5350
28.9166
27.3617
29.0807
26.4033
29.2317
30.6870
28.8169
28.5173
29.6374
28.5781
26.1160
26.9985
27.3667
27.7541
28.4179
30.3274
30.0820
29.0248
28.9566
27.9831
28.0907
27.8161
28.5771
27.6900
29.0101
28.1194
26.8703
26.4263
28.2931
30.0391
28.1239
28.4601
28.2072
26.4226
27.6211
27.0468
24.0610
27.6535
27.8969
28.1327
29.3402
26.7578
28.1053
29.1104
27.5403
27.7882
31.3859
29.3781
30.5346
29.4131
29.6197
30.3950
29.7207
28.2778
31.3935
30.6731
29.5959
28.8553
28.6959
27.9862
27.6833
27.5596
27.4079
26.3653
28.1760
27.0973
27.6997
28.3041
28.1846
28.4813
27.7222
28.6992
29.3610
28.4999
29.1169
28.9279
28.9006
29.2871
30.3392
28.7198
26.1280
29.3842
29.0444
30.0457
27.5796
28.8119
27.2145
27.7579
29.7827
28.3875
28.0044
26.9345
27.6108
26.0383
26.4888
25.4749
26.4367
25.5170
23.9057
25.7767
27.7476
26.2831
27.5591
27.5257
23.9383
24.8126
26.1103
25.7458
27.2369
28.9322
28.1890
30.4556
28.9024
29.3457
30.2800
28.4936
27.6139
28.1108
29.9549
29.1666
28.1167
27.7478
29.0881
25.8486
27.9334
27.4634
29.1359
28.8066
26.5608
29.1864
26.1534
27.0674
26.5796
26.8004
27.7644
26.4463
25.6269
24.9201
26.7019
28.2699
27.5284
26.7766
26.7771
26.9612
27.2143
27.6244
28.9530
28.9366
28.9134
27.4554
26.3823
23.8712
27.1754
27.4716
28.6896
28.4127
29.9989
29.0036
29.4264
33.0921
31.4185
30.5774
32.2359
31.4695
32.0853
28.5164
30.0133
31.9262
30.1437
31.1849
30.7228
30.7993
30.9746
27.9213
28.7208
29.5091
31.8479
29.8421
29.0665
29.3913
31.2645
28.7449
30.4893
31.4093
28.6569
27.6807
31.3261
31.0671
30.1506
31.9743
29.1635
28.4844
31.1473
31.3541
29.8186
31.3704
30.6729
30.3818
29.3497
30.9084
26.4987
28.7500
31.1903
29.2086
28.7703
29.4261
29.6965
30.5093
28.6139
27.1297
28.1578
27.8021
29.0928
27.6830
30.3178
26.2614
28.1389
29.6377
28.3131
28.5252
29.6136
28.4478
29.5564
29.2624
26.3092
27.6364
28.8209
28.7743
28.8876
29.0973
26.8881
27.0503
29.1984
28.8603
25.9121
27.7645
27.8657
25.6444
27.2639
28.3619
27.3557
29.3519
27.6092
29.2294
27.9028
29.8066
29.8033
28.5338
29.0361
28.7379
28.6459
28.9348
29.1116
28.0739
29.0036
28.7429
29.0264
31.3378
29.8239
29.1431
27.3877
28.0200
31.5743
28.7739
27.1339
28.7657
27.6194
27.1741
27.8261
29.5950
28.7702
27.8808
28.7956
26.8790
30.5553
28.7279
27.1895
28.4157
26.5820
27.8882
28.7913
25.4260
29.4387
29.1472
28.4579
27.6185
29.4094
28.5083
27.2202
25.4883
28.6875
26.4013
27.9541
28.4161
27.8868
30.0494
30.3921
30.7203
27.1789
29.4221
28.7218
31.2496
30.7816
28.8851
28.8334
30.5566
29.6883
27.5653
27.0765
27.5224
28.9641
27.6772
27.4984
26.9694
28.4406
31.0104
31.2311
27.0188
27.5795
27.0273
27.7075
32.0019
29.7412
30.3866
28.7307
32.7924
27.1848
28.4576
27.9003
28.8950
28.0333
27.9549
27.4968
27.2601
27.7591
25.9212
29.3054
28.2553
30.1481
29.1608
29.9864
29.4105
32.1113
31.4394
28.9887
29.9303
28.6549
31.6445
30.7853
28.0793
30.2274
27.8261
31.0399
29.7377
32.0477
29.9554
30.7475
28.6020
29.5328
28.7829
26.9338
28.9479
27.2312
28.4288
26.4479
26.5911
28.7486
29.0798
28.5730
29.4955
29.1681
27.5018
27.9225
29.6682
28.4909
27.6264
27.1262
26.5786
26.4885
27.0391
27.5264
28.7307
26.3798
29.1850
29.9651
29.6254
31.3446
30.9544
30.8910
28.0891
28.6501
28.7762
29.1601
28.5799
29.3016
29.5524
27.3796
25.9801
28.7293
24.6398
28.1816
28.3632
27.3317
27.7168
29.1567
27.3764
30.1386
28.9518
26.9042
28.8328
28.6275
28.5204
28.1346
28.0496
27.1566
27.6839
27.6051
27.8552
30.7459
27.5661
26.0152
28.7031
27.8466
26.6149
26.8785
27.1258
27.7685
26.7346
24.5592
25.3139
25.8058
27.8490
26.5388
27.3093
27.3037
30.1236
29.0211
28.6449
28.4586
28.8712
26.9015
24.4133
28.4269
28.9503
29.3359
29.2521
27.4848
29.1483
28.0832
29.3302
28.7034
28.2947
30.1091
27.8623
27.3404
27.1507
29.1181
28.3640
28.9160
29.8042
28.6178
26.5020
28.0039
29.2618
29.7778
26.8767
28.5910
28.5122
27.0734
28.0799
28.1581
27.1284
28.3940
28.0686
27.5812
25.8390
29.6582
29.9648
26.1759
27.6966
30.0768
28.6492
26.4916
25.3511
25.1589
27.8991
26.6923
26.7704
28.6126
26.9915
26.6320
27.3605
26.5750
26.1739
26.6263
25.0423
26.7628
30.2357
28.9560
29.0450
27.4322
28.7786
27.8717
28.3445
27.4848
27.4969
28.1267
28.7435
30.1126
27.9609
28.0067
26.1501
27.5362
29.0410
24.9650
26.0666
26.5650
28.5500
27.0528
25.0285
23.9073
25.5245
25.0321
25.6997
27.7082
23.2585
24.8017
28.6713
28.2371
27.7592
30.1592
27.6244
27.0257
26.7253
26.4441
26.4234
26.4680
24.5912
24.6056
24.9640
26.1463
25.5178
25.6255
27.0826
26.6840
28.3939
28.1222
28.2458
25.8228
25.7963
27.3604
26.9335
26.1181
28.5014
24.1206
24.6278
24.6383
23.7290
24.4851
27.7197
26.7522
24.9345
25.0340
24.6989
26.7178
26.1301
27.8717
27.5604
27.9602
30.4491
26.8587
27.5109
26.2268
27.7052
25.4653
27.8899
31.0780
28.8176
28.3017
28.6004
29.3801
27.0849
27.4323
31.0906
29.1142
27.6667
26.9769
25.8495
27.6353
24.3368
23.9487
28.4368
26.5400
26.6028
26.9652
29.5033
28.6271
27.7501
26.6488
29.1070
27.4057
25.9000
26.5401
26.9934
26.2273
25.3680
25.6493
25.0667
27.4785
27.3165
24.9776
26.3487
26.9036
26.5682
26.6188
27.8696
29.1737
27.9993
31.1727
30.5458
30.5445
30.5438
28.2923
30.0149
32.1539
31.2728
29.5852
29.5909
31.4291
31.2229
30.4874
30.8506
30.7354
29.4672
28.0134
29.7020
28.6930
29.8312
29.7580
31.9217
28.0849
28.6412
28.3599
27.5863
27.8795
29.9639
29.7142
32.3326
29.9373
27.2464
30.9457
28.0836
28.1409
28.8511
29.5301
30.7226
28.1985
29.5239
28.9538
28.5118
27.5611
26.5687
29.2660
29.3378
30.2863
29.8548
29.2873
30.7488
30.4179
27.4078
28.2206
30.6769
29.5325
29.9880
29.9683
28.3526
32.4850
32.1452
31.6551
30.4301
28.4562
27.1551
28.9664
26.8359
28.4894
29.0906
29.0970
27.1062
29.2706
31.5232
30.2842
28.8345
28.0486
29.2441
28.9722
27.9246
29.5877
28.8909
29.2133
28.9155
28.9167
29.2184
28.4487
29.5807
30.5761
30.0044
30.9606
32.0559
31.5755
30.7325
30.3863
30.6767
29.4740
30.2290
27.7469
31.0743
30.1738
31.1325
29.5232
29.3738
27.7627
28.3476
27.5731
30.3597
31.6925
30.0783
27.7141
29.7589
29.0437
29.8361
28.2603
28.4939
28.1559
27.9008
28.7884
29.1375
29.3571
29.3400
30.4943
29.6766
30.8601
27.2916
25.3850
25.5806
27.7817
27.0689
28.1646
27.2824
27.2617
26.9816
24.9059
25.7348
26.1390
25.7994
27.5642
26.7541
26.0946
27.1431
25.6742
23.6801
24.0502
26.1686
24.3218
26.2304
25.4586
25.5609
25.8117
25.8061
27.2431
26.5700
27.4955
28.9302
26.8681
29.5814
27.0723
26.7281
26.4765
25.3881
26.2682
25.5801
27.0022
26.1434
26.5486
27.2335
26.4604
25.9233
26.9738
29.3591
27.0863
25.6440
25.2099
27.3903
26.3895
25.7566
27.3277
26.3084
28.9091
27.2656
27.4242
29.3581
25.5128
25.1285
27.0113
26.5909
27.8810
27.5500
27.5188
27.9782
28.5844
28.1607
26.4740
28.4240
26.7971
28.6409
27.9439
28.8857
27.9383
29.6283
28.1018
29.8106
28.2523
29.1679
29.1898
29.4039
25.6909
27.3170
29.5769
28.0010
25.9748
28.1384
27.1277
25.3080
27.0505
28.1065
27.3345
27.7353
29.7481
28.4886
29.6452
29.3531
28.4098
27.7258
25.9572
29.2035
30.5055
31.1232
28.9671
27.2787
30.6303
30.6156
29.3469
31.5759
32.4612
32.7008
31.2703
30.3846
29.1870
28.8302
29.6394
29.6968
30.5045
29.7418
30.3159
29.4364
29.3220
28.9751
31.3588
28.1819
29.6319
30.4580
29.0075
26.8671
29.8472
30.2815
30.4464
31.2185
31.6826
31.0481
30.6437
31.9370
31.9056
28.4883
28.0872
28.6692
28.9124
28.4375
30.7124
32.3292
30.8322
31.0064
30.4941
31.1433
29.9254
29.5809
29.3848
29.2492
28.3716
28.1757
26.9604
29.0540
28.5596
27.0338
28.4487
26.0933
27.9637
26.9988
28.9299
27.2250
26.2786
30.4874
27.4060
29.9344
31.8554
30.6912
28.8629
27.9923
31.0456
27.5824
27.4497
27.1570
29.0925
26.9240
27.1254
28.6130
27.6064
30.7381
29.1851
27.9290
29.0777
28.2525
28.5992
28.4910
28.4304
29.6647
29.5094
30.6229
27.4318
29.2206
26.5833
26.5721
27.8319
28.2498
30.2296
29.7282
31.0367
28.4381
28.4055
27.9784
27.0684
29.1468
31.6203
26.5575
30.3103
28.3008
32.0869
29.2859
29.7135
30.6644
25.8171
27.5516
29.5293
30.4188
28.1266
29.8604
27.5707
29.2912
31.5660
28.2753
27.1344
28.0358
28.4994
28.3566
27.1066
27.9663
29.1965
29.3931
29.7925
27.7154
30.3124
28.9159
29.7538
28.6450
28.6731
30.0383
27.6966
29.8859
27.8316
29.7632
29.1146
28.3894
26.5261
26.6055
28.7671
28.7085
27.7353
28.4086
27.4860
28.2354
27.4033
28.8337
29.5273
27.9114
29.8585
29.7176
29.7402
30.3450
27.4900
26.5312
28.8428
32.0393
30.2255
29.1209
30.4256
28.5667
31.0050
27.6029
29.6977
27.3249
30.5408
28.5430
29.2964
29.9564
27.6803
27.8323
28.4315
28.2448
29.7410
30.5531
28.4106
27.2015
31.1003
30.3213
29.0581
29.0905
28.6310
29.4848
29.0631
28.8325
29.9527
28.8575
29.2796
32.4263
29.8874
30.1611
30.1033
29.6952
30.4421
29.9853
30.3923
30.2794
29.6232
30.0285
30.0205
31.9344
30.9325
29.9665
29.5003
29.9461
30.6679
27.9082
30.2698
30.3794
30.0686
28.7163
30.0805
30.3780
29.6443
26.8520
28.5921
29.5523
29.9156
30.8184
30.2020
30.6063
30.4016
31.0524
30.8771
30.8004
31.9377
32.2100
31.8170
29.0558
29.2941
28.2933
32.1204
30.7933
28.7912
30.7423
29.4768
29.2294
28.9548
30.3878
28.4651
30.1191
30.7151
32.1791
33.2238
31.3587
31.6385
30.4232
30.5535
29.8847
31.1907
31.6274
29.7022
31.4755
31.5484
32.4681
30.8740
28.3446
30.1108
28.7959
29.9908
29.6139
30.3782
30.5588
30.1172
30.4152
27.1867
29.4002
31.0833
29.4520
26.6919
28.8838
29.6484
31.1422
31.3599
28.2355
29.5033
32.5873
30.3548
31.2250
31.5766
29.9321
30.6258
29.3265
29.3496
28.6850
26.2030
26.9780
25.5571
27.3361
28.9688
28.8059
28.6018
26.8027
27.0334
29.5899
28.4507
26.8584
29.3350
28.6742
29.4011
28.1492
27.7694
25.0297
29.7793
27.0634
28.9474
26.6241
26.2603
27.6361
26.6350
25.7246
27.7917
28.6319
30.8258
31.0403
28.5963
27.5924
28.7993
30.1974
29.9684
28.2485
29.2671
28.7812
30.2405
27.5072
28.9130
27.9666
30.3104
29.4206
29.0783
27.1415
27.2868
27.0138
28.5098
29.9791
30.0655
27.7453
26.5777
29.0835
29.6077
27.8622
30.0879
29.8382
28.6908
29.9726
27.6725
29.3006
26.6552
28.2078
27.2854
28.4572
28.1082
27.4802
26.6677
27.2483
27.2155
29.2304
30.4788
27.3475
27.3060
26.7281
29.0916
29.2264
28.5835
30.0258
28.2705
28.2439
28.6879
29.3716
29.6456
29.0605
30.8641
30.5799
31.9310
32.9048
30.0473
28.2517
30.0371
29.7933
27.8160
29.1128
31.1797
29.6312
29.4873
29.4181
29.5698
30.3310
31.2789
31.2218
30.0551
29.2571
31.2923
30.7063
29.4261
28.8247
29.3728
29.9800
32.2555
30.1190
30.4485
27.4074
30.3968
30.2553
30.1257
31.2885
30.0084
31.4056
28.5948
29.8332
29.7358
29.2397
30.5764
29.1946
31.3895
28.0680
30.3015
28.6590
29.3678
25.4858
29.6216
30.2026
27.9954
29.1060
28.7103
29.1695
27.4077
27.9132
25.5825
31.6300
26.3704
27.9922
29.3252
31.0595
28.6679
28.5061
30.9061
28.6357
27.9019
26.9404
27.7967
26.8953
27.2146
26.8477
28.7120
26.6641
28.9193
27.4911
28.9075
29.2998
28.3792
28.3928
25.6158
26.3930
25.4192
27.9981
28.5155
29.9849
27.7184
30.5507
30.6075
30.6823
31.6881
30.9116
30.6038
30.2167
30.6702
28.1650
30.3645
28.0415
29.5103
30.4515
29.9950
27.2175
27.2401
28.5263
27.5208
29.4938
28.3662
30.1009
26.8873
30.9430
31.0522
29.2293
31.9451
31.9862
30.0102
30.8020
29.7023
28.8820
30.4036
32.7116
31.5653
31.6698
32.1712
30.0988
29.8934
30.5552
32.1122
29.5696
29.9762
29.1725
29.4069
27.0579
25.3938
25.5916
29.1392
28.5435
29.4418
30.1151
30.1273
30.7581
30.3364
30.1815
30.5448
30.7504
29.9918
31.1904
29.4170
29.1139
29.7107
29.3578
30.6361
30.9777
27.9074
27.3602
30.1971
30.1965
31.6646
29.0091
28.2726
30.4080
28.1166
28.7481
29.2741
29.0993
27.4948
28.6540
28.4766
29.4640
26.2957
27.0563
28.6630
28.8769
26.7065
26.3233
29.5643
27.6851
30.6218
28.8313
29.9616
29.6321
29.3263
30.7542
29.3723
29.3132
28.3824
28.0241
30.2424
29.4104
29.7686
26.7333
26.9019
26.9811
29.6859
28.2713
30.4787
30.6207
28.9157
25.8728
28.3476
29.7973
30.5771
30.4651
33.0779
29.9581
30.4176
30.8530
29.6272
29.4636
29.7634
29.7455
29.9707
31.8016
29.1640
29.2783
27.8015
29.8682
29.0000
31.0815
30.6999
31.6759
27.9491
29.4567
29.2273
31.7615
29.4912
27.4642
29.6339
29.3180
28.8978
28.2087
27.5178
28.8825
29.3360
27.9939
27.7637
29.1511
29.3252
29.8343
29.7985
27.3784
28.2043
27.3929
25.1373
27.3595
30.5302
30.1529
27.5941
26.7013
27.3879
27.0232
28.3119
30.3757
29.3670
29.1827
28.9049
29.3570
30.4589
28.0214
29.0274
27.5626
28.3234
30.0692
28.1403
28.7424
31.2766
29.8506
28.4998
28.2390
29.8913
27.6515
29.6518
29.5709
28.8249
30.5588
29.8825
29.1244
28.7891
29.3908
29.9708
29.8523
27.7134
29.6918
30.4645
30.7310
30.7973
32.5596
30.1040
30.5907
30.3123
30.0657
27.9173
28.5015
29.2491
28.1035
27.2661
28.9850
28.3886
26.8462
26.5523
25.1678
25.1916
27.7347
29.4007
28.7765
28.6198
26.2698
25.0858
27.5158
28.5227
29.0003
27.8832
28.3718
27.8414
28.6987
27.9283
24.8244
24.9646
26.8864
28.7661
26.4667
28.9366
29.0797
26.7378
25.8341
25.7102
27.5246
27.1579
26.6407
31.1940
29.0721
27.7277
27.8336
28.1996
28.7163
26.3826
26.6203
28.2668
28.7875
28.9415
27.4899
28.4268
28.6803
28.6431
26.9109
26.3683
26.0202
28.1754
28.8805
27.9588
28.8316
28.8729
28.4909
28.3941
27.9082
26.0704
25.6740
25.7791
27.5256
28.9540
25.1979
29.5000
28.0430
28.3557
28.0506
29.7157
28.3307
27.6514
28.0945
27.3845
28.1287
27.1873
27.7112
26.7535
26.1279
26.5817
27.5697
30.1526
29.4820
27.6266
28.1716
29.1468
27.2443
29.1661
27.8748
27.9040
26.0929
27.8244
27.5484
27.7655
25.8614
26.3041
27.8471
31.6379
29.2339
28.9577
29.1507
28.4828
29.4794
30.2132
29.4183
27.4201
27.0954
29.4824
27.4554
27.6490
28.8569
27.5837
28.1785
27.9852
29.8501
29.8225
30.3422
29.7128
30.6105
26.9370
29.0272
28.0460
28.8178
29.0514
29.2742
28.5363
28.0433
30.7373
31.0482
28.7612
28.2031
32.4777
28.7933
29.3296
27.8972
30.1609
25.9040
26.4715
25.8213
27.5234
28.2818
27.9056
29.5877
25.3470
28.4889
25.8089
24.1625
24.7381
27.4386
28.5011
27.3821
25.4519
24.5518
28.5018
26.1793
27.2975
23.1966
26.7606
29.3177
26.2524
28.1522
27.0153
29.4451
27.2724
29.3495
26.1328
28.9445
27.9532
26.0648
28.4740
29.1053
30.1760
29.0890
28.1330
26.5892
24.8535
26.9219
26.9346
29.3603
27.0274
27.0451
27.7546
28.1297
29.2493
29.4905
27.4880
26.6226
28.0447
27.7207
28.1488
27.6116
29.1150
27.5891
28.1938
27.9935
27.2397
27.0085
28.5573
25.6218
26.7739
27.4802
26.1740
26.3357
23.6497
24.4957
27.2466
28.0929
26.2637
26.9651
26.0437
27.4216
27.6895
25.8596
25.9798
27.0713
26.6562
25.5961
26.2580
26.2784
27.8856
27.9856
30.2135
27.7488
26.0490
26.8372
28.0176
26.7183
27.0225
28.3842
27.2494
27.7999
27.4029
29.1034
27.4763
29.1950
26.8130
28.0768
27.9680
26.9807
27.2001
24.8495
27.2315
27.2509
25.7442
27.6142
28.1195
26.5839
31.0636
28.5116
27.0888
27.2580
28.8580
30.4245
28.9027
27.7830
26.9497
25.8919
26.9068
27.3045
28.1395
29.0611
28.7504
28.0033
26.3541
27.8583
28.3219
27.4065
26.2789
29.4213
28.2789
28.0315
27.4231
28.4552
26.3856
28.7977
30.1959
28.3609
29.2314
30.0438
28.6088
29.2020
30.1488
30.5450
29.1542
31.4229
30.5564
30.0236
31.5101
30.4967
31.8547
32.1433
32.2899
30.8659
28.7586
28.0782
29.4561
27.7601
29.3718
27.9576
28.6823
29.3761
29.1763
26.2916
28.6161
29.5340
28.7658
28.7325
29.0058
28.1106
29.8194
30.7144
27.7436
26.8818
27.8234
28.4231
28.0696
28.6618
28.7521
28.5677
28.6996
27.7940
28.2649
30.5027
28.2643
28.3321
28.5045
26.6982
29.8365
27.4277
27.2339
30.7139
29.2615
28.1628
28.3154
26.6900
29.1543
28.8659
29.4545
28.8010
30.5654
27.6587
28.6729
28.9805
29.7507
30.0545
29.1429
29.7259
28.1743
28.4771
29.1218
27.5575
26.8840
27.1343
27.8679
28.1838
27.0442
27.7905
26.3206
26.9753
28.8832
29.2112
28.0232
28.9590
29.2186
29.7333
30.0262
27.2740
27.7459
28.2693
26.5949
29.3618
30.9444
29.1681
26.9310
28.0602
27.2709
26.0996
24.7608
25.5934
26.6661
25.4382
26.9861
27.5983
26.2558
28.9818
28.2039
27.5835
26.5580
28.5349
25.5691
27.1015
26.8284
25.6896
28.4089
27.9236
26.0965
28.1813
27.3994
28.8579
27.7044
29.1480
28.7078
28.6822
26.0359
28.1337
24.6292
27.9531
27.9189
26.9120
27.3598
27.6803
28.1721
31.2159
29.2154
27.5263
28.9672
28.8462
27.5696
27.1377
26.2834
26.3353
27.7550
26.5607
26.9505
29.1068
29.9747
30.4356
27.5028
28.3749
28.8150
29.3705
27.9189
28.8822
30.7185
28.8833
26.8437
25.5294
26.7121
31.2110
28.6833
26.9571
29.2068
28.2126
29.3571
26.5355
27.2425
30.6416
27.0004
27.1690
27.5984
26.0669
25.6056
26.3180
28.1627
26.8642
29.7626
30.8494
28.5606
26.7610
26.0156
25.4532
26.2733
26.3064
26.5831
25.7854
26.3242
27.6109
27.0191
26.4450
28.5885
27.3908
24.2395
27.8899
26.7720
26.6163
26.7874
26.5450
27.8498
25.8893
26.9566
25.7878
26.5969
26.9292
29.1071
26.6876
27.7047
27.2594
27.9286
27.5653
28.5527
27.1873
24.5754
26.8075
26.2691
26.4415
28.5978
27.4950
27.3664
27.8929
28.9759
26.6214
27.1978
28.8149
25.8467
26.5785
27.9003
26.9906
27.9378
25.9879
25.3241
24.8442
25.5182
25.4506
26.8769
27.1271
27.5401
24.6535
25.5182
26.6401
25.2917
27.0365
25.3318
26.7314
23.4396
26.5109
25.5554
26.1802
24.0020
24.6417
24.0558
25.6658
26.8917
25.5515
27.2102
26.7656
27.0820
26.7396
27.2583
26.3679
27.0197
26.0508
25.5114
23.3026
23.8248
26.4921
25.6836
26.0203
26.2526
28.1590
24.5784
24.1868
23.3554
24.6846
25.3238
27.1374
24.8957
26.2781
26.4740
26.6380
26.0811
24.1171
23.3548
24.1276
24.1823
26.1750
25.7681
27.6159
26.4396
26.8214
28.0612
25.4302
25.8220
27.0437
24.9933
26.6428
24.4474
25.0676
24.0596
23.8417
24.9600
24.2953
25.5816
26.2840
23.5339
26.3320
27.3724
29.0811
28.3481
29.2044
27.5286
26.7697
27.7105
26.9452
27.3035
25.9939
27.3749
24.3647
26.4829
25.1514
23.9644
24.5069
27.9103
25.3511
24.3723
27.3952
26.2036
26.6868
29.7680
27.4029
24.8453
26.0515
26.6331
24.2324
25.3486
25.1858
24.6627
25.5040
27.1152
26.2936
24.7780
25.3913
25.9507
25.7863
25.5899
26.3987
28.8293
26.0738
26.4831
24.8010
25.8474
25.7126
24.3227
26.2404
23.9591
24.3373
24.6525
25.9449
25.9660
25.7465
24.3281
26.8087
26.9307
27.3313
25.8012
27.8798
27.5396
29.0984
27.3424
28.1495
25.1553
25.4721
26.6543
25.2007
25.7591
25.4002
22.9262
24.9116
24.7291
27.3456
28.3459
27.8033
26.7540
27.2963
27.2682
26.5225
26.0306
28.6691
27.9121
28.0282
27.5589
26.7443
27.8523
29.3247
27.6843
29.2165
28.4590
26.5036
26.2116
24.7026
28.5224
28.3341
28.8923
28.2273
27.1601
26.2194
23.8494
25.4442
27.3219
28.3008
30.9045
26.7710
27.5417
24.9551
26.5752
25.6586
26.5475
24.8982
25.7170
24.4021
26.2311
24.9144
23.5124
22.0940
23.9870
25.3511
26.3741
26.5162
25.2294
25.5885
27.5294
26.8387
28.9516
25.6993
27.3594
28.6332
26.7393
28.1157
28.9663
27.3890
27.5085
28.4168
26.7204
30.7253
32.0870
30.5861
28.4106
28.8718
28.8607
28.9947
27.5681
29.8381
29.6888
28.2298
27.2418
27.6023
29.2838
25.0843
27.1879
27.6649
28.1186
26.8293
28.4708
27.5084
28.9702
26.7821
29.6235
30.1893
29.1571
27.5438
26.9605
27.2219
25.7736
26.8438
27.2281
27.6099
27.5958
25.9497
29.1355
29.2832
27.3105
28.3726
27.2769
29.2490
27.3240
28.3808
26.4726
27.1768
28.5869
27.0749
25.7076
25.6438
27.1706
26.8445
27.2196
28.0381
28.3688
26.6317
27.0981
29.4874
27.8652
28.2806
25.5862
27.1145
25.9554
26.4295
25.9958
28.7727
26.9877
26.2417
27.2538
28.4435
27.7568
24.5543
27.9619
26.9906
28.5372
25.6677
25.4232
28.6488
27.6405
26.2278
27.4767
27.4144
27.0700
27.2891
26.9534
30.3544
31.0402
28.8290
29.0133
28.3636
26.2199
26.2854
27.0247
26.5368
30.5605
27.1870
27.7662
26.5503
29.4158
28.8333
26.2608
28.0312
26.6626
25.5892
27.1901
27.0323
29.0202
24.9631
25.2932
27.2262
27.5906
26.7027
25.0036
25.2144
27.6717
26.7513
28.0639
26.6653
27.0336
28.5303
25.5518
27.4382
24.8671
25.8232
24.9871
26.5441
27.7725
26.4792
25.4668
26.3287
27.6198
26.2556
28.3369
28.4978
25.9552
24.5264
25.5103
25.9802
26.4691
28.3085
27.1924
28.4891
26.5279
25.8162
26.5440
26.5247
27.8604
24.8312
26.5479
28.0751
26.6372
25.7393
26.5557
24.0760
27.8976
26.8616
24.8172
24.6323
25.3714
26.3733
25.8435
26.6092
27.5127
27.4575
27.4050
27.6923
26.3360
26.7140
27.8084
27.5731
27.5157
29.4314
27.5788
25.3473
28.7712
25.7704
27.0260
27.7113
26.2460
28.0163
27.2704
27.3712
27.7924
25.9851
27.2185
27.0905
28.7124
26.5402
27.3597
27.1153
25.1462
25.8809
27.3005
26.5779
26.6578
25.1613
26.5912
25.8596
25.8997
27.3511
25.7936
28.0619
29.7712
26.3987
29.0511
27.4431
25.9856
25.7370
26.5928
27.3997
26.0716
25.4269
25.9465
27.1495
26.1527
26.7247
25.1607
24.5461
25.4886
26.5227
26.6081
26.6637
27.0795
25.3757
28.1802
25.9969
28.2872
27.5388
27.2990
27.8431
28.6673
27.3193
27.7740
26.0786
25.5305
27.9633
27.3331
26.4147
27.0391
30.2129
29.0474
27.3977
28.0625
26.5754
25.1878
25.9278
26.6403
28.2974
25.8090
29.0945
27.3775
27.3128
27.9428
30.0023
27.1260
27.3083
27.3896
23.8996
27.5383
26.5120
25.0720
27.1214
25.5118
25.6766
26.5518
28.6339
24.5075
26.6971
26.2401
26.3571
27.3050
25.3624
28.1459
27.6739
26.4026
26.6340
27.3271
28.1421
27.0031
26.5336
28.4383
25.5184
26.8832
24.8652
26.3384
26.8592
26.2633
27.8372
26.7424
28.6118
27.5855
25.7645
28.2466
27.4452
28.7265
29.0853
27.8935
28.5224
28.5121
25.9978
26.6016
26.6196
27.6893
27.8975
28.8166
25.6035
26.2555
28.7604
26.6496
25.0116
24.9992
28.1025
29.2019
29.8515
28.5570
29.7861
29.6659
29.3158
27.5947
30.1559
27.3862
28.6746
29.2067
28.8491
28.8130
27.1501
27.6572
27.4457
26.6919
28.6327
30.5513
30.0943
27.6989
28.9150
27.9605
28.7121
28.7543
29.4754
28.6621
26.5830
27.9622
27.8033
28.5761
29.5051
29.6542
28.8437
27.5605
29.3347
30.9378
30.3282
29.1460
29.5224
29.1588
31.1575
28.7888
30.0328
28.5019
26.5365
28.1957
26.4720
28.0041
27.8862
28.3101
30.7284
27.3492
28.9683
31.4000
29.0606
28.6532
30.2285
29.0274
28.6808
26.4369
25.3724
26.9816
27.7494
28.8616
27.1741
28.8177
26.8862
27.3299
27.4822
28.0177
27.6938
26.7188
27.7452
28.2062
24.4350
23.9839
27.4171
26.7457
26.7765
25.2090
26.3069
25.0723
25.8049
27.2198
25.3774
25.0931
25.0055
27.9908
26.7423
28.4201
26.8399
29.3419
27.5928
27.0403
28.2865
27.5553
27.8385
30.7053
29.8909
28.2796
28.2766
30.3923
29.1343
29.1894
30.6904
27.5303
27.8317
28.1609
30.7186
27.1770
27.9047
27.8570
27.6191
27.2062
27.1702
26.3062
27.1402
25.3524
29.5822
29.4087
28.5216
27.3393
24.6128
26.7234
29.2528
28.1552
25.0597
25.8434
24.7089
24.6164
26.1284
26.2280
24.7832
24.5897
27.2420
25.7838
24.3300
26.9670
25.8284
27.2792
27.6255
25.4033
26.7131
25.9428
25.5448
27.3335
24.4557
25.3371
25.9154
28.3902
26.1632
24.9892
24.7428
26.7281
27.1305
26.4813
26.1676
25.4810
25.4231
25.4623
25.6577
24.8793
25.9175
26.1380
26.8931
27.6110
25.0092
23.7143
25.7643
25.4396
22.4512
24.6484
25.3481
25.8650
25.3729
26.4613
25.1415
25.9992
25.5742
23.9629
24.9679
25.1157
25.8269
26.5747
28.5255
26.3230
26.5447
26.7479
25.1261
26.6494
27.9511
26.9021
28.4471
26.5601
27.3951
25.2811
25.8891
26.8672
27.3239
27.4106
25.4909
25.3881
27.7283
26.2221
25.2845
29.2166
27.5688
26.5322
27.2460
27.9464
28.4306
30.1982
28.5176
28.2002
28.0201
28.7173
31.2969
28.9100
29.4835
28.7335
30.3920
29.2582
31.3588
30.3066
29.6982
28.6940
28.0044
30.1855
28.7194
27.5286
29.9586
26.8249
31.2010
28.5029
29.0929
28.9205
27.9993
27.7722
28.9440
27.6173
27.4610
25.7930
26.1845
28.8134
28.1277
29.8937
28.3077
28.3135
28.5138
26.5493
29.0529
26.0872
28.3382
27.3019
27.2742
26.1726
29.3136
30.2060
32.2546
30.1808
29.4097
30.3253
30.7057
28.8588
31.4974
30.1732
29.2676
31.7247
30.1522
27.4061
28.6052
27.8805
28.0808
26.7454
24.5961
27.8691
25.3726
24.1624
24.7740
26.9287
27.6322
28.5291
27.7482
29.4046
28.8725
30.6717
27.2014
28.0234
31.4529
29.7058
30.3248
25.9578
26.1290
27.9927
26.5061
28.3215
27.9546
29.8541
28.7390
29.2248
27.5179
29.2136
24.7360
25.8251
26.2406
25.3664
27.3030
29.4640
28.7069
28.4468
28.0809
28.5900
27.9935
26.1367
25.0141
25.8109
26.3556
28.8330
28.9621
28.4066
28.1935
28.0567
28.7048
27.5881
27.2844
26.8437
29.5082
28.5905
27.4396
28.8119
27.6334
28.9259
29.6964
30.8790
29.8312
29.5631
30.3065
30.6162
29.0585
27.7689
30.8063
28.7520
27.4852
28.3705
27.2257
27.2032
25.3981
27.3085
28.4232
29.7453
28.4951
29.0886
26.6200
27.1680
26.0931
28.2004
29.1745
28.6448
29.4223
27.2855
26.3510
29.7264
27.5056
26.4350
27.1875
28.1465
28.9490
30.6551
27.7081
26.1143
29.1462
28.2920
28.3303
28.6562
30.4329
28.2097
27.4017
26.6954
28.9335
29.4724
28.9904
28.9356
27.8265
31.9239
29.5576
28.1031
29.2833
30.9610
32.1847
31.7688
29.5272
28.2814
27.1530
27.5039
25.3144
24.6563
25.1630
25.9056
27.3696
27.1809
26.1919
28.1183
30.0400
30.6528
31.1841
28.2464
30.8660
28.3620
28.9190
28.4916
30.5247
28.2510
29.3349
29.1814
31.7805
32.8362
31.0208
35.2749
30.2252
29.4276
31.0500
31.0925
29.9451
29.2568
28.1791
27.9704
29.0025
29.2578
30.7303
32.7464
29.5596
30.5567
29.7582
29.0699
31.9009
30.1573
28.8236
33.3270
31.7164
30.4948
32.3516
29.2268
29.1284
29.4038
29.6296
29.9971
31.7939
30.0692
31.0753
30.9879
29.3425
28.9434
27.5191
26.6026
27.8027
28.2994
27.9403
30.8601
31.6791
27.4520
29.5645
32.3091
30.4899
33.5116
32.8800
31.8292
30.6010
28.7231
31.0320
31.7505
32.4331
29.0735
27.9483
29.3699
30.4289
30.7440
29.3867
26.0815
28.8448
28.2041
29.0326
29.7642
30.2059
29.3619
29.4789
27.2334
25.0999
26.2885
26.5843
28.3275
29.5572
30.2105
28.8207
29.1169
32.0498
33.5921
29.2880
29.5148
31.0907
28.3109
28.9749
28.0527
30.8549
31.1881
31.2594
29.8959
31.5984
27.9727
29.3873
28.8853
29.3469
29.6400
30.9657
30.6453
30.8443
28.4851
26.4681
32.5095
30.3496
30.3274
32.6510
31.7486
30.7630
30.4855
30.2957
32.0798
29.7205
27.2814
27.4838
29.3741
27.9455
29.3595
29.7319
29.2433
30.4697
29.6721
30.0523
28.8566
27.6104
27.4222
27.8299
27.3103
25.9589
26.3654
26.6293
28.3472
26.5500
28.2070
28.1871
28.9215
28.0954
27.7720
25.3565
28.4633
28.8314
30.5359
29.9645
26.7180
27.7163
28.9686
27.9636
26.4181
28.3599
27.2367
27.3776
26.8669
28.4606
27.0200
26.8895
26.6799
25.1180
25.6130
26.8171
26.9461
26.1623
27.2740
27.2661
26.6681
27.8510
27.6453
26.2082
27.3398
26.7522
26.9059
29.3170
26.6386
27.9951
28.1644
28.5502
26.2089
27.0063
25.9550
26.8137
26.5650
28.0217
26.8221
26.8428
27.2468
28.4112
26.7487
24.5754
26.5276
26.3892
27.2871
26.8070
25.5797
27.1443
27.2966
27.6932
29.7402
27.1626
26.4025
26.5266
26.4294
26.0612
26.7791
24.5721
26.0127
25.7198
25.6771
25.9829
25.9628
27.0390
26.8063
28.8074
27.4635
26.7182
26.5594
26.1881
25.7363
28.4855
26.4850
28.8551
27.1166
26.9410
28.1591
26.8842
27.3003
27.0506
27.4237
27.5728
28.6641
27.3993
28.8671
27.2946
29.2876
27.7609
28.2139
26.3788
27.0086
29.4546
28.2297
29.1234
28.4363
25.8115
25.4447
26.4241
27.7105
28.2162
26.2293
26.1827
25.6736
24.3194
24.5216
25.9300
25.6816
26.6483
26.2909
25.9045
23.7516
24.8562
25.6761
26.5459
26.8305
26.6974
27.7159
27.2501
26.2494
25.9283
25.4249
28.2974
27.1279
24.3874
25.0961
27.1413
28.6009
24.8427
25.2350
26.9331
27.5815
27.4442
25.7121
26.3346
26.5693
27.8509
26.5255
24.1651
25.2726
23.5115
25.5996
25.4367
26.8993
24.6407
28.5266
26.0981
29.1012
26.7784
26.4384
27.8054
27.2718
28.2244
27.8574
25.8044
27.9779
27.0886
25.2195
26.4938
25.6111
26.1488
27.2070
25.1302
26.7294
27.4713
25.1145
25.0142
27.0517
25.9384
25.9143
27.6781
29.6187
27.9921
27.0552
27.3688
27.3641
26.1455
26.6147
26.5998
26.4381
28.6996
28.4413
28.5466
27.5425
28.5857
32.4390
27.9862
26.4350
27.6804
26.1196
27.9799
26.1962
29.0077
30.2213
28.9980
28.8373
29.3316
27.8601
27.5537
27.6237
27.4755
25.2925
25.7972
27.8946
26.3605
27.8840
26.8073
27.0416
27.3690
26.9189
25.5746
27.0100
25.6872
26.7367
26.0239
25.4975
26.7782
26.0703
26.2544
24.6227
24.9149
24.4876
25.9843
25.5030
24.3481
25.5713
26.2864
25.4998
25.8377
24.0956
24.0788
24.3149
25.0430
24.7539
28.9585
25.6840
26.7050
24.6294
26.6586
27.2601
27.5660
27.5753
28.1339
27.2551
26.7101
24.6369
29.1984
29.2519
25.6641
27.7907
28.3325
27.0137
29.3753
27.0317
28.2071
27.9333
28.4325
28.1821
28.3188
28.2025
26.3047
27.8630
28.4010
26.6703
26.1074
28.3658
29.7890
31.0228
30.9795
30.2159
28.9508
28.8660
29.9585
26.0685
28.2029
27.0356
28.4523
27.2852
27.1258
28.7206
28.4822
27.2904
25.5397
28.1014
29.2470
29.3898
27.8534
27.0243
25.7677
26.8209
28.2806
29.0253
29.5908
30.4753
26.8931
27.7347
24.6432
27.9235
26.0220
26.8896
28.8809
29.3513
28.3696
30.0791
28.5053
28.5412
29.2358
28.4058
28.5459
27.2744
27.3734
28.1900
27.1352
25.6383
26.9497
27.3458
27.5799
27.5488
29.1699
30.9490
28.1640
30.8255
31.1460
31.6205
28.5647
29.4036
28.1426
28.6069
27.4015
28.7588
26.7150
27.6152
24.1184
27.6652
27.1673
29.1234
29.2647
28.1286
27.4501
27.2294
28.2561
27.4998
27.5725
26.9475
26.8573
27.5690
29.2968
27.7187
27.5809
27.8880
29.4810
28.0757
29.8803
29.6104
27.7209
29.6535
27.8325
27.7980
26.9857
27.7360
28.1105
29.0120
30.0921
28.8283
29.4271
26.1341
26.7437
27.0409
27.5052
28.0452
26.9190
28.5506
27.0332
27.8070
29.2920
29.2359
29.6684
27.8281
28.3862
28.8763
26.8847
27.2534
26.2179
26.4710
27.4728
26.3917
28.7968
27.2974
29.1287
29.0607
29.4720
26.9932
28.9280
29.1790
29.2582
29.4161
31.7316
29.0866
29.0855
28.4241
29.6835
30.3640
27.2145
25.3649
29.0287
28.8000
29.2877
29.1668
28.4309
27.5937
26.8781
26.1257
26.1908
28.5821
27.4226
27.6270
26.4210
27.0498
24.2809
26.5535
26.3611
27.5129
29.2683
28.8580
26.0638
25.8838
28.1194
27.8945
30.0777
29.0079
29.1468
28.6284
27.4036
28.9027
25.1117
26.1877
26.1325
27.2535
27.3926
26.8366
25.6263
25.3437
25.8903
26.9832
25.4111
26.6523
26.2548
27.9740
26.5207
27.0277
27.4800
27.2794
29.0137
27.2101
27.6010
28.0428
27.4362
25.3728
27.8850
28.1173
26.2338
26.2763
27.4930
28.2450
26.6413
27.6700
27.3046
30.7795
26.4315
27.2808
28.1585
27.1331
28.0231
28.2791
27.7211
30.0276
29.0615
28.8553
28.3287
26.4659
26.9870
27.2115
24.9862
25.2198
25.7257
28.8822
27.6778
27.5996
27.9263
25.2209
25.2784
27.0999
28.0247
28.8769
26.9813
28.1113
26.1676
28.3697
28.3926
27.9470
27.6478
26.6019
27.1761
26.5554
26.4600
26.9598
27.9819
27.7383
26.8532
28.8954
26.6352
27.3557
25.8357
27.3844
27.6148
29.9683
28.3506
28.9674
28.4857
28.4660
27.5024
25.9869
27.9679
25.2756
27.1871
27.6158
27.3674
25.6061
25.3080
28.8990
28.2935
25.1409
27.0239
27.0255
28.1951
24.5845
27.2968
27.2057
30.6070
27.4122
26.6433
27.2867
26.7532
26.5313
27.4430
26.3856
31.0206
30.3532
30.0597
29.0218
29.1650
29.0954
28.2060
26.6541
24.9292
27.7184
25.7134
27.7990
27.9101
28.6182
30.7269
29.9561
29.8795
31.0559
29.5538
29.9428
30.6256
28.1192
27.4897
29.1358
28.2538
29.1716
26.5100
27.4765
30.1773
27.5918
26.6726
29.0324
28.8334
28.7720
27.5481
27.1955
27.8561
27.2166
27.1809
25.7521
24.8393
26.4968
27.9904
27.0707
26.1498
26.2061
25.7992
26.1449
24.3543
25.1855
24.5357
25.3978
25.8345
25.9992
26.0661
26.4877
25.5283
24.6498
23.1078
24.4284
26.2852
26.4476
27.8259
26.2189
27.7685
28.0364
27.8680
26.6032
26.6907
26.2290
25.7538
25.7332
26.8221
26.1137
25.0300
27.8017
27.6409
26.4004
26.8344
24.9863
28.4323
26.8051
27.3030
28.2715
26.7409
26.6908
27.2733
26.9657
28.4185
27.2781
27.7895
25.3286
27.5813
27.4942
28.0293
27.8505
27.0792
25.3980
25.2022
26.0631
26.0242
27.3289
26.1700
24.7078
23.6761
26.9500
24.7591
24.7495
24.4531
27.3583
25.4752
26.5560
24.9663
26.9142
27.4514
26.8544
27.0651
25.8338
24.5953
25.5581
28.4527
27.1943
28.8863
26.2047
25.2143
25.1398
25.4900
25.5262
25.6202
25.0430
25.3370
24.0643
24.9550
26.0459
26.9315
26.2101
25.8786
24.1810
23.5995
23.1416
24.1678
25.8721
25.2903
24.5428
26.2424
26.0417
28.0950
26.5129
25.9297
25.8749
27.5902
26.1003
24.0651
25.7764
26.1143
26.2024
25.9635
25.2132
24.5542
24.3631
27.0541
27.3248
26.7151
26.9407
26.7336
28.5118
28.1570
27.1963
27.9766
25.5656
26.9927
29.9458
27.8953
27.7677
27.9524
28.0338
27.0973
26.3276
26.9183
25.1736
25.3099
26.4048
27.3185
26.7168
26.9558
26.7530
26.1413
25.0507
27.1323
27.8459
25.9746
25.7303
27.9642
25.4682
28.0051
28.7109
27.2043
29.0617
27.1553
26.1964
27.1683
28.2156
25.3266
25.6711
26.1210
26.0235
25.7025
29.0790
27.5738
27.8846
25.7343
24.7523
24.5167
25.7730
26.7011
25.6626
26.9067
27.4726
26.2111
25.4991
26.5490
26.2111
26.9781
27.4855
28.2482
27.0916
26.4841
27.8259
25.1500
26.9630
27.4107
26.9218
28.4454
28.0266
27.9492
27.8666
29.3981
27.9971
27.3354
27.7539
29.2592
28.9509
28.7420
28.9972
27.1918
27.4304
29.1375
27.4447
26.7515
25.6330
27.2646
28.7742
28.9678
29.1752
27.6797
27.7341
28.4111
30.8703
26.9423
27.0156
26.7858
28.4985
27.0590
30.8998
32.6459
30.9489
31.3121
29.3005
27.0672
28.3231
27.6110
25.2142
25.6234
27.0046
27.7711
29.3398
31.0214
28.9555
26.2765
30.3954
27.5695
26.0024
26.2955
26.6866
26.5904
25.8976
27.7713
26.8442
26.4087
25.9377
26.4842
24.4491
26.1298
25.2564
25.2550
25.7965
27.5859
26.6240
27.7809
28.9168
27.3429
26.3982
28.6907
27.4477
25.3335
26.5775
29.5405
28.2252
28.3611
27.4681
25.1323
26.9938
26.9696
27.7760
27.5311
28.2014
26.8922
25.6141
27.0816
27.4157
28.4081
29.1967
29.4363
29.9672
26.8259
26.1901
28.1408
29.3965
27.2895
28.0310
30.2463
28.1767
28.0468
26.8566
27.7365
26.3086
26.5963
28.0777
29.6739
27.5671
27.2859
27.0841
27.9358
26.3894
24.7379
26.6207
26.6842
30.7512
28.7831
25.9878
28.4368
26.8926
27.6951
28.0554
29.2861
25.2014
25.2188
26.5887
26.5296
25.8642
25.4662
24.4464
27.5907
26.5135
24.4779
26.1741
26.7132
25.5202
26.9516
27.6121
24.7751
27.7377
29.6188
26.8800
26.3960
26.5896
28.1267
26.3619
26.2022
26.8862
25.5984
26.1067
25.8625
26.2396
27.4354
28.6894
27.4381
27.5890
25.6426
27.4497
28.4903
26.6137
27.2837
27.5176
25.1883
27.9251
26.6134
26.9687
27.3939
25.2349
28.6714
26.1649
25.7499
25.4864
28.5020
29.5026
28.7562
29.8280
26.6174
27.8493
26.9163
27.7820
25.8267
29.4564
28.7799
27.8587
29.9922
26.8011
24.9537
26.9363
27.7630
27.1614
27.8628
27.0397
28.9509
27.4309
29.0497
28.2814
27.3532
29.7010
27.1426
26.3629
25.5362
28.5046
28.2271
27.9568
25.6731
27.8721
26.6179
27.0252
29.9162
29.8267
29.4104
28.6793
28.5065
28.8575
26.9470
28.5227
28.4627
27.2727
29.7926
27.0855
29.4244
26.1943
27.1964
28.3047
26.6320
29.7789
30.6496
29.6193
29.5306
29.6271
31.1174
27.8229
25.9109
29.0016
26.7415
25.8767
26.9230
23.5935
26.3687
26.1162
28.7526
27.2023
27.4465
26.7037
26.8912
25.7709
27.2658
26.5662
28.9001
28.7746
27.1332
28.7761
29.0002
28.7589
28.5497
27.0431
26.6108
29.1620
27.5478
28.8608
28.6719
28.1412
27.7014
26.1145
27.8881
27.0584
26.9995
26.6425
27.7676
28.3929
28.0345
27.6806
26.2114
27.2602
30.5132
29.6212
29.4923
27.6905
28.3809
27.9420
27.8917
25.9807
26.7372
28.8122
27.1445
26.6090
27.7557
29.1143
27.2710
27.5879
29.1509
27.5375
27.7292
28.8613
28.8226
28.4917
26.8797
27.5314
28.8623
27.3942
30.4873
29.4036
29.5969
28.1850
28.3361
26.9757
25.1676
28.4697
26.9876
25.6343
28.0170
27.8996
24.9181
24.3544
27.3511
28.0254
28.4499
26.8245
25.9612
26.2392
27.0269
27.8703
27.8499
25.9872
25.8025
25.4804
25.7152
26.6309
26.4644
27.6889
26.6152
26.9225
27.1165
27.2800
27.2729
27.0119
27.9978
26.6347
27.7223
28.2429
28.3229
27.3547
27.7264
26.7633
26.9635
28.5277
28.6846
26.6700
27.1742
26.9874
28.0002
28.4432
25.2889
27.8246
28.3345
28.6958
26.9039
25.5734
25.4417
28.0082
29.3511
28.0422
27.3323
26.9446
24.5525
25.4087
25.6586
25.1776
28.0306
28.8303
25.9970
23.9989
27.7258
27.8229
25.9003
27.2486
26.3788
28.0372
27.5603
26.0873
26.4301
28.5227
24.8196
24.6562
27.0592
26.3915
26.5225
28.5692
27.7518
28.1026
27.7996
27.9530
28.4565
26.5167
26.6436
27.3023
27.5938
26.9553
26.7295
25.1484
25.9825
26.9573
26.0127
27.4795
28.9153
26.5680
26.8936
28.2021
28.7161
26.8753
25.9029
25.9349
27.7688
30.2191
27.2056
29.1125
27.2179
27.6651
30.4730
28.5208
28.8812
28.3655
28.0834
27.9337
27.6671
26.8469
25.5983
28.8406
27.8334
26.6024
28.3067
29.4823
26.6909
29.4852
30.2501
28.7595
26.4026
28.5226
28.2933
29.4006
29.0212
26.3163
27.0933
27.3952
27.7367
27.2055
26.3392
28.8277
28.4364
28.5039
27.0268
25.7070
26.8091
29.0851
27.2694
27.0249
26.9901
26.4594
27.4614
25.8859
24.6050
23.4976
24.7593
24.4805
23.9462
23.7683
25.4226
26.0206
27.0071
27.8551
28.9182
26.6328
26.8974
27.1475
25.3261
23.9561
23.6632
23.5781
23.0638
25.5345
26.4354
28.7883
27.1888
26.3812
28.5018
29.7410
27.2678
26.1459
26.9151
29.0054
27.0057
28.1226
30.7091
30.2115
28.4009
28.9030
27.4673
25.9188
27.2029
27.2975
28.1742
27.6565
28.2588
28.2152
28.0094
27.1516
29.2247
27.1756
26.5977
26.8925
26.1441
26.4586
26.8263
25.7670
25.3248
26.1559
25.0475
25.2550
25.5479
25.5841
27.1447
26.6635
26.1542
26.8217
28.1447
26.6891
27.9006
27.7975
28.6072
27.4287
27.0771
25.5060
28.1868
25.6392
27.2836
27.2153
26.3061
26.7015
26.6477
27.6566
25.1686
26.4046
25.8842
25.6220
25.2277
26.6922
27.1674
27.6754
27.3636
26.3032
25.8044
25.9335
27.4058
26.8805
27.3250
24.6988
25.8835
25.3151
25.1166
24.6448
24.5046
24.3502
23.7727
25.4533
23.8393
25.1224
27.3952
25.9116
25.7131
23.9044
23.8099
24.8048
25.3269
23.1171
23.9617
24.7983
25.3175
27.1215
25.4706
25.4411
24.4652
24.5686
24.5789
24.4145
26.7315
26.0736
26.6872
26.8468
25.3398
23.9197
25.4793
23.2545
24.9937
23.9353
26.9901
27.3834
24.8026
25.0552
24.3882
24.3690
25.0359
24.0564
25.6509
24.1439
25.3937
23.3700
24.6594
25.0510
23.7453
24.2312
25.1896
23.6432
25.5124
24.5586
22.3633
24.8737
26.0838
25.6039
26.6894
26.1561
24.9143
24.7710
23.8729
23.6579
26.1619
24.9244
24.0791
23.5054
24.8109
25.0600
23.3763
23.2149
24.9538
22.3109
24.9221
25.6631
25.1192
25.4664
25.6609
24.2825
24.1745
25.0526
23.8092
24.6887
24.3231
26.5613
26.6753
29.2719
26.8373
27.6646
29.6803
30.1821
27.0273
27.0089
27.8072
26.9127
27.2750
29.0727
27.6736
28.0461
27.7138
28.4588
27.0735
26.1974
27.3094
27.1359
25.7105
25.7517
28.1301
31.6726
29.4658
30.4941
29.4837
29.6700
27.8286
26.4325
25.9573
27.4676
26.8629
28.7678
25.9381
25.3318
25.3721
25.6678
26.3652
25.7147
25.4006
25.2953
25.5261
26.6604
25.0876
27.9963
28.9249
25.3481
25.1178
25.9610
26.6759
25.3404
29.8001
29.3243
29.9769
30.8283
29.5163
31.6977
28.8482
31.2729
31.6565
27.9663
30.0257
26.8838
29.3493
26.7282
25.9825
30.1880
29.2417
27.8547
25.6858
28.5196
29.0759
28.0989
29.6416
27.0704
27.4632
27.2597
26.7638
26.3437
26.8242
25.4462
26.6628
27.8234
27.5285
28.6148
28.2002
27.3398
27.2784
27.1813
28.2660
28.9598
29.3405
27.2276
27.2030
29.7280
29.5245
30.5168
26.3490
27.9296
28.8868
30.6359
29.2962
28.9134
30.1428
29.8708
31.7564
29.6961
28.2192
31.3125
32.8405
30.2781
27.8988
28.3059
28.9105
29.0342
29.9183
30.1383
32.4872
29.1812
30.1850
29.1631
28.5214
27.5901
28.1183
27.9423
29.5223
28.7430
27.0249
28.2160
29.2322
28.7297
28.7232
31.1707
27.1622
27.1802
25.8385
27.7754
27.8256
27.8823
27.3838
27.5302
25.9484
28.6863
27.9350
29.0240
29.3094
28.1766
27.1737
24.8676
29.1031
28.4414
29.8076
27.3574
26.9223
26.2095
25.2144
26.7928
28.0940
26.9501
27.2245
25.8772
25.9129
25.6733
29.4615
27.9875
25.8452
26.9486
26.0829
28.1993
27.7857
25.7251
25.0141
27.3279
25.9824
27.8312
26.0315
26.3071
23.6456
26.3994
28.3036
27.0775
29.0866
26.2229
28.7266
27.4179
30.5959
29.9949
28.8962
29.4665
29.2170
29.1021
29.1319
30.0638
29.3199
30.2376
27.7113
29.5460
30.2297
29.6885
27.5995
28.3689
25.9677
27.5196
32.1328
27.0948
29.9142
28.3286
26.7070
27.5848
28.9051
28.5649
28.6550
27.6450
29.6384
29.0992
28.6466
27.9989
27.5334
25.7890
25.8020
27.4420
25.5770
25.1480
23.0214
26.5912
29.3675
26.5141
28.1870
28.6559
30.1073
28.9841
27.4138
28.8199
28.3892
29.2318
29.8993
31.6657
29.0991
29.4905
28.2310
29.2258
30.7607
28.7136
28.2481
27.6647
30.8485
29.5871
26.3296
27.4311
27.6038
27.5762
28.7521
27.2110
25.0444
27.5959
28.7403
27.1393
28.9185
29.8219
27.7851
28.7946
33.0901
32.0677
31.1305
31.2601
31.2248
30.7394
34.0958
31.9993
30.6009
28.5061
28.7149
30.0011
30.6615
29.5645
28.8133
28.9789
27.8231
29.6415
29.7595
27.6377
26.9206
27.5519
26.3706
27.1566
28.5187
29.2492
30.0871
28.1280
26.0032
26.5875
26.8991
28.0889
26.6738
26.1881
27.9124
29.0498
29.8590
29.0367
29.4448
28.8558
29.5249
31.0085
29.9843
29.2296
28.0650
29.8151
28.2234
27.5422
27.0949
28.9672
28.6757
27.3771
28.5095
27.9370
27.1190
25.7489
27.4932
27.0654
27.1965
28.3451
29.9836
29.4659
27.7616
24.5732
28.8029
26.7302
28.0102
26.2845
27.0448
29.9940
27.4650
27.8449
27.4354
27.6349
29.0743
28.0781
28.0766
27.1147
27.0183
31.1065
29.2317
27.8576
27.9889
28.4485
27.0084
29.4547
29.7464
30.3802
25.7985
26.6735
27.4364
26.1327
27.0227
28.7441
26.8420
28.3637
28.4005
31.8935
28.7717
29.1149
28.3673
28.3185
28.1351
23.9866
26.8435
26.7744
24.9900
26.1915
24.8340
27.6971
25.7279
24.6218
23.6121
25.5327
27.2445
27.1497
25.0053
24.9053
26.8097
27.1870
26.5645
25.7859
25.9001
26.9974
26.0773
29.5639
29.8802
28.9189
26.8982
25.8769
28.0360
27.5263
28.4737
25.8157
25.7151
28.7131
29.7876
28.5941
26.8170
28.3859
26.6623
26.5716
25.0855
24.0073
25.6369
23.8321
25.2659
27.2704
25.8098
25.6356
26.8870
28.0934
27.0639
26.3869
26.9979
26.6680
28.5938
24.5909
26.8414
26.7447
28.3554
28.1615
27.0894
27.9285
25.2898
28.9591
28.7347
29.0828
29.9953
30.8661
29.4325
27.3862
28.1686
28.1405
27.7340
26.5886
27.2718
26.9405
29.0206
29.2447
25.9901
28.3012
27.1755
27.6184
28.1859
28.5213
29.1308
26.7805
28.2053
28.8811
30.0318
28.9053
28.8029
28.0632
27.6013
27.8941
27.3561
27.5620
28.0876
27.5658
29.0763
26.0506
25.2576
28.3873
27.8244
27.6571
24.6440
25.7271
27.3468
27.1389
26.7792
27.2138
28.1795
29.1229
28.9366
27.1320
25.1079
25.3223
25.6017
27.4216
27.1013
25.6700
24.0912
24.7951
24.7747
25.8653
25.8618
25.6629
28.5785
27.0358
27.6562
27.6444
25.7085
25.1873
25.3823
25.5543
26.1082
26.0409
25.5901
25.5628
28.1802
25.7524
26.3712
26.4936
24.3453
23.3799
26.6121
23.0431
23.5309
23.4602
23.7048
25.9175
26.3314
26.6017
26.3153
26.4919
26.8850
26.1623
25.8880
28.4718
27.1382
24.2374
26.5384
26.7056
25.1486
24.4227
23.7815
23.6970
25.2917
24.5091
24.3843
26.3589
24.2672
23.8037
23.5091
24.9605
24.0315
24.3876
25.4613
24.6040
25.9485
25.3278
25.7056
24.3787
24.3031
26.3929
24.6762
26.0661
26.1088
26.9607
27.7229
27.7097
27.6867
26.4048
26.8952
26.7282
25.8230
26.8931
28.6405
26.1421
26.9324
24.7311
26.6664
26.6075
27.8673
26.9930
25.3451
24.2205
24.8282
23.5926
24.4897
25.2978
23.5127
24.6960
24.9248
25.9413
27.3009
23.5668
25.6700
24.7297
24.8902
25.1476
24.7820
24.0110
25.3628
25.2254
26.1072
26.8235
26.2843
26.2017
25.5612
24.6150
25.6726
27.1405
28.5940
26.0149
25.8950
26.4047
27.9211
26.4897
27.1184
27.6247
26.5672
27.5881
26.9146
27.6598
26.4878
24.8009
24.1452
27.5681
25.7372
24.4794
25.4572
27.0322
27.3987
27.9435
27.7820
27.2254
26.1517
25.7413
28.3407
26.9930
27.1522
27.6493
28.9993
26.2206
26.9249
28.9753
28.8263
29.5716
28.0301
27.5917
29.9924
28.8629
27.4431
27.3829
27.5466
27.6338
27.5871
28.0976
24.9999
25.5995
26.3876
26.9207
25.8551
25.4500
25.9070
24.8060
26.0740
25.8268
29.4252
30.1527
28.2436
25.5458
25.7039
26.5652
27.6590
25.1861
25.8434
26.7461
26.5748
24.7560
21.8542
23.4024
28.7903
26.0638
27.7126
25.4388
29.0818
26.8533
25.2406
23.8373
28.1084
26.9403
24.4021
27.2648
27.9322
27.4551
25.8126
23.0536
23.6730
26.2818
24.0928
26.8587
26.1306
26.6701
24.2314
23.6023
25.3311
27.1296
26.8528
27.5840
24.1376
24.1542
24.6704
26.6621
25.3516
28.2411
27.0282
24.0957
23.7859
23.3863
24.0758
23.0196
23.8199
24.7690
26.3160
23.7973
26.4297
25.9278
25.7132
25.9608
28.1859
23.8916
26.0779
25.6134
24.7534
26.5939
26.7677
24.9737
23.6250
25.1202
25.6671
26.2681
23.7973
26.1663
27.1698
26.8825
24.9532
25.0978
24.7343
25.4093
24.3756
24.4817
25.7651
26.1774
25.0606
25.5556
25.3268
24.5621
24.5048
25.4906
25.9436
23.6167
24.8092
24.1968
25.3429
24.6375
26.3848
25.9884
26.6453
25.8820
23.2925
27.7862
26.9881
24.4048
24.6384
25.7769
26.7056
26.7309
25.7463
26.0335
26.2682
26.5816
27.5164
24.9902
26.2241
26.3294
24.5710
25.2446
28.9373
25.7471
26.4832
24.8401
26.9238
25.5700
25.3306
26.2179
28.1165
27.8441
26.2062
26.4327
26.2150
25.7696
24.5230
27.4732
27.3111
27.0236
26.1393
27.2818
24.4202
25.7626
24.3931
25.3121
25.7731
26.6269
28.1208
25.9012
28.4462
27.3645
27.4375
25.2228
25.7862
26.2769
26.2867
28.0786
25.3042
24.8802
25.0355
23.5373
23.9850
26.2350
25.8715
25.1542
26.4138
27.5036
24.6959
25.7883
25.0927
24.5154
26.4282
27.0683
27.1014
27.3446
26.9278
24.6495
26.1335
23.4535
25.7705
25.3895
25.7310
28.2593
28.5616
27.1669
26.7516
25.7633
26.8896
23.7136
28.7780
31.1991
28.6673
29.7086
27.2001
24.7938
27.1661
27.9003
28.6516
26.9236
25.3486
28.6618
26.8259
27.5528
29.2046
28.2614
30.1264
26.7908
29.6112
30.7304
28.4215
27.6753
27.0901
26.2488
26.2715
26.5819
28.1197
27.2440
25.7931
26.4499
26.4232
25.5251
25.1729
25.6947
26.8037
25.1624
25.2768
24.8375
24.9043
24.4682
25.9981
25.8669
26.4068
27.3047
28.3151
28.1019
31.5675
30.8677
27.0899
26.8722
27.1612
27.5594
26.2970
26.2681
26.8599
26.2295
27.2034
27.4856
28.8405
29.2623
26.8610
28.2909
27.5846
27.0458
27.6646
27.2742
26.6924
27.4112
26.7855
25.9915
27.9675
28.3422
25.3210
25.3532
24.3564
24.9066
25.0897
25.7254
26.1987
26.2835
25.3940
27.2416
25.8260
26.8190
25.1690
25.9830
25.1490
25.9776
29.1261
29.0759
29.1866
26.6221
28.3189
27.1499
27.9361
25.1554
25.5971
24.4726
27.2107
30.6761
27.8146
25.7462
28.5125
26.0155
28.4804
26.6392
27.0740
28.1202
26.8141
26.2259
27.0824
25.4402
25.0064
24.9607
24.8739
24.9620
25.2364
25.6656
26.0704
25.4965
27.3155
29.0668
26.8051
28.5733
29.1691
25.9630
24.6901
27.3995
24.9636
27.0412
26.6242
28.2379
26.8840
26.2847
25.3610
28.4918
28.3748
29.1615
27.9076
31.7232
30.2729
30.7167
28.5324
26.7552
28.1588
27.0069
29.4505
30.6477
27.0257
25.7301
26.1197
26.6773
27.4041
29.1132
29.6468
29.2404
28.0286
26.4710
26.1611
27.9315
26.5496
26.7549
27.4067
27.5751
27.9422
24.7723
25.7677
26.2434
26.7466
29.7950
28.2431
27.4388
25.6359
27.1610
24.4012
25.0009
27.7435
28.9766
25.9582
25.5468
27.7717
26.6315
29.6710
30.2671
27.5529
30.6239
27.8319
28.3924
28.2201
28.5979
27.3968
27.0972
28.8739
27.2857
24.6309
27.6578
28.4533
28.5672
27.9770
28.2021
26.4279
28.7089
26.3972
25.3770
27.5272
25.6429
26.7729
28.0714
28.4310
26.9141
27.4091
26.8545
27.6442
29.7673
27.0860
26.2333
26.5527
27.4915
24.0535
27.2531
26.7230
26.0161
24.2159
24.9598
26.4894
24.3049
25.4781
25.1202
25.3417
25.5917
26.1364
28.1673
26.7097
26.8687
28.5388
26.1665
26.6394
27.2470
28.5337
26.5967
27.6252
26.6813
28.2361
28.3485
27.8359
28.2927
27.2784
27.9340
27.1087
26.7097
27.5273
27.2346
26.1058
26.6225
28.9905
25.9953
25.0684
27.6326
24.8323
26.2480
25.7042
27.8219
27.5765
26.4760
27.9952
27.4324
30.1751
28.5518
28.7461
28.6120
28.2411
29.7973
26.3274
27.4083
26.5562
26.3501
27.3919
27.3885
26.1014
26.6941
25.9595
27.7138
28.7266
27.6124
25.7507
26.6628
29.6009
28.1844
26.6247
29.4447
29.9724
28.0598
27.7386
27.4801
26.6272
30.0664
29.1390
26.6412
26.0137
27.5714
30.0311
29.3386
28.3670
26.3920
28.7118
26.6548
27.7472
27.7306
25.7745
26.9019
28.6613
28.9526
27.4264
27.9232
27.7875
29.2063
32.0702
29.3358
30.1875
28.2950
27.4131
30.4094
28.0102
29.2353
25.7943
28.4201
26.6873
28.3466
28.0978
27.9857
28.1642
28.0602
29.3365
27.8360
26.5955
28.1637
27.2412
28.6675
26.6668
27.5290
27.4498
25.8142
27.4706
27.1936
26.1879
27.0331
26.3036
25.1558
27.4506
27.2696
27.3028
26.6756
27.2354
26.9614
25.4030
27.1260
27.1144
25.5871
26.6495
28.9203
27.4113
29.2958
28.0074
28.2103
27.7917
28.4616
25.8316
26.3955
25.4948
25.4383
26.6797
27.1253
25.7725
28.2920
28.1477
24.8174
26.8411
26.3342
25.2689
24.9436
26.3840
24.2189
26.3485
27.4881
25.5355
25.3139
26.0641
27.9860
27.5148
28.0905
27.4303
26.7010
26.1599
28.0210
27.6390
29.6673
27.6116
25.4408
24.5161
27.3230
27.3656
29.3342
25.7479
25.9894
27.4599
28.5144
27.3842
25.7545
26.3789
24.6159
26.8681
27.1423
26.1351
26.3840
26.7267
26.7181
28.1691
27.4610
27.4194
28.4771
28.1543
28.7622
29.7321
29.3404
27.8826
26.9512
27.3123
27.1780
25.3386
26.0513
26.6317
27.1755
27.8359
28.7048
28.6078
27.8206
30.4904
28.4826
26.1475
27.8578
27.2194
26.7213
28.2754
28.8261
27.3958
26.1384
28.9744
30.6618
27.2920
29.6063
28.5459
28.7241
27.6544
30.4659
26.1330
25.9470
27.2221
29.0953
27.4999
27.8738
28.3639
27.9932
24.8881
27.5406
25.8399
26.5200
27.9337
25.2969
29.0547
29.5638
28.2733
26.6530
28.4539
29.8973
28.4670
26.3715
27.6758
28.1619
28.7332
27.7772
28.6794
29.8967
30.5325
33.0678
30.5467
29.7840
29.4171
29.2926
32.2004
30.4676
29.1122
29.4936
30.6846
28.5300
29.5916
26.3835
28.6616
29.6025
31.4244
29.7448
29.3745
29.5638
32.0217
29.8311
31.3865
31.2350
29.1079
31.6826
30.3060
30.9393
30.2747
30.1925
30.9708
31.9230
29.1482
30.2326
28.5675
31.6622
31.8394
31.9014
31.9845
32.2035
30.3247
29.8995
30.2873
29.8270
32.9778
33.2554
29.7038
30.9233
28.0514
31.0256
29.4377
29.8191
32.0292
30.0438
31.3503
32.1252
30.2122
31.9693
32.4270
28.8267
27.6612
28.8292
29.4221
28.0173
29.5685
30.6493
31.3693
29.7207
30.5273
30.5259
32.8208
31.2305
30.6668
31.1627
28.8505
30.1769
30.1777
31.5333
30.6470
30.7573
30.4018
30.2970
30.2045
28.5632
31.1755
30.3568
32.0082
29.5147
32.5290
30.6183
28.1494
27.8406
29.7293
28.3547
29.0738
27.6520
26.0510
28.1796
26.1475
26.9712
27.5977
27.5254
27.9762
26.5507
28.8226
25.5497
25.9178
25.1849
25.7093
27.9236
23.9951
28.1960
25.0313
26.9520
28.5405
29.4756
27.7016
28.0238
25.4947
27.5154
27.3095
27.9758
29.0841
28.5236
29.7683
29.8894
27.6343
26.9791
30.7066
29.7220
26.1584
27.2410
27.9803
29.1423
29.9946
29.3059
29.5368
27.7280
27.4448
29.1257
28.5647
29.9646
28.9252
28.7438
28.3532
28.3473
28.8924
25.4099
28.1416
28.5346
29.6945
29.6197
30.5159
28.7890
27.5841
29.9932
29.5867
30.0518
30.4764
30.0135
31.1123
31.1543
30.9312
28.9580
28.9176
29.7668
32.1194
28.9532
29.7178
29.6352
28.7656
29.6222
27.6127
28.3660
26.7043
28.4250
28.8222
30.8521
26.0044
28.3019
31.9109
30.0296
28.2634
28.1044
30.8062
29.8753
29.1088
27.5584
26.9540
27.3415
29.0176
29.0028
27.2039
29.9389
31.7607
28.3465
30.2069
30.7823
31.4470
30.3889
28.0665
27.0816
27.9213
28.2637
28.1685
28.5579
28.9392
26.8198
26.7847
28.0533
30.4138
28.1669
26.9752
26.9761
28.0783
26.6047
27.7520
27.0812
28.3704
29.3064
27.4682
27.3944
28.9403
29.5046
28.9737
30.3834
30.1108
28.2931
27.1591
28.6077
27.8045
26.6652
28.1490
29.5667
30.3256
28.6618
27.3412
28.8931
29.5703
29.9929
30.4642
29.9752
29.3017
28.1284
27.9458
27.9280
27.3847
28.6216
31.6524
29.5580
29.7552
28.7706
30.0155
27.5504
28.9859
31.4319
29.7045
29.2040
26.5918
26.9655
27.6918
28.3189
28.3636
28.2811
26.3468
26.8404
27.7493
29.4024
27.2400
28.6783
28.4613
29.1758
28.5070
26.9826
25.9587
26.4669
26.7450
30.3830
27.8663
29.8432
29.9869
30.5487
28.6353
30.1480
30.7273
32.3327
28.6828
25.5352
25.9371
27.8887
30.5439
31.3099
29.4494
28.9151
29.0611
31.1822
29.8177
28.5276
28.4297
28.2615
29.3448
30.7958
30.2093
26.8076
29.3136
29.3279
29.7099
29.9078
29.0202
31.7033
29.6628
30.4320
29.8063
27.8005
29.1390
29.5967
30.0497
29.2447
30.2031
29.7471
29.0331
28.9758
28.0242
28.2673
29.5599
29.6716
27.3402
28.0510
28.9087
29.4557
27.0281
30.2528
29.5383
32.6368
29.8396
30.5666
29.0282
31.2891
30.8384
30.8457
27.4962
29.4706
27.5745
26.6523
30.0578
28.0464
28.0714
29.0680
30.8962
28.1856
29.0152
27.7284
27.3396
28.4330
26.9984
27.9268
30.8274
29.7602
28.7706
29.4403
29.0503
28.1559
27.2854
24.5541
26.8172
27.4670
24.9620
27.5768
27.5429
28.9613
27.4940
28.7950
27.0885
27.8575
29.1341
31.1205
27.9844
28.5051
29.0725
30.5261
27.6148
29.2134
30.1980
30.1038
29.1695
30.7961
28.6049
31.1190
30.8868
29.4967
32.3256
33.5486
31.0327
31.6244
31.3271
31.9685
30.1985
29.9964
31.6038
31.1344
30.7600
30.8768
31.7596
32.5633
30.9236
29.4880
31.4812
29.5140
30.9550
29.0615
28.5470
31.1503
33.3956
29.5108
30.7444
26.7579
26.3631
27.9836
29.2459
31.1811
29.1201
30.3671
29.1987
29.8848
30.1856
29.4817
30.4088
30.1186
30.9476
28.6444
29.5287
28.7859
29.3029
28.8921
29.6325
27.6175
27.8413
30.5379
28.8597
28.7825
30.0268
31.3345
31.1613
29.6469
28.6120
28.3490
29.6309
27.6702
29.9727
29.2599
30.9781
30.1803
30.3736
30.0671
31.4947
27.5285
30.4537
28.7906
31.0530
30.1182
29.6429
30.0648
30.3775
29.0045
28.3176
29.1971
27.3765
27.4166
29.2305
28.7546
26.8510
29.3553
29.5235
27.7549
27.3531
29.7163
29.5317
27.9890
29.7332
28.9702
28.8569
26.6176
26.5445
26.4902
29.0151
26.8097
26.9488
28.6812
28.5630
26.7451
29.1226
26.4103
28.3009
27.1058
29.5388
27.7600
27.9181
28.6796
28.5750
28.2908
28.5721
27.8368
27.5532
28.2100
26.1593
26.4524
25.3753
27.1748
28.4533
25.7345
27.1744
28.2175
28.8500
27.9994
27.6580
26.6919
26.3276
27.7547
24.4139
26.2726
26.2400
24.0753
24.1964
25.5621
25.5495
26.6267
26.1692
26.0883
27.5323
26.9817
28.1450
28.7374
28.4823
28.9635
27.1095
28.8612
28.6531
27.7786
27.6055
28.2336
25.5774
27.4308
27.1325
27.3213
27.0073
26.3752
25.6961
28.3599
26.7484
27.1002
28.7691
27.4506
29.9945
27.8029
27.0903
26.6318
28.8522
29.9175
27.8977
27.5584
29.4491
29.6915
28.6950
27.8246
29.1453
28.0581
31.7881
26.7525
27.0640
27.2106
23.4595
24.8612
26.2271
24.8413
26.9072
25.1666
23.9681
25.8024
25.9477
26.1234
27.2825
27.4757
25.7381
29.4411
25.9647
26.6709
25.3271
24.4196
24.4614
25.0245
27.5579
27.1050
26.2656
26.3947
26.1832
27.2404
27.1937
26.8038
26.9266
25.0769
26.4073
26.6245
28.2095
25.1244
25.6497
26.7373
25.5744
25.8067
27.9403
25.7876
25.6616
27.9530
27.8637
26.9942
24.6410
24.6872
26.5139
24.1108
24.4928
25.2560
25.9128
25.3917
26.5249
25.0737
26.0347
25.9578
26.5935
26.3451
24.9199
27.3133
25.8323
23.9200
25.4416
25.1332
27.1092
27.0385
27.6818
27.7895
24.3794
24.4069
25.2741
26.7894
29.2565
27.0645
27.7237
28.9802
27.5273
28.1193
24.7440
27.8296
27.0087
26.8587
25.5740
26.3285
27.4795
25.6408
27.2858
29.0473
27.1607
26.8668
27.7993
26.2985
25.0219
26.7662
25.3894
29.1922
26.3672
26.3511
26.9487
27.2118
25.2537
26.9932
26.0031
26.7149
27.7471
26.3257
25.5552
25.3818
27.4662
23.7468
25.8553
26.8702
26.0137
24.6587
25.4774
26.3096
25.4187
27.1970
26.0200
25.5734
25.2724
25.4780
26.6182
27.6749
27.0186
25.2740
25.5444
23.6880
24.8083
25.6469
24.8378
23.6795
27.4241
27.3504
28.4432
24.8185
26.3612
27.6981
27.6063
27.9220
27.9499
29.4446
27.1174
28.7815
26.3511
26.8797
27.0693
26.1616
27.2716
25.5575
24.6579
24.9509
27.0824
25.7284
26.2015
25.4597
25.5585
24.4530
25.8367
26.7371
24.9524
25.8292
25.5044
26.7698
27.7177
26.8252
24.5484
25.2405
26.9003
26.5397
25.2738
25.2873
24.3026
26.7303
27.6154
25.3616
28.0157
26.0870
26.5001
26.4279
25.6854
25.5606
24.6087
25.6835
23.6921
25.7744
25.4374
25.0618
25.7061
28.3269
27.4088
25.1381
24.9822
26.2157
26.5392
25.8659
24.8820
26.0580
26.4174
23.9808
25.7259
24.0021
25.4291
24.6972
23.8955
23.8172
24.5501
24.2943
23.0902
24.3066
25.2706
25.9666
26.1946
26.2548
26.3364
26.7524
26.5537
25.0381
25.7786
26.2900
24.6424
23.6722
25.0548
25.1816
27.5166
23.8431
24.1669
24.3084
24.3541
21.8440
26.0823
26.1089
25.4021
26.3324
26.8043
22.8869
24.4991
24.3769
27.8805
27.1531
28.9608
26.5302
27.3297
26.6281
24.4445
23.6079
25.8369
26.6012
27.2983
25.1534
24.8242
24.0994
27.3721
24.7388
25.6508
24.8886
23.2998
25.5831
26.3828
25.2683
25.3341
24.3744
24.7672
22.9546
24.6584
24.8988
24.4255
26.3027
25.3719
24.0573
23.6935
23.3897
24.3500
26.1158
26.7524
27.2556
23.7486
27.1195
27.3593
29.5869
27.2112
25.4893
26.3839
27.5245
26.0862
26.9422
24.8439
25.1026
23.7493
23.1218
24.1842
25.1812
26.5200
26.4951
26.8848
27.3504
30.5442
29.5504
30.5530
27.1512
25.2564
27.4916
26.3469
26.3839
24.1460
26.3133
26.2934
26.4921
25.3022
26.6558
25.7525
25.3847
24.7430
23.8532
24.8965
26.5067
22.8461
22.1504
24.0287
25.3072
23.1597
25.0345
24.2945
26.7603
26.8097
24.2261
26.8942
29.2707
27.7876
25.9153
26.1780
27.3882
27.7743
25.0089
27.7035
25.4958
26.9284
27.7540
25.8266
27.5372
27.3881
28.9733
28.3344
30.3173
29.8383
29.6925
28.1037
31.1987
28.8710
28.0515
29.0894
27.0079
25.1972
27.3900
30.0419
30.0521
29.6708
28.5179
30.4395
29.3173
30.4320
30.7824
29.7302
31.1425
30.0285
32.3580
31.4393
27.9458
30.8958
32.2252
30.9741
33.2751
30.6510
30.0762
30.8036
30.5791
29.6044
32.2884
30.2118
30.2557
26.9046
28.9448
28.6961
27.4633
30.4371
28.8055
26.6858
25.2971
26.4022
24.8159
27.1345
26.6462
26.8054
26.0421
25.7801
25.8461
25.7853
26.6692
26.8606
26.4235
26.6037
25.6349
26.2262
29.2734
27.6590
29.2454
22.9083
23.4775
24.9674
25.6179
24.6845
26.2911
25.8588
25.8925
27.2144
27.3824
26.8551
26.1844
26.3830
26.4713
25.5578
26.7196
24.8712
29.1503
26.4831
25.9041
28.3327
29.6095
28.4798
30.6009
31.9457
30.6217
29.3228
29.6793
27.8610
27.2494
27.7278
25.3512
24.9090
25.3264
24.3806
23.5966
24.2080
23.4585
22.5472
28.3206
25.5313
26.5312
26.7495
25.1016
24.8608
27.3546
27.6538
29.5913
28.4537
27.3664
27.6367
27.9795
26.3474
27.0573
26.7066
25.8820
26.2825
27.2410
26.5522
24.7165
25.5235
25.7962
26.3757
23.2554
25.6305
27.4094
28.0519
29.6225
27.5847
28.4954
29.6198
29.6400
27.1766
25.4404
23.3647
28.8612
29.0405
29.8718
26.6595
27.9855
27.1437
27.1764
27.1402
28.5615
27.2844
29.2701
26.8240
26.5899
29.4142
30.5706
26.9310
27.1596
27.3381
27.9165
27.2866
28.5958
31.7995
32.8880
30.6029
31.4062
29.4696
32.1801
31.7500
30.5879
27.5474
30.1402
30.3627
33.8291
31.7427
30.9480
30.8144
31.9696
28.5511
28.9131
30.4469
30.9396
30.8911
32.3587
30.8517
27.9273
27.0287
28.3026
34.1403
31.8445
32.5964
34.0178
31.6057
32.2213
30.4659
31.1638
31.8496
29.9520
35.1083
31.8550
27.5231
27.5276
27.5706
26.8042
28.2496
26.6138
26.3635
29.4787
26.8056
26.1316
28.6617
26.5780
27.8635
25.1114
23.7639
25.1361
22.3847
23.7281
24.4237
22.5065
24.5643
25.5161
24.3721
27.2931
26.9328
26.3953
26.7704
26.7426
26.2992
29.1986
26.7278
28.3958
26.9430
25.8326
26.8781
26.3645
26.0950
26.1332
28.6064
27.3825
26.1573
26.5475
25.6056
26.2147
27.2073
26.3389
26.4308
25.3940
24.9959
27.5256
29.5452
27.0497
25.0709
26.6169
26.2365
27.8756
25.5658
28.4894
27.4763
27.5583
28.7682
26.0739
26.1788
24.5426
23.4659
26.4279
27.0461
25.7359
32.7389
29.7173
29.3341
28.4531
28.5236
28.3856
29.0877
29.6021
28.9123
29.8045
29.0581
29.4619
28.6968
31.2864
29.7085
28.1435
28.1066
29.7333
29.6365
29.9406
28.4824
28.6569
28.3589
27.6521
31.3945
28.7790
28.1735
30.2961
28.6982
26.8760
26.3409
30.4523
27.8025
27.5064
28.4802
30.6140
31.2359
29.2893
26.6679
28.6262
29.6740
28.1505
26.6660
28.0608
25.4417
25.7167
24.3947
27.0716
25.8574
26.1553
28.5395
27.6827
27.1741
28.2598
27.0574
28.6632
29.7161
29.6147
29.5705
29.7038
30.1355
30.7171
31.0645
31.3401
29.1926
27.4438
27.9308
27.0779
26.6040
26.5616
26.1738
27.9861
26.0984
23.9148
27.3210
27.9507
25.0333
27.7059
25.5022
26.5032
27.7429
27.1868
28.9970
29.6542
28.5266
29.0167
30.3536
26.6351
27.7946
25.2063
24.5616
24.3381
26.4949
29.6646
27.9211
28.1856
24.7011
26.2069
28.1595
27.7975
29.6942
27.1450
28.8862
28.1663
29.1226
28.1116
29.7557
28.3642
28.0030
29.6561
32.0894
30.5940
30.6232
29.2751
29.4612
27.3029
27.6596
24.9879
25.8796
25.8923
24.4999
25.8409
27.5753
29.0104
28.4396
25.7387
29.9515
26.1287
28.6484
30.3421
30.6292
29.7166
30.3689
27.6933
26.2083
26.3247
27.9549
27.3084
28.6026
29.3019
27.8614
25.4949
28.0847
29.4439
26.4965
26.1178
24.6746
27.8662
29.3710
30.1667
29.0252
29.3313
28.9843
28.4388
29.7194
29.7677
28.6029
29.6091
29.2422
24.7828
27.0816
27.4373
27.3538
28.6616
30.8190
27.8249
27.9211
29.1299
31.8748
30.6559
29.6365
27.9631
28.0088
28.3478
27.2433
32.5933
33.7102
30.8897
32.2788
32.7669
31.5077
28.4579
30.4264
28.0845
29.8657
31.3223
28.6930
31.6055
30.8472
30.9610
29.0624
30.1790
30.3995
32.2951
33.2972
29.3355
31.6254
33.2820
33.6868
32.0675
32.0047
32.4163
31.5856
34.1023
31.3100
30.8232
29.4494
32.5590
30.7268
28.5754
29.9294
31.5908
29.1838
28.2811
27.1074
27.8888
27.7184
26.8203
30.1889
29.6347
29.5313
28.7545
23.9486
26.0920
25.6764
26.1602
24.4226
24.8286
24.6704
25.3955
25.3046
26.9754
27.5653
26.8900
30.7353
27.5732
28.6471
29.0589
27.5833
28.9880
29.9785
29.5634
31.9270
30.8093
28.1677
31.0044
29.3629
32.6202
31.2808
31.5239
29.4443
29.5138
31.3533
29.6926
29.0460
32.0180
29.8164
33.6980
29.4676
28.6766
28.3357
30.5442
29.1671
29.8595
30.0517
31.1010
30.9356
29.5710
29.4844
31.1752
30.0368
29.0143
30.6893
32.1934
30.2836
29.4998
30.3601
29.3323
29.7755
29.6914
29.0022
29.5167
30.3997
32.0891
33.0035
33.3222
30.0849
30.0618
29.8703
29.5010
29.4305
30.5966
30.3813
29.8145
28.7060
29.0003
30.3196
28.0243
28.5151
28.2647
30.5816
32.5295
30.9462
31.2952
29.8800
32.1997
31.0896
30.8416
29.4591
29.7364
30.0061
30.6780
30.2407
30.4854
28.9414
29.2577
32.3448
32.2133
29.8143
26.7394
24.5421
28.9212
29.5231
26.8749
27.0678
29.3081
33.0106
32.3347
30.1012
31.0497
27.9344
28.8577
29.7343
30.7127
30.1343
28.1880
26.8394
28.4333
27.8128
28.3374
30.0605
26.4880
28.3553
26.5540
28.0735
28.6734
27.4366
29.3943
28.9342
28.9825
30.4321
30.6612
30.1211
27.5620
30.6270
30.4057
29.2634
27.8000
28.1521
27.3590
26.5691
25.3538
27.0100
26.8506
27.3181
27.9094
28.3811
28.4081
28.7639
28.1190
27.5549
26.8769
28.7443
25.4381
27.9493
27.8428
28.5518
26.6121
26.0044
27.8016
28.1490
28.6688
29.3902
27.5422
27.2723
27.6586
29.2661
27.3942
26.6693
28.9782
27.0750
28.9723
26.7190
24.9115
27.3840
28.2801
27.1273
24.8405
27.7218
29.6186
31.6074
30.8329
31.0535
31.1730
31.5368
30.3950
30.5876
31.4493
32.2330
32.5641
31.8998
29.1638
30.0097
32.1050
30.0373
31.6082
31.2800
29.9136
32.1491
30.9978
28.3156
27.5605
30.3749
29.3394
27.9779
28.9085
28.4468
27.8265
30.8239
26.4664
24.8699
28.3786
28.6673
26.5480
30.0887
32.5042
29.3255
27.4508
29.7419
30.4724
31.4564
31.1872
31.8458
33.5790
32.7680
35.0390
35.6028
31.9233
32.3276
30.3640
32.7921
31.0642
28.2856
31.4264
33.6263
28.2429
31.1560
29.6203
31.2554
30.4405
30.4305
33.0348
30.7559
33.0782
31.8153
33.5691
32.6759
31.0362
31.6515
33.1108
30.1865
31.0765
33.6361
30.9334
30.0329
29.0491
30.9392
29.9022
32.2007
31.1280
28.5176
30.7576
29.1555
28.5188
29.5960
29.2664
29.5873
28.7683
30.8151
27.9330
28.5831
28.2933
27.4712
27.9944
29.5177
29.3506
28.3950
30.4653
31.5954
30.4940
31.0092
29.6562
29.8298
31.8551
30.2057
29.0755
30.5289
31.5661
31.5264
30.5209
31.4769
29.4864
28.6990
29.2222
28.8708
28.3568
27.6492
28.0842
28.9111
31.2691
28.9817
29.4326
25.6129
26.7684
27.2555
26.8177
26.8978
24.4626
26.1687
27.4682
27.6017
26.4708
29.7066
29.9518
31.6307
28.3532
27.3097
26.5277
27.5310
27.7569
25.7049
27.7714
26.2126
31.0428
27.5686
27.1939
23.3264
25.7883
28.8462
29.1817
30.0965
28.8869
30.9163
29.6548
31.2756
27.1531
30.7746
31.7973
29.5284
28.1616
27.8275
26.3787
26.3103
27.9815
27.8086
27.7404
27.8737
26.5782
25.8702
25.2864
27.1783
25.6761
23.8402
25.6823
25.3591
26.3118
25.8503
24.0980
26.9508
27.7139
27.3906
28.6237
27.8597
25.7348
26.5084
26.1134
26.0113
27.3852
25.8716
25.5167
24.7665
24.6712
24.4456
22.7049
23.6287
26.3257
24.5271
24.1245
23.4852
24.6454
24.3980
26.4463
24.5837
24.4240
23.8815
22.7949
23.1420
24.0339
24.3040
25.2603
24.8535
22.9524
22.5547
24.6148
23.3704
25.9050
26.5849
22.6316
23.8646
24.9610
22.9703
23.9678
22.1743
24.2031
25.2059
24.4314
24.2809
24.9962
24.6585
24.5876
25.4199
26.0196
24.4157
26.0015
25.3300
24.4799
26.0965
24.1189
24.9821
25.1473
24.7867
23.4842
24.1138
24.0706
23.7802
25.6338
24.6663
23.7793
21.9603
25.2711
24.3893
24.7892
25.0644
25.6040
25.3595
28.6885
27.2008
25.8566
27.2042
23.6221
26.7964
24.5073
24.9924
26.3882
25.9563
26.1829
27.4428
26.8956
25.0301
28.2120
28.1623
29.4312
27.4344
28.0710
23.2699
27.4070
27.6264
25.6058
27.0863
25.0158
26.2128
25.6364
26.5650
27.9438
28.2484
26.5826
25.0103
24.3220
28.0797
27.8914
26.2626
25.6099
25.4372
23.7696
24.5193
23.6409
26.8026
25.7265
25.0417
26.8392
27.7058
29.1260
28.0245
28.9924
26.5039
26.0851
24.6372
24.7888
23.9130
24.2151
22.3553
29.1922
27.6237
30.9252
29.2722
29.1016
25.9133
24.9096
27.0664
27.6185
27.9423
27.2370
25.4357
26.0023
30.2418
28.5099
29.3557
28.5254
27.6319
28.7542
27.8979
28.3334
28.6705
25.5085
26.0701
26.9686
26.8458
26.8413
25.2554
29.3479
27.7410
27.7011
26.0858
24.5405
26.1620
27.3551
28.9675
26.2740
25.7944
28.1685
24.3487
26.8085
25.7578
25.0252
26.6006
25.0860
28.1974
26.9131
26.2685
26.9075
27.4127
22.0518
23.8356
24.0705
26.4014
27.6681
28.7012
29.1521
26.7377
24.2707
24.9720
26.8168
24.7593
26.5386
25.8607
26.5141
25.9208
27.1527
28.0135
26.0368
27.8106
24.5243
24.6697
26.2309
26.3098
26.1621
26.1345
25.1854
25.4728
25.2622
25.2571
23.0736
24.6724
25.3664
24.6240
26.0099
25.7970
25.8542
26.8012
25.7204
28.7182
26.9601
25.7345
25.9438
27.2278
26.8318
29.0460
28.0692
27.8826
26.9618
27.3534
27.9417
25.8689
25.8268
27.5185
26.4156
24.8170
26.4888
25.6958
25.4235
24.5271
24.7949
26.4347
25.0595
25.8345
26.0398
27.3085
27.0304
26.0048
30.0016
26.8534
27.5281
28.2035
27.1907
25.6597
27.0059
25.2428
25.7560
28.3934
27.5614
29.3134
30.3274
29.1402
29.1493
30.1006
26.5436
29.4010
25.6489
27.0597
26.3205
27.9306
29.2374
28.0564
29.2104
27.7732
28.0168
25.1747
27.7061
27.1105
28.4865
28.1851
29.5098
27.1091
27.4681
26.8791
28.8127
27.5503
27.3033
28.2410
27.8421
26.5348
27.8539
27.0721
25.5794
27.9333
27.0860
26.0224
26.0068
24.7911
25.7255
27.1363
26.6421
29.2354
28.4615
24.4694
27.6382
24.9120
26.7749
26.7930
24.9927
27.9901
25.1241
25.8743
27.4878
26.3573
27.8553
25.3827
25.9895
26.2623
26.6777
24.2811
25.1251
26.2512
28.3322
24.9109
26.2502
26.8055
26.0211
23.5297
26.3134
25.9989
26.6857
25.1627
26.6707
26.3162
26.2267
25.5636
24.4688
23.2741
22.6607
24.6796
25.6426
25.8721
25.8330
29.1433
26.2468
28.8470
27.1118
27.1222
29.1135
26.3625
25.9863
27.5547
25.7653
24.4050
25.7635
24.3266
26.2908
26.3249
28.3424
25.1198
25.3304
24.7562
25.8268
25.9650
26.2995
25.0317
25.2796
25.0361
23.6778
24.7409
25.0175
25.8946
24.1849
25.5507
22.8726
24.1307
26.2444
26.7220
26.4624
26.6148
25.1917
25.3738
25.6643
26.2893
24.5396
27.4865
24.8146
23.8727
25.0162
26.2269
25.8551
26.1730
26.6311
28.1161
27.2453
28.3633
25.8653
23.7198
25.7789
24.6422
25.8143
25.4367
26.9747
23.9881
27.2636
25.3788
29.0813
26.5051
