#Distance_(Ang) :1-1276_=>_:Na+
       0.050000        0.000000
       0.150000        0.000000
       0.250000        0.000000
       0.350000        0.000000
       0.450000        0.000000
       0.550000        0.000000
       0.650000        0.000000
       0.750000        0.000000
       0.850000        0.000000
       0.950000        0.000000
       1.050000        0.000000
       1.150000        0.000000
       1.250000        0.000000
       1.350000        0.000000
       1.450000        0.000000
       1.550000        0.000000
       1.650000        0.000000
       1.750000        0.000000
       1.850000        0.000000
       1.950000        0.000695
       2.050000        0.105842
       2.150000        0.592607
       2.250000        0.728150
       2.350000        0.462550
       2.450000        0.233621
       2.550000        0.158764
       2.650000        0.135595
       2.750000        0.120789
       2.850000        0.127862
       2.950000        0.170357
       3.050000        0.219690
       3.150000        0.285420
       3.250000        0.371626
       3.350000        0.446399
       3.450000        0.487285
       3.550000        0.477276
       3.650000        0.443946
       3.750000        0.461617
       3.850000        0.487694
       3.950000        0.551223
       4.050000        0.624449
       4.150000        0.688682
       4.250000        0.739908
       4.350000        0.781841
       4.450000        0.812581
       4.550000        0.824575
       4.650000        0.817645
       4.750000        0.794123
       4.850000        0.785346
       4.950000        0.782735
       5.050000        0.794394
       5.150000        0.808286
       5.250000        0.819211
       5.350000        0.832762
       5.450000        0.839943
       5.550000        0.850331
       5.650000        0.883087
       5.750000        0.888076
       5.850000        0.896948
       5.950000        0.903707
       6.050000        0.920844
       6.150000        0.927524
       6.250000        0.923204
       6.350000        0.932350
       6.450000        0.929223
       6.550000        0.931252
       6.650000        0.925986
       6.750000        0.931429
       6.850000        0.914778
       6.950000        0.919156
       7.050000        0.916539
       7.150000        0.919342
       7.250000        0.926151
       7.350000        0.929692
       7.450000        0.926266
       7.550000        0.923266
       7.650000        0.929634
       7.750000        0.940853
       7.850000        0.940781
       7.950000        0.953768
       8.050000        0.957667
       8.150000        0.959789
       8.250000        0.962963
       8.350000        0.956867
       8.450000        0.957031
       8.550000        0.961986
       8.650000        0.963397
       8.750000        0.960086
       8.850000        0.968690
       8.950000        0.962352
       9.050000        0.964963
       9.150000        0.965368
       9.250000        0.966148
       9.350000        0.964950
       9.450000        0.969032
       9.550000        0.976104
       9.650000        0.973196
       9.750000        0.973686
       9.850000        0.977352
       9.950000        0.978771
      10.050000        0.974758
      10.150000        0.976536
      10.250000        0.980324
      10.350000        0.980173
      10.450000        0.977832
      10.550000        0.977279
      10.650000        0.980659
      10.750000        0.979118
      10.850000        0.984180
      10.950000        0.978159
      11.050000        0.977512
      11.150000        0.975958
      11.250000        0.976992
      11.350000        0.975916
      11.450000        0.983242
      11.550000        0.984272
      11.650000        0.985882
      11.750000        0.989489
      11.850000        0.987684
      11.950000        0.989453
      12.050000        0.989650
      12.150000        0.989038
      12.250000        0.994396
      12.350000        0.998187
      12.450000        0.998437
      12.550000        1.001131
      12.650000        1.003467
      12.750000        1.001201
      12.850000        1.006433
      12.950000        1.010360
      13.050000        1.007308
      13.150000        1.006826
      13.250000        1.007899
      13.350000        1.009069
      13.450000        1.015397
      13.550000        1.013924
      13.650000        1.014541
      13.750000        1.020834
      13.850000        1.019432
      13.950000        1.025178
      14.050000        1.026354
      14.150000        1.026793
      14.250000        1.030901
      14.350000        1.032994
      14.450000        1.032973
      14.550000        1.036717
      14.650000        1.040151
      14.750000        1.040426
      14.850000        1.039600
      14.950000        1.045963
      15.050000        1.040433
      15.150000        1.049623
      15.250000        1.048218
      15.350000        1.049336
      15.450000        1.050124
      15.550000        1.053274
      15.650000        1.051464
      15.750000        1.053401
      15.850000        1.057278
      15.950000        1.060303
      16.050000        1.058253
      16.150000        1.058719
      16.250000        1.058230
      16.350000        1.061951
      16.450000        1.062397
      16.550000        1.062276
      16.650000        1.068323
      16.750000        1.065242
      16.850000        1.063824
      16.950000        1.065083
      17.050000        1.065972
      17.150000        1.069338
      17.250000        1.064141
      17.350000        1.068960
      17.450000        1.072574
      17.550000        1.069373
      17.650000        1.070069
      17.750000        1.068976
      17.850000        1.070750
      17.950000        1.069231
      18.050000        1.072857
      18.150000        1.071112
      18.250000        1.071740
      18.350000        1.072084
      18.450000        1.071110
      18.550000        1.070371
      18.650000        1.070260
      18.750000        1.073190
      18.850000        1.069346
      18.950000        1.070347
      19.050000        1.068286
      19.150000        1.073852
      19.250000        1.072297
      19.350000        1.073073
      19.450000        1.071820
      19.550000        1.071235
      19.650000        1.072044
      19.750000        1.072316
      19.850000        1.072832
      19.950000        1.070975
      20.050000        1.072681
      20.150000        1.071206
      20.250000        1.071053
      20.350000        1.070959
      20.450000        1.071825
      20.550000        1.073460
      20.650000        1.072348
      20.750000        1.070590
      20.850000        1.072630
      20.950000        1.071256
      21.050000        1.075166
      21.150000        1.075873
      21.250000        1.069566
      21.350000        1.074109
      21.450000        1.075715
      21.550000        1.071228
      21.650000        1.072002
      21.750000        1.074326
      21.850000        1.073142
      21.950000        1.073900
      22.050000        1.073770
      22.150000        1.075188
      22.250000        1.073023
      22.350000        1.073236
      22.450000        1.073516
      22.550000        1.074611
      22.650000        1.073221
      22.750000        1.072042
      22.850000        1.071475
      22.950000        1.072875
      23.050000        1.073757
      23.150000        1.074643
      23.250000        1.074982
      23.350000        1.070641
      23.450000        1.073884
      23.550000        1.074462
      23.650000        1.071782
      23.750000        1.074769
      23.850000        1.072854
      23.950000        1.072928
      24.050000        1.075342
      24.150000        1.076326
      24.250000        1.075433
      24.350000        1.075295
      24.450000        1.074982
      24.550000        1.077404
      24.650000        1.074599
      24.750000        1.076155
      24.850000        1.074019
      24.950000        1.078161
      25.050000        1.079360
      25.150000        1.077007
      25.250000        1.079588
      25.350000        1.078797
      25.450000        1.079523
      25.550000        1.080731
      25.650000        1.079850
      25.750000        1.081796
      25.850000        1.082080
      25.950000        1.081003
      26.050000        1.081738
      26.150000        1.080812
      26.250000        1.083753
      26.350000        1.085109
      26.450000        1.086550
      26.550000        1.085959
      26.650000        1.084796
      26.750000        1.088182
      26.850000        1.087025
      26.950000        1.085017
      27.050000        1.089902
      27.150000        1.087195
      27.250000        1.086771
      27.350000        1.089170
      27.450000        1.089053
      27.550000        1.089723
      27.650000        1.090652
      27.750000        1.089887
      27.850000        1.090086
      27.950000        1.091307
      28.050000        1.092012
      28.150000        1.091725
      28.250000        1.090618
      28.350000        1.092938
      28.450000        1.091961
      28.550000        1.093440
      28.650000        1.092257
      28.750000        1.095414
      28.850000        1.093312
      28.950000        1.095099
      29.050000        1.094447
      29.150000        1.094395
      29.250000        1.094899
      29.350000        1.094244
      29.450000        1.095658
      29.550000        1.094800
      29.650000        1.094761
      29.750000        1.095173
      29.850000        1.094597
      29.950000        1.095827
      30.050000        1.097069
      30.150000        1.097180
      30.250000        1.096197
      30.350000        1.096497
      30.450000        1.097504
      30.550000        1.096627
      30.650000        1.098600
      30.750000        1.099677
      30.850000        1.096921
      30.950000        1.097385
      31.050000        1.098952
      31.150000        1.098905
      31.250000        1.096037
      31.350000        1.097605
      31.450000        1.096892
      31.550000        1.098246
      31.650000        1.098590
      31.750000        1.098235
      31.850000        1.098077
      31.950000        1.098380
      32.050000        1.098498
      32.150000        1.097366
      32.250000        1.097390
      32.350000        1.098161
      32.450000        1.096834
      32.550000        1.097242
      32.650000        1.097991
      32.750000        1.099111
      32.850000        1.098557
      32.950000        1.097622
      33.050000        1.099244
      33.150000        1.096866
      33.250000        1.098842
      33.350000        1.095843
      33.450000        1.096328
      33.550000        1.095261
      33.650000        1.095411
      33.750000        1.096342
      33.850000        1.094975
      33.950000        1.094485
      34.050000        1.096501
      34.150000        1.094847
      34.250000        1.095327
      34.350000        1.094405
      34.450000        1.093686
      34.550000        1.094488
      34.650000        1.093806
      34.750000        1.093744
      34.850000        1.096194
      34.950000        1.095158
      35.050000        1.093625
      35.150000        1.093565
      35.250000        1.093394
      35.350000        1.093479
      35.450000        1.094174
      35.550000        1.094575
      35.650000        1.093642
      35.750000        1.092403
      35.850000        1.094146
      35.950000        1.094626
      36.050000        1.092179
      36.150000        1.091214
      36.250000        1.092185
      36.350000        1.093652
      36.450000        1.092139
      36.550000        1.093972
      36.650000        1.091961
      36.750000        1.093605
      36.850000        1.090916
      36.950000        1.093002
      37.050000        1.092310
      37.150000        1.093409
      37.250000        1.093081
      37.350000        1.092787
      37.450000        1.093089
      37.550000        1.092149
      37.650000        1.091486
      37.750000        1.093608
      37.850000        1.092774
      37.950000        1.092793
      38.050000        1.090205
      38.150000        1.092281
      38.250000        1.091748
      38.350000        1.091693
      38.450000        1.091474
      38.550000        1.091707
      38.650000        1.090475
      38.750000        1.089673
      38.850000        1.091319
      38.950000        1.091079
      39.050000        1.091276
      39.150000        1.090856
      39.250000        1.091667
      39.350000        1.090749
      39.450000        1.090756
      39.550000        1.090328
      39.650000        1.090371
      39.750000        1.090779
      39.850000        1.091514
      39.950000        1.091048
      40.050000        1.090960
      40.150000        1.090205
      40.250000        1.090384
      40.350000        1.090951
      40.450000        1.089038
      40.550000        1.090721
      40.650000        1.089736
      40.750000        1.089811
      40.850000        1.089000
      40.950000        1.090148
      41.050000        1.088991
      41.150000        1.088507
      41.250000        1.089663
      41.350000        1.088365
      41.450000        1.089297
      41.550000        1.089522
      41.650000        1.086866
      41.750000        1.087741
      41.850000        1.087542
      41.950000        1.087144
      42.050000        1.088440
      42.150000        1.087550
      42.250000        1.087846
      42.350000        1.086028
      42.450000        1.087109
      42.550000        1.086931
      42.650000        1.086112
      42.750000        1.085385
      42.850000        1.088473
      42.950000        1.085534
      43.050000        1.084476
      43.150000        1.086100
      43.250000        1.084054
      43.350000        1.084351
      43.450000        1.084263
      43.550000        1.085385
      43.650000        1.084543
      43.750000        1.084980
      43.850000        1.084544
      43.950000        1.083732
      44.050000        1.083923
      44.150000        1.084446
      44.250000        1.084577
      44.350000        1.083854
      44.450000        1.083146
      44.550000        1.084563
      44.650000        1.084503
      44.750000        1.082122
      44.850000        1.082392
      44.950000        1.081036
      45.050000        1.082196
      45.150000        1.083407
      45.250000        1.082328
      45.350000        1.082156
      45.450000        1.081548
      45.550000        1.080898
      45.650000        1.082101
      45.750000        1.081460
      45.850000        1.081445
      45.950000        1.081912
      46.050000        1.081187
      46.150000        1.081065
      46.250000        1.080472
      46.350000        1.079655
      46.450000        1.079919
      46.550000        1.079122
      46.650000        1.080948
      46.750000        1.080244
      46.850000        1.080226
      46.950000        1.079719
      47.050000        1.080608
      47.150000        1.078649
      47.250000        1.080526
      47.350000        1.077902
      47.450000        1.077730
      47.550000        1.078511
      47.650000        1.078729
      47.750000        1.079075
      47.850000        1.077574
      47.950000        1.078345
      48.050000        1.077972
      48.150000        1.078080
      48.250000        1.078249
      48.350000        1.077988
      48.450000        1.077091
      48.550000        1.076269
      48.650000        1.076946
      48.750000        1.076226
      48.850000        1.075781
      48.950000        1.076607
      49.050000        1.077446
      49.150000        1.075936
      49.250000        1.075720
      49.350000        1.075905
      49.450000        1.075303
      49.550000        1.075511
      49.650000        1.076074
      49.750000        1.074462
      49.850000        1.074784
      49.950000        1.074568
      50.050000        1.074884
      50.150000        1.074342
      50.250000        1.073129
      50.350000        1.075819
      50.450000        1.073647
      50.550000        1.073941
      50.650000        1.073388
      50.750000        1.073137
      50.850000        1.073216
      50.950000        1.074527
      51.050000        1.071124
      51.150000        1.072513
      51.250000        1.072532
      51.350000        1.071823
      51.450000        1.072733
      51.550000        1.071527
      51.650000        1.070732
      51.750000        1.071348
      51.850000        1.071573
      51.950000        1.070516
      52.050000        1.069850
      52.150000        1.070668
      52.250000        1.071549
      52.350000        1.069381
      52.450000        1.069618
      52.550000        1.070583
      52.650000        1.068926
      52.750000        1.069610
      52.850000        1.068973
      52.950000        1.070115
      53.050000        1.068011
      53.150000        1.067866
      53.250000        1.067947
      53.350000        1.067335
      53.450000        1.066939
      53.550000        1.068885
      53.650000        1.067632
      53.750000        1.066721
      53.850000        1.067287
      53.950000        1.067391
      54.050000        1.066352
      54.150000        1.066593
      54.250000        1.066171
      54.350000        1.066715
      54.450000        1.066751
      54.550000        1.065771
      54.650000        1.065679
      54.750000        1.065448
      54.850000        1.065468
      54.950000        1.064940
      55.050000        1.066182
      55.150000        1.065024
      55.250000        1.063397
      55.350000        1.064078
      55.450000        1.064374
      55.550000        1.064301
      55.650000        1.064078
      55.750000        1.063047
      55.850000        1.064187
      55.950000        1.062469
      56.050000        1.063056
      56.150000        1.063170
      56.250000        1.062352
      56.350000        1.062729
      56.450000        1.061929
      56.550000        1.061176
      56.650000        1.062276
      56.750000        1.061690
      56.850000        1.061569
      56.950000        1.061672
      57.050000        1.060775
      57.150000        1.060416
      57.250000        1.059563
      57.350000        1.059353
      57.450000        1.059523
      57.550000        1.059561
      57.650000        1.059408
      57.750000        1.058789
      57.850000        1.058586
      57.950000        1.057379
      58.050000        1.058308
      58.150000        1.057031
      58.250000        1.057525
      58.350000        1.057598
      58.450000        1.058363
      58.550000        1.056317
      58.650000        1.055906
      58.750000        1.055697
      58.850000        1.055954
      58.950000        1.055950
      59.050000        1.055491
      59.150000        1.055666
      59.250000        1.054339
      59.350000        1.054839
      59.450000        1.054803
      59.550000        1.054452
      59.650000        1.053708
      59.750000        1.053248
      59.850000        1.052379
      59.950000        1.052693
      60.050000        1.053595
      60.150000        1.052630
      60.250000        1.053139
      60.350000        1.052025
      60.450000        1.052321
      60.550000        1.052049
      60.650000        1.052165
      60.750000        1.050537
      60.850000        1.050912
      60.950000        1.051196
      61.050000        1.050383
      61.150000        1.051128
      61.250000        1.050278
      61.350000        1.050136
      61.450000        1.050910
      61.550000        1.049899
      61.650000        1.050748
      61.750000        1.048732
      61.850000        1.049540
      61.950000        1.049317
      62.050000        1.049119
      62.150000        1.049188
      62.250000        1.048734
      62.350000        1.048765
      62.450000        1.048659
      62.550000        1.048452
      62.650000        1.048719
      62.750000        1.048870
      62.850000        1.048901
      62.950000        1.048343
      63.050000        1.049311
      63.150000        1.046922
      63.250000        1.048034
      63.350000        1.047804
      63.450000        1.047478
      63.550000        1.047729
      63.650000        1.047396
      63.750000        1.047263
      63.850000        1.047770
      63.950000        1.046698
      64.050000        1.046836
      64.150000        1.046928
      64.250000        1.046678
      64.350000        1.046847
      64.450000        1.046372
      64.550000        1.046242
      64.650000        1.046328
      64.750000        1.045987
      64.850000        1.045920
      64.950000        1.046524
      65.050000        1.045102
      65.150000        1.045064
      65.250000        1.045601
      65.350000        1.045815
      65.450000        1.045367
      65.550000        1.044447
      65.650000        1.044650
      65.750000        1.044384
      65.850000        1.043990
      65.950000        1.044435
      66.050000        1.044635
      66.150000        1.044923
      66.250000        1.043977
      66.350000        1.043910
      66.450000        1.044858
      66.550000        1.043370
      66.650000        1.043495
      66.750000        1.043388
      66.850000        1.042946
      66.950000        1.042908
      67.050000        1.043137
      67.150000        1.042705
      67.250000        1.042729
      67.350000        1.042809
      67.450000        1.042283
      67.550000        1.042890
      67.650000        1.041877
      67.750000        1.041753
      67.850000        1.041626
      67.950000        1.041692
      68.050000        1.042415
      68.150000        1.042044
      68.250000        1.041173
      68.350000        1.040873
      68.450000        1.040102
      68.550000        1.041575
      68.650000        1.040063
      68.750000        1.039839
      68.850000        1.040470
      68.950000        1.040467
      69.050000        1.039489
      69.150000        1.039842
      69.250000        1.039228
      69.350000        1.039291
      69.450000        1.039097
      69.550000        1.039367
      69.650000        1.039016
      69.750000        1.038950
      69.850000        1.038574
      69.950000        1.038157
      70.050000        1.038428
      70.150000        1.038436
      70.250000        1.037866
      70.350000        1.038523
      70.450000        1.037701
      70.550000        1.037244
      70.650000        1.036504
      70.750000        1.036700
      70.850000        1.037129
      70.950000        1.037101
      71.050000        1.036190
      71.150000        1.037512
      71.250000        1.036702
      71.350000        1.035803
      71.450000        1.036056
      71.550000        1.035941
      71.650000        1.035298
      71.750000        1.036024
      71.850000        1.036240
      71.950000        1.035274
      72.050000        1.035015
      72.150000        1.035978
      72.250000        1.035235
      72.350000        1.035434
      72.450000        1.035385
      72.550000        1.034342
      72.650000        1.035088
      72.750000        1.034610
      72.850000        1.033828
      72.950000        1.034797
      73.050000        1.034756
      73.150000        1.033878
      73.250000        1.034340
      73.350000        1.033980
      73.450000        1.033857
      73.550000        1.033793
      73.650000        1.032791
      73.750000        1.033071
      73.850000        1.032964
      73.950000        1.032525
      74.050000        1.032023
      74.150000        1.032093
      74.250000        1.032367
      74.350000        1.032124
      74.450000        1.032935
      74.550000        1.032153
      74.650000        1.031656
      74.750000        1.031844
      74.850000        1.031966
      74.950000        1.032149
      75.050000        1.031507
      75.150000        1.031669
      75.250000        1.030828
      75.350000        1.031109
      75.450000        1.030839
      75.550000        1.030855
      75.650000        1.030957
      75.750000        1.030554
      75.850000        1.029875
      75.950000        1.030760
      76.050000        1.029754
      76.150000        1.029602
      76.250000        1.030365
      76.350000        1.028901
      76.450000        1.029585
      76.550000        1.029062
      76.650000        1.030480
      76.750000        1.029201
      76.850000        1.029063
      76.950000        1.028855
      77.050000        1.028338
      77.150000        1.027618
      77.250000        1.029085
      77.350000        1.028073
      77.450000        1.028138
      77.550000        1.027851
      77.650000        1.028063
      77.750000        1.027147
      77.850000        1.027696
      77.950000        1.027823
      78.050000        1.027040
      78.150000        1.027069
      78.250000        1.027240
      78.350000        1.026454
      78.450000        1.026729
      78.550000        1.026492
      78.650000        1.026536
      78.750000        1.026327
      78.850000        1.026078
      78.950000        1.025819
      79.050000        1.025344
      79.150000        1.025113
      79.250000        1.025231
      79.350000        1.024722
      79.450000        1.025021
      79.550000        1.024949
      79.650000        1.024137
      79.750000        1.024727
      79.850000        1.023861
      79.950000        1.024060
      80.050000        1.024017
      80.150000        1.023618
      80.250000        1.023704
      80.350000        1.022659
      80.450000        1.023397
      80.550000        1.022370
      80.650000        1.023232
      80.750000        1.022870
      80.850000        1.022217
      80.950000        1.022436
      81.050000        1.021959
      81.150000        1.021600
      81.250000        1.022133
      81.350000        1.020812
      81.450000        1.020681
      81.550000        1.021142
      81.650000        1.021434
      81.750000        1.020498
      81.850000        1.020169
      81.950000        1.020146
      82.050000        1.020445
      82.150000        1.019182
      82.250000        1.020158
      82.350000        1.019242
      82.450000        1.019421
      82.550000        1.019324
      82.650000        1.018824
      82.750000        1.019133
      82.850000        1.018459
      82.950000        1.018391
      83.050000        1.018466
      83.150000        1.018218
      83.250000        1.017918
      83.350000        1.017633
      83.450000        1.017402
      83.550000        1.017430
      83.650000        1.017105
      83.750000        1.017271
      83.850000        1.017500
      83.950000        1.016430
      84.050000        1.016721
      84.150000        1.016514
      84.250000        1.016051
      84.350000        1.016010
      84.450000        1.015566
      84.550000        1.015682
      84.650000        1.014876
      84.750000        1.014769
      84.850000        1.015071
      84.950000        1.015538
      85.050000        1.015061
      85.150000        1.014804
      85.250000        1.014541
      85.350000        1.013904
      85.450000        1.014351
      85.550000        1.014395
      85.650000        1.013503
      85.750000        1.014142
      85.850000        1.013374
      85.950000        1.013298
      86.050000        1.012993
      86.150000        1.012686
      86.250000        1.012627
      86.350000        1.012253
      86.450000        1.012650
      86.550000        1.012574
      86.650000        1.011968
      86.750000        1.011703
      86.850000        1.012055
      86.950000        1.010661
      87.050000        1.011271
      87.150000        1.011116
      87.250000        1.011103
      87.350000        1.010927
      87.450000        1.011100
      87.550000        1.010119
      87.650000        1.010826
      87.750000        1.010369
      87.850000        1.010028
      87.950000        1.010181
      88.050000        1.009406
      88.150000        1.009697
      88.250000        1.009320
      88.350000        1.009523
      88.450000        1.009121
      88.550000        1.008999
      88.650000        1.009205
      88.750000        1.008913
      88.850000        1.008271
      88.950000        1.008053
      89.050000        1.007480
      89.150000        1.008641
      89.250000        1.008026
      89.350000        1.007301
      89.450000        1.007543
      89.550000        1.008027
      89.650000        1.007382
      89.750000        1.007030
      89.850000        1.006899
      89.950000        1.007108
      90.050000        1.007384
      90.150000        1.005471
      90.250000        1.006215
      90.350000        1.006188
      90.450000        1.006122
      90.550000        1.006745
      90.650000        1.005864
      90.750000        1.006051
      90.850000        1.004862
      90.950000        1.005224
      91.050000        1.004866
      91.150000        1.005488
      91.250000        1.005236
      91.350000        1.004506
      91.450000        1.004529
      91.550000        1.004771
      91.650000        1.004488
      91.750000        1.003524
      91.850000        1.004206
      91.950000        1.003854
      92.050000        1.003559
      92.150000        1.003489
      92.250000        1.003174
      92.350000        1.003156
      92.450000        1.003111
      92.550000        1.002919
      92.650000        1.002402
      92.750000        1.002073
      92.850000        1.002164
      92.950000        1.002562
      93.050000        1.002741
      93.150000        1.001875
      93.250000        1.001875
      93.350000        1.001625
      93.450000        1.001600
      93.550000        1.001044
      93.650000        1.001604
      93.750000        1.001120
      93.850000        1.001268
      93.950000        1.001209
      94.050000        1.001055
      94.150000        1.000474
      94.250000        0.999925
      94.350000        0.999801
      94.450000        1.000075
      94.550000        0.999093
      94.650000        0.999595
      94.750000        0.999749
      94.850000        0.999999
      94.950000        0.998938
      95.050000        0.999037
      95.150000        0.998619
      95.250000        0.997963
      95.350000        0.998435
      95.450000        0.997109
      95.550000        0.995340
      95.650000        0.994504
      95.750000        0.993101
      95.850000        0.991808
      95.950000        0.991008
      96.050000        0.989550
      96.150000        0.988757
      96.250000        0.987613
      96.350000        0.986387
      96.450000        0.985488
      96.550000        0.983067
      96.650000        0.982376
      96.750000        0.981864
      96.850000        0.981096
      96.950000        0.979500
      97.050000        0.977929
      97.150000        0.977567
      97.250000        0.975949
      97.350000        0.974832
      97.450000        0.973812
      97.550000        0.972341
      97.650000        0.971649
      97.750000        0.970372
      97.850000        0.968367
      97.950000        0.967609
      98.050000        0.966697
      98.150000        0.965755
      98.250000        0.964811
      98.350000        0.963907
      98.450000        0.962637
      98.550000        0.961779
      98.650000        0.960316
      98.750000        0.959366
      98.850000        0.957939
      98.950000        0.956499
      99.050000        0.955781
      99.150000        0.954424
      99.250000        0.952934
      99.350000        0.951604
      99.450000        0.951338
      99.550000        0.950851
      99.650000        0.949508
      99.750000        0.948255
      99.850000        0.947120
      99.950000        0.945467
