#Distance_(Ang) :1-1276_=>_:Na+
       0.050000        0.000000
       0.150000        0.000000
       0.250000        0.000000
       0.350000        0.000000
       0.450000        0.000000
       0.550000        0.000000
       0.650000        0.000000
       0.750000        0.000000
       0.850000        0.000000
       0.950000        0.000000
       1.050000        0.000000
       1.150000        0.000000
       1.250000        0.000000
       1.350000        0.000000
       1.450000        0.000000
       1.550000        0.000000
       1.650000        0.000000
       1.750000        0.000000
       1.850000        0.000000
       1.950000        0.000927
       2.050000        0.121559
       2.150000        0.632609
       2.250000        0.797554
       2.350000        0.501616
       2.450000        0.273824
       2.550000        0.168108
       2.650000        0.138352
       2.750000        0.111585
       2.850000        0.135559
       2.950000        0.174099
       3.050000        0.223852
       3.150000        0.311781
       3.250000        0.399389
       3.350000        0.506044
       3.450000        0.538266
       3.550000        0.505435
       3.650000        0.473889
       3.750000        0.494431
       3.850000        0.535524
       3.950000        0.598468
       4.050000        0.675349
       4.150000        0.751989
       4.250000        0.800757
       4.350000        0.845695
       4.450000        0.860252
       4.550000        0.860045
       4.650000        0.860812
       4.750000        0.815268
       4.850000        0.812331
       4.950000        0.819533
       5.050000        0.822425
       5.150000        0.846332
       5.250000        0.850770
       5.350000        0.867492
       5.450000        0.868663
       5.550000        0.894641
       5.650000        0.909339
       5.750000        0.922242
       5.850000        0.931216
       5.950000        0.939096
       6.050000        0.949488
       6.150000        0.953683
       6.250000        0.957508
       6.350000        0.960796
       6.450000        0.960732
       6.550000        0.969033
       6.650000        0.968058
       6.750000        0.970794
       6.850000        0.969222
       6.950000        0.965935
       7.050000        0.969337
       7.150000        0.959989
       7.250000        0.963036
       7.350000        0.962301
       7.450000        0.963815
       7.550000        0.959069
       7.650000        0.971686
       7.750000        0.970577
       7.850000        0.978587
       7.950000        0.988301
       8.050000        0.995492
       8.150000        0.992725
       8.250000        0.997332
       8.350000        0.993323
       8.450000        1.002055
       8.550000        1.007180
       8.650000        1.002512
       8.750000        0.998104
       8.850000        1.005583
       8.950000        1.002627
       9.050000        1.002244
       9.150000        1.000964
       9.250000        1.001400
       9.350000        1.007393
       9.450000        1.010393
       9.550000        1.015685
       9.650000        1.016455
       9.750000        1.014551
       9.850000        1.018880
       9.950000        1.025981
      10.050000        1.021801
      10.150000        1.024888
      10.250000        1.022747
      10.350000        1.021164
      10.450000        1.026253
      10.550000        1.029725
      10.650000        1.028397
      10.750000        1.026185
      10.850000        1.027576
      10.950000        1.032838
      11.050000        1.028831
      11.150000        1.029670
      11.250000        1.028395
      11.350000        1.028571
      11.450000        1.024949
      11.550000        1.029156
      11.650000        1.030647
      11.750000        1.035626
      11.850000        1.039834
      11.950000        1.036630
      12.050000        1.042175
      12.150000        1.042951
      12.250000        1.046822
      12.350000        1.045140
      12.450000        1.052033
      12.550000        1.055448
      12.650000        1.054236
      12.750000        1.060854
      12.850000        1.059351
      12.950000        1.062910
      13.050000        1.064291
      13.150000        1.059119
      13.250000        1.066862
      13.350000        1.068620
      13.450000        1.071011
      13.550000        1.069737
      13.650000        1.069535
      13.750000        1.070208
      13.850000        1.073313
      13.950000        1.076721
      14.050000        1.080335
      14.150000        1.086401
      14.250000        1.081884
      14.350000        1.087054
      14.450000        1.091544
      14.550000        1.086866
      14.650000        1.090624
      14.750000        1.091204
      14.850000        1.090219
      14.950000        1.091915
      15.050000        1.094850
      15.150000        1.090926
      15.250000        1.097754
      15.350000        1.096015
      15.450000        1.096026
      15.550000        1.097772
      15.650000        1.101405
      15.750000        1.099673
      15.850000        1.099724
      15.950000        1.101667
      16.050000        1.100796
      16.150000        1.105810
      16.250000        1.104165
      16.350000        1.108298
      16.450000        1.104946
      16.550000        1.107374
      16.650000        1.107459
      16.750000        1.107300
      16.850000        1.110417
      16.950000        1.108472
      17.050000        1.109426
      17.150000        1.110750
      17.250000        1.111394
      17.350000        1.108500
      17.450000        1.109278
      17.550000        1.105631
      17.650000        1.108398
      17.750000        1.109648
      17.850000        1.109727
      17.950000        1.109594
      18.050000        1.109574
      18.150000        1.105942
      18.250000        1.109341
      18.350000        1.107471
      18.450000        1.110183
      18.550000        1.109730
      18.650000        1.108177
      18.750000        1.111042
      18.850000        1.107465
      18.950000        1.106400
      19.050000        1.107030
      19.150000        1.106313
      19.250000        1.106398
      19.350000        1.107627
      19.450000        1.104571
      19.550000        1.105315
      19.650000        1.102974
      19.750000        1.103267
      19.850000        1.101120
      19.950000        1.103146
      20.050000        1.101341
      20.150000        1.101791
      20.250000        1.103576
      20.350000        1.101479
      20.450000        1.099475
      20.550000        1.102462
      20.650000        1.101727
      20.750000        1.101654
      20.850000        1.096458
      20.950000        1.099821
      21.050000        1.100774
      21.150000        1.100577
      21.250000        1.097399
      21.350000        1.095517
      21.450000        1.095419
      21.550000        1.097312
      21.650000        1.099761
      21.750000        1.093778
      21.850000        1.093844
      21.950000        1.096708
      22.050000        1.095123
      22.150000        1.094160
      22.250000        1.093360
      22.350000        1.095102
      22.450000        1.093369
      22.550000        1.091353
      22.650000        1.092423
      22.750000        1.094521
      22.850000        1.094840
      22.950000        1.093695
      23.050000        1.091543
      23.150000        1.092619
      23.250000        1.092526
      23.350000        1.092410
      23.450000        1.092242
      23.550000        1.087832
      23.650000        1.089024
      23.750000        1.090487
      23.850000        1.090174
      23.950000        1.089803
      24.050000        1.091308
      24.150000        1.088849
      24.250000        1.091515
      24.350000        1.088810
      24.450000        1.089216
      24.550000        1.090813
      24.650000        1.087512
      24.750000        1.091183
      24.850000        1.091012
      24.950000        1.091387
      25.050000        1.090330
      25.150000        1.090837
      25.250000        1.088963
      25.350000        1.091699
      25.450000        1.091563
      25.550000        1.090429
      25.650000        1.089464
      25.750000        1.089935
      25.850000        1.092881
      25.950000        1.091926
      26.050000        1.093005
      26.150000        1.090228
      26.250000        1.092938
      26.350000        1.092037
      26.450000        1.093587
      26.550000        1.091707
      26.650000        1.093126
      26.750000        1.091875
      26.850000        1.092274
      26.950000        1.093671
      27.050000        1.092101
      27.150000        1.095838
      27.250000        1.095989
      27.350000        1.096362
      27.450000        1.094397
      27.550000        1.096098
      27.650000        1.096546
      27.750000        1.094266
      27.850000        1.096899
      27.950000        1.094448
      28.050000        1.097391
      28.150000        1.098339
      28.250000        1.096239
      28.350000        1.097063
      28.450000        1.098043
      28.550000        1.098330
      28.650000        1.096391
      28.750000        1.097953
      28.850000        1.096956
      28.950000        1.099141
      29.050000        1.096519
      29.150000        1.098579
      29.250000        1.096786
      29.350000        1.095470
      29.450000        1.098477
      29.550000        1.097254
      29.650000        1.099831
      29.750000        1.099019
      29.850000        1.098797
      29.950000        1.097033
      30.050000        1.096586
      30.150000        1.097946
      30.250000        1.099588
      30.350000        1.097957
      30.450000        1.098471
      30.550000        1.098899
      30.650000        1.098742
      30.750000        1.099761
      30.850000        1.097869
      30.950000        1.096126
      31.050000        1.098591
      31.150000        1.098644
      31.250000        1.097553
      31.350000        1.098228
      31.450000        1.097943
      31.550000        1.097529
      31.650000        1.097584
      31.750000        1.095596
      31.850000        1.097246
      31.950000        1.096647
      32.050000        1.098237
      32.150000        1.096343
      32.250000        1.096650
      32.350000        1.097882
      32.450000        1.095671
      32.550000        1.096224
      32.650000        1.096204
      32.750000        1.094878
      32.850000        1.095723
      32.950000        1.094441
      33.050000        1.093930
      33.150000        1.094311
      33.250000        1.092597
      33.350000        1.092014
      33.450000        1.092319
      33.550000        1.093204
      33.650000        1.092894
      33.750000        1.092761
      33.850000        1.093707
      33.950000        1.091642
      34.050000        1.092289
      34.150000        1.092011
      34.250000        1.091802
      34.350000        1.091747
      34.450000        1.092279
      34.550000        1.092149
      34.650000        1.090746
      34.750000        1.091183
      34.850000        1.089456
      34.950000        1.088195
      35.050000        1.088825
      35.150000        1.089662
      35.250000        1.090013
      35.350000        1.090153
      35.450000        1.089168
      35.550000        1.089333
      35.650000        1.089900
      35.750000        1.090054
      35.850000        1.089532
      35.950000        1.088418
      36.050000        1.089800
      36.150000        1.088786
      36.250000        1.090223
      36.350000        1.090659
      36.450000        1.089158
      36.550000        1.087930
      36.650000        1.087416
      36.750000        1.088265
      36.850000        1.088457
      36.950000        1.088862
      37.050000        1.088062
      37.150000        1.086340
      37.250000        1.086378
      37.350000        1.087109
      37.450000        1.088610
      37.550000        1.087245
      37.650000        1.086318
      37.750000        1.087529
      37.850000        1.088165
      37.950000        1.086906
      38.050000        1.086775
      38.150000        1.087292
      38.250000        1.087456
      38.350000        1.087211
      38.450000        1.087641
      38.550000        1.087080
      38.650000        1.084592
      38.750000        1.086287
      38.850000        1.085343
      38.950000        1.086164
      39.050000        1.086696
      39.150000        1.085552
      39.250000        1.084606
      39.350000        1.084467
      39.450000        1.084964
      39.550000        1.084349
      39.650000        1.083767
      39.750000        1.082451
      39.850000        1.083450
      39.950000        1.083957
      40.050000        1.084151
      40.150000        1.084213
      40.250000        1.083193
      40.350000        1.082224
      40.450000        1.082435
      40.550000        1.082176
      40.650000        1.082931
      40.750000        1.081623
      40.850000        1.082983
      40.950000        1.081749
      41.050000        1.081260
      41.150000        1.081766
      41.250000        1.081811
      41.350000        1.081377
      41.450000        1.080884
      41.550000        1.079489
      41.650000        1.080201
      41.750000        1.080020
      41.850000        1.079541
      41.950000        1.079301
      42.050000        1.079446
      42.150000        1.078772
      42.250000        1.077795
      42.350000        1.079122
      42.450000        1.078641
      42.550000        1.078690
      42.650000        1.077772
      42.750000        1.079006
      42.850000        1.078536
      42.950000        1.077793
      43.050000        1.078521
      43.150000        1.077961
      43.250000        1.077983
      43.350000        1.077105
      43.450000        1.078398
      43.550000        1.076967
      43.650000        1.077002
      43.750000        1.076362
      43.850000        1.075801
      43.950000        1.076888
      44.050000        1.076010
      44.150000        1.076160
      44.250000        1.077012
      44.350000        1.075161
      44.450000        1.076428
      44.550000        1.076411
      44.650000        1.075198
      44.750000        1.076383
      44.850000        1.075141
      44.950000        1.075040
      45.050000        1.074503
      45.150000        1.075745
      45.250000        1.075036
      45.350000        1.074764
      45.450000        1.073991
      45.550000        1.075106
      45.650000        1.075559
      45.750000        1.075119
      45.850000        1.074890
      45.950000        1.074861
      46.050000        1.075631
      46.150000        1.074058
      46.250000        1.074229
      46.350000        1.074411
      46.450000        1.074686
      46.550000        1.074016
      46.650000        1.075312
      46.750000        1.074558
      46.850000        1.074512
      46.950000        1.072901
      47.050000        1.073192
      47.150000        1.073691
      47.250000        1.073318
      47.350000        1.074183
      47.450000        1.073519
      47.550000        1.072758
      47.650000        1.071758
      47.750000        1.072956
      47.850000        1.073313
      47.950000        1.073695
      48.050000        1.072545
      48.150000        1.071990
      48.250000        1.072537
      48.350000        1.072550
      48.450000        1.072395
      48.550000        1.072881
      48.650000        1.072279
      48.750000        1.072096
      48.850000        1.072451
      48.950000        1.071178
      49.050000        1.071433
      49.150000        1.071640
      49.250000        1.071404
      49.350000        1.070956
      49.450000        1.071368
      49.550000        1.070663
      49.650000        1.071506
      49.750000        1.071229
      49.850000        1.072352
      49.950000        1.071381
      50.050000        1.071572
      50.150000        1.071613
      50.250000        1.071589
      50.350000        1.070891
      50.450000        1.070696
      50.550000        1.071177
      50.650000        1.071179
      50.750000        1.071575
      50.850000        1.069108
      50.950000        1.070249
      51.050000        1.070903
      51.150000        1.071054
      51.250000        1.069800
      51.350000        1.070881
      51.450000        1.070182
      51.550000        1.069960
      51.650000        1.068830
      51.750000        1.069287
      51.850000        1.068818
      51.950000        1.069149
      52.050000        1.068708
      52.150000        1.069067
      52.250000        1.069503
      52.350000        1.069310
      52.450000        1.068318
      52.550000        1.068266
      52.650000        1.068156
      52.750000        1.068744
      52.850000        1.068555
      52.950000        1.068049
      53.050000        1.068507
      53.150000        1.067773
      53.250000        1.067089
      53.350000        1.066452
      53.450000        1.068186
      53.550000        1.068655
      53.650000        1.067820
      53.750000        1.067926
      53.850000        1.066813
      53.950000        1.067369
      54.050000        1.068230
      54.150000        1.067468
      54.250000        1.065665
      54.350000        1.067056
      54.450000        1.067285
      54.550000        1.066714
      54.650000        1.067651
      54.750000        1.067020
      54.850000        1.066619
      54.950000        1.066279
      55.050000        1.065828
      55.150000        1.066558
      55.250000        1.066797
      55.350000        1.066772
      55.450000        1.067586
      55.550000        1.066231
      55.650000        1.066243
      55.750000        1.066683
      55.850000        1.065583
      55.950000        1.065758
      56.050000        1.065650
      56.150000        1.064720
      56.250000        1.066118
      56.350000        1.066312
      56.450000        1.065007
      56.550000        1.066574
      56.650000        1.065353
      56.750000        1.063774
      56.850000        1.065341
      56.950000        1.064244
      57.050000        1.065252
      57.150000        1.063735
      57.250000        1.064532
      57.350000        1.063971
      57.450000        1.064287
      57.550000        1.063923
      57.650000        1.063745
      57.750000        1.063446
      57.850000        1.062697
      57.950000        1.063823
      58.050000        1.063591
      58.150000        1.062890
      58.250000        1.062017
      58.350000        1.063077
      58.450000        1.063182
      58.550000        1.062404
      58.650000        1.062689
      58.750000        1.061572
      58.850000        1.061353
      58.950000        1.061026
      59.050000        1.060348
      59.150000        1.061037
      59.250000        1.061209
      59.350000        1.059502
      59.450000        1.060956
      59.550000        1.060183
      59.650000        1.059504
      59.750000        1.061159
      59.850000        1.059745
      59.950000        1.059897
      60.050000        1.059294
      60.150000        1.059867
      60.250000        1.059981
      60.350000        1.059610
      60.450000        1.059478
      60.550000        1.058838
      60.650000        1.058729
      60.750000        1.059363
      60.850000        1.057626
      60.950000        1.058184
      61.050000        1.058329
      61.150000        1.058485
      61.250000        1.058455
      61.350000        1.058262
      61.450000        1.058694
      61.550000        1.057650
      61.650000        1.057925
      61.750000        1.057281
      61.850000        1.057377
      61.950000        1.056654
      62.050000        1.057399
      62.150000        1.058616
      62.250000        1.056599
      62.350000        1.057349
      62.450000        1.057952
      62.550000        1.057019
      62.650000        1.056616
      62.750000        1.056048
      62.850000        1.057108
      62.950000        1.055930
      63.050000        1.056651
      63.150000        1.055454
      63.250000        1.056324
      63.350000        1.056350
      63.450000        1.056193
      63.550000        1.056598
      63.650000        1.056137
      63.750000        1.055411
      63.850000        1.055830
      63.950000        1.055316
      64.050000        1.056166
      64.150000        1.055090
      64.250000        1.055419
      64.350000        1.054622
      64.450000        1.055707
      64.550000        1.055647
      64.650000        1.054426
      64.750000        1.054761
      64.850000        1.054022
      64.950000        1.053963
      65.050000        1.054214
      65.150000        1.053827
      65.250000        1.054388
      65.350000        1.054066
      65.450000        1.053716
      65.550000        1.053476
      65.650000        1.053989
      65.750000        1.053825
      65.850000        1.053301
      65.950000        1.053264
      66.050000        1.053000
      66.150000        1.052655
      66.250000        1.051703
      66.350000        1.052479
      66.450000        1.051878
      66.550000        1.051943
      66.650000        1.051757
      66.750000        1.051221
      66.850000        1.051540
      66.950000        1.050946
      67.050000        1.050895
      67.150000        1.050728
      67.250000        1.050681
      67.350000        1.050553
      67.450000        1.050994
      67.550000        1.050507
      67.650000        1.051092
      67.750000        1.050487
      67.850000        1.050455
      67.950000        1.050213
      68.050000        1.050054
      68.150000        1.050739
      68.250000        1.049412
      68.350000        1.049631
      68.450000        1.049393
      68.550000        1.050207
      68.650000        1.048786
      68.750000        1.049105
      68.850000        1.049704
      68.950000        1.048917
      69.050000        1.048977
      69.150000        1.047808
      69.250000        1.047823
      69.350000        1.047888
      69.450000        1.048406
      69.550000        1.047949
      69.650000        1.047230
      69.750000        1.047726
      69.850000        1.047714
      69.950000        1.047283
      70.050000        1.047744
      70.150000        1.046367
      70.250000        1.046122
      70.350000        1.046717
      70.450000        1.046275
      70.550000        1.046426
      70.650000        1.046188
      70.750000        1.045798
      70.850000        1.046457
      70.950000        1.045393
      71.050000        1.045563
      71.150000        1.045525
      71.250000        1.044870
      71.350000        1.045218
      71.450000        1.045173
      71.550000        1.045012
      71.650000        1.045185
      71.750000        1.044921
      71.850000        1.044818
      71.950000        1.044951
      72.050000        1.044640
      72.150000        1.044700
      72.250000        1.043208
      72.350000        1.043178
      72.450000        1.044106
      72.550000        1.044063
      72.650000        1.043995
      72.750000        1.043363
      72.850000        1.043551
      72.950000        1.042384
      73.050000        1.043853
      73.150000        1.043016
      73.250000        1.041673
      73.350000        1.043416
      73.450000        1.042183
      73.550000        1.042059
      73.650000        1.042222
      73.750000        1.041530
      73.850000        1.041774
      73.950000        1.041473
      74.050000        1.042106
      74.150000        1.040519
      74.250000        1.041574
      74.350000        1.040975
      74.450000        1.040797
      74.550000        1.040901
      74.650000        1.040548
      74.750000        1.040819
      74.850000        1.040840
      74.950000        1.040686
      75.050000        1.040451
      75.150000        1.039744
      75.250000        1.039734
      75.350000        1.040079
      75.450000        1.040041
      75.550000        1.039910
      75.650000        1.039319
      75.750000        1.038615
      75.850000        1.039700
      75.950000        1.039790
      76.050000        1.039037
      76.150000        1.040056
      76.250000        1.039635
      76.350000        1.038845
      76.450000        1.038735
      76.550000        1.038749
      76.650000        1.038073
      76.750000        1.038558
      76.850000        1.038242
      76.950000        1.039377
      77.050000        1.037700
      77.150000        1.037670
      77.250000        1.037475
      77.350000        1.037304
      77.450000        1.037212
      77.550000        1.037373
      77.650000        1.036768
      77.750000        1.036887
      77.850000        1.036976
      77.950000        1.036034
      78.050000        1.035622
      78.150000        1.036075
      78.250000        1.036121
      78.350000        1.036426
      78.450000        1.035889
      78.550000        1.035386
      78.650000        1.034286
      78.750000        1.034944
      78.850000        1.035303
      78.950000        1.034664
      79.050000        1.034375
      79.150000        1.034032
      79.250000        1.034050
      79.350000        1.034131
      79.450000        1.033940
      79.550000        1.033472
      79.650000        1.033697
      79.750000        1.032855
      79.850000        1.032150
      79.950000        1.032610
      80.050000        1.033080
      80.150000        1.033082
      80.250000        1.032156
      80.350000        1.031395
      80.450000        1.031156
      80.550000        1.031057
      80.650000        1.030994
      80.750000        1.031153
      80.850000        1.030817
      80.950000        1.030690
      81.050000        1.031133
      81.150000        1.030085
      81.250000        1.030248
      81.350000        1.029631
      81.450000        1.028803
      81.550000        1.029087
      81.650000        1.029018
      81.750000        1.028228
      81.850000        1.030152
      81.950000        1.028857
      82.050000        1.028766
      82.150000        1.028768
      82.250000        1.027873
      82.350000        1.026821
      82.450000        1.027506
      82.550000        1.026862
      82.650000        1.026445
      82.750000        1.026565
      82.850000        1.026816
      82.950000        1.026174
      83.050000        1.026013
      83.150000        1.025559
      83.250000        1.025638
      83.350000        1.025571
      83.450000        1.025117
      83.550000        1.024900
      83.650000        1.025058
      83.750000        1.023785
      83.850000        1.024258
      83.950000        1.023790
      84.050000        1.023668
      84.150000        1.023040
      84.250000        1.023521
      84.350000        1.022816
      84.450000        1.023005
      84.550000        1.022839
      84.650000        1.022431
      84.750000        1.022196
      84.850000        1.021927
      84.950000        1.021565
      85.050000        1.021144
      85.150000        1.020870
      85.250000        1.021293
      85.350000        1.021211
      85.450000        1.019910
      85.550000        1.020694
      85.650000        1.020282
      85.750000        1.020323
      85.850000        1.019729
      85.950000        1.020487
      86.050000        1.019532
      86.150000        1.019652
      86.250000        1.018876
      86.350000        1.018478
      86.450000        1.018845
      86.550000        1.018878
      86.650000        1.018540
      86.750000        1.018605
      86.850000        1.017921
      86.950000        1.017642
      87.050000        1.017607
      87.150000        1.018053
      87.250000        1.016869
      87.350000        1.017409
      87.450000        1.017171
      87.550000        1.016361
      87.650000        1.017034
      87.750000        1.016155
      87.850000        1.016234
      87.950000        1.016015
      88.050000        1.015705
      88.150000        1.016165
      88.250000        1.015351
      88.350000        1.014752
      88.450000        1.014815
      88.550000        1.014781
      88.650000        1.014282
      88.750000        1.014001
      88.850000        1.014452
      88.950000        1.014052
      89.050000        1.013873
      89.150000        1.014238
      89.250000        1.013220
      89.350000        1.013857
      89.450000        1.013219
      89.550000        1.013228
      89.650000        1.012894
      89.750000        1.012939
      89.850000        1.012315
      89.950000        1.012589
      90.050000        1.012308
      90.150000        1.012660
      90.250000        1.011447
      90.350000        1.011699
      90.450000        1.011973
      90.550000        1.011655
      90.650000        1.010804
      90.750000        1.010962
      90.850000        1.011200
      90.950000        1.010673
      91.050000        1.010579
      91.150000        1.010790
      91.250000        1.010138
      91.350000        1.010145
      91.450000        1.009933
      91.550000        1.009503
      91.650000        1.008988
      91.750000        1.009975
      91.850000        1.009777
      91.950000        1.008679
      92.050000        1.009155
      92.150000        1.008949
      92.250000        1.008830
      92.350000        1.008034
      92.450000        1.008403
      92.550000        1.008628
      92.650000        1.007958
      92.750000        1.008019
      92.850000        1.007445
      92.950000        1.007871
      93.050000        1.006849
      93.150000        1.007213
      93.250000        1.007361
      93.350000        1.007509
      93.450000        1.007001
      93.550000        1.006698
      93.650000        1.006782
      93.750000        1.006497
      93.850000        1.006673
      93.950000        1.005882
      94.050000        1.005972
      94.150000        1.006361
      94.250000        1.005820
      94.350000        1.005386
      94.450000        1.005095
      94.550000        1.004767
      94.650000        1.005360
      94.750000        1.004524
      94.850000        1.005203
      94.950000        1.004463
      95.050000        1.003900
      95.150000        1.004704
      95.250000        1.004182
      95.350000        1.003634
      95.450000        1.002303
      95.550000        1.001353
      95.650000        1.000275
      95.750000        0.998561
      95.850000        0.997892
      95.950000        0.996394
      96.050000        0.995680
      96.150000        0.993894
      96.250000        0.992295
      96.350000        0.991605
      96.450000        0.990238
      96.550000        0.989086
      96.650000        0.988260
      96.750000        0.987197
      96.850000        0.985545
      96.950000        0.984523
      97.050000        0.984294
      97.150000        0.982317
      97.250000        0.980779
      97.350000        0.979906
      97.450000        0.978792
      97.550000        0.977110
      97.650000        0.976531
      97.750000        0.975548
      97.850000        0.973576
      97.950000        0.972926
      98.050000        0.972064
      98.150000        0.970626
      98.250000        0.969288
      98.350000        0.968290
      98.450000        0.966844
      98.550000        0.965586
      98.650000        0.964496
      98.750000        0.963038
      98.850000        0.961862
      98.950000        0.960793
      99.050000        0.959812
      99.150000        0.959142
      99.250000        0.957691
      99.350000        0.956431
      99.450000        0.955293
      99.550000        0.954337
      99.650000        0.953234
      99.750000        0.952048
      99.850000        0.950462
      99.950000        0.949789
