#Distance_(Ang) :1-1276_=>_:Na+
       0.050000        0.000000
       0.150000        0.000000
       0.250000        0.000000
       0.350000        0.000000
       0.450000        0.000000
       0.550000        0.000000
       0.650000        0.000000
       0.750000        0.000000
       0.850000        0.000000
       0.950000        0.000000
       1.050000        0.000000
       1.150000        0.000000
       1.250000        0.000000
       1.350000        0.000000
       1.450000        0.000000
       1.550000        0.000000
       1.650000        0.000000
       1.750000        0.000000
       1.850000        0.000000
       1.950000        0.003011
       2.050000        0.114433
       2.150000        0.600600
       2.250000        0.764501
       2.350000        0.502257
       2.450000        0.245797
       2.550000        0.173934
       2.650000        0.144373
       2.750000        0.125562
       2.850000        0.145320
       2.950000        0.184626
       3.050000        0.243360
       3.150000        0.326075
       3.250000        0.390884
       3.350000        0.471588
       3.450000        0.505779
       3.550000        0.476569
       3.650000        0.457824
       3.750000        0.470567
       3.850000        0.523403
       3.950000        0.571031
       4.050000        0.639530
       4.150000        0.708413
       4.250000        0.774084
       4.350000        0.803614
       4.450000        0.838191
       4.550000        0.851922
       4.650000        0.854420
       4.750000        0.816365
       4.850000        0.816304
       4.950000        0.810873
       5.050000        0.823638
       5.150000        0.830293
       5.250000        0.861417
       5.350000        0.858848
       5.450000        0.870210
       5.550000        0.890241
       5.650000        0.905976
       5.750000        0.924991
       5.850000        0.941234
       5.950000        0.941340
       6.050000        0.954041
       6.150000        0.952592
       6.250000        0.958167
       6.350000        0.969649
       6.450000        0.966391
       6.550000        0.962324
       6.650000        0.960054
       6.750000        0.969503
       6.850000        0.970278
       6.950000        0.961124
       7.050000        0.960107
       7.150000        0.965973
       7.250000        0.966728
       7.350000        0.966187
       7.450000        0.964787
       7.550000        0.970370
       7.650000        0.972775
       7.750000        0.972019
       7.850000        0.977305
       7.950000        0.979343
       8.050000        0.980231
       8.150000        0.990727
       8.250000        0.991487
       8.350000        0.991180
       8.450000        0.998629
       8.550000        0.988337
       8.650000        0.996394
       8.750000        0.995715
       8.850000        0.996927
       8.950000        1.004204
       9.050000        0.992450
       9.150000        1.004378
       9.250000        1.000427
       9.350000        1.003790
       9.450000        1.007084
       9.550000        1.009141
       9.650000        1.012817
       9.750000        1.012276
       9.850000        1.010840
       9.950000        1.017114
      10.050000        1.017785
      10.150000        1.016282
      10.250000        1.020136
      10.350000        1.023578
      10.450000        1.018361
      10.550000        1.024047
      10.650000        1.028091
      10.750000        1.024078
      10.850000        1.030058
      10.950000        1.024070
      11.050000        1.020691
      11.150000        1.031616
      11.250000        1.030593
      11.350000        1.030860
      11.450000        1.026694
      11.550000        1.026750
      11.650000        1.032898
      11.750000        1.031331
      11.850000        1.034795
      11.950000        1.035038
      12.050000        1.039668
      12.150000        1.038737
      12.250000        1.047079
      12.350000        1.048426
      12.450000        1.049202
      12.550000        1.052583
      12.650000        1.059212
      12.750000        1.057684
      12.850000        1.056790
      12.950000        1.055141
      13.050000        1.061094
      13.150000        1.064269
      13.250000        1.065607
      13.350000        1.068402
      13.450000        1.067125
      13.550000        1.067607
      13.650000        1.072258
      13.750000        1.070600
      13.850000        1.077428
      13.950000        1.073408
      14.050000        1.077145
      14.150000        1.080506
      14.250000        1.079173
      14.350000        1.086884
      14.450000        1.084934
      14.550000        1.085960
      14.650000        1.086294
      14.750000        1.090294
      14.850000        1.091024
      14.950000        1.095329
      15.050000        1.094956
      15.150000        1.096715
      15.250000        1.100175
      15.350000        1.097583
      15.450000        1.103700
      15.550000        1.101074
      15.650000        1.101180
      15.750000        1.103783
      15.850000        1.107545
      15.950000        1.106122
      16.050000        1.104166
      16.150000        1.106923
      16.250000        1.109248
      16.350000        1.109812
      16.450000        1.111560
      16.550000        1.111200
      16.650000        1.115507
      16.750000        1.116486
      16.850000        1.115303
      16.950000        1.117569
      17.050000        1.114692
      17.150000        1.117153
      17.250000        1.116459
      17.350000        1.118189
      17.450000        1.116299
      17.550000        1.118141
      17.650000        1.119302
      17.750000        1.119487
      17.850000        1.119899
      17.950000        1.122062
      18.050000        1.121772
      18.150000        1.118877
      18.250000        1.121932
      18.350000        1.119556
      18.450000        1.119932
      18.550000        1.122516
      18.650000        1.119010
      18.750000        1.121434
      18.850000        1.122224
      18.950000        1.119454
      19.050000        1.118527
      19.150000        1.117686
      19.250000        1.120470
      19.350000        1.117705
      19.450000        1.121464
      19.550000        1.116926
      19.650000        1.120814
      19.750000        1.119026
      19.850000        1.120266
      19.950000        1.119748
      20.050000        1.118174
      20.150000        1.116990
      20.250000        1.117451
      20.350000        1.122899
      20.450000        1.117666
      20.550000        1.121763
      20.650000        1.120228
      20.750000        1.118429
      20.850000        1.118549
      20.950000        1.121459
      21.050000        1.121040
      21.150000        1.120219
      21.250000        1.120597
      21.350000        1.119609
      21.450000        1.122624
      21.550000        1.120102
      21.650000        1.116108
      21.750000        1.116564
      21.850000        1.119765
      21.950000        1.116768
      22.050000        1.121872
      22.150000        1.115838
      22.250000        1.118068
      22.350000        1.115923
      22.450000        1.116381
      22.550000        1.115267
      22.650000        1.116684
      22.750000        1.115947
      22.850000        1.117192
      22.950000        1.114765
      23.050000        1.115161
      23.150000        1.113762
      23.250000        1.117396
      23.350000        1.111888
      23.450000        1.113253
      23.550000        1.114265
      23.650000        1.115074
      23.750000        1.111026
      23.850000        1.112363
      23.950000        1.110717
      24.050000        1.112859
      24.150000        1.114582
      24.250000        1.112914
      24.350000        1.113563
      24.450000        1.112520
      24.550000        1.113368
      24.650000        1.113737
      24.750000        1.111998
      24.850000        1.113371
      24.950000        1.113239
      25.050000        1.111254
      25.150000        1.110784
      25.250000        1.114570
      25.350000        1.114588
      25.450000        1.114855
      25.550000        1.115423
      25.650000        1.113816
      25.750000        1.114052
      25.850000        1.114965
      25.950000        1.115952
      26.050000        1.115994
      26.150000        1.115599
      26.250000        1.114218
      26.350000        1.115844
      26.450000        1.115006
      26.550000        1.114484
      26.650000        1.116726
      26.750000        1.115760
      26.850000        1.117797
      26.950000        1.116665
      27.050000        1.115279
      27.150000        1.118141
      27.250000        1.115727
      27.350000        1.117053
      27.450000        1.119360
      27.550000        1.116342
      27.650000        1.115820
      27.750000        1.115947
      27.850000        1.116705
      27.950000        1.116111
      28.050000        1.117201
      28.150000        1.114949
      28.250000        1.118987
      28.350000        1.118797
      28.450000        1.118140
      28.550000        1.119181
      28.650000        1.116925
      28.750000        1.120910
      28.850000        1.120413
      28.950000        1.119031
      29.050000        1.118465
      29.150000        1.120450
      29.250000        1.118894
      29.350000        1.120881
      29.450000        1.122040
      29.550000        1.121652
      29.650000        1.120019
      29.750000        1.122077
      29.850000        1.121384
      29.950000        1.120319
      30.050000        1.121198
      30.150000        1.122101
      30.250000        1.121851
      30.350000        1.120756
      30.450000        1.123307
      30.550000        1.121207
      30.650000        1.122255
      30.750000        1.122314
      30.850000        1.122686
      30.950000        1.121609
      31.050000        1.119338
      31.150000        1.121252
      31.250000        1.122401
      31.350000        1.121363
      31.450000        1.119424
      31.550000        1.120311
      31.650000        1.121110
      31.750000        1.119785
      31.850000        1.120223
      31.950000        1.120399
      32.050000        1.121016
      32.150000        1.118597
      32.250000        1.118055
      32.350000        1.119203
      32.450000        1.118783
      32.550000        1.116512
      32.650000        1.117703
      32.750000        1.117776
      32.850000        1.117699
      32.950000        1.117048
      33.050000        1.116234
      33.150000        1.115743
      33.250000        1.114495
      33.350000        1.116194
      33.450000        1.114947
      33.550000        1.113884
      33.650000        1.113158
      33.750000        1.115403
      33.850000        1.114250
      33.950000        1.113903
      34.050000        1.113607
      34.150000        1.112138
      34.250000        1.112234
      34.350000        1.112279
      34.450000        1.110699
      34.550000        1.111136
      34.650000        1.110197
      34.750000        1.109007
      34.850000        1.110358
      34.950000        1.108548
      35.050000        1.109581
      35.150000        1.108081
      35.250000        1.109241
      35.350000        1.107899
      35.450000        1.106378
      35.550000        1.108200
      35.650000        1.107519
      35.750000        1.105898
      35.850000        1.106493
      35.950000        1.105770
      36.050000        1.103416
      36.150000        1.104969
      36.250000        1.105164
      36.350000        1.105342
      36.450000        1.104235
      36.550000        1.102708
      36.650000        1.103946
      36.750000        1.103203
      36.850000        1.103787
      36.950000        1.102879
      37.050000        1.102486
      37.150000        1.101802
      37.250000        1.102414
      37.350000        1.101483
      37.450000        1.101122
      37.550000        1.102448
      37.650000        1.100521
      37.750000        1.101033
      37.850000        1.098879
      37.950000        1.100449
      38.050000        1.099749
      38.150000        1.097962
      38.250000        1.099053
      38.350000        1.098536
      38.450000        1.097623
      38.550000        1.098727
      38.650000        1.097783
      38.750000        1.097988
      38.850000        1.096701
      38.950000        1.097538
      39.050000        1.095893
      39.150000        1.096923
      39.250000        1.095441
      39.350000        1.094757
      39.450000        1.096265
      39.550000        1.094608
      39.650000        1.094479
      39.750000        1.094636
      39.850000        1.095093
      39.950000        1.094734
      40.050000        1.096033
      40.150000        1.095527
      40.250000        1.093767
      40.350000        1.093719
      40.450000        1.093569
      40.550000        1.094915
      40.650000        1.093316
      40.750000        1.093184
      40.850000        1.093216
      40.950000        1.092678
      41.050000        1.092987
      41.150000        1.093513
      41.250000        1.093392
      41.350000        1.091432
      41.450000        1.092946
      41.550000        1.093268
      41.650000        1.092565
      41.750000        1.091686
      41.850000        1.090356
      41.950000        1.092159
      42.050000        1.091768
      42.150000        1.090552
      42.250000        1.090969
      42.350000        1.090472
      42.450000        1.090411
      42.550000        1.090912
      42.650000        1.089902
      42.750000        1.090251
      42.850000        1.088463
      42.950000        1.088889
      43.050000        1.089766
      43.150000        1.090037
      43.250000        1.087477
      43.350000        1.088202
      43.450000        1.087436
      43.550000        1.088918
      43.650000        1.086691
      43.750000        1.086706
      43.850000        1.087762
      43.950000        1.085799
      44.050000        1.086532
      44.150000        1.086222
      44.250000        1.086847
      44.350000        1.085021
      44.450000        1.084519
      44.550000        1.084231
      44.650000        1.084572
      44.750000        1.083522
      44.850000        1.082690
      44.950000        1.083614
      45.050000        1.082562
      45.150000        1.083135
      45.250000        1.081962
      45.350000        1.083586
      45.450000        1.082640
      45.550000        1.082442
      45.650000        1.081486
      45.750000        1.081361
      45.850000        1.081595
      45.950000        1.080705
      46.050000        1.080377
      46.150000        1.081560
      46.250000        1.080478
      46.350000        1.081325
      46.450000        1.079628
      46.550000        1.080712
      46.650000        1.079775
      46.750000        1.079904
      46.850000        1.078499
      46.950000        1.079130
      47.050000        1.079270
      47.150000        1.078168
      47.250000        1.078815
      47.350000        1.078647
      47.450000        1.078448
      47.550000        1.079108
      47.650000        1.078399
      47.750000        1.077891
      47.850000        1.078431
      47.950000        1.076869
      48.050000        1.077678
      48.150000        1.077036
      48.250000        1.076999
      48.350000        1.076173
      48.450000        1.076307
      48.550000        1.076849
      48.650000        1.075993
      48.750000        1.075610
      48.850000        1.075989
      48.950000        1.075344
      49.050000        1.075408
      49.150000        1.074211
      49.250000        1.074256
      49.350000        1.075536
      49.450000        1.074814
      49.550000        1.075236
      49.650000        1.075241
      49.750000        1.074413
      49.850000        1.073577
      49.950000        1.074463
      50.050000        1.073120
      50.150000        1.073932
      50.250000        1.073845
      50.350000        1.073841
      50.450000        1.073244
      50.550000        1.072900
      50.650000        1.073518
      50.750000        1.073116
      50.850000        1.073198
      50.950000        1.073965
      51.050000        1.073711
      51.150000        1.073292
      51.250000        1.072529
      51.350000        1.071961
      51.450000        1.072837
      51.550000        1.073326
      51.650000        1.072947
      51.750000        1.072473
      51.850000        1.072234
      51.950000        1.072045
      52.050000        1.071774
      52.150000        1.071399
      52.250000        1.071971
      52.350000        1.071509
      52.450000        1.071483
      52.550000        1.072288
      52.650000        1.070562
      52.750000        1.071231
      52.850000        1.071339
      52.950000        1.070640
      53.050000        1.070777
      53.150000        1.070349
      53.250000        1.070406
      53.350000        1.070899
      53.450000        1.069589
      53.550000        1.070121
      53.650000        1.069915
      53.750000        1.069526
      53.850000        1.068936
      53.950000        1.069379
      54.050000        1.069109
      54.150000        1.069755
      54.250000        1.068801
      54.350000        1.068943
      54.450000        1.069015
      54.550000        1.069346
      54.650000        1.068536
      54.750000        1.069029
      54.850000        1.068613
      54.950000        1.067894
      55.050000        1.067332
      55.150000        1.067643
      55.250000        1.068494
      55.350000        1.067926
      55.450000        1.068207
      55.550000        1.067114
      55.650000        1.067651
      55.750000        1.068522
      55.850000        1.067419
      55.950000        1.067632
      56.050000        1.066405
      56.150000        1.067382
      56.250000        1.065772
      56.350000        1.067215
      56.450000        1.066911
      56.550000        1.066951
      56.650000        1.066201
      56.750000        1.067501
      56.850000        1.066379
      56.950000        1.066838
      57.050000        1.066429
      57.150000        1.066175
      57.250000        1.064953
      57.350000        1.065481
      57.450000        1.065041
      57.550000        1.065757
      57.650000        1.066394
      57.750000        1.066200
      57.850000        1.064491
      57.950000        1.065165
      58.050000        1.063629
      58.150000        1.063506
      58.250000        1.064609
      58.350000        1.063198
      58.450000        1.063722
      58.550000        1.063539
      58.650000        1.064177
      58.750000        1.063627
      58.850000        1.063239
      58.950000        1.062885
      59.050000        1.063218
      59.150000        1.063763
      59.250000        1.063905
      59.350000        1.062159
      59.450000        1.061916
      59.550000        1.062837
      59.650000        1.062896
      59.750000        1.061465
      59.850000        1.061717
      59.950000        1.062288
      60.050000        1.062446
      60.150000        1.061337
      60.250000        1.060868
      60.350000        1.060951
      60.450000        1.059857
      60.550000        1.060542
      60.650000        1.059980
      60.750000        1.059522
      60.850000        1.060099
      60.950000        1.059485
      61.050000        1.059955
      61.150000        1.059667
      61.250000        1.059693
      61.350000        1.059544
      61.450000        1.060317
      61.550000        1.059736
      61.650000        1.059460
      61.750000        1.059540
      61.850000        1.058883
      61.950000        1.057312
      62.050000        1.059349
      62.150000        1.058928
      62.250000        1.058777
      62.350000        1.057596
      62.450000        1.058721
      62.550000        1.057733
      62.650000        1.057173
      62.750000        1.058051
      62.850000        1.057160
      62.950000        1.057565
      63.050000        1.057428
      63.150000        1.057844
      63.250000        1.057385
      63.350000        1.056721
      63.450000        1.057076
      63.550000        1.056353
      63.650000        1.056821
      63.750000        1.056119
      63.850000        1.056986
      63.950000        1.056812
      64.050000        1.057059
      64.150000        1.056705
      64.250000        1.055460
      64.350000        1.056051
      64.450000        1.056489
      64.550000        1.056339
      64.650000        1.054919
      64.750000        1.056229
      64.850000        1.054718
      64.950000        1.055686
      65.050000        1.055468
      65.150000        1.055016
      65.250000        1.054313
      65.350000        1.054351
      65.450000        1.053708
      65.550000        1.054314
      65.650000        1.054012
      65.750000        1.053944
      65.850000        1.053639
      65.950000        1.053511
      66.050000        1.054097
      66.150000        1.053783
      66.250000        1.054056
      66.350000        1.053242
      66.450000        1.053356
      66.550000        1.052425
      66.650000        1.052998
      66.750000        1.052304
      66.850000        1.052773
      66.950000        1.052211
      67.050000        1.052058
      67.150000        1.051811
      67.250000        1.052203
      67.350000        1.051549
      67.450000        1.052180
      67.550000        1.051455
      67.650000        1.051266
      67.750000        1.050427
      67.850000        1.050851
      67.950000        1.050901
      68.050000        1.050647
      68.150000        1.050553
      68.250000        1.050463
      68.350000        1.050157
      68.450000        1.050041
      68.550000        1.049371
      68.650000        1.049398
      68.750000        1.049290
      68.850000        1.048515
      68.950000        1.049069
      69.050000        1.049099
      69.150000        1.048773
      69.250000        1.047967
      69.350000        1.048497
      69.450000        1.046825
      69.550000        1.047977
      69.650000        1.047862
      69.750000        1.047071
      69.850000        1.047438
      69.950000        1.046349
      70.050000        1.046328
      70.150000        1.046568
      70.250000        1.046365
      70.350000        1.046454
      70.450000        1.046218
      70.550000        1.045731
      70.650000        1.045503
      70.750000        1.045657
      70.850000        1.045255
      70.950000        1.045242
      71.050000        1.045465
      71.150000        1.044880
      71.250000        1.045763
      71.350000        1.045171
      71.450000        1.044420
      71.550000        1.044690
      71.650000        1.044261
      71.750000        1.043697
      71.850000        1.044510
      71.950000        1.043917
      72.050000        1.043648
      72.150000        1.042313
      72.250000        1.043715
      72.350000        1.043674
      72.450000        1.043497
      72.550000        1.043122
      72.650000        1.042689
      72.750000        1.042429
      72.850000        1.042592
      72.950000        1.042261
      73.050000        1.042190
      73.150000        1.041602
      73.250000        1.041141
      73.350000        1.041619
      73.450000        1.041679
      73.550000        1.040915
      73.650000        1.041957
      73.750000        1.041583
      73.850000        1.041211
      73.950000        1.041465
      74.050000        1.040476
      74.150000        1.041784
      74.250000        1.040332
      74.350000        1.039855
      74.450000        1.040114
      74.550000        1.040696
      74.650000        1.040183
      74.750000        1.039014
      74.850000        1.039897
      74.950000        1.039641
      75.050000        1.040146
      75.150000        1.038873
      75.250000        1.039894
      75.350000        1.038979
      75.450000        1.039421
      75.550000        1.039394
      75.650000        1.038596
      75.750000        1.038365
      75.850000        1.038616
      75.950000        1.037947
      76.050000        1.039399
      76.150000        1.038355
      76.250000        1.038422
      76.350000        1.037736
      76.450000        1.037715
      76.550000        1.037490
      76.650000        1.037172
      76.750000        1.037514
      76.850000        1.036908
      76.950000        1.036460
      77.050000        1.037282
      77.150000        1.037286
      77.250000        1.036630
      77.350000        1.036246
      77.450000        1.036986
      77.550000        1.036609
      77.650000        1.036058
      77.750000        1.035934
      77.850000        1.036042
      77.950000        1.035838
      78.050000        1.035769
      78.150000        1.036205
      78.250000        1.036094
      78.350000        1.035595
      78.450000        1.035048
      78.550000        1.034737
      78.650000        1.034959
      78.750000        1.034824
      78.850000        1.034552
      78.950000        1.034484
      79.050000        1.034902
      79.150000        1.034418
      79.250000        1.034345
      79.350000        1.034349
      79.450000        1.034136
      79.550000        1.032771
      79.650000        1.033557
      79.750000        1.033106
      79.850000        1.032784
      79.950000        1.033241
      80.050000        1.032914
      80.150000        1.033057
      80.250000        1.032764
      80.350000        1.032158
      80.450000        1.032300
      80.550000        1.031482
      80.650000        1.031551
      80.750000        1.031371
      80.850000        1.031051
      80.950000        1.031489
      81.050000        1.031222
      81.150000        1.031443
      81.250000        1.031211
      81.350000        1.030567
      81.450000        1.030233
      81.550000        1.030057
      81.650000        1.029173
      81.750000        1.029659
      81.850000        1.029106
      81.950000        1.028566
      82.050000        1.028623
      82.150000        1.028863
      82.250000        1.028513
      82.350000        1.028122
      82.450000        1.027782
      82.550000        1.027192
      82.650000        1.028034
      82.750000        1.027562
      82.850000        1.027286
      82.950000        1.026892
      83.050000        1.026806
      83.150000        1.026653
      83.250000        1.025943
      83.350000        1.025821
      83.450000        1.025327
      83.550000        1.025561
      83.650000        1.025069
      83.750000        1.025635
      83.850000        1.025234
      83.950000        1.024618
      84.050000        1.024299
      84.150000        1.024667
      84.250000        1.024278
      84.350000        1.024876
      84.450000        1.023600
      84.550000        1.023278
      84.650000        1.023569
      84.750000        1.022692
      84.850000        1.022955
      84.950000        1.023587
      85.050000        1.022511
      85.150000        1.022409
      85.250000        1.021864
      85.350000        1.021649
      85.450000        1.022021
      85.550000        1.021217
      85.650000        1.021424
      85.750000        1.020999
      85.850000        1.021229
      85.950000        1.021433
      86.050000        1.020172
      86.150000        1.020714
      86.250000        1.020740
      86.350000        1.020380
      86.450000        1.020462
      86.550000        1.019957
      86.650000        1.020041
      86.750000        1.019066
      86.850000        1.019408
      86.950000        1.019290
      87.050000        1.019047
      87.150000        1.018578
      87.250000        1.017819
      87.350000        1.019010
      87.450000        1.018269
      87.550000        1.018028
      87.650000        1.017807
      87.750000        1.017664
      87.850000        1.017725
      87.950000        1.017576
      88.050000        1.016713
      88.150000        1.017212
      88.250000        1.017720
      88.350000        1.016682
      88.450000        1.016551
      88.550000        1.016540
      88.650000        1.016517
      88.750000        1.016964
      88.850000        1.015739
      88.950000        1.015665
      89.050000        1.015121
      89.150000        1.015781
      89.250000        1.014762
      89.350000        1.015472
      89.450000        1.015641
      89.550000        1.014661
      89.650000        1.014649
      89.750000        1.014172
      89.850000        1.014217
      89.950000        1.014513
      90.050000        1.013974
      90.150000        1.014055
      90.250000        1.014663
      90.350000        1.013898
      90.450000        1.013867
      90.550000        1.013422
      90.650000        1.013043
      90.750000        1.013110
      90.850000        1.012992
      90.950000        1.011969
      91.050000        1.012724
      91.150000        1.013104
      91.250000        1.012007
      91.350000        1.012219
      91.450000        1.012478
      91.550000        1.012061
      91.650000        1.011838
      91.750000        1.011498
      91.850000        1.011200
      91.950000        1.011112
      92.050000        1.011327
      92.150000        1.011323
      92.250000        1.011350
      92.350000        1.010466
      92.450000        1.010630
      92.550000        1.010250
      92.650000        1.009972
      92.750000        1.010225
      92.850000        1.010240
      92.950000        1.009423
      93.050000        1.010273
      93.150000        1.009270
      93.250000        1.009202
      93.350000        1.009527
      93.450000        1.009337
      93.550000        1.009440
      93.650000        1.009159
      93.750000        1.009011
      93.850000        1.008438
      93.950000        1.008676
      94.050000        1.008232
      94.150000        1.008052
      94.250000        1.008189
      94.350000        1.008256
      94.450000        1.007700
      94.550000        1.008117
      94.650000        1.007938
      94.750000        1.007689
      94.850000        1.007080
      94.950000        1.007286
      95.050000        1.007480
      95.150000        1.006510
      95.250000        1.005889
      95.350000        1.006180
      95.450000        1.004815
      95.550000        1.004197
      95.650000        1.003119
      95.750000        1.002169
      95.850000        1.000458
      95.950000        0.999321
      96.050000        0.997956
      96.150000        0.996884
      96.250000        0.996047
      96.350000        0.995102
      96.450000        0.993493
      96.550000        0.992478
      96.650000        0.990661
      96.750000        0.990188
      96.850000        0.989153
      96.950000        0.987553
      97.050000        0.986198
      97.150000        0.986129
      97.250000        0.983920
      97.350000        0.983185
      97.450000        0.981697
      97.550000        0.980679
      97.650000        0.979184
      97.750000        0.978427
      97.850000        0.977071
      97.950000        0.976517
      98.050000        0.975396
      98.150000        0.974186
      98.250000        0.972856
      98.350000        0.971384
      98.450000        0.971143
      98.550000        0.969468
      98.650000        0.968924
      98.750000        0.967494
      98.850000        0.966223
      98.950000        0.964704
      99.050000        0.963727
      99.150000        0.962476
      99.250000        0.962072
      99.350000        0.960623
      99.450000        0.959769
      99.550000        0.958511
      99.650000        0.957069
      99.750000        0.956536
      99.850000        0.954957
      99.950000        0.953699
