#Distance_(Ang) :1-1276_=>_:CA
       0.050000       0.000000
       0.150000       0.000000
       0.250000       0.000000
       0.350000       0.000000
       0.450000       0.000000
       0.550000       0.000000
       0.650000       0.000000
       0.750000       0.000000
       0.850000       0.000000
       0.950000       0.000000
       1.050000       0.000000
       1.150000       0.000000
       1.250000       0.000000
       1.350000       0.000000
       1.450000       0.000000
       1.550000       0.000000
       1.650000       0.000000
       1.750000       0.000000
       1.850000       0.000000
       1.950000       0.000000
       2.050000       0.000000
       2.150000       0.102154
       2.250000       6.641653
       2.350000      21.673215
       2.450000      14.412917
       2.550000       4.616939
       2.650000       1.740926
       2.750000       4.341076
       2.850000       4.266838
       2.950000       1.112444
       3.050000       0.439971
       3.150000       0.615197
       3.250000       1.140117
       3.350000       2.131335
       3.450000       3.228552
       3.550000       3.938191
       3.650000       4.495388
       3.750000       4.691695
       3.850000       4.289482
       3.950000       4.342987
       4.050000       5.484954
       4.150000       6.932080
       4.250000       9.186108
       4.350000      10.761124
       4.450000      10.959098
       4.550000      11.798626
       4.650000      13.108286
       4.750000      14.080520
       4.850000      13.857244
       4.950000      12.829018
       5.050000      12.238878
       5.150000      12.407931
       5.250000      12.140304
       5.350000      11.889024
       5.450000      11.780050
       5.550000      11.754049
       5.650000      11.798108
       5.750000      11.849743
       5.850000      11.978384
       5.950000      12.133754
       6.050000      12.357693
       6.150000      12.631529
       6.250000      12.729404
       6.350000      12.774119
       6.450000      12.908350
       6.550000      13.159163
       6.650000      13.252506
       6.750000      13.297342
       6.850000      13.498329
       6.950000      13.400947
       7.050000      13.294822
       7.150000      13.180454
       7.250000      12.965294
       7.350000      12.804320
       7.450000      12.594628
       7.550000      12.485840
       7.650000      12.393642
       7.750000      12.412099
       7.850000      12.351371
       7.950000      12.381637
       8.050000      12.347346
       8.150000      12.386712
       8.250000      12.458717
       8.350000      12.482847
       8.450000      12.454948
       8.550000      12.624971
       8.650000      12.596122
       8.750000      12.677236
       8.850000      12.706374
       8.950000      12.708669
       9.050000      12.635146
       9.150000      12.486151
       9.250000      12.443033
       9.350000      12.333465
       9.450000      12.222982
       9.550000      12.045735
       9.650000      12.047862
       9.750000      11.925281
       9.850000      11.917669
       9.950000      11.830123
      10.050000      11.802048
      10.150000      11.708511
      10.250000      11.706267
      10.350000      11.652936
      10.450000      11.656516
      10.550000      11.637830
      10.650000      11.506517
      10.750000      11.511784
      10.850000      11.507770
      10.950000      11.428456
      11.050000      11.421887
      11.150000      11.430879
      11.250000      11.319648
      11.350000      11.288961
      11.450000      11.294973
      11.550000      11.219756
      11.650000      11.225353
      11.750000      11.247822
      11.850000      11.172394
      11.950000      11.193938
      12.050000      11.201124
      12.150000      11.183630
      12.250000      11.195985
      12.350000      11.150280
      12.450000      11.108372
      12.550000      11.078762
      12.650000      11.094662
      12.750000      11.115212
      12.850000      11.128219
      12.950000      11.123594
      13.050000      11.071121
      13.150000      11.073221
      13.250000      11.057408
      13.350000      10.998178
      13.450000      11.029890
      13.550000      11.033034
      13.650000      11.063676
      13.750000      11.010197
      13.850000      11.019341
      13.950000      10.985878
      14.050000      10.986453
      14.150000      10.977789
      14.250000      10.945802
      14.350000      10.974544
      14.450000      10.950887
      14.550000      10.996619
      14.650000      10.974925
      14.750000      11.000484
      14.850000      10.984542
      14.950000      11.011008
      15.050000      10.959928
      15.150000      10.999008
      15.250000      11.011642
      15.350000      10.952191
      15.450000      10.983780
      15.550000      10.969705
      15.650000      10.945272
      15.750000      10.984566
      15.850000      10.937158
      15.950000      10.936208
      16.050000      10.915691
      16.150000      10.900040
      16.250000      10.849234
      16.350000      10.834940
      16.450000      10.827851
      16.550000      10.795138
      16.650000      10.738672
      16.750000      10.725831
      16.850000      10.711614
      16.950000      10.741125
      17.050000      10.730248
      17.150000      10.622132
      17.250000      10.667929
      17.350000      10.629250
      17.450000      10.613502
      17.550000      10.572717
      17.650000      10.542617
      17.750000      10.536784
      17.850000      10.492236
      17.950000      10.443058
      18.050000      10.384953
      18.150000      10.433690
      18.250000      10.382554
      18.350000      10.368923
      18.450000      10.398167
      18.550000      10.316708
      18.650000      10.292719
      18.750000      10.246687
      18.850000      10.249688
      18.950000      10.224265
      19.050000      10.193363
      19.150000      10.176046
      19.250000      10.190755
      19.350000      10.149046
      19.450000      10.134426
      19.550000      10.111084
      19.650000      10.090612
      19.750000      10.110935
      19.850000      10.086985
      19.950000      10.070984
      20.050000      10.074750
      20.150000      10.026548
      20.250000       9.995505
      20.350000       9.996562
      20.450000       9.970602
      20.550000       9.964513
      20.650000       9.933010
      20.750000       9.933034
      20.850000       9.917291
      20.950000       9.887923
      21.050000       9.867903
      21.150000       9.835930
      21.250000       9.843613
      21.350000       9.801275
      21.450000       9.777868
      21.550000       9.778862
      21.650000       9.762272
      21.750000       9.741672
      21.850000       9.702353
      21.950000       9.687125
      22.050000       9.648478
      22.150000       9.637319
      22.250000       9.622913
      22.350000       9.569106
      22.450000       9.556255
      22.550000       9.544838
      22.650000       9.520599
      22.750000       9.473148
      22.850000       9.471438
      22.950000       9.446052
      23.050000       9.416699
      23.150000       9.419812
      23.250000       9.375490
      23.350000       9.337258
      23.450000       9.330541
      23.550000       9.311790
      23.650000       9.305547
      23.750000       9.263818
      23.850000       9.254735
      23.950000       9.221374
      24.050000       9.199647
      24.150000       9.175849
      24.250000       9.175555
      24.350000       9.141471
      24.450000       9.132831
      24.550000       9.109690
      24.650000       9.113929
      24.750000       9.103553
      24.850000       9.067044
      24.950000       9.041056
      25.050000       9.051557
      25.150000       9.075156
      25.250000       9.018094
      25.350000       9.029522
      25.450000       8.976460
      25.550000       8.990644
      25.650000       8.974730
      25.750000       8.969647
      25.850000       8.949217
      25.950000       8.948525
      26.050000       8.939035
      26.150000       8.920347
      26.250000       8.896962
      26.350000       8.884004
      26.450000       8.862024
      26.550000       8.859341
      26.650000       8.831290
      26.750000       8.803556
      26.850000       8.811525
      26.950000       8.789919
      27.050000       8.781085
      27.150000       8.743215
      27.250000       8.715452
      27.350000       8.726129
      27.450000       8.716594
      27.550000       8.690881
      27.650000       8.675984
      27.750000       8.677659
      27.850000       8.640374
      27.950000       8.651508
      28.050000       8.617177
      28.150000       8.604240
      28.250000       8.600465
      28.350000       8.577343
      28.450000       8.556798
      28.550000       8.545664
      28.650000       8.545292
      28.750000       8.503568
      28.850000       8.484609
      28.950000       8.468015
      29.050000       8.462702
      29.150000       8.452735
      29.250000       8.424755
      29.350000       8.393537
      29.450000       8.386257
      29.550000       8.377590
      29.650000       8.354464
      29.750000       8.334908
      29.850000       8.314827
      29.950000       8.309717
      30.050000       8.283318
      30.150000       8.270883
      30.250000       8.244830
      30.350000       8.231065
      30.450000       8.201673
      30.550000       8.201024
      30.650000       8.164020
      30.750000       8.139052
      30.850000       8.127386
      30.950000       8.118660
      31.050000       8.091424
      31.150000       8.075836
      31.250000       8.038528
      31.350000       8.039066
      31.450000       8.002181
      31.550000       7.989123
      31.650000       7.972499
      31.750000       7.936587
      31.850000       7.928618
      31.950000       7.928090
      32.050000       7.880686
      32.150000       7.864924
      32.250000       7.847390
      32.350000       7.837059
      32.450000       7.810003
      32.550000       7.770938
      32.650000       7.763283
      32.750000       7.720643
      32.850000       7.707798
      32.950000       7.684672
      33.050000       7.671684
      33.150000       7.642573
      33.250000       7.620381
      33.350000       7.612999
      33.450000       7.575482
      33.550000       7.565193
      33.650000       7.533998
      33.750000       7.531680
      33.850000       7.491673
      33.950000       7.477274
      34.050000       7.456020
      34.150000       7.422099
      34.250000       7.407422
      34.350000       7.377765
      34.450000       7.361320
      34.550000       7.330360
      34.650000       7.325160
      34.750000       7.287878
      34.850000       7.275949
      34.950000       7.259253
      35.050000       7.232577
      35.150000       7.215007
      35.250000       7.191078
      35.350000       7.176382
      35.450000       7.154255
      35.550000       7.134686
      35.650000       7.112581
      35.750000       7.107726
      35.850000       7.081827
      35.950000       7.067503
      36.050000       7.052030
      36.150000       7.049410
      36.250000       7.023256
      36.350000       6.994483
      36.450000       6.971944
      36.550000       6.952158
      36.650000       6.941104
      36.750000       6.921811
      36.850000       6.893505
      36.950000       6.870567
      37.050000       6.856364
      37.150000       6.825041
      37.250000       6.819313
      37.350000       6.790557
      37.450000       6.772594
      37.550000       6.769383
      37.650000       6.741690
      37.750000       6.717840
      37.850000       6.698800
      37.950000       6.685108
      38.050000       6.665179
      38.150000       6.656772
      38.250000       6.627606
      38.350000       6.614109
      38.450000       6.592659
      38.550000       6.571412
      38.650000       6.549407
      38.750000       6.537828
      38.850000       6.514251
      38.950000       6.499448
      39.050000       6.483123
      39.150000       6.472746
      39.250000       6.447566
      39.350000       6.431060
      39.450000       6.419302
      39.550000       6.393860
      39.650000       6.382928
      39.750000       6.361005
      39.850000       6.344922
      39.950000       6.331840
      40.050000       6.310625
      40.150000       6.290808
      40.250000       6.275627
      40.350000       6.255400
      40.450000       6.248606
      40.550000       6.220958
      40.650000       6.201503
      40.750000       6.173495
      40.850000       6.164534
      40.950000       6.148279
      41.050000       6.130459
      41.150000       6.111397
      41.250000       6.088710
      41.350000       6.069997
      41.450000       6.054438
      41.550000       6.041096
      41.650000       6.008643
      41.750000       5.984173
      41.850000       5.978785
      41.950000       5.967014
      42.050000       5.931515
      42.150000       5.932000
      42.250000       5.907045
      42.350000       5.889934
      42.450000       5.867692
      42.550000       5.853791
      42.650000       5.825685
      42.750000       5.810618
      42.850000       5.798772
      42.950000       5.774617
      43.050000       5.762148
      43.150000       5.733926
      43.250000       5.721782
      43.350000       5.701702
      43.450000       5.683919
      43.550000       5.654438
      43.650000       5.656244
      43.750000       5.633533
      43.850000       5.606858
      43.950000       5.600448
      44.050000       5.584547
      44.150000       5.570916
      44.250000       5.539660
      44.350000       5.529682
      44.450000       5.520066
      44.550000       5.495167
      44.650000       5.467909
      44.750000       5.455758
      44.850000       5.441378
      44.950000       5.415982
      45.050000       5.409569
      45.150000       5.390537
      45.250000       5.365935
      45.350000       5.353162
      45.450000       5.337723
      45.550000       5.318691
      45.650000       5.304547
      45.750000       5.280326
      45.850000       5.266750
      45.950000       5.249899
      46.050000       5.231808
      46.150000       5.211234
      46.250000       5.195580
      46.350000       5.173213
      46.450000       5.154283
      46.550000       5.132690
      46.650000       5.117959
      46.750000       5.112647
      46.850000       5.081425
      46.950000       5.066337
      47.050000       5.056988
      47.150000       5.033566
      47.250000       5.013665
      47.350000       4.995538
      47.450000       4.982611
      47.550000       4.955947
      47.650000       4.939223
      47.750000       4.933306
      47.850000       4.918472
      47.950000       4.893775
      48.050000       4.876484
      48.150000       4.864315
      48.250000       4.844440
      48.350000       4.828440
      48.450000       4.808931
      48.550000       4.792403
      48.650000       4.777917
      48.750000       4.763226
      48.850000       4.753216
      48.950000       4.730161
      49.050000       4.714467
      49.150000       4.698275
      49.250000       4.681829
      49.350000       4.659768
      49.450000       4.649693
      49.550000       4.635101
      49.650000       4.610414
      49.750000       4.606362
      49.850000       4.595516
      49.950000       4.569257
      50.050000       4.557102
      50.150000       4.544364
      50.250000       4.524698
      50.350000       4.513661
      50.450000       4.495785
      50.550000       4.484460
      50.650000       4.466950
      50.750000       4.451986
      50.850000       4.433383
      50.950000       4.423184
      51.050000       4.398271
      51.150000       4.384764
      51.250000       4.372697
      51.350000       4.361428
      51.450000       4.344930
      51.550000       4.337759
      51.650000       4.316405
      51.750000       4.305895
      51.850000       4.287672
      51.950000       4.266654
      52.050000       4.261306
      52.150000       4.249099
      52.250000       4.232764
      52.350000       4.223811
      52.450000       4.205711
      52.550000       4.189454
      52.650000       4.179401
      52.750000       4.166188
      52.850000       4.152184
      52.950000       4.138138
      53.050000       4.116672
      53.150000       4.103623
      53.250000       4.096059
      53.350000       4.081923
      53.450000       4.074014
      53.550000       4.061920
      53.650000       4.041356
      53.750000       4.023711
      53.850000       4.006355
      53.950000       3.995895
      54.050000       3.983982
      54.150000       3.969278
      54.250000       3.957767
      54.350000       3.942609
      54.450000       3.926822
      54.550000       3.916568
      54.650000       3.901668
      54.750000       3.883049
      54.850000       3.874249
      54.950000       3.862026
      55.050000       3.847994
      55.150000       3.826057
      55.250000       3.813154
      55.350000       3.803385
      55.450000       3.789417
      55.550000       3.778096
      55.650000       3.757721
      55.750000       3.747343
      55.850000       3.733170
      55.950000       3.721581
      56.050000       3.711526
      56.150000       3.694201
      56.250000       3.685008
      56.350000       3.670676
      56.450000       3.659376
      56.550000       3.647302
      56.650000       3.631556
      56.750000       3.618095
      56.850000       3.602003
      56.950000       3.593437
      57.050000       3.584091
      57.150000       3.562334
      57.250000       3.551018
      57.350000       3.537058
      57.450000       3.523268
      57.550000       3.508257
      57.650000       3.497878
      57.750000       3.474996
      57.850000       3.470407
      57.950000       3.452901
      58.050000       3.437482
      58.150000       3.426479
      58.250000       3.412853
      58.350000       3.397669
      58.450000       3.386158
      58.550000       3.372257
      58.650000       3.358845
      58.750000       3.344878
      58.850000       3.333132
      58.950000       3.315418
      59.050000       3.300242
      59.150000       3.288920
      59.250000       3.280793
      59.350000       3.263422
      59.450000       3.253101
      59.550000       3.243304
      59.650000       3.228774
      59.750000       3.211772
      59.850000       3.194962
      59.950000       3.187217
      60.050000       3.172864
      60.150000       3.163587
      60.250000       3.152142
      60.350000       3.142860
      60.450000       3.118698
      60.550000       3.112132
      60.650000       3.100544
      60.750000       3.087754
      60.850000       3.070738
      60.950000       3.067571
      61.050000       3.052214
      61.150000       3.049334
      61.250000       3.032934
      61.350000       3.020301
      61.450000       3.010333
      61.550000       3.000026
      61.650000       2.993063
      61.750000       2.974979
      61.850000       2.971092
      61.950000       2.956499
      62.050000       2.946798
      62.150000       2.936100
      62.250000       2.931078
      62.350000       2.919717
      62.450000       2.901376
      62.550000       2.894995
      62.650000       2.893181
      62.750000       2.871455
      62.850000       2.871221
      62.950000       2.864170
      63.050000       2.851386
      63.150000       2.844425
      63.250000       2.833330
      63.350000       2.822845
      63.450000       2.810797
      63.550000       2.801893
      63.650000       2.795642
      63.750000       2.785046
      63.850000       2.779931
      63.950000       2.765851
      64.050000       2.761515
      64.150000       2.750521
      64.250000       2.741082
      64.350000       2.732918
      64.450000       2.719780
      64.550000       2.715545
      64.650000       2.704997
      64.750000       2.693309
      64.850000       2.687923
      64.950000       2.677228
      65.050000       2.667679
      65.150000       2.660027
      65.250000       2.649850
      65.350000       2.643000
      65.450000       2.633421
      65.550000       2.623249
      65.650000       2.609344
      65.750000       2.606303
      65.850000       2.594157
      65.950000       2.590191
      66.050000       2.577122
      66.150000       2.567493
      66.250000       2.562946
      66.350000       2.551936
      66.450000       2.538963
      66.550000       2.534607
      66.650000       2.524213
      66.750000       2.514237
      66.850000       2.508519
      66.950000       2.497306
      67.050000       2.488919
      67.150000       2.477853
      67.250000       2.470938
      67.350000       2.457378
      67.450000       2.452460
      67.550000       2.445034
      67.650000       2.437069
      67.750000       2.426180
      67.850000       2.418539
      67.950000       2.408280
      68.050000       2.400357
      68.150000       2.390937
      68.250000       2.381105
      68.350000       2.375129
      68.450000       2.365624
      68.550000       2.359001
      68.650000       2.348290
      68.750000       2.338033
      68.850000       2.329952
      68.950000       2.324807
      69.050000       2.316324
      69.150000       2.304476
      69.250000       2.296016
      69.350000       2.290355
      69.450000       2.280446
      69.550000       2.270573
      69.650000       2.262560
      69.750000       2.254380
      69.850000       2.248851
      69.950000       2.238316
      70.050000       2.229080
      70.150000       2.219669
      70.250000       2.213420
      70.350000       2.202993
      70.450000       2.197055
      70.550000       2.183604
      70.650000       2.176761
      70.750000       2.168940
      70.850000       2.159704
      70.950000       2.151751
      71.050000       2.140743
      71.150000       2.134105
      71.250000       2.124288
      71.350000       2.115929
      71.450000       2.104438
      71.550000       2.100854
      71.650000       2.088796
      71.750000       2.080191
      71.850000       2.072231
      71.950000       2.062393
      72.050000       2.055429
      72.150000       2.049646
      72.250000       2.042183
      72.350000       2.030360
      72.450000       2.028786
      72.550000       2.017436
      72.650000       2.012470
      72.750000       2.000830
      72.850000       1.995434
      72.950000       1.983819
      73.050000       1.978001
      73.150000       1.972084
      73.250000       1.966988
      73.350000       1.957324
      73.450000       1.950054
      73.550000       1.940922
      73.650000       1.932531
      73.750000       1.927170
      73.850000       1.919682
      73.950000       1.915663
      74.050000       1.905531
      74.150000       1.898078
      74.250000       1.890374
      74.350000       1.884515
      74.450000       1.882189
      74.550000       1.875925
      74.650000       1.865098
      74.750000       1.860871
      74.850000       1.853451
      74.950000       1.847786
      75.050000       1.840624
      75.150000       1.834403
      75.250000       1.826079
      75.350000       1.820473
      75.450000       1.815758
      75.550000       1.813686
      75.650000       1.806656
      75.750000       1.795158
      75.850000       1.791765
      75.950000       1.783798
      76.050000       1.776711
      76.150000       1.771615
      76.250000       1.767023
      76.350000       1.758724
      76.450000       1.756312
      76.550000       1.752495
      76.650000       1.745727
      76.750000       1.736149
      76.850000       1.732652
      76.950000       1.724604
      77.050000       1.718617
      77.150000       1.712144
      77.250000       1.706107
      77.350000       1.701583
      77.450000       1.696638
      77.550000       1.689736
      77.650000       1.684426
      77.750000       1.678018
      77.850000       1.673559
      77.950000       1.667566
      78.050000       1.660605
      78.150000       1.654879
      78.250000       1.647497
      78.350000       1.642708
      78.450000       1.634976
      78.550000       1.633653
      78.650000       1.623316
      78.750000       1.619305
      78.850000       1.614793
      78.950000       1.605744
      79.050000       1.602124
      79.150000       1.595187
      79.250000       1.589323
      79.350000       1.583906
      79.450000       1.578112
      79.550000       1.572348
      79.650000       1.564726
      79.750000       1.560077
      79.850000       1.554397
      79.950000       1.550568
      80.050000       1.543182
      80.150000       1.538332
      80.250000       1.532058
      80.350000       1.526615
      80.450000       1.519069
      80.550000       1.511589
      80.650000       1.511252
      80.750000       1.504968
      80.850000       1.500087
      80.950000       1.492242
      81.050000       1.484823
      81.150000       1.483498
      81.250000       1.474883
      81.350000       1.470581
      81.450000       1.464995
      81.550000       1.461041
      81.650000       1.456043
      81.750000       1.447992
      81.850000       1.442056
      81.950000       1.440869
      82.050000       1.433253
      82.150000       1.428722
      82.250000       1.421509
      82.350000       1.415349
      82.450000       1.413321
      82.550000       1.406039
      82.650000       1.400742
      82.750000       1.395767
      82.850000       1.391397
      82.950000       1.387945
      83.050000       1.380016
      83.150000       1.375741
      83.250000       1.369790
      83.350000       1.364887
      83.450000       1.359864
      83.550000       1.355759
      83.650000       1.350557
      83.750000       1.343491
      83.850000       1.339392
      83.950000       1.333166
      84.050000       1.330063
      84.150000       1.322504
      84.250000       1.317329
      84.350000       1.315632
      84.450000       1.309776
      84.550000       1.307465
      84.650000       1.302124
      84.750000       1.296630
      84.850000       1.294209
      84.950000       1.285794
      85.050000       1.282617
      85.150000       1.277240
      85.250000       1.274127
      85.350000       1.266791
      85.450000       1.263110
      85.550000       1.260323
      85.650000       1.254328
      85.750000       1.250776
      85.850000       1.247294
      85.950000       1.239894
      86.050000       1.235223
      86.150000       1.229914
      86.250000       1.226374
      86.350000       1.223766
      86.450000       1.218554
      86.550000       1.214828
      86.650000       1.209050
      86.750000       1.203690
      86.850000       1.202087
      86.950000       1.196921
      87.050000       1.192169
      87.150000       1.185480
      87.250000       1.183092
      87.350000       1.178638
      87.450000       1.174980
      87.550000       1.169841
      87.650000       1.165653
      87.750000       1.161071
      87.850000       1.156613
      87.950000       1.152189
      88.050000       1.146829
      88.150000       1.142622
      88.250000       1.138295
      88.350000       1.134476
      88.450000       1.129343
      88.550000       1.126463
      88.650000       1.123779
      88.750000       1.119137
      88.850000       1.113719
      88.950000       1.107390
      89.050000       1.104254
      89.150000       1.099773
      89.250000       1.097671
      89.350000       1.091965
      89.450000       1.087972
      89.550000       1.083926
      89.650000       1.081422
      89.750000       1.076903
      89.850000       1.073132
      89.950000       1.067732
      90.050000       1.064265
      90.150000       1.060409
      90.250000       1.057807
      90.350000       1.053052
      90.450000       1.049303
      90.550000       1.043843
      90.650000       1.039823
      90.750000       1.034929
      90.850000       1.033430
      90.950000       1.030564
      91.050000       1.026832
      91.150000       1.022106
      91.250000       1.018961
      91.350000       1.016601
      91.450000       1.012402
      91.550000       1.007367
      91.650000       1.004376
      91.750000       1.001718
      91.850000       0.997594
      91.950000       0.993701
      92.050000       0.989583
      92.150000       0.986856
      92.250000       0.982324
      92.350000       0.980078
      92.450000       0.974876
      92.550000       0.971946
      92.650000       0.967221
      92.750000       0.963996
      92.850000       0.961610
      92.950000       0.958477
      93.050000       0.953725
      93.150000       0.951457
      93.250000       0.947732
      93.350000       0.943469
      93.450000       0.939531
      93.550000       0.937040
      93.650000       0.934907
      93.750000       0.929577
      93.850000       0.928311
      93.950000       0.924401
      94.050000       0.921260
      94.150000       0.917549
      94.250000       0.912490
      94.350000       0.910879
      94.450000       0.907143
      94.550000       0.903608
      94.650000       0.900336
      94.750000       0.895905
      94.850000       0.893370
      94.950000       0.889506
      95.050000       0.885811
      95.150000       0.883897
      95.250000       0.880825
      95.350000       0.878971
      95.450000       0.876556
      95.550000       0.872096
      95.650000       0.868555
      95.750000       0.865881
      95.850000       0.864009
      95.950000       0.860997
      96.050000       0.858307
      96.150000       0.853093
      96.250000       0.850954
      96.350000       0.848645
      96.450000       0.846224
      96.550000       0.842182
      96.650000       0.840075
      96.750000       0.835588
      96.850000       0.834449
      96.950000       0.831403
      97.050000       0.829413
      97.150000       0.823525
      97.250000       0.822666
      97.350000       0.820870
      97.450000       0.817415
      97.550000       0.815368
      97.650000       0.813206
      97.750000       0.809999
      97.850000       0.807082
      97.950000       0.802071
      98.050000       0.803549
      98.150000       0.800225
      98.250000       0.795280
      98.350000       0.793453
      98.450000       0.791688
      98.550000       0.789179
      98.650000       0.787257
      98.750000       0.784506
      98.850000       0.780970
      98.950000       0.780715
      99.050000       0.778209
      99.150000       0.774812
      99.250000       0.773270
      99.350000       0.771805
      99.450000       0.769730
      99.550000       0.768946
      99.650000       0.765715
      99.750000       0.763515
      99.850000       0.760396
      99.950000       0.757253
