#Distance_(Ang) :1-1276_=>_:Na+
       0.050000        0.000000
       0.150000        0.000000
       0.250000        0.000000
       0.350000        0.000000
       0.450000        0.000000
       0.550000        0.000000
       0.650000        0.000000
       0.750000        0.000000
       0.850000        0.000000
       0.950000        0.000000
       1.050000        0.000000
       1.150000        0.000000
       1.250000        0.000000
       1.350000        0.000000
       1.450000        0.000000
       1.550000        0.000000
       1.650000        0.000000
       1.750000        0.000000
       1.850000        0.000000
       1.950000        0.000691
       2.050000        0.095034
       2.150000        0.530723
       2.250000        0.669898
       2.350000        0.432983
       2.450000        0.238872
       2.550000        0.165549
       2.650000        0.129468
       2.750000        0.106210
       2.850000        0.126172
       2.950000        0.161950
       3.050000        0.209226
       3.150000        0.276663
       3.250000        0.356846
       3.350000        0.428744
       3.450000        0.450615
       3.550000        0.426282
       3.650000        0.426982
       3.750000        0.429119
       3.850000        0.470765
       3.950000        0.529481
       4.050000        0.593324
       4.150000        0.655000
       4.250000        0.711252
       4.350000        0.742581
       4.450000        0.776378
       4.550000        0.798481
       4.650000        0.775285
       4.750000        0.765737
       4.850000        0.743797
       4.950000        0.755305
       5.050000        0.774327
       5.150000        0.780451
       5.250000        0.796356
       5.350000        0.804019
       5.450000        0.820321
       5.550000        0.826860
       5.650000        0.842387
       5.750000        0.864901
       5.850000        0.878921
       5.950000        0.885431
       6.050000        0.881771
       6.150000        0.883879
       6.250000        0.895537
       6.350000        0.908027
       6.450000        0.897419
       6.550000        0.911063
       6.650000        0.910294
       6.750000        0.914131
       6.850000        0.902086
       6.950000        0.908922
       7.050000        0.911749
       7.150000        0.910859
       7.250000        0.911254
       7.350000        0.909751
       7.450000        0.923845
       7.550000        0.917484
       7.650000        0.927783
       7.750000        0.925522
       7.850000        0.932784
       7.950000        0.938683
       8.050000        0.939826
       8.150000        0.937056
       8.250000        0.948185
       8.350000        0.952334
       8.450000        0.950269
       8.550000        0.952652
       8.650000        0.951148
       8.750000        0.953308
       8.850000        0.960943
       8.950000        0.956169
       9.050000        0.955145
       9.150000        0.957673
       9.250000        0.964374
       9.350000        0.964488
       9.450000        0.964342
       9.550000        0.969773
       9.650000        0.968526
       9.750000        0.971882
       9.850000        0.967489
       9.950000        0.970376
      10.050000        0.973815
      10.150000        0.977756
      10.250000        0.976173
      10.350000        0.981361
      10.450000        0.977525
      10.550000        0.987125
      10.650000        0.981379
      10.750000        0.985318
      10.850000        0.984399
      10.950000        0.984722
      11.050000        0.984959
      11.150000        0.989186
      11.250000        0.988110
      11.350000        0.986593
      11.450000        0.983507
      11.550000        0.987793
      11.650000        0.993118
      11.750000        0.988906
      11.850000        0.993721
      11.950000        1.000532
      12.050000        0.997454
      12.150000        1.000015
      12.250000        1.001466
      12.350000        1.001091
      12.450000        1.004933
      12.550000        1.001513
      12.650000        1.010047
      12.750000        1.009176
      12.850000        1.009998
      12.950000        1.010010
      13.050000        1.015032
      13.150000        1.013260
      13.250000        1.015353
      13.350000        1.019860
      13.450000        1.019302
      13.550000        1.019629
      13.650000        1.024025
      13.750000        1.023353
      13.850000        1.024987
      13.950000        1.026568
      14.050000        1.030947
      14.150000        1.038084
      14.250000        1.035101
      14.350000        1.039609
      14.450000        1.043562
      14.550000        1.038498
      14.650000        1.041275
      14.750000        1.047973
      14.850000        1.044489
      14.950000        1.047726
      15.050000        1.050317
      15.150000        1.052248
      15.250000        1.051018
      15.350000        1.054199
      15.450000        1.059288
      15.550000        1.056496
      15.650000        1.056869
      15.750000        1.058651
      15.850000        1.057602
      15.950000        1.061179
      16.050000        1.059651
      16.150000        1.059083
      16.250000        1.058237
      16.350000        1.061382
      16.450000        1.065235
      16.550000        1.056942
      16.650000        1.063209
      16.750000        1.062454
      16.850000        1.062837
      16.950000        1.063654
      17.050000        1.064494
      17.150000        1.066493
      17.250000        1.066714
      17.350000        1.066582
      17.450000        1.065138
      17.550000        1.067463
      17.650000        1.068224
      17.750000        1.067124
      17.850000        1.068887
      17.950000        1.068122
      18.050000        1.069882
      18.150000        1.066560
      18.250000        1.069125
      18.350000        1.067344
      18.450000        1.070044
      18.550000        1.067922
      18.650000        1.067507
      18.750000        1.067366
      18.850000        1.065092
      18.950000        1.068717
      19.050000        1.069120
      19.150000        1.068301
      19.250000        1.070017
      19.350000        1.065579
      19.450000        1.065983
      19.550000        1.064398
      19.650000        1.067122
      19.750000        1.065075
      19.850000        1.065398
      19.950000        1.065012
      20.050000        1.066806
      20.150000        1.063687
      20.250000        1.064218
      20.350000        1.065446
      20.450000        1.063267
      20.550000        1.064830
      20.650000        1.062281
      20.750000        1.063576
      20.850000        1.063276
      20.950000        1.059866
      21.050000        1.062762
      21.150000        1.059893
      21.250000        1.063356
      21.350000        1.061730
      21.450000        1.060433
      21.550000        1.058748
      21.650000        1.061196
      21.750000        1.059880
      21.850000        1.058976
      21.950000        1.060436
      22.050000        1.059551
      22.150000        1.058492
      22.250000        1.058064
      22.350000        1.059995
      22.450000        1.057306
      22.550000        1.057754
      22.650000        1.056955
      22.750000        1.057751
      22.850000        1.057529
      22.950000        1.059066
      23.050000        1.057760
      23.150000        1.058993
      23.250000        1.057460
      23.350000        1.055747
      23.450000        1.057505
      23.550000        1.059191
      23.650000        1.058560
      23.750000        1.058560
      23.850000        1.055620
      23.950000        1.056523
      24.050000        1.057851
      24.150000        1.057892
      24.250000        1.058591
      24.350000        1.057660
      24.450000        1.057578
      24.550000        1.056410
      24.650000        1.058852
      24.750000        1.058530
      24.850000        1.058350
      24.950000        1.057806
      25.050000        1.059920
      25.150000        1.057745
      25.250000        1.057765
      25.350000        1.060242
      25.450000        1.061624
      25.550000        1.061183
      25.650000        1.058700
      25.750000        1.060304
      25.850000        1.059082
      25.950000        1.059909
      26.050000        1.063006
      26.150000        1.063490
      26.250000        1.060592
      26.350000        1.061829
      26.450000        1.062564
      26.550000        1.061245
      26.650000        1.062744
      26.750000        1.063120
      26.850000        1.063812
      26.950000        1.063409
      27.050000        1.062815
      27.150000        1.064175
      27.250000        1.063081
      27.350000        1.063553
      27.450000        1.067098
      27.550000        1.066150
      27.650000        1.065867
      27.750000        1.065797
      27.850000        1.066692
      27.950000        1.067112
      28.050000        1.066767
      28.150000        1.069530
      28.250000        1.069370
      28.350000        1.068017
      28.450000        1.066653
      28.550000        1.069310
      28.650000        1.069053
      28.750000        1.069755
      28.850000        1.069850
      28.950000        1.070862
      29.050000        1.071065
      29.150000        1.070302
      29.250000        1.072420
      29.350000        1.069792
      29.450000        1.070421
      29.550000        1.071371
      29.650000        1.071309
      29.750000        1.072874
      29.850000        1.071648
      29.950000        1.072058
      30.050000        1.072143
      30.150000        1.073582
      30.250000        1.073793
      30.350000        1.073249
      30.450000        1.073159
      30.550000        1.073868
      30.650000        1.074008
      30.750000        1.074143
      30.850000        1.075786
      30.950000        1.075417
      31.050000        1.075592
      31.150000        1.075604
      31.250000        1.074384
      31.350000        1.075164
      31.450000        1.075586
      31.550000        1.076385
      31.650000        1.076041
      31.750000        1.076302
      31.850000        1.076206
      31.950000        1.074798
      32.050000        1.075746
      32.150000        1.076782
      32.250000        1.075591
      32.350000        1.075399
      32.450000        1.073562
      32.550000        1.074519
      32.650000        1.073034
      32.750000        1.075905
      32.850000        1.076253
      32.950000        1.074325
      33.050000        1.074466
      33.150000        1.074025
      33.250000        1.074736
      33.350000        1.073790
      33.450000        1.074693
      33.550000        1.072626
      33.650000        1.074716
      33.750000        1.073048
      33.850000        1.073907
      33.950000        1.072772
      34.050000        1.074223
      34.150000        1.074374
      34.250000        1.073383
      34.350000        1.072085
      34.450000        1.071953
      34.550000        1.072014
      34.650000        1.072131
      34.750000        1.073997
      34.850000        1.072606
      34.950000        1.073034
      35.050000        1.074495
      35.150000        1.071271
      35.250000        1.071750
      35.350000        1.073645
      35.450000        1.072074
      35.550000        1.071692
      35.650000        1.072622
      35.750000        1.071875
      35.850000        1.072278
      35.950000        1.071211
      36.050000        1.072175
      36.150000        1.072546
      36.250000        1.072245
      36.350000        1.072491
      36.450000        1.072100
      36.550000        1.072700
      36.650000        1.072393
      36.750000        1.072661
      36.850000        1.074051
      36.950000        1.072748
      37.050000        1.072797
      37.150000        1.072926
      37.250000        1.071679
      37.350000        1.073024
      37.450000        1.072832
      37.550000        1.073238
      37.650000        1.071281
      37.750000        1.072252
      37.850000        1.073588
      37.950000        1.072078
      38.050000        1.073883
      38.150000        1.073774
      38.250000        1.072916
      38.350000        1.073802
      38.450000        1.073175
      38.550000        1.073528
      38.650000        1.073173
      38.750000        1.073231
      38.850000        1.073263
      38.950000        1.070768
      39.050000        1.074808
      39.150000        1.074277
      39.250000        1.072775
      39.350000        1.073087
      39.450000        1.072030
      39.550000        1.074759
      39.650000        1.072837
      39.750000        1.072910
      39.850000        1.073489
      39.950000        1.074232
      40.050000        1.072564
      40.150000        1.072582
      40.250000        1.073850
      40.350000        1.073330
      40.450000        1.073610
      40.550000        1.074320
      40.650000        1.074095
      40.750000        1.073785
      40.850000        1.074000
      40.950000        1.074432
      41.050000        1.073385
      41.150000        1.075424
      41.250000        1.073830
      41.350000        1.074429
      41.450000        1.075029
      41.550000        1.075802
      41.650000        1.073561
      41.750000        1.074017
      41.850000        1.074415
      41.950000        1.075571
      42.050000        1.074651
      42.150000        1.074311
      42.250000        1.072967
      42.350000        1.075098
      42.450000        1.073966
      42.550000        1.074190
      42.650000        1.074450
      42.750000        1.074440
      42.850000        1.074337
      42.950000        1.073201
      43.050000        1.072651
      43.150000        1.073445
      43.250000        1.074024
      43.350000        1.073972
      43.450000        1.073843
      43.550000        1.073864
      43.650000        1.074093
      43.750000        1.073083
      43.850000        1.071272
      43.950000        1.073194
      44.050000        1.072201
      44.150000        1.072139
      44.250000        1.072476
      44.350000        1.073493
      44.450000        1.072053
      44.550000        1.071844
      44.650000        1.073317
      44.750000        1.071389
      44.850000        1.071099
      44.950000        1.071477
      45.050000        1.071371
      45.150000        1.071052
      45.250000        1.072146
      45.350000        1.071476
      45.450000        1.071447
      45.550000        1.070925
      45.650000        1.070849
      45.750000        1.071164
      45.850000        1.070333
      45.950000        1.071761
      46.050000        1.070308
      46.150000        1.069694
      46.250000        1.069508
      46.350000        1.070988
      46.450000        1.069883
      46.550000        1.069982
      46.650000        1.070059
      46.750000        1.070507
      46.850000        1.069604
      46.950000        1.069490
      47.050000        1.069339
      47.150000        1.070235
      47.250000        1.069249
      47.350000        1.068141
      47.450000        1.068698
      47.550000        1.069187
      47.650000        1.068008
      47.750000        1.068515
      47.850000        1.068900
      47.950000        1.068063
      48.050000        1.067374
      48.150000        1.068283
      48.250000        1.067223
      48.350000        1.066386
      48.450000        1.067646
      48.550000        1.067414
      48.650000        1.067308
      48.750000        1.066720
      48.850000        1.067609
      48.950000        1.068119
      49.050000        1.066253
      49.150000        1.067717
      49.250000        1.066732
      49.350000        1.065882
      49.450000        1.064311
      49.550000        1.066081
      49.650000        1.066967
      49.750000        1.066529
      49.850000        1.065989
      49.950000        1.065388
      50.050000        1.066139
      50.150000        1.065694
      50.250000        1.066691
      50.350000        1.066046
      50.450000        1.065692
      50.550000        1.063451
      50.650000        1.065125
      50.750000        1.065297
      50.850000        1.065317
      50.950000        1.065311
      51.050000        1.065765
      51.150000        1.065112
      51.250000        1.064881
      51.350000        1.064224
      51.450000        1.064112
      51.550000        1.064565
      51.650000        1.064728
      51.750000        1.064255
      51.850000        1.064360
      51.950000        1.064032
      52.050000        1.064136
      52.150000        1.062771
      52.250000        1.064281
      52.350000        1.062670
      52.450000        1.062945
      52.550000        1.063432
      52.650000        1.062715
      52.750000        1.063396
      52.850000        1.063240
      52.950000        1.063353
      53.050000        1.061910
      53.150000        1.063021
      53.250000        1.062352
      53.350000        1.062657
      53.450000        1.063313
      53.550000        1.062507
      53.650000        1.062661
      53.750000        1.062235
      53.850000        1.062139
      53.950000        1.061107
      54.050000        1.062531
      54.150000        1.062232
      54.250000        1.062164
      54.350000        1.061535
      54.450000        1.062166
      54.550000        1.061425
      54.650000        1.061904
      54.750000        1.060906
      54.850000        1.061270
      54.950000        1.060831
      55.050000        1.060135
      55.150000        1.061068
      55.250000        1.060635
      55.350000        1.059738
      55.450000        1.060516
      55.550000        1.060016
      55.650000        1.058757
      55.750000        1.060510
      55.850000        1.059749
      55.950000        1.059519
      56.050000        1.059951
      56.150000        1.059418
      56.250000        1.059400
      56.350000        1.060127
      56.450000        1.059242
      56.550000        1.059696
      56.650000        1.058507
      56.750000        1.058521
      56.850000        1.058070
      56.950000        1.058291
      57.050000        1.056861
      57.150000        1.058030
      57.250000        1.058236
      57.350000        1.058979
      57.450000        1.057111
      57.550000        1.057488
      57.650000        1.057154
      57.750000        1.056595
      57.850000        1.056633
      57.950000        1.057340
      58.050000        1.056082
      58.150000        1.057319
      58.250000        1.055887
      58.350000        1.055979
      58.450000        1.056149
      58.550000        1.054925
      58.650000        1.055802
      58.750000        1.055688
      58.850000        1.055212
      58.950000        1.055073
      59.050000        1.054132
      59.150000        1.054653
      59.250000        1.053866
      59.350000        1.055052
      59.450000        1.054420
      59.550000        1.053437
      59.650000        1.053893
      59.750000        1.053739
      59.850000        1.053322
      59.950000        1.054438
      60.050000        1.053800
      60.150000        1.052383
      60.250000        1.053781
      60.350000        1.053050
      60.450000        1.052749
      60.550000        1.052705
      60.650000        1.053522
      60.750000        1.052567
      60.850000        1.052696
      60.950000        1.053061
      61.050000        1.051675
      61.150000        1.052512
      61.250000        1.051250
      61.350000        1.051520
      61.450000        1.052023
      61.550000        1.051864
      61.650000        1.051871
      61.750000        1.050734
      61.850000        1.052180
      61.950000        1.051514
      62.050000        1.050669
      62.150000        1.050891
      62.250000        1.050691
      62.350000        1.051861
      62.450000        1.051054
      62.550000        1.051370
      62.650000        1.052036
      62.750000        1.050430
      62.850000        1.050815
      62.950000        1.050994
      63.050000        1.051038
      63.150000        1.051299
      63.250000        1.050056
      63.350000        1.050937
      63.450000        1.051045
      63.550000        1.051371
      63.650000        1.050655
      63.750000        1.050265
      63.850000        1.050687
      63.950000        1.050805
      64.050000        1.049779
      64.150000        1.050127
      64.250000        1.050177
      64.350000        1.050363
      64.450000        1.050758
      64.550000        1.049757
      64.650000        1.050675
      64.750000        1.049050
      64.850000        1.050218
      64.950000        1.049646
      65.050000        1.048693
      65.150000        1.049367
      65.250000        1.048936
      65.350000        1.049602
      65.450000        1.049022
      65.550000        1.049614
      65.650000        1.049200
      65.750000        1.049248
      65.850000        1.049415
      65.950000        1.048942
      66.050000        1.048676
      66.150000        1.048420
      66.250000        1.048190
      66.350000        1.048770
      66.450000        1.047884
      66.550000        1.047421
      66.650000        1.048034
      66.750000        1.047126
      66.850000        1.047712
      66.950000        1.047826
      67.050000        1.048215
      67.150000        1.047594
      67.250000        1.047162
      67.350000        1.047053
      67.450000        1.047011
      67.550000        1.047597
      67.650000        1.047021
      67.750000        1.047052
      67.850000        1.046607
      67.950000        1.047051
      68.050000        1.046241
      68.150000        1.047191
      68.250000        1.046048
      68.350000        1.046859
      68.450000        1.046508
      68.550000        1.045130
      68.650000        1.045666
      68.750000        1.046573
      68.850000        1.045772
      68.950000        1.045944
      69.050000        1.044947
      69.150000        1.044943
      69.250000        1.045288
      69.350000        1.045173
      69.450000        1.044676
      69.550000        1.044998
      69.650000        1.044461
      69.750000        1.044286
      69.850000        1.044838
      69.950000        1.044307
      70.050000        1.044149
      70.150000        1.044481
      70.250000        1.044715
      70.350000        1.044293
      70.450000        1.043425
      70.550000        1.043863
      70.650000        1.043999
      70.750000        1.043482
      70.850000        1.044021
      70.950000        1.042641
      71.050000        1.043467
      71.150000        1.042761
      71.250000        1.042603
      71.350000        1.042761
      71.450000        1.041857
      71.550000        1.042594
      71.650000        1.042007
      71.750000        1.042085
      71.850000        1.042654
      71.950000        1.041866
      72.050000        1.041828
      72.150000        1.041292
      72.250000        1.042152
      72.350000        1.042102
      72.450000        1.042438
      72.550000        1.041598
      72.650000        1.041779
      72.750000        1.041250
      72.850000        1.041215
      72.950000        1.041003
      73.050000        1.041489
      73.150000        1.040510
      73.250000        1.041518
      73.350000        1.040359
      73.450000        1.040617
      73.550000        1.040324
      73.650000        1.040341
      73.750000        1.040445
      73.850000        1.040144
      73.950000        1.040199
      74.050000        1.039956
      74.150000        1.039561
      74.250000        1.040605
      74.350000        1.039739
      74.450000        1.039024
      74.550000        1.039124
      74.650000        1.039399
      74.750000        1.039807
      74.850000        1.039891
      74.950000        1.038739
      75.050000        1.038883
      75.150000        1.039265
      75.250000        1.038636
      75.350000        1.038674
      75.450000        1.038705
      75.550000        1.038908
      75.650000        1.038761
      75.750000        1.038178
      75.850000        1.038972
      75.950000        1.037889
      76.050000        1.038764
      76.150000        1.038489
      76.250000        1.038898
      76.350000        1.038013
      76.450000        1.038138
      76.550000        1.038026
      76.650000        1.038289
      76.750000        1.037466
      76.850000        1.038415
      76.950000        1.037916
      77.050000        1.037984
      77.150000        1.036811
      77.250000        1.038192
      77.350000        1.037230
      77.450000        1.037494
      77.550000        1.036762
      77.650000        1.036863
      77.750000        1.037773
      77.850000        1.036706
      77.950000        1.036952
      78.050000        1.036274
      78.150000        1.036979
      78.250000        1.036803
      78.350000        1.036627
      78.450000        1.036328
      78.550000        1.036152
      78.650000        1.036262
      78.750000        1.036579
      78.850000        1.036365
      78.950000        1.035765
      79.050000        1.036011
      79.150000        1.035498
      79.250000        1.034896
      79.350000        1.036125
      79.450000        1.034997
      79.550000        1.034717
      79.650000        1.034052
      79.750000        1.034011
      79.850000        1.034907
      79.950000        1.034218
      80.050000        1.034165
      80.150000        1.034039
      80.250000        1.034195
      80.350000        1.033801
      80.450000        1.033142
      80.550000        1.032886
      80.650000        1.033362
      80.750000        1.032527
      80.850000        1.032965
      80.950000        1.032459
      81.050000        1.032121
      81.150000        1.032946
      81.250000        1.031750
      81.350000        1.031724
      81.450000        1.031499
      81.550000        1.031524
      81.650000        1.032452
      81.750000        1.031204
      81.850000        1.030646
      81.950000        1.031223
      82.050000        1.030323
      82.150000        1.030392
      82.250000        1.030697
      82.350000        1.030305
      82.450000        1.029858
      82.550000        1.030070
      82.650000        1.029133
      82.750000        1.029212
      82.850000        1.029066
      82.950000        1.029110
      83.050000        1.029100
      83.150000        1.028973
      83.250000        1.028717
      83.350000        1.028300
      83.450000        1.027554
      83.550000        1.027256
      83.650000        1.027614
      83.750000        1.027262
      83.850000        1.026895
      83.950000        1.027213
      84.050000        1.026371
      84.150000        1.026542
      84.250000        1.026439
      84.350000        1.026794
      84.450000        1.026039
      84.550000        1.026080
      84.650000        1.025774
      84.750000        1.026096
      84.850000        1.026255
      84.950000        1.025854
      85.050000        1.025644
      85.150000        1.025022
      85.250000        1.024878
      85.350000        1.025033
      85.450000        1.023984
      85.550000        1.024981
      85.650000        1.024426
      85.750000        1.024541
      85.850000        1.024443
      85.950000        1.023910
      86.050000        1.023405
      86.150000        1.023500
      86.250000        1.023267
      86.350000        1.022697
      86.450000        1.022667
      86.550000        1.023092
      86.650000        1.022349
      86.750000        1.022388
      86.850000        1.022654
      86.950000        1.022105
      87.050000        1.021930
      87.150000        1.021814
      87.250000        1.021668
      87.350000        1.021183
      87.450000        1.021326
      87.550000        1.021302
      87.650000        1.021098
      87.750000        1.020531
      87.850000        1.021207
      87.950000        1.021078
      88.050000        1.020079
      88.150000        1.020416
      88.250000        1.019763
      88.350000        1.020305
      88.450000        1.020235
      88.550000        1.019208
      88.650000        1.019112
      88.750000        1.019720
      88.850000        1.019271
      88.950000        1.018886
      89.050000        1.019368
      89.150000        1.019050
      89.250000        1.018402
      89.350000        1.018494
      89.450000        1.018211
      89.550000        1.018768
      89.650000        1.018375
      89.750000        1.018072
      89.850000        1.018117
      89.950000        1.017358
      90.050000        1.017590
      90.150000        1.017045
      90.250000        1.018039
      90.350000        1.017080
      90.450000        1.016930
      90.550000        1.016308
      90.650000        1.017181
      90.750000        1.016444
      90.850000        1.016390
      90.950000        1.017130
      91.050000        1.016379
      91.150000        1.015967
      91.250000        1.015859
      91.350000        1.016649
      91.450000        1.016024
      91.550000        1.015913
      91.650000        1.015878
      91.750000        1.015488
      91.850000        1.015607
      91.950000        1.014909
      92.050000        1.015544
      92.150000        1.015105
      92.250000        1.015139
      92.350000        1.014618
      92.450000        1.014568
      92.550000        1.014688
      92.650000        1.014867
      92.750000        1.013963
      92.850000        1.014150
      92.950000        1.014101
      93.050000        1.014018
      93.150000        1.014149
      93.250000        1.013434
      93.350000        1.013309
      93.450000        1.014167
      93.550000        1.013788
      93.650000        1.013475
      93.750000        1.013706
      93.850000        1.012574
      93.950000        1.012803
      94.050000        1.012945
      94.150000        1.013046
      94.250000        1.012122
      94.350000        1.012710
      94.450000        1.012473
      94.550000        1.012402
      94.650000        1.012698
      94.750000        1.012114
      94.850000        1.012170
      94.950000        1.011761
      95.050000        1.012655
      95.150000        1.011444
      95.250000        1.011496
      95.350000        1.010941
      95.450000        1.011333
      95.550000        1.011638
      95.650000        1.011041
      95.750000        1.009666
      95.850000        1.011350
      95.950000        1.010589
      96.050000        1.010800
      96.150000        1.010356
      96.250000        1.010805
      96.350000        1.010230
      96.450000        1.010113
      96.550000        1.009526
      96.650000        1.009445
      96.750000        1.009483
      96.850000        1.009503
      96.950000        1.009771
      97.050000        1.009664
      97.150000        1.009760
      97.250000        1.008716
      97.350000        1.009002
      97.450000        1.009472
      97.550000        1.008734
      97.650000        1.008382
      97.750000        1.008624
      97.850000        1.008566
      97.950000        1.008054
      98.050000        1.008497
      98.150000        1.007720
      98.250000        1.007723
      98.350000        1.008200
      98.450000        1.007832
      98.550000        1.007622
      98.650000        1.007112
      98.750000        1.007337
      98.850000        1.007542
      98.950000        1.006907
      99.050000        1.006816
      99.150000        1.006649
      99.250000        1.006224
      99.350000        1.006694
      99.450000        1.006041
      99.550000        1.006169
      99.650000        1.005849
      99.750000        1.005735
      99.850000        1.006646
      99.950000        1.005426
