#Distance_(Ang) :1-1276_=>_:CA
       0.050000       0.000000
       0.150000       0.000000
       0.250000       0.000000
       0.350000       0.000000
       0.450000       0.000000
       0.550000       0.000000
       0.650000       0.000000
       0.750000       0.000000
       0.850000       0.000000
       0.950000       0.000000
       1.050000       0.000000
       1.150000       0.000000
       1.250000       0.000000
       1.350000       0.000000
       1.450000       0.000000
       1.550000       0.000000
       1.650000       0.000000
       1.750000       0.000000
       1.850000       0.000000
       1.950000       0.000000
       2.050000       0.000000
       2.150000       0.096478
       2.250000       6.166613
       2.350000      20.257515
       2.450000      13.132280
       2.550000       4.072254
       2.650000       1.456993
       2.750000       3.928234
       2.850000       4.018115
       2.950000       0.927537
       3.050000       0.402365
       3.150000       0.597568
       3.250000       1.081327
       3.350000       1.938068
       3.450000       3.004440
       3.550000       3.592591
       3.650000       3.972840
       3.750000       4.591553
       3.850000       4.257608
       3.950000       4.237595
       4.050000       5.208211
       4.150000       6.462847
       4.250000       8.687847
       4.350000      10.340502
       4.450000      10.626504
       4.550000      11.595393
       4.650000      12.850191
       4.750000      13.545168
       4.850000      13.263057
       4.950000      12.443132
       5.050000      12.050567
       5.150000      12.089024
       5.250000      11.999699
       5.350000      11.753931
       5.450000      11.598928
       5.550000      11.669117
       5.650000      11.661909
       5.750000      11.676443
       5.850000      11.877913
       5.950000      12.109754
       6.050000      12.394692
       6.150000      12.581776
       6.250000      12.584505
       6.350000      12.565640
       6.450000      12.772925
       6.550000      12.962606
       6.650000      13.079811
       6.750000      13.099588
       6.850000      13.155514
       6.950000      13.114641
       7.050000      13.101571
       7.150000      12.855364
       7.250000      12.733305
       7.350000      12.529222
       7.450000      12.387848
       7.550000      12.361062
       7.650000      12.193197
       7.750000      12.243731
       7.850000      12.149512
       7.950000      12.216373
       8.050000      12.161599
       8.150000      12.190747
       8.250000      12.277495
       8.350000      12.142365
       8.450000      12.161917
       8.550000      12.248904
       8.650000      12.329341
       8.750000      12.381447
       8.850000      12.401374
       8.950000      12.398217
       9.050000      12.244485
       9.150000      12.265589
       9.250000      12.161590
       9.350000      12.028597
       9.450000      11.924922
       9.550000      11.847288
       9.650000      11.770200
       9.750000      11.782364
       9.850000      11.711382
       9.950000      11.623810
      10.050000      11.590987
      10.150000      11.517888
      10.250000      11.463736
      10.350000      11.400698
      10.450000      11.463864
      10.550000      11.381392
      10.650000      11.340464
      10.750000      11.316867
      10.850000      11.337900
      10.950000      11.252410
      11.050000      11.220003
      11.150000      11.127215
      11.250000      11.156527
      11.350000      11.017019
      11.450000      11.022689
      11.550000      11.002452
      11.650000      11.026326
      11.750000      11.013779
      11.850000      10.988872
      11.950000      11.030929
      12.050000      10.993887
      12.150000      10.959587
      12.250000      10.985842
      12.350000      10.976096
      12.450000      10.952266
      12.550000      11.009484
      12.650000      10.951596
      12.750000      10.992404
      12.850000      10.995026
      12.950000      10.967417
      13.050000      10.939513
      13.150000      10.935059
      13.250000      10.887397
      13.350000      10.879730
      13.450000      10.864753
      13.550000      10.827928
      13.650000      10.836263
      13.750000      10.827806
      13.850000      10.853936
      13.950000      10.823690
      14.050000      10.799183
      14.150000      10.801718
      14.250000      10.760134
      14.350000      10.796295
      14.450000      10.817528
      14.550000      10.813073
      14.650000      10.833323
      14.750000      10.825218
      14.850000      10.855929
      14.950000      10.816372
      15.050000      10.814167
      15.150000      10.868197
      15.250000      10.817893
      15.350000      10.846480
      15.450000      10.815459
      15.550000      10.819674
      15.650000      10.832183
      15.750000      10.799889
      15.850000      10.822413
      15.950000      10.834654
      16.050000      10.780088
      16.150000      10.767352
      16.250000      10.705091
      16.350000      10.721117
      16.450000      10.729886
      16.550000      10.657514
      16.650000      10.667939
      16.750000      10.668970
      16.850000      10.646153
      16.950000      10.607574
      17.050000      10.586886
      17.150000      10.582104
      17.250000      10.593270
      17.350000      10.535633
      17.450000      10.524689
      17.550000      10.507715
      17.650000      10.497075
      17.750000      10.476513
      17.850000      10.479606
      17.950000      10.434584
      18.050000      10.409887
      18.150000      10.417517
      18.250000      10.377901
      18.350000      10.371593
      18.450000      10.355537
      18.550000      10.335689
      18.650000      10.329929
      18.750000      10.283027
      18.850000      10.299501
      18.950000      10.301246
      19.050000      10.230182
      19.150000      10.251141
      19.250000      10.205499
      19.350000      10.183096
      19.450000      10.159942
      19.550000      10.156957
      19.650000      10.158331
      19.750000      10.124066
      19.850000      10.103469
      19.950000      10.088160
      20.050000      10.110922
      20.150000      10.054176
      20.250000      10.040948
      20.350000      10.002340
      20.450000      10.000980
      20.550000       9.965042
      20.650000       9.939051
      20.750000       9.918643
      20.850000       9.935931
      20.950000       9.880281
      21.050000       9.874643
      21.150000       9.878407
      21.250000       9.828883
      21.350000       9.822486
      21.450000       9.789415
      21.550000       9.785537
      21.650000       9.745262
      21.750000       9.725280
      21.850000       9.716503
      21.950000       9.695700
      22.050000       9.684481
      22.150000       9.657755
      22.250000       9.624086
      22.350000       9.638360
      22.450000       9.602733
      22.550000       9.578194
      22.650000       9.556218
      22.750000       9.537080
      22.850000       9.519921
      22.950000       9.502648
      23.050000       9.488229
      23.150000       9.493027
      23.250000       9.465129
      23.350000       9.443311
      23.450000       9.440877
      23.550000       9.409110
      23.650000       9.393695
      23.750000       9.369073
      23.850000       9.348700
      23.950000       9.331907
      24.050000       9.315826
      24.150000       9.282610
      24.250000       9.285318
      24.350000       9.300384
      24.450000       9.249671
      24.550000       9.234766
      24.650000       9.210097
      24.750000       9.209610
      24.850000       9.188226
      24.950000       9.190126
      25.050000       9.150921
      25.150000       9.132816
      25.250000       9.131076
      25.350000       9.119716
      25.450000       9.099461
      25.550000       9.092346
      25.650000       9.083178
      25.750000       9.064683
      25.850000       9.067223
      25.950000       9.049246
      26.050000       9.032655
      26.150000       9.016936
      26.250000       9.016501
      26.350000       8.967505
      26.450000       8.979874
      26.550000       8.966763
      26.650000       8.937452
      26.750000       8.921296
      26.850000       8.903979
      26.950000       8.900377
      27.050000       8.881680
      27.150000       8.852515
      27.250000       8.833149
      27.350000       8.827603
      27.450000       8.798004
      27.550000       8.796729
      27.650000       8.783093
      27.750000       8.787563
      27.850000       8.755400
      27.950000       8.744082
      28.050000       8.744230
      28.150000       8.714487
      28.250000       8.687422
      28.350000       8.681252
      28.450000       8.660765
      28.550000       8.636919
      28.650000       8.630136
      28.750000       8.607430
      28.850000       8.608642
      28.950000       8.579410
      29.050000       8.552439
      29.150000       8.532572
      29.250000       8.509669
      29.350000       8.499063
      29.450000       8.485198
      29.550000       8.453528
      29.650000       8.448643
      29.750000       8.418612
      29.850000       8.396892
      29.950000       8.376628
      30.050000       8.370076
      30.150000       8.348637
      30.250000       8.305469
      30.350000       8.290736
      30.450000       8.274818
      30.550000       8.241820
      30.650000       8.222174
      30.750000       8.222783
      30.850000       8.175176
      30.950000       8.179280
      31.050000       8.141467
      31.150000       8.129686
      31.250000       8.099655
      31.350000       8.082050
      31.450000       8.044291
      31.550000       8.038998
      31.650000       8.024111
      31.750000       8.000949
      31.850000       7.973763
      31.950000       7.965936
      32.050000       7.937786
      32.150000       7.911439
      32.250000       7.884947
      32.350000       7.864455
      32.450000       7.839299
      32.550000       7.820584
      32.650000       7.790031
      32.750000       7.769228
      32.850000       7.750301
      32.950000       7.720811
      33.050000       7.724043
      33.150000       7.687628
      33.250000       7.685529
      33.350000       7.647859
      33.450000       7.618678
      33.550000       7.608838
      33.650000       7.587449
      33.750000       7.566010
      33.850000       7.561653
      33.950000       7.526347
      34.050000       7.511654
      34.150000       7.486768
      34.250000       7.470640
      34.350000       7.454314
      34.450000       7.418241
      34.550000       7.404098
      34.650000       7.389126
      34.750000       7.365477
      34.850000       7.349682
      34.950000       7.334585
      35.050000       7.293867
      35.150000       7.287805
      35.250000       7.270087
      35.350000       7.244138
      35.450000       7.228388
      35.550000       7.208049
      35.650000       7.183331
      35.750000       7.169978
      35.850000       7.156676
      35.950000       7.122662
      36.050000       7.127175
      36.150000       7.105969
      36.250000       7.079443
      36.350000       7.060846
      36.450000       7.043933
      36.550000       7.019119
      36.650000       7.008788
      36.750000       6.972218
      36.850000       6.952141
      36.950000       6.934222
      37.050000       6.929889
      37.150000       6.893671
      37.250000       6.872832
      37.350000       6.852574
      37.450000       6.835384
      37.550000       6.807796
      37.650000       6.795873
      37.750000       6.786423
      37.850000       6.764964
      37.950000       6.737217
      38.050000       6.722107
      38.150000       6.703126
      38.250000       6.673933
      38.350000       6.662758
      38.450000       6.642729
      38.550000       6.615874
      38.650000       6.587526
      38.750000       6.570648
      38.850000       6.564785
      38.950000       6.532191
      39.050000       6.520471
      39.150000       6.504430
      39.250000       6.484449
      39.350000       6.456385
      39.450000       6.442560
      39.550000       6.425102
      39.650000       6.418525
      39.750000       6.384948
      39.850000       6.374026
      39.950000       6.360147
      40.050000       6.327908
      40.150000       6.323076
      40.250000       6.304421
      40.350000       6.279668
      40.450000       6.267590
      40.550000       6.257348
      40.650000       6.227812
      40.750000       6.219526
      40.850000       6.198405
      40.950000       6.180827
      41.050000       6.147382
      41.150000       6.137725
      41.250000       6.122256
      41.350000       6.097437
      41.450000       6.077643
      41.550000       6.062117
      41.650000       6.041401
      41.750000       6.018933
      41.850000       6.012919
      41.950000       5.985946
      42.050000       5.970415
      42.150000       5.951891
      42.250000       5.929678
      42.350000       5.926905
      42.450000       5.904906
      42.550000       5.890999
      42.650000       5.864388
      42.750000       5.853916
      42.850000       5.827377
      42.950000       5.815578
      43.050000       5.797218
      43.150000       5.777106
      43.250000       5.760072
      43.350000       5.753439
      43.450000       5.726592
      43.550000       5.705793
      43.650000       5.696205
      43.750000       5.665584
      43.850000       5.649579
      43.950000       5.645960
      44.050000       5.629401
      44.150000       5.602174
      44.250000       5.588893
      44.350000       5.570312
      44.450000       5.564608
      44.550000       5.535922
      44.650000       5.519208
      44.750000       5.506308
      44.850000       5.493999
      44.950000       5.473893
      45.050000       5.464046
      45.150000       5.439680
      45.250000       5.423921
      45.350000       5.401107
      45.450000       5.384754
      45.550000       5.374475
      45.650000       5.347659
      45.750000       5.333809
      45.850000       5.321610
      45.950000       5.298415
      46.050000       5.287356
      46.150000       5.259321
      46.250000       5.253395
      46.350000       5.239321
      46.450000       5.209474
      46.550000       5.190789
      46.650000       5.175173
      46.750000       5.168576
      46.850000       5.149209
      46.950000       5.131079
      47.050000       5.120954
      47.150000       5.098421
      47.250000       5.080926
      47.350000       5.072201
      47.450000       5.046505
      47.550000       5.027723
      47.650000       5.012959
      47.750000       5.003017
      47.850000       4.983781
      47.950000       4.961110
      48.050000       4.949198
      48.150000       4.932683
      48.250000       4.922890
      48.350000       4.902791
      48.450000       4.884384
      48.550000       4.873245
      48.650000       4.860271
      48.750000       4.838552
      48.850000       4.825862
      48.950000       4.808073
      49.050000       4.796232
      49.150000       4.768741
      49.250000       4.756113
      49.350000       4.751502
      49.450000       4.734590
      49.550000       4.708107
      49.650000       4.691939
      49.750000       4.686450
      49.850000       4.670774
      49.950000       4.649287
      50.050000       4.638980
      50.150000       4.624783
      50.250000       4.608254
      50.350000       4.593514
      50.450000       4.580792
      50.550000       4.558655
      50.650000       4.545288
      50.750000       4.526072
      50.850000       4.519291
      50.950000       4.503576
      51.050000       4.491269
      51.150000       4.472341
      51.250000       4.462088
      51.350000       4.444921
      51.450000       4.430646
      51.550000       4.418334
      51.650000       4.397819
      51.750000       4.391150
      51.850000       4.371473
      51.950000       4.360389
      52.050000       4.351092
      52.150000       4.331941
      52.250000       4.327312
      52.350000       4.299703
      52.450000       4.294959
      52.550000       4.283167
      52.650000       4.266748
      52.750000       4.256347
      52.850000       4.242175
      52.950000       4.232091
      53.050000       4.214426
      53.150000       4.196712
      53.250000       4.186427
      53.350000       4.177044
      53.450000       4.163391
      53.550000       4.151534
      53.650000       4.133441
      53.750000       4.119126
      53.850000       4.107189
      53.950000       4.094234
      54.050000       4.087741
      54.150000       4.070092
      54.250000       4.056563
      54.350000       4.046470
      54.450000       4.035148
      54.550000       4.019339
      54.650000       4.007006
      54.750000       3.992732
      54.850000       3.984059
      54.950000       3.968425
      55.050000       3.955010
      55.150000       3.941880
      55.250000       3.927827
      55.350000       3.915211
      55.450000       3.904155
      55.550000       3.885687
      55.650000       3.877617
      55.750000       3.857750
      55.850000       3.852250
      55.950000       3.830228
      56.050000       3.823327
      56.150000       3.809671
      56.250000       3.799272
      56.350000       3.786540
      56.450000       3.768734
      56.550000       3.760934
      56.650000       3.746250
      56.750000       3.740639
      56.850000       3.718439
      56.950000       3.709159
      57.050000       3.695487
      57.150000       3.680185
      57.250000       3.667735
      57.350000       3.660750
      57.450000       3.642552
      57.550000       3.627116
      57.650000       3.614689
      57.750000       3.594953
      57.850000       3.585251
      57.950000       3.570943
      58.050000       3.558323
      58.150000       3.544644
      58.250000       3.529819
      58.350000       3.519614
      58.450000       3.507496
      58.550000       3.490974
      58.650000       3.476303
      58.750000       3.464778
      58.850000       3.452988
      58.950000       3.436221
      59.050000       3.431167
      59.150000       3.410061
      59.250000       3.399153
      59.350000       3.387569
      59.450000       3.370518
      59.550000       3.358221
      59.650000       3.345240
      59.750000       3.330938
      59.850000       3.324531
      59.950000       3.306548
      60.050000       3.300798
      60.150000       3.287545
      60.250000       3.273528
      60.350000       3.256054
      60.450000       3.247444
      60.550000       3.232502
      60.650000       3.222933
      60.750000       3.208707
      60.850000       3.196880
      60.950000       3.190592
      61.050000       3.176053
      61.150000       3.166186
      61.250000       3.159026
      61.350000       3.138649
      61.450000       3.132051
      61.550000       3.119619
      61.650000       3.108453
      61.750000       3.103566
      61.850000       3.088728
      61.950000       3.080359
      62.050000       3.065355
      62.150000       3.052448
      62.250000       3.045868
      62.350000       3.032994
      62.450000       3.027386
      62.550000       3.019441
      62.650000       3.005338
      62.750000       2.998266
      62.850000       2.988535
      62.950000       2.976651
      63.050000       2.969757
      63.150000       2.958760
      63.250000       2.947628
      63.350000       2.938626
      63.450000       2.928252
      63.550000       2.921536
      63.650000       2.911541
      63.750000       2.909328
      63.850000       2.892486
      63.950000       2.882570
      64.050000       2.869952
      64.150000       2.864850
      64.250000       2.849074
      64.350000       2.844795
      64.450000       2.837839
      64.550000       2.825701
      64.650000       2.813204
      64.750000       2.806330
      64.850000       2.794731
      64.950000       2.786152
      65.050000       2.774703
      65.150000       2.764492
      65.250000       2.755121
      65.350000       2.749872
      65.450000       2.744560
      65.550000       2.731678
      65.650000       2.719198
      65.750000       2.713136
      65.850000       2.701603
      65.950000       2.693790
      66.050000       2.682620
      66.150000       2.669601
      66.250000       2.664881
      66.350000       2.657880
      66.450000       2.645259
      66.550000       2.638911
      66.650000       2.626531
      66.750000       2.617530
      66.850000       2.611510
      66.950000       2.603049
      67.050000       2.590907
      67.150000       2.578785
      67.250000       2.572330
      67.350000       2.564134
      67.450000       2.553180
      67.550000       2.547861
      67.650000       2.533906
      67.750000       2.523662
      67.850000       2.517099
      67.950000       2.504845
      68.050000       2.497951
      68.150000       2.489323
      68.250000       2.477345
      68.350000       2.467197
      68.450000       2.459113
      68.550000       2.448543
      68.650000       2.441615
      68.750000       2.433372
      68.850000       2.423574
      68.950000       2.414211
      69.050000       2.406583
      69.150000       2.397087
      69.250000       2.386686
      69.350000       2.378944
      69.450000       2.368241
      69.550000       2.357990
      69.650000       2.351043
      69.750000       2.343598
      69.850000       2.330172
      69.950000       2.323829
      70.050000       2.316658
      70.150000       2.306752
      70.250000       2.298762
      70.350000       2.285301
      70.450000       2.278287
      70.550000       2.263638
      70.650000       2.260355
      70.750000       2.247886
      70.850000       2.242714
      70.950000       2.234572
      71.050000       2.227685
      71.150000       2.217107
      71.250000       2.206696
      71.350000       2.199692
      71.450000       2.192852
      71.550000       2.183467
      71.650000       2.175528
      71.750000       2.162341
      71.850000       2.159596
      71.950000       2.147170
      72.050000       2.141190
      72.150000       2.136109
      72.250000       2.126859
      72.350000       2.119016
      72.450000       2.112071
      72.550000       2.101998
      72.650000       2.096920
      72.750000       2.088036
      72.850000       2.078295
      72.950000       2.073235
      73.050000       2.066573
      73.150000       2.054898
      73.250000       2.049516
      73.350000       2.043556
      73.450000       2.033168
      73.550000       2.026977
      73.650000       2.019933
      73.750000       2.011557
      73.850000       2.007888
      73.950000       2.002651
      74.050000       1.989549
      74.150000       1.985855
      74.250000       1.979353
      74.350000       1.972861
      74.450000       1.962151
      74.550000       1.957882
      74.650000       1.952010
      74.750000       1.945018
      74.850000       1.937699
      74.950000       1.928965
      75.050000       1.922105
      75.150000       1.916982
      75.250000       1.910726
      75.350000       1.904578
      75.450000       1.896277
      75.550000       1.890800
      75.650000       1.886965
      75.750000       1.880252
      75.850000       1.871121
      75.950000       1.866027
      76.050000       1.855909
      76.150000       1.851490
      76.250000       1.848180
      76.350000       1.840209
      76.450000       1.833230
      76.550000       1.824197
      76.650000       1.819524
      76.750000       1.811945
      76.850000       1.807975
      76.950000       1.802443
      77.050000       1.797414
      77.150000       1.785952
      77.250000       1.783379
      77.350000       1.775884
      77.450000       1.772632
      77.550000       1.767045
      77.650000       1.760591
      77.750000       1.753579
      77.850000       1.747077
      77.950000       1.740673
      78.050000       1.735137
      78.150000       1.728696
      78.250000       1.722943
      78.350000       1.718440
      78.450000       1.711106
      78.550000       1.702587
      78.650000       1.698195
      78.750000       1.691789
      78.850000       1.684676
      78.950000       1.676819
      79.050000       1.674802
      79.150000       1.666364
      79.250000       1.662217
      79.350000       1.657474
      79.450000       1.649125
      79.550000       1.645691
      79.650000       1.636241
      79.750000       1.630405
      79.850000       1.626834
      79.950000       1.618579
      80.050000       1.612592
      80.150000       1.607706
      80.250000       1.601670
      80.350000       1.596002
      80.450000       1.590452
      80.550000       1.584231
      80.650000       1.575892
      80.750000       1.572529
      80.850000       1.564380
      80.950000       1.558826
      81.050000       1.551486
      81.150000       1.549425
      81.250000       1.542434
      81.350000       1.535117
      81.450000       1.533495
      81.550000       1.525955
      81.650000       1.520286
      81.750000       1.516369
      81.850000       1.509078
      81.950000       1.500445
      82.050000       1.496004
      82.150000       1.493408
      82.250000       1.485125
      82.350000       1.481985
      82.450000       1.474554
      82.550000       1.470586
      82.650000       1.464899
      82.750000       1.459383
      82.850000       1.455636
      82.950000       1.447955
      83.050000       1.443914
      83.150000       1.436969
      83.250000       1.434117
      83.350000       1.430181
      83.450000       1.421622
      83.550000       1.419005
      83.650000       1.412157
      83.750000       1.408609
      83.850000       1.405451
      83.950000       1.397739
      84.050000       1.391451
      84.150000       1.385330
      84.250000       1.384218
      84.350000       1.377724
      84.450000       1.373366
      84.550000       1.369608
      84.650000       1.363780
      84.750000       1.357880
      84.850000       1.353768
      84.950000       1.350435
      85.050000       1.345412
      85.150000       1.339139
      85.250000       1.335466
      85.350000       1.329056
      85.450000       1.325474
      85.550000       1.318936
      85.650000       1.313726
      85.750000       1.311676
      85.850000       1.304522
      85.950000       1.300304
      86.050000       1.295917
      86.150000       1.291477
      86.250000       1.286762
      86.350000       1.280387
      86.450000       1.279043
      86.550000       1.273112
      86.650000       1.266710
      86.750000       1.260572
      86.850000       1.260232
      86.950000       1.252840
      87.050000       1.247179
      87.150000       1.240245
      87.250000       1.237907
      87.350000       1.235082
      87.450000       1.229887
      87.550000       1.225078
      87.650000       1.221056
      87.750000       1.214668
      87.850000       1.211127
      87.950000       1.204156
      88.050000       1.198581
      88.150000       1.194668
      88.250000       1.192359
      88.350000       1.186628
      88.450000       1.182682
      88.550000       1.177043
      88.650000       1.173477
      88.750000       1.166489
      88.850000       1.163535
      88.950000       1.158211
      89.050000       1.153111
      89.150000       1.149769
      89.250000       1.144463
      89.350000       1.141335
      89.450000       1.136360
      89.550000       1.132137
      89.650000       1.128124
      89.750000       1.121894
      89.850000       1.119755
      89.950000       1.117336
      90.050000       1.110830
      90.150000       1.104681
      90.250000       1.103072
      90.350000       1.096262
      90.450000       1.091969
      90.550000       1.087575
      90.650000       1.084297
      90.750000       1.079615
      90.850000       1.075854
      90.950000       1.070824
      91.050000       1.066183
      91.150000       1.061091
      91.250000       1.058031
      91.350000       1.054176
      91.450000       1.049041
      91.550000       1.046073
      91.650000       1.041398
      91.750000       1.035118
      91.850000       1.033496
      91.950000       1.028008
      92.050000       1.023947
      92.150000       1.019900
      92.250000       1.015267
      92.350000       1.011987
      92.450000       1.006226
      92.550000       1.002887
      92.650000       1.001564
      92.750000       0.996520
      92.850000       0.992876
      92.950000       0.989509
      93.050000       0.984987
      93.150000       0.980547
      93.250000       0.977484
      93.350000       0.973329
      93.450000       0.968551
      93.550000       0.966616
      93.650000       0.963464
      93.750000       0.957951
      93.850000       0.956971
      93.950000       0.952928
      94.050000       0.949164
      94.150000       0.943364
      94.250000       0.941832
      94.350000       0.936952
      94.450000       0.934994
      94.550000       0.929022
      94.650000       0.927752
      94.750000       0.922305
      94.850000       0.920023
      94.950000       0.917265
      95.050000       0.913775
      95.150000       0.908382
      95.250000       0.907072
      95.350000       0.904379
      95.450000       0.898908
      95.550000       0.896115
      95.650000       0.893679
      95.750000       0.890429
      95.850000       0.887190
      95.950000       0.884090
      96.050000       0.880472
      96.150000       0.876915
      96.250000       0.875037
      96.350000       0.871358
      96.450000       0.869434
      96.550000       0.863879
      96.650000       0.862137
      96.750000       0.859701
      96.850000       0.854928
      96.950000       0.854438
      97.050000       0.850555
      97.150000       0.846953
      97.250000       0.845013
      97.350000       0.840911
      97.450000       0.838705
      97.550000       0.835781
      97.650000       0.832465
      97.750000       0.828929
      97.850000       0.827173
      97.950000       0.825517
      98.050000       0.822370
      98.150000       0.819791
      98.250000       0.817153
      98.350000       0.813244
      98.450000       0.813015
      98.550000       0.808693
      98.650000       0.806191
      98.750000       0.802508
      98.850000       0.802109
      98.950000       0.798621
      99.050000       0.795775
      99.150000       0.794676
      99.250000       0.791835
      99.350000       0.789418
      99.450000       0.788169
      99.550000       0.784100
      99.650000       0.781301
      99.750000       0.779843
      99.850000       0.778818
      99.950000       0.773720
