#Distance_(Ang) :1-1276_=>_:CA
       0.050000       0.000000
       0.150000       0.000000
       0.250000       0.000000
       0.350000       0.000000
       0.450000       0.000000
       0.550000       0.000000
       0.650000       0.000000
       0.750000       0.000000
       0.850000       0.000000
       0.950000       0.000000
       1.050000       0.000000
       1.150000       0.000000
       1.250000       0.000000
       1.350000       0.000000
       1.450000       0.000000
       1.550000       0.000000
       1.650000       0.000000
       1.750000       0.000000
       1.850000       0.000000
       1.950000       0.000000
       2.050000       0.000000
       2.150000       0.096479
       2.250000       6.297931
       2.350000      20.720022
       2.450000      13.697633
       2.550000       4.676128
       2.650000       1.739686
       2.750000       4.175726
       2.850000       4.329298
       2.950000       1.107423
       3.050000       0.470996
       3.150000       0.629301
       3.250000       1.140120
       3.350000       2.053414
       3.450000       3.227828
       3.550000       3.850071
       3.650000       4.184243
       3.750000       4.552401
       3.850000       4.140219
       3.950000       4.243227
       4.050000       5.259430
       4.150000       6.612183
       4.250000       8.859791
       4.350000      10.530064
       4.450000      10.763040
       4.550000      11.442537
       4.650000      12.940066
       4.750000      13.934817
       4.850000      13.395503
       4.950000      12.407158
       5.050000      11.931641
       5.150000      12.074590
       5.250000      11.891571
       5.350000      11.680364
       5.450000      11.735626
       5.550000      11.660104
       5.650000      11.517323
       5.750000      11.491611
       5.850000      11.696283
       5.950000      11.991990
       6.050000      12.199552
       6.150000      12.459992
       6.250000      12.505771
       6.350000      12.524290
       6.450000      12.686391
       6.550000      12.938020
       6.650000      13.025505
       6.750000      13.161096
       6.850000      13.091850
       6.950000      13.125225
       7.050000      13.046751
       7.150000      12.920797
       7.250000      12.698442
       7.350000      12.435238
       7.450000      12.415816
       7.550000      12.308819
       7.650000      12.282044
       7.750000      12.287055
       7.850000      12.207636
       7.950000      12.192786
       8.050000      12.263168
       8.150000      12.287470
       8.250000      12.288751
       8.350000      12.248940
       8.450000      12.307878
       8.550000      12.396138
       8.650000      12.595111
       8.750000      12.579949
       8.850000      12.606026
       8.950000      12.654881
       9.050000      12.583181
       9.150000      12.471148
       9.250000      12.415883
       9.350000      12.243566
       9.450000      12.120970
       9.550000      12.066200
       9.650000      12.095707
       9.750000      12.019071
       9.850000      11.963410
       9.950000      11.965413
      10.050000      11.850145
      10.150000      11.830034
      10.250000      11.805535
      10.350000      11.702940
      10.450000      11.653270
      10.550000      11.631896
      10.650000      11.619290
      10.750000      11.557836
      10.850000      11.527644
      10.950000      11.530322
      11.050000      11.467909
      11.150000      11.470804
      11.250000      11.378631
      11.350000      11.356143
      11.450000      11.258251
      11.550000      11.244509
      11.650000      11.244270
      11.750000      11.203831
      11.850000      11.211918
      11.950000      11.166046
      12.050000      11.216400
      12.150000      11.136565
      12.250000      11.192408
      12.350000      11.179388
      12.450000      11.164326
      12.550000      11.153875
      12.650000      11.131372
      12.750000      11.164422
      12.850000      11.138160
      12.950000      11.146629
      13.050000      11.139409
      13.150000      11.084485
      13.250000      11.136105
      13.350000      11.118495
      13.450000      11.100851
      13.550000      11.046312
      13.650000      11.064463
      13.750000      11.041274
      13.850000      10.970088
      13.950000      11.033239
      14.050000      11.057333
      14.150000      11.043653
      14.250000      11.026165
      14.350000      11.057359
      14.450000      11.072185
      14.550000      11.036934
      14.650000      11.040814
      14.750000      11.006791
      14.850000      11.052755
      14.950000      11.031784
      15.050000      11.017768
      15.150000      11.020497
      15.250000      11.013784
      15.350000      10.998329
      15.450000      10.938491
      15.550000      11.009854
      15.650000      10.980124
      15.750000      10.945501
      15.850000      10.964070
      15.950000      10.945491
      16.050000      10.852677
      16.150000      10.870029
      16.250000      10.855032
      16.350000      10.861018
      16.450000      10.819644
      16.550000      10.792619
      16.650000      10.762211
      16.750000      10.694443
      16.850000      10.689192
      16.950000      10.680549
      17.050000      10.651156
      17.150000      10.649940
      17.250000      10.593571
      17.350000      10.618011
      17.450000      10.549944
      17.550000      10.516498
      17.650000      10.516484
      17.750000      10.437908
      17.850000      10.433665
      17.950000      10.421131
      18.050000      10.396154
      18.150000      10.363738
      18.250000      10.302364
      18.350000      10.269189
      18.450000      10.296866
      18.550000      10.252233
      18.650000      10.236804
      18.750000      10.220100
      18.850000      10.160517
      18.950000      10.172225
      19.050000      10.127505
      19.150000      10.126329
      19.250000      10.110138
      19.350000      10.056974
      19.450000      10.022329
      19.550000       9.963792
      19.650000       9.970888
      19.750000       9.955176
      19.850000       9.939895
      19.950000       9.882162
      20.050000       9.865137
      20.150000       9.861576
      20.250000       9.830154
      20.350000       9.802863
      20.450000       9.771389
      20.550000       9.768581
      20.650000       9.734151
      20.750000       9.767716
      20.850000       9.734844
      20.950000       9.699004
      21.050000       9.666366
      21.150000       9.691490
      21.250000       9.661444
      21.350000       9.619485
      21.450000       9.602826
      21.550000       9.579676
      21.650000       9.546580
      21.750000       9.530769
      21.850000       9.509370
      21.950000       9.493192
      22.050000       9.484021
      22.150000       9.446890
      22.250000       9.419282
      22.350000       9.390580
      22.450000       9.392574
      22.550000       9.339864
      22.650000       9.353898
      22.750000       9.339391
      22.850000       9.318933
      22.950000       9.301531
      23.050000       9.275175
      23.150000       9.272866
      23.250000       9.249981
      23.350000       9.239002
      23.450000       9.197765
      23.550000       9.194711
      23.650000       9.178869
      23.750000       9.179823
      23.850000       9.141029
      23.950000       9.105658
      24.050000       9.106621
      24.150000       9.075134
      24.250000       9.070850
      24.350000       9.058483
      24.450000       9.041771
      24.550000       9.030748
      24.650000       9.021462
      24.750000       9.004307
      24.850000       8.972151
      24.950000       8.972099
      25.050000       8.976265
      25.150000       8.964759
      25.250000       8.934114
      25.350000       8.924481
      25.450000       8.934763
      25.550000       8.909281
      25.650000       8.887539
      25.750000       8.884109
      25.850000       8.881918
      25.950000       8.876094
      26.050000       8.866334
      26.150000       8.847728
      26.250000       8.831445
      26.350000       8.811186
      26.450000       8.839299
      26.550000       8.813932
      26.650000       8.810519
      26.750000       8.787756
      26.850000       8.772027
      26.950000       8.767212
      27.050000       8.737245
      27.150000       8.725090
      27.250000       8.739178
      27.350000       8.723093
      27.450000       8.681626
      27.550000       8.682854
      27.650000       8.660442
      27.750000       8.648804
      27.850000       8.609933
      27.950000       8.608387
      28.050000       8.575786
      28.150000       8.542746
      28.250000       8.528140
      28.350000       8.498879
      28.450000       8.491656
      28.550000       8.480774
      28.650000       8.462613
      28.750000       8.417199
      28.850000       8.399857
      28.950000       8.380935
      29.050000       8.358572
      29.150000       8.350399
      29.250000       8.320612
      29.350000       8.297251
      29.450000       8.280489
      29.550000       8.291298
      29.650000       8.250696
      29.750000       8.232182
      29.850000       8.219640
      29.950000       8.225490
      30.050000       8.171601
      30.150000       8.165977
      30.250000       8.146074
      30.350000       8.117321
      30.450000       8.093863
      30.550000       8.087809
      30.650000       8.069437
      30.750000       8.047488
      30.850000       8.026426
      30.950000       8.019126
      31.050000       8.003554
      31.150000       7.997903
      31.250000       7.986438
      31.350000       7.953074
      31.450000       7.926860
      31.550000       7.922714
      31.650000       7.900327
      31.750000       7.872825
      31.850000       7.853168
      31.950000       7.821581
      32.050000       7.819134
      32.150000       7.788871
      32.250000       7.791157
      32.350000       7.753067
      32.450000       7.726728
      32.550000       7.699293
      32.650000       7.679097
      32.750000       7.649064
      32.850000       7.644240
      32.950000       7.609697
      33.050000       7.599909
      33.150000       7.568158
      33.250000       7.550282
      33.350000       7.515474
      33.450000       7.508142
      33.550000       7.503188
      33.650000       7.459771
      33.750000       7.441491
      33.850000       7.408450
      33.950000       7.388691
      34.050000       7.377386
      34.150000       7.347690
      34.250000       7.314852
      34.350000       7.292990
      34.450000       7.275857
      34.550000       7.269629
      34.650000       7.229958
      34.750000       7.219935
      34.850000       7.201028
      34.950000       7.185362
      35.050000       7.159342
      35.150000       7.138061
      35.250000       7.135093
      35.350000       7.113371
      35.450000       7.073032
      35.550000       7.078009
      35.650000       7.054701
      35.750000       7.035114
      35.850000       6.989722
      35.950000       6.997483
      36.050000       6.973623
      36.150000       6.944572
      36.250000       6.943283
      36.350000       6.913817
      36.450000       6.883965
      36.550000       6.877001
      36.650000       6.856505
      36.750000       6.844466
      36.850000       6.816128
      36.950000       6.790129
      37.050000       6.775851
      37.150000       6.757267
      37.250000       6.740241
      37.350000       6.702172
      37.450000       6.706233
      37.550000       6.687501
      37.650000       6.667412
      37.750000       6.648209
      37.850000       6.643205
      37.950000       6.606790
      38.050000       6.589331
      38.150000       6.566154
      38.250000       6.557296
      38.350000       6.524482
      38.450000       6.514637
      38.550000       6.504859
      38.650000       6.481922
      38.750000       6.454596
      38.850000       6.434733
      38.950000       6.416499
      39.050000       6.396313
      39.150000       6.374835
      39.250000       6.359198
      39.350000       6.349833
      39.450000       6.333794
      39.550000       6.306983
      39.650000       6.300857
      39.750000       6.278510
      39.850000       6.262488
      39.950000       6.243588
      40.050000       6.226870
      40.150000       6.202282
      40.250000       6.187044
      40.350000       6.176469
      40.450000       6.153345
      40.550000       6.143867
      40.650000       6.120541
      40.750000       6.106045
      40.850000       6.093331
      40.950000       6.078868
      41.050000       6.066130
      41.150000       6.037659
      41.250000       6.022438
      41.350000       6.014066
      41.450000       5.993421
      41.550000       5.971228
      41.650000       5.951377
      41.750000       5.932530
      41.850000       5.905901
      41.950000       5.897821
      42.050000       5.884588
      42.150000       5.850294
      42.250000       5.842104
      42.350000       5.810597
      42.450000       5.793519
      42.550000       5.775531
      42.650000       5.763178
      42.750000       5.738277
      42.850000       5.722971
      42.950000       5.713023
      43.050000       5.692973
      43.150000       5.674029
      43.250000       5.659922
      43.350000       5.641980
      43.450000       5.615752
      43.550000       5.607253
      43.650000       5.591827
      43.750000       5.569730
      43.850000       5.562486
      43.950000       5.535024
      44.050000       5.518337
      44.150000       5.508246
      44.250000       5.499923
      44.350000       5.485994
      44.450000       5.447753
      44.550000       5.436826
      44.650000       5.423806
      44.750000       5.394207
      44.850000       5.378841
      44.950000       5.367285
      45.050000       5.354476
      45.150000       5.337808
      45.250000       5.314668
      45.350000       5.291753
      45.450000       5.281737
      45.550000       5.264110
      45.650000       5.243981
      45.750000       5.230074
      45.850000       5.208450
      45.950000       5.184827
      46.050000       5.164899
      46.150000       5.154605
      46.250000       5.133238
      46.350000       5.117235
      46.450000       5.110099
      46.550000       5.081285
      46.650000       5.075435
      46.750000       5.052216
      46.850000       5.034067
      46.950000       5.009550
      47.050000       5.001644
      47.150000       4.979196
      47.250000       4.974921
      47.350000       4.952182
      47.450000       4.934691
      47.550000       4.925879
      47.650000       4.906990
      47.750000       4.887164
      47.850000       4.869310
      47.950000       4.857455
      48.050000       4.844277
      48.150000       4.828466
      48.250000       4.819991
      48.350000       4.788861
      48.450000       4.773618
      48.550000       4.767094
      48.650000       4.752438
      48.750000       4.741470
      48.850000       4.717576
      48.950000       4.706118
      49.050000       4.693288
      49.150000       4.683221
      49.250000       4.660599
      49.350000       4.643601
      49.450000       4.626967
      49.550000       4.607234
      49.650000       4.592515
      49.750000       4.588927
      49.850000       4.566857
      49.950000       4.547331
      50.050000       4.539984
      50.150000       4.527054
      50.250000       4.501021
      50.350000       4.486482
      50.450000       4.470803
      50.550000       4.461918
      50.650000       4.451102
      50.750000       4.426365
      50.850000       4.424782
      50.950000       4.396591
      51.050000       4.382055
      51.150000       4.361902
      51.250000       4.360271
      51.350000       4.336353
      51.450000       4.323824
      51.550000       4.319671
      51.650000       4.298767
      51.750000       4.291523
      51.850000       4.275782
      51.950000       4.259590
      52.050000       4.246960
      52.150000       4.228209
      52.250000       4.208977
      52.350000       4.206974
      52.450000       4.190951
      52.550000       4.170971
      52.650000       4.161477
      52.750000       4.152321
      52.850000       4.137540
      52.950000       4.121031
      53.050000       4.101634
      53.150000       4.103970
      53.250000       4.081535
      53.350000       4.068830
      53.450000       4.052854
      53.550000       4.034877
      53.650000       4.024407
      53.750000       4.012271
      53.850000       3.996029
      53.950000       3.979838
      54.050000       3.971945
      54.150000       3.955346
      54.250000       3.939961
      54.350000       3.928285
      54.450000       3.916501
      54.550000       3.899474
      54.650000       3.888092
      54.750000       3.877844
      54.850000       3.861479
      54.950000       3.843196
      55.050000       3.833195
      55.150000       3.819582
      55.250000       3.804740
      55.350000       3.791373
      55.450000       3.779303
      55.550000       3.761533
      55.650000       3.753935
      55.750000       3.734227
      55.850000       3.723511
      55.950000       3.716265
      56.050000       3.702440
      56.150000       3.684853
      56.250000       3.674419
      56.350000       3.658054
      56.450000       3.647205
      56.550000       3.633620
      56.650000       3.621996
      56.750000       3.605069
      56.850000       3.591542
      56.950000       3.578606
      57.050000       3.569102
      57.150000       3.555378
      57.250000       3.538055
      57.350000       3.520401
      57.450000       3.511872
      57.550000       3.501370
      57.650000       3.478026
      57.750000       3.464515
      57.850000       3.453611
      57.950000       3.442520
      58.050000       3.428113
      58.150000       3.412541
      58.250000       3.398501
      58.350000       3.389737
      58.450000       3.372729
      58.550000       3.362210
      58.650000       3.350668
      58.750000       3.338448
      58.850000       3.323781
      58.950000       3.311167
      59.050000       3.296052
      59.150000       3.290293
      59.250000       3.271224
      59.350000       3.262308
      59.450000       3.252453
      59.550000       3.237112
      59.650000       3.229325
      59.750000       3.217099
      59.850000       3.198983
      59.950000       3.192903
      60.050000       3.181186
      60.150000       3.165780
      60.250000       3.155405
      60.350000       3.141460
      60.450000       3.129642
      60.550000       3.119322
      60.650000       3.109561
      60.750000       3.096125
      60.850000       3.088747
      60.950000       3.077000
      61.050000       3.067468
      61.150000       3.051353
      61.250000       3.050326
      61.350000       3.028509
      61.450000       3.025060
      61.550000       3.017778
      61.650000       2.997783
      61.750000       2.992203
      61.850000       2.977350
      61.950000       2.975768
      62.050000       2.965003
      62.150000       2.955861
      62.250000       2.939467
      62.350000       2.932379
      62.450000       2.920132
      62.550000       2.915848
      62.650000       2.906266
      62.750000       2.893592
      62.850000       2.886021
      62.950000       2.878408
      63.050000       2.866746
      63.150000       2.856448
      63.250000       2.851920
      63.350000       2.843021
      63.450000       2.828549
      63.550000       2.824633
      63.650000       2.811879
      63.750000       2.806753
      63.850000       2.795430
      63.950000       2.790092
      64.050000       2.781169
      64.150000       2.775780
      64.250000       2.761005
      64.350000       2.756806
      64.450000       2.748197
      64.550000       2.736962
      64.650000       2.728384
      64.750000       2.719863
      64.850000       2.709955
      64.950000       2.702096
      65.050000       2.698075
      65.150000       2.686341
      65.250000       2.678756
      65.350000       2.665942
      65.450000       2.660178
      65.550000       2.650684
      65.650000       2.645176
      65.750000       2.635271
      65.850000       2.621361
      65.950000       2.614178
      66.050000       2.607537
      66.150000       2.599171
      66.250000       2.588505
      66.350000       2.575531
      66.450000       2.571491
      66.550000       2.561857
      66.650000       2.553223
      66.750000       2.541417
      66.850000       2.537518
      66.950000       2.528084
      67.050000       2.517358
      67.150000       2.511175
      67.250000       2.499537
      67.350000       2.494683
      67.450000       2.482646
      67.550000       2.475073
      67.650000       2.461996
      67.750000       2.458940
      67.850000       2.449701
      67.950000       2.434833
      68.050000       2.431232
      68.150000       2.425599
      68.250000       2.415302
      68.350000       2.404923
      68.450000       2.396002
      68.550000       2.388898
      68.650000       2.380629
      68.750000       2.370948
      68.850000       2.364046
      68.950000       2.353740
      69.050000       2.346407
      69.150000       2.335204
      69.250000       2.325202
      69.350000       2.322424
      69.450000       2.312589
      69.550000       2.303884
      69.650000       2.295699
      69.750000       2.287863
      69.850000       2.279673
      69.950000       2.270180
      70.050000       2.263514
      70.150000       2.253367
      70.250000       2.247247
      70.350000       2.233410
      70.450000       2.232312
      70.550000       2.221192
      70.650000       2.213598
      70.750000       2.201960
      70.850000       2.194048
      70.950000       2.186700
      71.050000       2.178106
      71.150000       2.170061
      71.250000       2.157992
      71.350000       2.152465
      71.450000       2.145544
      71.550000       2.133230
      71.650000       2.130397
      71.750000       2.118500
      71.850000       2.109112
      71.950000       2.104610
      72.050000       2.094398
      72.150000       2.085750
      72.250000       2.079776
      72.350000       2.067393
      72.450000       2.061096
      72.550000       2.057027
      72.650000       2.048496
      72.750000       2.037789
      72.850000       2.031636
      72.950000       2.023761
      73.050000       2.016759
      73.150000       2.009313
      73.250000       2.003164
      73.350000       1.992754
      73.450000       1.986536
      73.550000       1.978371
      73.650000       1.973465
      73.750000       1.961489
      73.850000       1.953338
      73.950000       1.945366
      74.050000       1.943412
      74.150000       1.937421
      74.250000       1.928413
      74.350000       1.925962
      74.450000       1.918120
      74.550000       1.908266
      74.650000       1.904048
      74.750000       1.896734
      74.850000       1.888079
      74.950000       1.883605
      75.050000       1.875253
      75.150000       1.871721
      75.250000       1.863431
      75.350000       1.854799
      75.450000       1.852007
      75.550000       1.843743
      75.650000       1.838500
      75.750000       1.833751
      75.850000       1.822837
      75.950000       1.817318
      76.050000       1.810268
      76.150000       1.807610
      76.250000       1.797849
      76.350000       1.793936
      76.450000       1.786784
      76.550000       1.780216
      76.650000       1.773838
      76.750000       1.770116
      76.850000       1.760099
      76.950000       1.756687
      77.050000       1.749089
      77.150000       1.748620
      77.250000       1.738617
      77.350000       1.733276
      77.450000       1.728136
      77.550000       1.721409
      77.650000       1.718700
      77.750000       1.704983
      77.850000       1.705187
      77.950000       1.696417
      78.050000       1.690935
      78.150000       1.684165
      78.250000       1.682600
      78.350000       1.673643
      78.450000       1.666570
      78.550000       1.662118
      78.650000       1.652989
      78.750000       1.649998
      78.850000       1.642797
      78.950000       1.636397
      79.050000       1.634790
      79.150000       1.625816
      79.250000       1.618446
      79.350000       1.613813
      79.450000       1.607226
      79.550000       1.598642
      79.650000       1.600184
      79.750000       1.592397
      79.850000       1.584418
      79.950000       1.580082
      80.050000       1.574769
      80.150000       1.569762
      80.250000       1.563048
      80.350000       1.557537
      80.450000       1.552389
      80.550000       1.548588
      80.650000       1.541543
      80.750000       1.533972
      80.850000       1.531650
      80.950000       1.527890
      81.050000       1.519554
      81.150000       1.515092
      81.250000       1.509363
      81.350000       1.504383
      81.450000       1.497985
      81.550000       1.495639
      81.650000       1.489231
      81.750000       1.483433
      81.850000       1.477536
      81.950000       1.472058
      82.050000       1.466728
      82.150000       1.463224
      82.250000       1.457242
      82.350000       1.450709
      82.450000       1.446504
      82.550000       1.442020
      82.650000       1.437650
      82.750000       1.431581
      82.850000       1.429454
      82.950000       1.418997
      83.050000       1.415380
      83.150000       1.410160
      83.250000       1.408020
      83.350000       1.402167
      83.450000       1.395481
      83.550000       1.391992
      83.650000       1.389426
      83.750000       1.381144
      83.850000       1.376005
      83.950000       1.373016
      84.050000       1.367056
      84.150000       1.360750
      84.250000       1.359059
      84.350000       1.353654
      84.450000       1.346793
      84.550000       1.343537
      84.650000       1.340264
      84.750000       1.334433
      84.850000       1.332814
      84.950000       1.324831
      85.050000       1.320707
      85.150000       1.317191
      85.250000       1.311485
      85.350000       1.309040
      85.450000       1.301394
      85.550000       1.296841
      85.650000       1.292392
      85.750000       1.288385
      85.850000       1.283659
      85.950000       1.280015
      86.050000       1.274242
      86.150000       1.270208
      86.250000       1.264176
      86.350000       1.259655
      86.450000       1.258264
      86.550000       1.251375
      86.650000       1.247490
      86.750000       1.243847
      86.850000       1.239645
      86.950000       1.234434
      87.050000       1.230129
      87.150000       1.224055
      87.250000       1.219431
      87.350000       1.218772
      87.450000       1.211531
      87.550000       1.207272
      87.650000       1.201651
      87.750000       1.198774
      87.850000       1.195470
      87.950000       1.188861
      88.050000       1.185225
      88.150000       1.179654
      88.250000       1.175474
      88.350000       1.173372
      88.450000       1.168505
      88.550000       1.163824
      88.650000       1.160728
      88.750000       1.158379
      88.850000       1.150816
      88.950000       1.146528
      89.050000       1.142478
      89.150000       1.138627
      89.250000       1.133291
      89.350000       1.129507
      89.450000       1.126288
      89.550000       1.120061
      89.650000       1.118047
      89.750000       1.113427
      89.850000       1.111985
      89.950000       1.106405
      90.050000       1.099966
      90.150000       1.095875
      90.250000       1.093446
      90.350000       1.089491
      90.450000       1.083471
      90.550000       1.082129
      90.650000       1.077510
      90.750000       1.072302
      90.850000       1.069299
      90.950000       1.065682
      91.050000       1.059990
      91.150000       1.057379
      91.250000       1.051786
      91.350000       1.050343
      91.450000       1.045232
      91.550000       1.040497
      91.650000       1.036300
      91.750000       1.033131
      91.850000       1.029816
      91.950000       1.025788
      92.050000       1.023202
      92.150000       1.019788
      92.250000       1.013595
      92.350000       1.010482
      92.450000       1.005200
      92.550000       1.003009
      92.650000       0.998577
      92.750000       0.996029
      92.850000       0.994021
      92.950000       0.988877
      93.050000       0.985445
      93.150000       0.982181
      93.250000       0.978942
      93.350000       0.974355
      93.450000       0.971594
      93.550000       0.966441
      93.650000       0.963701
      93.750000       0.961175
      93.850000       0.958001
      93.950000       0.953369
      94.050000       0.950129
      94.150000       0.948573
      94.250000       0.942311
      94.350000       0.940001
      94.450000       0.936219
      94.550000       0.932517
      94.650000       0.928792
      94.750000       0.926527
      94.850000       0.923760
      94.950000       0.919616
      95.050000       0.916701
      95.150000       0.912544
      95.250000       0.908806
      95.350000       0.907564
      95.450000       0.902834
      95.550000       0.899258
      95.650000       0.897063
      95.750000       0.892716
      95.850000       0.889605
      95.950000       0.885421
      96.050000       0.882614
      96.150000       0.882873
      96.250000       0.878455
      96.350000       0.874598
      96.450000       0.871347
      96.550000       0.868602
      96.650000       0.864749
      96.750000       0.861420
      96.850000       0.858684
      96.950000       0.857035
      97.050000       0.851287
      97.150000       0.849596
      97.250000       0.848121
      97.350000       0.843361
      97.450000       0.840594
      97.550000       0.837816
      97.650000       0.834820
      97.750000       0.832030
      97.850000       0.829922
      97.950000       0.825850
      98.050000       0.823505
      98.150000       0.821802
      98.250000       0.820710
      98.350000       0.815364
      98.450000       0.812300
      98.550000       0.810942
      98.650000       0.807159
      98.750000       0.804743
      98.850000       0.802868
      98.950000       0.799656
      99.050000       0.795913
      99.150000       0.796007
      99.250000       0.790974
      99.350000       0.788282
      99.450000       0.786540
      99.550000       0.784188
      99.650000       0.780887
      99.750000       0.780169
      99.850000       0.777707
      99.950000       0.774176
