22.4845
23.1880
24.0769
24.5960
24.6074
23.7523
25.2896
24.2891
25.0762
24.3032
23.6401
23.9297
24.4582
24.3680
25.0156
22.8620
22.2457
22.8537
23.1236
22.3617
22.6165
23.2752
22.9214
22.2324
24.9279
24.2201
23.9737
22.7116
22.7080
24.2952
23.9317
23.9439
24.0840
23.3836
23.2299
23.1397
22.6064
23.2312
23.3387
22.3410
23.4465
24.0907
23.2510
23.8974
23.7305
22.5524
23.5902
23.8546
24.7482
24.3318
24.3949
23.6166
24.0474
23.9762
23.5906
23.1903
23.3196
24.2788
23.9079
23.7290
24.3624
24.3758
24.0306
23.7775
23.4317
22.7965
23.0440
23.7262
22.6373
22.7202
23.1557
24.2455
24.2919
23.5571
23.9688
24.5905
24.0982
24.0140
24.3686
23.7167
24.1402
23.0797
23.3535
23.3515
24.1642
23.7662
24.0354
24.7677
23.5475
23.5251
23.1557
22.7268
23.1025
23.0989
22.8013
21.7636
21.9466
21.2168
21.1450
22.1775
20.5372
20.8931
20.6698
21.8443
22.6431
21.4936
22.5445
22.2574
22.1590
22.2210
22.2965
22.3032
22.2646
22.2355
21.9883
22.3503
22.7326
22.0398
21.8636
22.5924
22.8569
22.0091
22.4771
22.1530
22.1742
22.7193
22.8425
22.7973
22.9847
23.8071
22.9103
22.4636
22.4389
22.8927
23.5445
22.6976
23.5079
21.0971
21.0291
21.4667
21.2667
21.1048
21.1705
21.7545
21.2576
21.3410
21.5448
22.0043
21.2727
22.0622
21.3927
22.0717
21.6222
21.8881
21.8661
21.3382
21.2255
21.3486
21.4780
21.4862
22.1776
21.5264
21.7359
21.3717
21.4900
21.2847
20.6197
20.8469
20.8554
21.5384
21.1051
21.1654
21.2992
21.2366
22.1515
20.9516
20.8985
20.9094
21.2878
21.2438
20.9485
20.8261
20.6576
21.6253
21.7399
21.4381
21.3651
21.1987
20.6886
21.2957
20.4803
21.5074
21.1405
21.2367
21.3633
20.8021
21.4609
20.7765
21.2999
20.9411
20.6739
20.9132
21.1616
21.0513
21.7849
21.8543
20.3224
21.4137
21.4655
20.7628
20.6725
21.1991
20.1212
19.8355
21.1390
20.9393
20.4808
20.2081
20.5542
19.9639
19.1466
18.9808
19.7946
19.1513
19.7019
20.0976
20.2632
21.0572
20.6662
20.6467
20.7811
20.8271
20.6824
20.4047
20.8559
20.9865
20.7857
20.4560
20.2710
20.4421
20.2744
20.6001
20.6772
20.4702
19.8039
20.0218
19.9166
19.8190
19.7689
19.5684
19.6524
19.8965
19.5839
19.6353
20.0654
19.8865
19.8881
19.7022
19.9244
20.3181
20.0503
19.7215
19.5496
19.1509
19.7286
19.8193
19.9076
20.1297
19.8722
20.0258
19.9787
20.1109
20.0119
19.6098
19.6122
19.8519
19.2356
19.6104
19.7633
20.0739
20.0051
19.1867
19.4557
19.9841
20.0632
20.0762
19.7443
19.8758
19.5029
19.5167
19.7287
19.5498
19.4366
19.3469
19.1925
19.2966
19.6527
19.7661
20.0272
20.3918
20.0442
19.7870
20.1642
19.5045
19.7622
19.6882
20.0615
19.6964
20.1361
19.5268
19.7814
19.5781
19.3780
19.7303
19.9662
19.7015
19.8022
19.8912
19.4277
19.5464
20.0714
19.7269
19.9941
20.0927
19.8646
20.3614
19.5829
20.1184
20.1298
20.3463
20.3634
19.9699
19.8711
19.6917
20.0649
19.4761
19.4060
19.7340
19.8840
19.8443
19.4543
19.2611
19.7314
19.7322
20.0600
19.7538
19.7129
20.0171
19.8972
19.7647
20.2094
19.9248
19.7248
20.4469
20.2001
19.4910
20.2275
19.7555
20.0220
19.6056
20.0716
19.6384
19.5823
19.9360
20.3069
19.4551
19.9817
19.7303
20.1811
20.2375
19.9214
20.0884
19.6037
19.7507
19.7204
19.7039
20.0148
19.8080
19.6751
20.3605
20.3545
19.6195
20.3182
20.1261
20.5051
20.1806
20.6425
20.7500
20.7184
20.4860
20.2546
20.8680
19.7136
20.7608
21.4602
21.7806
21.6167
20.7724
20.5382
20.8513
