25.4071
25.2533
27.0164
25.0710
26.1760
26.9045
27.2287
25.1242
24.9756
24.8420
24.5421
24.4983
26.3034
24.7827
25.6438
27.9387
26.9384
26.5990
25.8445
28.0022
27.6086
29.1309
26.7838
28.0704
26.7370
26.4004
27.3059
25.7817
26.2404
26.7382
26.4444
28.6418
28.0945
28.5833
29.3831
28.0137
25.7843
26.9539
26.8671
27.2317
28.0977
29.3511
27.2224
28.3309
27.4354
24.9347
27.8016
26.4987
26.5999
27.8812
28.2763
27.9886
29.3196
28.9784
28.6706
30.5887
29.1042
28.7450
28.2869
29.4043
26.4144
28.3160
27.3277
26.8952
27.7879
28.4332
26.6707
28.6180
27.4225
25.4910
26.8080
28.9073
27.3795
26.1202
27.5807
26.7167
27.0188
28.5672
27.6075
28.6127
30.3875
29.1171
29.3060
30.0461
29.1957
29.4069
28.2115
28.9855
29.5340
29.7411
29.3919
29.1706
29.4651
29.5689
29.3652
28.9499
29.2046
29.0785
29.4632
30.4231
27.8191
28.7389
27.8024
27.7162
25.8364
27.2245
26.6437
27.9468
28.4490
28.2109
28.4266
29.1525
29.4178
27.0746
30.1220
28.2574
28.2271
28.0119
28.6774
28.4569
27.7257
26.7172
28.8769
27.1568
25.8089
26.1389
27.2394
27.9652
26.2123
28.4246
28.4627
29.3546
28.3469
28.5445
28.8634
27.2472
26.0563
26.4130
28.3005
29.1828
27.3219
28.1655
27.5990
27.6307
28.0333
26.1317
27.8378
27.1199
28.0990
27.9484
29.1460
27.1812
27.6183
27.0551
27.0384
28.1609
26.9892
25.7202
26.5472
25.6170
25.6724
24.9157
27.4277
27.4674
28.3958
27.4168
28.1945
27.6144
25.5709
27.9686
27.5816
26.9283
26.6478
27.2505
26.2622
26.7147
27.1352
26.9284
25.4450
26.8767
26.4446
26.6429
27.4292
27.7648
27.1064
27.1660
27.3409
27.4856
27.0841
27.5178
27.6078
26.1652
26.9541
25.8632
25.7937
26.3917
27.6290
27.1258
25.6548
25.5706
24.8832
27.1240
25.2838
26.4860
26.6488
26.1438
25.5269
25.3475
27.5225
25.9919
26.1330
26.7351
26.0629
25.9253
25.9366
25.0679
26.5691
26.5934
25.5867
25.6152
25.5222
25.4814
26.1730
26.1505
25.4525
24.5320
24.8122
25.3913
25.5193
24.9996
25.0242
24.3966
25.1261
24.3976
24.1114
25.1736
25.3052
25.2294
24.7871
25.2348
25.7497
25.8454
24.8384
24.2567
24.5549
24.6076
24.5709
24.7262
25.3375
24.9316
23.4552
23.7844
23.7888
23.4506
24.3150
24.5297
24.9858
24.9881
25.6231
26.3049
24.1749
24.4987
24.6641
25.5752
24.8058
26.2531
26.6452
26.5955
24.9530
25.0495
27.0731
27.7276
27.4198
27.0800
26.2664
26.7739
24.7406
26.7133
26.0974
25.9167
25.3871
24.6824
24.4314
23.9788
23.9298
24.3831
24.4853
24.9835
24.3807
22.4944
23.8178
23.7495
25.1583
24.3278
23.3008
23.9852
23.2853
23.0492
22.9034
22.5268
22.6135
22.9073
23.4131
23.8742
22.6181
22.2687
24.4880
23.0992
24.5230
25.1494
25.8020
25.5124
25.5130
24.1036
24.6759
24.6776
24.4590
23.1361
23.3280
23.1871
23.2227
23.8330
23.1144
23.3046
23.3640
23.1808
22.7724
23.1812
23.1293
22.8645
22.5579
21.9468
21.7178
22.1218
21.8510
21.5462
22.5264
23.7923
23.1788
23.0558
23.4414
23.8970
23.5117
23.7795
23.6323
23.4881
23.2636
23.0225
23.4058
23.3808
22.6100
23.3960
22.6903
22.4395
23.0400
22.7350
23.1153
23.2971
22.8325
22.7553
23.1612
23.6128
23.2414
23.7317
23.2572
23.2820
23.1307
23.9378
22.7710
23.0217
22.6534
22.7391
22.5620
22.4097
22.0279
22.1509
21.9678
22.7041
22.3214
22.9811
23.2407
22.9523
23.4747
23.8179
23.6706
24.1565
24.0175
24.8084
23.4005
23.5666
23.6722
23.6027
24.0120
23.4109
23.5981
23.3719
23.4142
23.7489
23.6571
23.9322
