23.7333
22.4323
22.7668
23.1278
23.2341
22.9141
23.3811
22.4218
22.5947
21.9121
21.4794
22.2302
21.6983
21.9971
21.6862
22.2599
21.7699
21.5777
21.6702
21.3804
21.6214
21.5688
22.3193
22.3562
21.9054
21.7521
20.7660
21.4789
21.3249
21.1543
21.8300
21.3704
21.4482
21.6753
21.0694
21.7090
21.5318
21.6035
22.1122
22.1116
21.6107
21.4548
21.5659
22.4603
21.5996
22.1799
21.2822
20.8400
21.7287
21.4310
20.9341
21.2742
21.3492
20.9327
21.1493
21.3091
21.6841
21.3989
21.3639
21.6785
20.7270
20.4309
21.2283
22.0538
21.1451
20.8160
21.2823
21.4485
20.6237
21.4812
21.6758
21.3994
21.2376
21.4050
20.5572
21.0282
21.0078
19.8762
20.4427
20.8698
20.4914
21.0958
21.8422
21.5407
21.7091
21.4767
20.9779
20.9597
20.4247
21.0294
20.3335
21.2616
20.7781
21.1083
21.3020
20.5823
21.4250
21.2292
21.4418
21.1404
21.4932
21.0092
21.3736
21.9011
21.0432
22.1003
21.4217
21.9191
22.2809
22.5437
22.1994
22.1894
21.3892
22.7255
22.4301
22.6642
23.2261
23.4382
22.8742
22.8006
22.5627
22.0346
22.7004
22.1935
22.7171
22.0812
23.0528
22.1942
23.9816
22.7702
23.1992
22.4745
22.8516
22.4225
22.8870
22.7168
22.7636
22.7243
22.6626
22.1894
22.2223
22.1096
21.8217
21.1198
22.0151
22.1283
21.2283
21.7814
23.0761
21.6545
21.9223
21.7379
21.0820
21.6893
21.8154
22.5237
22.3381
22.3844
22.5162
22.9992
23.3315
23.1985
21.8299
22.3617
21.8437
22.0567
22.2632
22.7072
23.6880
22.8724
22.5965
22.4408
22.3912
22.0344
21.8844
22.3323
22.7384
22.3232
22.5461
21.5238
22.8070
23.1887
23.3214
23.6001
23.0040
23.7455
23.1412
22.5001
23.4005
23.1060
23.0763
22.4314
22.7327
22.5649
22.0276
23.3107
23.2675
23.1711
22.6609
22.5929
22.4159
23.6113
22.1552
22.8005
22.5721
22.2484
22.5444
23.2273
22.8962
21.8193
22.2597
22.9713
22.6630
23.4664
23.0727
23.0891
22.8138
22.9810
22.6912
23.9522
24.2352
23.4241
23.7335
24.0351
25.1008
25.4403
24.0269
25.4682
24.4069
23.9490
24.5877
24.2465
24.9769
24.5135
24.2830
23.6301
23.0686
23.6917
23.2473
23.6127
22.5743
22.6506
23.2584
23.6557
22.8341
23.4144
24.7210
23.6263
23.7238
22.8903
23.6785
23.8013
24.1400
23.9943
25.4441
26.2698
26.0400
25.2965
25.0543
25.0017
25.4865
25.3339
24.9351
24.1677
25.3291
25.8749
25.2727
26.0641
26.8881
26.4949
27.4403
26.5750
27.0373
24.5975
25.8536
27.2052
25.6001
27.6432
24.9461
24.4236
24.9200
24.9442
24.7291
23.6777
24.6359
23.5233
23.6380
22.6291
23.7035
24.5739
23.8275
24.2924
24.0858
23.6372
24.9825
25.5081
24.6830
24.4033
23.9972
23.3003
23.7470
24.0973
23.9615
24.0751
24.4675
23.9503
23.7318
24.4783
23.3792
23.3250
24.1684
23.7784
23.6977
23.9704
24.3478
24.0827
23.9794
23.5607
23.7045
24.3911
24.0998
24.9410
23.6136
23.7236
23.6650
23.3302
22.2034
23.9413
24.7184
24.1933
23.8056
23.9157
24.8392
24.2981
23.4870
23.9520
24.0415
24.7011
24.5693
24.6948
24.5242
24.4200
24.6169
24.3004
24.8622
24.0165
23.9239
25.5718
25.2140
24.1746
24.6915
24.5209
24.4291
25.8892
26.6416
25.3543
25.4839
25.1605
26.6333
26.7446
26.6234
25.5682
25.1807
24.5265
24.6719
25.1095
26.0487
24.8405
25.6269
24.6694
24.2773
23.7860
24.8756
24.1904
24.0387
23.8447
23.8784
24.5232
24.3459
25.1077
24.8080
25.3638
24.0438
23.8731
24.0657
24.4631
25.2392
24.2938
24.2263
24.0807
24.1348
23.9230
23.7264
23.9260
24.4966
25.5337
26.1911
24.7941
25.4080
24.7414
