23.6255
23.7770
22.6474
22.7176
22.2219
23.0517
22.4597
21.6629
22.2337
22.1638
22.3925
22.3345
22.2035
22.3503
22.1859
22.4180
22.8227
22.1628
22.3607
22.1438
22.7391
22.6275
22.3168
21.6736
22.1803
22.3122
22.0267
22.1342
22.1235
22.1538
22.2535
21.8913
22.3073
22.6738
22.0554
22.2146
23.0486
23.0357
22.8676
22.2091
22.8999
22.3287
21.6337
22.3410
22.7998
22.1997
21.7103
22.3439
22.6685
22.4299
22.6441
22.4554
22.1363
22.0981
21.9180
22.4230
22.2989
22.7405
22.6458
22.5239
22.6317
22.3461
22.4106
22.1723
22.4758
22.4984
23.1103
22.5939
22.5191
22.7178
22.5897
22.2527
22.0243
22.3391
22.4132
22.4024
22.0029
22.1241
21.8994
22.4580
22.3649
21.7601
22.3145
22.0557
22.2660
21.9175
22.4763
22.5619
22.1110
22.1911
22.6670
22.8211
22.2685
22.5675
22.3806
21.8624
22.2052
22.1084
22.4995
22.1256
22.4656
21.9564
21.8949
21.9771
21.6760
22.1282
21.4069
22.1735
22.5103
21.9704
21.7946
22.0805
22.4284
22.1245
22.4005
22.7548
22.5698
22.7184
23.3759
21.9328
22.0997
22.6015
21.8166
22.1721
21.7399
20.4693
22.4948
22.6072
23.3524
22.5064
22.3982
21.4901
21.9934
22.8336
22.0850
21.7767
23.1003
23.0289
23.4273
23.2059
22.7310
23.1603
22.5970
22.0274
22.9049
23.2227
21.4980
22.4669
22.2832
22.0745
22.3353
21.8690
22.3638
22.1048
22.0624
22.1278
22.2001
22.7774
22.5702
22.4613
23.0245
21.8455
22.0483
21.5586
21.4304
22.1337
22.3678
21.9858
22.7886
21.7532
22.1859
22.7759
22.7613
23.0178
22.5710
22.2398
22.4381
23.4009
22.6649
24.1288
24.0697
23.9645
23.7537
22.4900
23.6726
23.1567
23.7463
23.0720
23.4964
23.4857
23.7465
23.5400
22.6149
22.6120
23.6614
23.2783
23.3139
23.5451
22.6953
23.0385
23.0505
23.9577
23.9670
22.7301
22.1842
22.4804
22.5459
22.2822
22.1364
22.3261
22.1753
22.5367
22.0232
22.6253
22.6549
22.7861
22.2892
22.6597
22.4225
22.4963
22.8201
23.0160
22.6770
23.0047
23.3957
22.7453
22.1657
22.3881
22.4550
22.5669
22.4104
22.8955
22.2021
22.8630
22.0911
22.0147
22.8740
23.2320
22.2960
22.4853
22.2998
22.7975
23.3902
22.2847
22.7952
21.7518
22.3589
22.0098
22.6699
22.6517
22.6996
22.0631
22.0659
22.1775
22.8254
22.0531
22.5879
22.4288
21.6119
21.6597
21.8225
22.7487
22.9563
22.5084
22.7809
21.9432
22.3773
21.8065
22.1543
21.8978
21.9290
23.3835
22.7087
22.5487
22.7781
22.9272
23.3297
22.2075
22.4155
23.2890
23.1433
23.1050
23.3823
22.8165
22.8399
23.3833
22.8346
22.6477
23.1254
22.3338
22.7647
23.1324
22.4584
22.4984
22.7468
23.0173
23.1169
23.4481
23.5418
23.2794
22.8417
23.0334
22.7659
23.0047
23.1338
22.8100
23.3402
23.2855
23.4406
23.0236
22.7544
22.9181
22.4792
23.4956
23.8266
23.1487
23.3678
23.6531
24.0431
23.2809
23.4948
23.6629
23.2544
23.1802
22.6906
22.4375
23.4496
23.0384
23.2245
23.1825
23.5436
23.0244
24.0471
23.5470
23.3152
22.9266
23.3436
23.0596
22.9870
23.8395
23.6434
23.3939
22.9161
23.4555
24.1618
23.0286
23.2717
23.4012
23.1097
23.2276
23.0462
22.8407
23.3983
23.1698
23.5651
23.2725
22.8659
22.7995
23.4243
23.3995
23.2190
23.0825
23.0291
23.7575
22.8617
22.6530
22.6922
22.8459
24.1349
23.3933
23.8442
22.8183
22.7323
22.9119
22.7050
22.8813
22.6136
22.8681
23.3740
23.4919
22.2674
22.7690
22.6551
22.9451
22.3185
22.6756
22.4513
22.6338
22.5844
22.2268
22.9291
22.9557
22.9661
23.1889
23.0904
23.1654
22.8488
23.1504
22.7677
23.1902
