23.1152
20.6412
21.5857
21.3318
22.3089
22.8043
22.6706
22.4259
22.7139
22.8167
23.8689
23.3451
23.6094
23.5295
24.3522
21.9265
22.6841
24.4939
23.3354
22.4842
24.4729
23.6017
22.0560
21.7486
22.0226
21.2430
21.9405
22.1120
22.7157
22.6408
22.2115
22.4919
23.1482
21.3279
21.4593
21.2008
21.2753
21.7333
20.9136
21.7034
21.9115
22.1385
22.3237
22.1509
21.7692
22.1889
23.0487
22.1029
22.2090
21.5261
22.7547
22.0704
21.3527
21.2858
22.3711
22.6719
21.5411
22.1932
21.4670
21.8709
22.5426
22.2853
22.2443
22.2249
21.0115
22.0345
22.2514
22.2692
22.3287
21.7456
22.0636
23.0508
20.8118
21.0044
20.7775
20.8671
21.1483
20.4953
20.7709
21.0823
21.0855
22.5544
21.7311
21.4490
22.0384
21.3982
21.9584
22.1778
22.5633
21.8992
21.0944
21.6697
22.1615
23.1538
23.0251
22.3946
22.5453
22.3069
22.4337
22.2078
23.6926
22.3419
22.5333
23.7122
22.7386
24.7176
22.5833
23.5008
22.4111
22.5435
22.8467
21.8695
22.8561
23.4642
22.8180
23.9248
25.0538
23.0941
21.7322
22.6545
22.1844
22.2662
22.9488
22.5941
20.4158
21.0938
20.7354
20.4417
20.8202
21.1070
21.1128
22.0269
21.4361
20.2549
20.4784
21.0175
21.1920
21.5936
21.7227
21.5457
20.2182
21.4020
20.4961
21.6939
21.2776
20.3288
20.8669
21.8432
21.3032
19.3105
19.9825
21.5130
22.7635
22.1508
23.4243
23.4989
22.2738
22.2314
22.1233
21.1186
20.7670
21.2236
20.6863
19.5958
19.9424
21.7750
21.4135
21.2283
22.5403
21.4050
20.7985
20.9141
22.6077
22.7652
21.1345
21.2814
21.8034
21.1522
23.0527
22.4314
24.1174
23.7722
22.9700
23.0930
22.6668
23.6065
22.7432
23.0316
21.8784
23.0890
22.2881
22.0104
21.2571
22.5635
21.7711
21.5640
22.0859
22.9926
21.6222
22.9249
24.0618
22.5781
22.8268
23.1193
24.5738
23.7787
23.6397
23.3597
23.5108
22.7623
21.9514
22.5086
22.9753
24.1306
22.7446
22.6132
22.9813
22.5278
22.8488
22.9258
21.7693
21.2641
21.8605
21.6308
21.9968
21.7981
21.2752
20.7106
21.3370
21.7019
20.9472
21.5792
21.6922
22.5850
22.0077
21.3992
22.1080
22.4418
22.3588
22.2719
21.0313
21.3595
21.9517
22.5378
22.6750
23.8117
23.5022
21.9576
21.3499
22.3129
22.4327
22.8047
22.8323
22.5151
23.6492
22.9695
22.8129
25.1238
23.8682
23.2848
23.0832
23.2604
23.4707
23.0323
24.5750
22.9382
24.7280
23.6663
23.0739
23.5997
23.3814
23.6972
23.4022
22.8357
23.1269
23.6286
24.6665
22.8286
23.4026
23.5914
22.6057
21.9458
23.6390
23.2219
24.5982
23.9033
23.0728
21.7053
23.2478
24.2512
22.2907
23.6607
24.0818
23.9750
23.5546
23.0140
23.2900
23.3560
24.1340
22.7218
22.7987
23.8123
22.1948
23.2020
22.5992
22.7064
22.5919
22.6395
22.1198
21.3686
21.7831
22.0978
21.4018
21.9115
22.2376
22.9021
21.9195
22.0370
22.1273
21.3444
22.3982
22.2155
23.2105
22.0494
22.2133
21.8738
22.0723
21.0956
21.8550
20.9414
21.5792
21.2666
22.2646
21.8530
22.1670
22.9282
22.5298
21.5516
21.8905
22.1998
20.8569
21.6437
20.9945
22.7823
22.7224
21.9320
21.3662
22.8001
22.2600
22.1610
22.0122
22.8874
21.6169
22.1548
22.0379
22.8790
22.5909
22.4067
21.3670
22.3731
21.3355
22.1441
21.4621
23.1509
21.9789
22.8880
22.8057
22.5023
21.6990
22.2733
22.6209
22.6422
22.9838
21.4995
20.3849
21.4433
20.9518
21.3910
21.8907
20.2087
20.4976
21.2852
22.0275
20.9170
21.3829
23.1630
23.0986
23.1000
22.2787
22.5586
22.1107
21.6079
20.5669
20.6082
20.4756
20.3729
20.0157
20.0966
19.8957
20.1914
