26.9822
27.4416
27.4159
27.1495
24.7924
25.5565
26.3249
25.6158
25.6497
24.4246
23.9341
23.5953
25.7800
23.8126
24.4013
26.0649
24.3504
24.9611
24.9569
26.2930
26.1663
25.9655
24.2430
24.6157
25.3373
26.9405
25.7457
25.5744
27.2642
27.4684
27.8312
27.9089
26.3934
24.9047
26.6110
28.0567
29.1252
28.9322
28.1843
27.7150
27.4606
26.6360
25.7543
23.7696
24.7584
27.7254
28.0599
24.4107
26.2567
25.5077
24.6075
24.6926
25.4103
25.3116
25.0479
24.7228
25.1987
24.3458
25.1203
25.2153
24.6676
23.6022
26.2140
25.5964
23.7897
24.6803
25.1411
26.4380
27.5520
26.4301
26.4788
23.9191
25.8549
26.1709
26.1661
25.3685
26.9003
25.9768
25.6832
24.2986
25.6869
25.1388
26.2742
24.9117
26.2856
23.7518
24.5916
22.7013
21.7951
23.1265
23.4386
24.1064
26.2063
23.8815
25.1231
26.0823
24.9056
24.4884
25.1756
25.6314
27.8311
25.2601
25.1882
27.1298
27.6094
28.2197
26.8297
28.3273
28.3938
29.0943
28.3568
29.0914
26.9121
28.5045
26.8707
26.4617
26.0135
27.3136
26.2348
26.3098
26.1107
26.3793
25.3621
26.5816
25.5275
26.2130
28.0393
27.3462
25.7797
26.3291
26.3419
28.9497
28.5356
29.0296
28.8976
28.5235
27.4905
25.9771
28.5788
29.1946
26.6600
24.9521
22.8584
23.1694
23.5069
23.9566
23.0361
22.6267
23.5112
22.7491
22.9694
23.2251
22.8491
22.6709
23.5866
23.7063
23.3062
23.8450
23.8968
23.8975
25.0144
25.9980
24.4727
24.9857
25.3532
25.2554
25.9850
26.0406
24.9347
26.3063
26.2091
26.0379
26.7640
27.6707
26.5334
27.0325
25.3817
24.4834
26.8480
23.8363
25.5104
26.6424
24.9136
25.3673
27.0899
25.3003
25.7915
26.1287
24.7266
26.2764
24.9545
24.7074
25.8854
24.7845
25.1329
23.1563
24.5110
23.2466
22.7365
22.3776
23.1384
24.2884
22.4474
24.4463
24.0487
23.4751
22.7163
23.7736
24.4084
25.7329
24.5167
24.8562
24.2437
24.9084
23.8672
23.0068
22.6308
23.4464
22.8891
22.4985
22.3062
21.5907
22.4954
23.6422
22.8810
22.2866
23.2472
23.5218
23.6450
23.3015
23.1637
22.6219
24.1651
22.4062
23.3607
23.1015
21.9745
22.9024
23.6963
21.6973
23.0741
22.9062
24.1815
23.4518
23.1657
23.0799
23.2221
24.6163
23.3790
22.9855
22.5465
22.7985
24.0350
23.4768
22.4478
26.0532
23.3246
25.2551
24.6351
23.1670
24.1308
25.1222
23.2885
25.0851
24.3645
24.3850
23.8898
25.1992
24.4661
25.2114
25.9113
25.5027
28.1120
26.7120
25.8624
25.7704
25.8090
25.1918
23.3748
25.8629
26.1543
24.9043
26.0159
25.7947
24.7850
25.1292
24.6650
25.3186
25.6052
25.8965
25.9634
25.5565
25.5390
23.8833
25.4863
24.0933
23.4940
23.0295
23.9247
23.5885
21.1032
21.5083
21.4753
23.3051
22.4889
23.0999
23.2731
22.5647
24.0305
23.3913
23.1874
24.5795
23.2658
23.2162
25.3387
24.6064
24.2121
23.2190
24.3460
24.4140
24.2783
23.0762
24.2370
24.6656
24.4997
23.0108
22.8054
24.4269
23.9139
22.9670
24.2097
25.0792
23.1609
22.9025
23.6721
23.0092
22.3892
22.5203
23.0694
23.6057
22.4626
21.4000
23.2030
21.6118
21.4093
20.8942
21.5712
20.9751
21.9471
21.0553
21.3683
22.8519
22.1403
22.5505
22.2582
22.2325
21.7184
21.9623
22.5704
22.9568
22.9941
22.5238
22.0176
22.0335
22.2358
23.5484
24.6780
23.4001
23.9008
27.0530
27.6974
24.9792
22.5888
24.0998
24.0024
24.4967
25.0437
24.8336
25.0545
25.3101
25.2162
25.1907
25.5916
27.0627
27.0123
25.6230
25.9471
28.1122
25.2351
25.8761
24.9362
26.1023
24.0205
23.8802
26.0717
25.4739
24.9134
24.6462
24.9925
24.7382
