24.3157
24.4824
24.8554
25.7056
24.2844
23.5796
23.9220
24.2468
24.2784
25.5030
25.5133
25.2362
25.1819
24.8181
24.7882
25.8721
25.5080
25.0057
25.1088
25.5669
24.8063
25.8253
25.7318
25.7343
25.0821
24.6062
25.8399
26.1031
25.2652
25.4669
24.5075
26.1520
27.4405
25.7939
25.3942
26.6647
25.5851
26.7255
26.2940
25.7903
25.5479
25.3224
25.4544
24.4070
24.3760
25.6408
24.8428
26.3892
26.6161
25.0030
25.4671
25.8323
26.3531
26.3912
25.2129
25.6810
25.4393
25.7841
25.6944
26.1712
25.7847
25.6654
26.9338
24.7461
25.2730
26.4575
25.4916
25.4016
25.6617
25.3221
24.4547
23.8861
24.8669
24.8101
24.7511
23.5759
24.1877
24.4118
24.3130
24.8058
24.8782
25.5637
26.2521
24.9546
26.7934
26.7875
25.2729
26.8309
24.8518
25.6815
25.7349
26.4624
25.2304
26.1151
25.1561
24.7058
26.4716
25.6872
26.5708
27.0454
25.7507
25.7523
26.4346
26.0165
25.9033
26.7059
25.2800
25.5528
25.5483
25.7058
25.7465
26.1094
25.9365
26.5980
25.3606
24.7897
26.7045
25.6303
25.3789
25.9347
25.3754
25.1968
26.2230
26.1610
26.1716
24.3496
25.8000
26.2309
25.6452
25.8281
25.4817
25.7385
26.5353
25.4506
25.8489
24.9330
24.9047
25.0881
26.2347
24.5868
26.3776
25.5098
24.7575
25.4440
25.1428
25.1688
24.8525
25.9569
25.1822
25.0976
25.9613
23.7821
25.0562
24.7224
24.9354
25.4592
25.6924
23.8990
22.8733
22.8185
21.9937
22.8137
21.8336
22.5884
22.8898
22.2826
21.9665
22.6767
21.4223
21.7973
21.8922
21.7916
21.7294
22.2089
21.9918
22.1262
21.7389
21.8029
21.7884
21.9285
21.6131
21.8210
22.2177
22.7704
22.6230
21.8915
22.9198
22.4499
22.6189
22.9422
22.3757
22.0804
23.4978
23.3073
24.2072
25.0281
24.8932
25.4772
23.6842
23.3575
23.4410
22.8182
22.8871
22.4926
22.8634
23.2188
23.6862
22.8449
23.9997
24.7937
23.1674
22.9588
23.7682
25.0899
25.2592
24.0526
23.9842
24.7847
23.9750
23.7879
23.6804
24.6498
24.7180
25.4051
22.9965
23.7800
25.0681
24.7905
24.5629
24.1076
24.2725
24.2298
23.4287
23.8496
23.2566
22.8384
22.9047
23.5548
23.1413
23.6558
24.4330
24.9622
25.1644
24.1636
23.7949
23.3796
23.5189
24.5660
23.9863
25.0519
26.0144
26.7914
25.9952
26.2169
26.6378
27.4315
27.2314
27.4900
26.5858
25.1516
25.8586
25.0879
24.8419
25.8257
25.8968
25.2626
25.5063
24.5426
24.0775
24.6186
24.3986
24.5367
23.4392
24.0732
24.0582
24.5455
25.0408
24.8457
24.6583
25.7493
24.8387
26.7259
25.2429
26.1792
26.2714
25.6722
26.8307
25.1944
24.5169
24.9522
25.7418
24.7075
25.2683
27.2053
25.7981
26.3327
25.9851
27.1416
26.3562
25.8797
26.7400
26.1697
24.6877
23.4545
24.8797
23.8342
23.8908
25.7492
24.8056
24.7521
24.2762
24.8958
25.8967
26.1461
25.6240
27.0097
24.4444
25.5714
25.6086
26.7405
25.1729
24.0721
23.7368
23.7686
23.1773
24.1185
23.5739
23.8332
23.5918
24.0461
24.4876
24.7599
24.2264
24.0919
24.7690
24.3137
23.7313
24.1697
24.5799
25.4988
25.5189
26.1037
25.3319
25.5130
24.0113
24.7358
25.6156
24.9815
25.5443
26.1570
26.4200
25.3377
25.4219
25.7096
25.5288
25.2985
24.4619
25.4902
25.9275
26.5847
25.0432
25.6382
25.2953
24.6093
24.8709
25.1975
24.9784
24.6226
24.6905
25.2874
25.0400
24.5473
23.5989
24.3254
24.1568
25.0104
24.9650
24.1538
24.2887
23.9375
23.9915
23.3789
24.4536
24.7533
24.1293
24.5691
24.9949
24.5140
23.8111
24.0244
23.2964
23.7144
23.4401
23.7930
24.1148
23.8233
24.3858
23.7383
24.7141
23.9902
