28.7469
25.5833
27.4424
27.6816
25.1859
23.3439
24.8797
24.4615
24.0819
24.7286
24.9462
23.0300
25.2899
24.9804
25.0172
24.7820
23.2409
21.5150
22.9009
23.3830
23.6210
23.4031
25.8725
26.2617
25.9302
25.5097
22.9172
22.5959
23.5462
25.0411
25.1381
23.5075
23.6560
24.6395
24.6585
26.9069
24.1422
24.8885
24.9910
25.2055
25.0319
25.0916
25.5323
25.0578
25.3473
22.9466
25.0295
23.2771
23.6438
22.8520
24.1217
24.0421
23.3550
24.9106
24.7250
25.7743
25.6776
24.6569
23.3879
22.3219
22.4406
21.8497
21.7836
22.6450
21.9667
26.2924
24.4107
22.8993
21.9918
23.2942
22.6129
22.7532
22.7376
22.2094
25.7218
22.6353
23.9688
24.6102
25.5845
24.8117
24.2997
24.5902
25.0067
25.7875
25.1642
25.6545
25.9723
27.7025
28.3206
26.3196
25.1215
23.0683
24.3452
24.7195
25.5992
26.1773
26.7679
26.6942
26.6453
26.8931
25.6422
26.2475
25.9263
27.2927
26.1870
25.5224
23.8780
22.4836
22.4873
23.6451
23.2189
25.9082
24.4406
26.9389
25.3158
25.9110
26.5358
26.6655
27.6808
26.9431
26.1461
25.2844
24.2754
23.7925
26.3210
26.0860
26.2600
24.4208
24.3834
25.1080
28.0880
25.9273
26.6168
25.5898
26.3071
25.3104
25.1860
25.7691
24.7342
25.6350
26.0590
27.4731
27.5888
25.7135
24.8756
22.6702
23.8833
24.6568
23.9077
22.9038
22.5537
25.1865
23.0800
22.5432
24.1042
23.8155
22.9195
25.4378
24.9078
24.5215
27.5624
24.9706
26.6395
23.5302
24.5452
25.0135
25.0751
26.1481
24.1318
24.9140
26.1189
24.5364
25.6798
25.6815
24.7938
24.0887
25.7836
24.3434
23.4619
25.7012
25.7001
27.8074
27.4900
28.5804
26.1356
26.5018
24.8303
25.6803
26.3179
25.2259
26.0155
25.6429
26.5283
25.8870
26.0435
24.0576
25.2067
24.6290
23.0308
26.6264
25.4116
26.1108
26.8635
25.3538
25.3281
24.1515
25.3720
22.9726
24.6550
24.9723
25.2836
23.4923
23.5811
23.1669
23.7907
24.4158
24.9768
25.9257
25.1996
23.3855
24.2892
24.0800
23.1015
25.2060
25.7358
24.2509
26.2848
25.9853
25.8453
23.1125
22.3337
22.2862
22.1605
22.4959
22.8592
23.0506
23.1483
22.8566
24.1420
26.6548
26.2481
24.6908
22.7519
25.9026
24.3255
24.7013
25.3959
24.8740
25.5017
23.8072
24.7528
25.2000
23.5068
24.5824
23.4348
23.0585
24.0812
23.3533
26.1329
23.8242
23.8075
24.2663
23.0720
23.6841
23.8458
25.1155
23.5734
23.6901
23.7929
25.3623
23.2608
23.0114
22.4821
23.3499
24.6200
25.1916
24.2586
23.6824
22.3501
25.5011
23.6293
25.1311
24.1024
23.8534
22.6395
26.2607
25.7382
23.6163
23.4972
24.0805
24.7798
23.5593
23.3954
24.1001
23.4282
23.9060
23.4765
24.8742
24.6893
23.6578
25.0919
23.2570
22.5573
23.4435
22.3688
23.8956
24.5516
24.3359
25.2532
24.1377
25.1859
24.9784
23.8497
24.0006
24.2843
25.3056
24.9760
25.1923
24.7680
23.5957
23.3968
23.8100
23.3360
23.4654
22.9881
22.7708
25.0368
25.0827
22.6830
23.5563
22.6950
22.1179
23.1550
23.7039
24.8700
24.2961
24.2065
23.7639
25.0604
25.7747
25.8995
26.3667
25.2493
25.9570
26.6802
27.4384
25.3708
25.9874
26.4521
26.0620
25.5330
26.5556
27.1147
26.4185
26.8969
26.8442
26.7856
26.4119
28.3603
28.5056
28.4154
25.6243
29.8061
26.6128
28.5931
29.0294
27.6026
26.8629
26.8316
27.7799
27.4442
27.8924
27.3502
27.2074
25.4754
26.9843
29.1184
26.7836
25.4712
23.3928
26.0117
27.8255
26.2745
24.1652
25.3544
26.6271
26.2818
25.6290
26.1891
26.2062
25.7739
25.2386
25.7751
27.4667
25.6159
26.9476
27.7078
27.0762
24.4474
25.1055
