29.9273
28.1901
29.3554
29.6573
28.6505
27.6750
28.9374
27.7244
27.8045
28.3139
30.7941
27.7676
29.3585
29.1211
30.2759
28.3205
28.1983
28.1223
28.8697
31.5681
29.3096
29.5850
28.0332
27.7445
29.2886
29.0006
28.0355
28.4564
28.6482
28.1983
29.8072
29.9520
29.6659
29.5664
27.7470
27.6302
29.0042
28.4438
29.2161
28.5662
28.9975
26.6897
28.7700
27.8072
28.9670
27.9934
28.2111
27.3026
26.4568
24.5871
24.2205
24.1875
24.8704
24.2761
22.9552
23.8016
26.8738
25.4697
25.3865
25.6610
27.0050
23.8823
25.4859
26.3623
26.9073
26.2948
24.9959
25.2107
25.4028
24.4179
25.5697
26.2996
28.2446
24.2925
24.5320
26.2511
28.7275
26.0322
26.5979
25.2647
27.0816
25.8270
25.3837
25.4991
24.3951
26.2607
28.2165
26.4055
27.5518
25.7586
25.9720
25.9214
26.3080
26.0077
25.3460
22.9161
24.4622
26.5196
26.0885
21.8999
23.6602
25.7548
24.7716
25.5070
25.9266
23.7861
25.9290
26.3747
25.8103
26.2876
25.0508
27.0257
25.2410
24.2736
25.2339
23.5986
23.5931
23.8199
24.2508
22.6922
23.2587
22.6534
22.9584
24.8275
23.4429
23.6320
25.1318
24.9619
24.2775
24.0679
23.3973
26.3137
24.5815
24.7843
26.5707
24.9222
24.6723
23.8320
22.6443
23.0504
23.9404
24.5053
24.1712
24.2569
22.8247
24.6264
25.1386
24.2471
23.6637
24.4786
24.4871
25.4467
24.8334
25.3761
26.2686
25.6058
28.3334
27.1291
23.9154
24.5132
23.8953
23.6396
24.9378
24.2890
23.8231
25.1894
24.8173
23.8891
23.5503
23.8708
22.6185
25.8201
25.5902
25.2201
23.9306
22.9841
23.1279
22.2350
23.6983
24.3736
24.4896
24.3843
24.2563
27.2613
24.8870
24.3403
23.7832
24.7433
23.2439
22.8574
23.3209
23.8597
20.8164
20.6800
22.1621
21.4932
21.4195
22.9543
20.2586
22.8405
22.2073
22.2950
21.2405
21.2808
20.6895
20.2672
21.7363
21.8266
20.3628
20.6660
20.1820
21.5460
22.5297
21.7332
22.5437
20.9596
21.5458
21.1484
21.8369
22.2708
22.0432
21.6205
21.2526
21.1301
21.8227
20.7528
20.7267
21.0778
20.5302
21.1487
20.7581
20.9307
22.7074
21.5239
22.3328
21.1875
20.8332
21.1366
21.4980
21.0531
20.4901
20.4697
19.9745
20.7816
20.9445
20.7790
21.1733
20.8294
21.4665
20.3848
20.3873
21.3556
21.5290
20.6242
21.4330
21.0525
21.5258
20.7376
20.9224
21.0071
20.9721
20.7487
20.7566
20.8236
20.5133
20.6282
21.1973
20.8961
21.0247
20.9528
20.7318
21.1641
21.9556
22.0722
22.1171
21.2539
21.9581
21.2569
21.1312
20.8073
21.4690
21.2042
20.6013
21.9528
21.6301
21.4889
22.2058
21.4923
20.9894
22.3557
20.9230
20.5092
21.0346
20.6817
21.1051
21.1250
21.2593
21.2576
21.1133
20.7138
21.7333
20.9024
21.4407
20.3497
22.1271
21.2269
20.5885
20.9058
21.2998
20.8494
20.9147
19.5343
19.8232
19.9008
19.2259
19.4227
19.8390
19.4769
20.1160
20.3509
20.5666
21.0113
20.7902
20.8044
21.1292
21.3483
21.4593
21.7711
21.6215
22.0117
22.5288
21.5709
21.0561
21.1891
21.0019
21.2784
20.5019
20.9726
22.4816
22.7355
22.6231
21.4393
23.6280
20.7419
20.5930
21.5561
21.5090
21.3270
21.0486
21.2413
20.8700
21.3435
20.7162
21.3012
21.3349
21.3676
21.3375
21.0151
21.0828
21.0960
20.7890
21.1463
21.9448
21.2865
20.4672
20.3388
20.9641
19.3405
20.1729
19.1077
21.3340
21.5022
20.6758
21.0048
23.7414
22.3465
22.3993
22.8857
21.7607
20.8898
21.2454
21.6142
21.4496
23.8796
22.4941
22.1873
21.1436
20.9346
21.9615
21.5034
21.6691
22.8611
24.8205
24.2230
24.6032
21.3697
22.0521
21.2563
21.5507
20.0007
