28.6714
27.8717
29.1335
26.1071
26.4997
28.4897
28.4178
28.4133
29.9555
29.2037
28.8546
29.3680
31.3562
30.4675
29.7180
31.0961
28.0097
27.8982
29.1136
27.7732
30.3271
28.4384
28.1862
29.4366
28.8888
29.4433
28.4775
29.6420
28.1682
28.9909
29.4226
26.9558
27.2525
27.9449
27.3367
26.9828
27.3897
26.8587
28.5586
26.1442
25.7036
27.4223
25.7885
28.6644
27.3823
27.4615
26.7042
28.5876
26.2794
27.3196
27.2854
24.7824
25.7891
26.8376
26.3851
22.5544
25.0830
24.7455
25.9710
26.2790
27.5677
26.9236
25.6007
27.6043
25.9555
26.6244
27.1451
27.4004
24.8103
24.2548
25.4541
25.0887
26.4322
26.2015
24.7812
25.1810
25.7420
25.7198
25.6667
26.8573
25.6639
25.6111
25.8678
24.3644
24.4539
26.5355
28.0389
27.4235
26.6914
26.6078
25.8856
24.7019
25.9085
25.8802
25.6124
26.2903
27.0501
25.4764
26.2396
24.7729
23.7996
24.5241
23.9982
22.8536
24.8734
25.9650
24.5222
26.4652
25.6754
25.8870
23.9167
23.8572
22.0706
23.5798
23.8139
26.1265
25.7881
27.2789
26.4434
25.1356
27.0339
27.4225
27.0229
26.3512
26.5629
27.8219
26.6637
27.4305
27.6575
26.8653
27.3941
27.5799
26.1318
27.9122
27.9265
29.6173
26.4804
26.6512
27.1706
27.6077
28.2023
27.7212
27.3189
26.6758
25.8702
27.7332
26.6243
26.1762
26.9536
27.0619
26.9252
26.2183
25.0485
25.7578
27.3666
25.6367
26.6155
27.1899
27.9843
27.5943
27.3480
28.2286
28.7894
27.8909
29.2240
25.8264
26.4560
26.8598
25.6560
27.9453
28.1592
27.4613
27.4434
26.7942
27.1225
28.0909
26.0889
28.3703
27.9333
26.2416
25.6482
25.8342
27.6141
28.6884
27.3296
27.2006
26.0964
24.6311
29.2922
26.7444
28.2061
26.8424
24.5683
24.9505
25.2975
25.2416
27.4750
28.3864
26.8510
27.0232
27.8284
27.2106
28.9755
27.0595
25.5221
25.8567
27.1733
28.4405
28.7223
26.6491
27.2327
25.5744
25.7194
27.4342
25.8513
25.3220
25.5201
25.1726
26.2718
27.3765
27.3271
27.1053
27.9468
26.6257
26.1001
27.2793
26.7352
24.9351
26.1197
24.9285
23.9554
24.5877
26.5453
25.5439
27.7069
25.3153
25.6052
25.2858
25.8854
26.8661
26.4783
25.3592
25.8500
27.9475
27.6045
25.8682
25.8984
26.5055
23.9511
24.9511
26.1426
26.2017
25.5643
25.9518
26.7826
27.2790
26.3940
26.2894
26.5491
25.9517
28.4193
28.7349
27.9128
26.7729
26.9882
26.3845
25.5944
25.0383
25.5893
26.2166
25.6503
25.9653
26.8582
28.3518
27.2210
28.1225
26.7958
26.6743
26.1273
25.5312
27.2488
25.5859
24.8356
25.7811
24.8385
25.3362
25.7223
25.6468
25.8506
27.0325
26.9995
28.1091
26.8656
27.6555
27.6221
27.5124
28.1025
28.6021
29.3212
29.0685
30.2695
28.4415
29.5445
28.6796
27.9174
28.6776
29.1157
28.4839
29.7220
29.9774
28.6534
28.9062
30.9560
31.4650
27.1370
26.4353
26.5287
28.8231
28.4395
28.2756
27.3184
26.9796
27.2585
23.9825
25.9794
25.1776
25.0654
26.4842
25.7104
27.4737
25.1568
27.1651
27.7037
25.7275
27.3227
27.6508
27.1736
27.5854
26.9932
25.9852
25.5247
26.5036
26.6031
26.5404
27.0914
27.7693
26.5832
27.1938
25.1759
25.9178
25.5297
25.4794
25.5788
25.7075
27.1844
25.9832
26.2822
24.9289
28.6711
28.8149
28.7833
29.1889
29.1669
28.7929
28.1044
27.3368
26.8868
27.2244
28.0326
25.8061
24.3771
27.1098
27.8176
27.0553
26.6591
28.4438
27.9474
27.1640
27.7957
26.3478
28.6541
28.0111
27.9466
27.0894
27.8880
26.0154
26.6295
27.5808
26.9341
29.1706
28.7266
26.5126
27.8092
28.9130
29.7166
29.0734
28.8885
28.5475
28.6368
27.5496
