24.9165
23.5350
24.2123
24.0711
22.3704
21.3096
21.5719
22.0898
23.6558
24.5476
23.3258
24.5200
24.3143
23.4862
25.6580
26.6336
26.3385
24.7740
23.9558
23.7379
24.6570
25.3299
24.3195
24.9722
24.6462
23.5218
23.3004
22.7609
24.5030
23.1644
22.1517
24.1024
24.5725
24.4585
23.8789
23.6800
24.0049
23.5643
23.5016
23.0815
24.1038
25.1343
23.4095
24.1398
22.8783
22.8337
23.1750
23.3390
21.8744
22.8350
24.3235
23.2262
24.5434
24.6479
24.0435
24.6229
22.7351
24.3167
24.7212
24.1776
24.1932
23.3317
23.6718
23.8780
26.3498
25.3660
24.3621
23.2847
25.7613
24.7440
24.5309
23.1629
24.3732
24.3832
24.8563
24.2414
26.5130
24.8309
26.0299
25.9249
26.5988
26.6018
28.4150
25.2481
26.9290
26.3846
24.5301
25.2176
26.2783
26.4507
23.3503
24.5357
24.1467
25.0053
24.8203
24.2706
24.0813
24.3321
23.3697
23.6317
24.2862
23.2019
23.8308
24.1384
23.0596
22.1349
21.8051
22.6255
22.6015
22.6071
21.7436
24.4011
24.0605
24.0006
22.6532
23.8923
22.9292
23.1878
22.6755
23.2186
23.5204
23.8322
23.1309
23.7233
22.0177
21.4761
22.2788
22.5594
22.7003
22.0467
22.2397
22.0944
22.2614
22.9259
23.1517
23.4231
24.2008
24.4994
24.6092
25.4764
24.1546
24.1950
23.9533
23.7613
25.0639
24.6332
24.7226
23.5293
23.8542
23.0335
24.0672
24.5421
22.9319
24.3549
23.6562
23.8557
24.8695
24.3295
23.5958
23.5603
22.0540
23.9262
23.6871
24.0696
25.5790
23.7675
24.1581
22.8260
24.3802
23.0677
24.2689
25.2044
23.2086
23.9797
23.6662
24.3159
25.5319
23.7856
22.7833
23.5795
22.6340
22.6535
25.1821
21.2584
21.8486
21.6470
23.8587
24.3715
23.9772
23.4098
23.7961
23.2365
24.8030
23.9388
26.4349
24.4007
23.2645
22.6097
22.8546
23.9538
22.8847
23.8954
26.4396
24.9809
21.7727
22.5207
22.3057
22.7872
23.0284
22.6834
22.1180
24.2750
24.7347
23.5354
24.2149
25.2652
23.7861
22.8554
23.9532
24.1625
23.9556
24.8160
24.7808
24.3413
23.1753
23.8688
24.2292
22.8991
23.2493
23.5136
23.0487
22.6054
23.4604
22.5997
23.7606
25.2005
23.9968
23.4507
25.3282
23.6214
23.4243
23.9026
21.6316
22.6173
21.6713
23.1698
24.3304
23.4061
22.5193
24.3785
22.7327
22.9852
24.7811
22.8254
22.4543
22.8922
24.0274
22.9453
22.3100
22.0799
22.6806
23.7628
22.3308
23.4024
22.4033
22.2980
23.4050
22.6669
22.9711
22.9451
22.5774
22.5495
22.1131
21.9623
23.3500
22.6063
22.5012
22.5731
22.1174
22.1670
21.0527
21.5424
21.1512
21.3990
22.2507
21.7235
21.1706
21.4077
21.5427
21.8754
21.6518
22.7780
21.9496
22.1337
21.5281
21.8812
22.3859
22.2333
23.4296
23.1400
21.7183
22.1886
21.9646
22.9760
22.3756
22.5526
21.8620
22.9970
21.7747
21.7348
23.1061
21.3186
22.0260
21.9217
22.2104
21.8278
21.4621
22.0983
23.0218
21.0121
22.9230
22.0058
23.0946
22.6321
21.4818
22.9424
22.2496
23.4512
22.3526
22.6469
21.5820
22.9248
22.7649
22.6867
21.6347
20.2715
22.2717
20.7645
21.1133
21.9795
22.9120
21.6665
20.9459
21.1897
22.5172
21.3291
22.0026
21.3510
21.2746
21.9245
21.1643
21.6497
20.4102
20.4489
20.6025
20.8363
20.9092
21.1784
21.2378
20.1017
21.9740
22.9076
22.4518
23.6822
22.2082
20.9572
21.6029
20.9609
22.6105
21.2767
21.1568
21.5813
20.5775
22.0410
21.7565
21.7285
21.6600
22.3435
21.6348
21.4157
22.8437
22.6428
22.1941
22.2522
21.5199
21.4742
22.1643
21.6975
22.5707
20.6618
20.6858
21.3679
21.7175
21.0387
21.2789
21.7640
20.6547
20.8385
21.1102
21.3466
