28.5795
27.3456
27.5173
29.9012
31.0780
29.2248
29.1790
29.9541
28.6790
28.6430
29.7438
26.0295
27.8514
29.2227
28.6787
28.5051
29.1982
28.5505
28.2529
26.9031
28.4508
26.9796
25.9916
26.9981
28.3063
26.8965
27.7080
26.6827
28.4891
28.1357
28.7836
28.5307
25.3539
29.8698
31.1253
31.0005
28.4932
27.8672
27.9557
28.8239
28.4040
29.1680
29.1020
28.6693
27.6535
29.0854
28.1670
29.9258
29.3690
30.3855
29.4164
26.9376
29.2712
29.2349
28.5697
28.9918
26.2881
27.9370
28.3024
27.2064
26.6252
27.6271
23.8222
26.0441
26.3012
24.3987
23.7402
25.2148
25.6835
26.8751
26.0571
25.4508
27.9459
26.3175
26.1581
27.8325
29.1309
26.0573
27.3409
25.3710
28.0347
26.9650
28.2548
27.0382
25.9825
27.8185
27.0121
28.1962
27.7606
28.0684
26.9533
27.6034
25.5255
28.9764
27.1171
26.0614
28.7989
28.4358
29.0845
26.5240
27.1267
28.8710
25.8145
27.8782
31.8091
29.8677
28.8173
29.2048
27.7281
29.2529
28.9560
28.3035
28.0741
28.5810
29.6715
26.6317
28.8376
26.9874
26.2787
28.1293
26.9969
27.7201
24.4653
26.8568
26.6441
26.9674
25.6667
28.6990
29.2731
27.8795
30.1756
28.6529
28.1329
26.6279
27.2270
25.9918
25.4540
25.3634
26.1892
25.7020
24.8692
25.7868
23.8737
25.4923
24.8875
23.8276
23.6970
25.5251
25.2344
25.1893
24.0424
23.8441
24.2463
26.1437
25.6345
25.1770
25.5633
27.5966
27.0858
25.9188
25.4431
25.0567
24.0118
24.7575
23.8212
23.6976
25.0273
23.7142
25.8270
25.9640
26.1939
25.8172
23.5772
24.7352
23.8548
24.6810
24.3487
25.8755
23.5776
24.6221
25.2226
24.4803
24.0587
23.2496
23.9229
24.3186
23.7950
25.5829
25.1792
24.8886
25.5076
23.9414
23.5715
24.1308
25.5030
24.0711
24.2241
24.6794
24.3007
24.2497
25.4750
25.6707
24.0330
23.0620
23.0712
25.1893
26.5015
24.9926
23.3878
23.7918
25.2886
23.4084
24.1144
25.4778
24.0099
24.8656
24.3616
25.6481
24.8676
24.2101
25.8207
25.3629
23.9826
23.4633
24.4409
24.5102
23.5268
22.5755
24.0215
24.2926
23.5669
24.5447
26.4310
25.7192
25.2051
24.5887
23.9486
24.9357
24.1406
24.5904
25.2065
23.6530
23.1817
25.1022
25.7619
26.7092
23.7076
24.1354
24.6355
23.9895
24.4927
24.0556
25.1886
23.3985
23.5660
24.5713
23.4873
22.0410
21.7198
22.8165
24.8454
25.7233
26.8446
25.7148
25.0569
24.5098
25.8259
25.6650
24.8326
23.8804
23.4199
25.0422
25.1473
25.8113
25.5263
23.1837
23.6768
23.6744
23.6093
23.5600
24.1027
26.5407
25.4701
24.9904
27.3620
25.5221
24.4717
24.2658
24.8100
25.7723
25.0250
24.2561
27.3629
26.8651
26.6530
25.6053
23.6078
25.9207
26.3268
23.1298
24.8344
24.7427
23.8101
24.4739
25.0488
25.3206
24.7292
25.6584
24.6683
24.1750
25.7260
24.8995
24.6573
25.7665
25.8302
24.8707
25.8478
24.7024
24.7317
25.6089
26.5449
26.4598
24.5290
24.2319
24.6211
25.0404
22.7600
24.4945
24.1667
24.7164
24.9286
25.1603
25.8955
27.3569
24.4680
24.4254
26.8755
24.9782
26.6037
24.3785
24.2320
26.1760
24.9238
24.5728
23.8154
25.1986
24.0116
23.4076
23.4893
23.9484
23.7784
27.0550
27.5872
28.7274
26.2083
27.2050
26.9945
25.5110
26.8914
26.6080
26.2270
27.0583
26.0339
25.3160
25.4697
23.7586
26.6036
25.0493
27.1016
27.1642
27.3402
24.7132
24.0379
23.6878
26.9996
24.0904
23.3068
25.0772
24.8964
27.4892
27.4534
26.0298
26.7173
26.4861
25.2179
25.6491
26.4883
26.8431
24.5829
25.8091
27.8580
24.9974
25.9066
24.9860
24.7491
23.7366
24.3163
24.3806
25.6864
26.7853
