23.3270
23.3915
23.3584
23.4478
23.5979
23.4070
23.0283
22.9004
23.3140
24.1046
25.4738
24.0713
24.5569
25.1263
23.3194
23.5797
23.7091
23.6562
23.8909
23.5843
24.0252
23.7683
23.8943
24.1292
23.9498
23.2701
23.5366
24.2273
22.6180
24.1096
23.7007
22.7228
23.2363
23.1147
23.7496
23.2868
24.1723
23.2634
23.4260
24.2291
22.8799
23.4757
23.4592
24.0465
23.1952
23.1131
23.3711
23.6348
23.1479
23.2337
23.3744
23.9113
23.5433
23.2609
23.6116
22.9334
23.6739
22.5142
23.2132
22.5754
23.8004
23.6988
24.1992
24.0494
24.0515
24.6362
24.1481
23.2212
24.0479
23.9184
24.4149
24.1029
24.5246
23.9078
23.5570
23.2918
24.4468
23.6344
23.6460
23.7164
23.3954
23.8732
24.0947
23.6946
23.6634
24.3672
23.3970
23.9488
23.5167
23.9271
23.8830
24.1163
23.2164
23.7888
23.9421
23.5088
22.5553
23.1702
23.0612
23.5998
23.2292
23.6237
23.4007
24.0491
23.7991
23.9481
24.4165
23.1923
24.0049
22.4594
22.4997
24.3673
23.7619
23.6300
23.4923
22.9796
23.6135
23.7031
23.3938
23.5231
23.4526
23.4940
23.1336
23.3296
23.7029
23.9892
24.1200
23.2069
23.1413
23.1162
23.0527
23.8319
22.6773
23.0826
23.2919
23.4314
23.2985
23.2451
23.2745
23.6669
23.0491
23.2364
23.9953
23.3207
23.2403
23.7602
23.9427
23.3800
23.1740
24.0009
22.9658
23.2041
23.1493
23.2938
23.0860
23.3927
23.6011
22.9333
23.1864
22.7236
22.7808
23.4797
22.6863
22.8389
22.9818
22.6212
23.3471
23.2583
22.9142
22.8954
22.9105
21.6146
22.9999
22.5383
23.3041
23.4380
22.6866
22.6568
21.6047
21.8882
21.6548
23.2098
23.1250
22.8573
22.6060
22.8325
22.5862
22.1261
22.2128
22.2609
21.8009
22.7492
22.4456
22.5581
22.3299
22.7378
22.0570
21.6809
21.9165
22.0864
21.6545
22.1355
22.1854
22.2167
21.3872
22.8013
21.6389
22.0737
21.8114
22.6701
22.6488
23.0231
22.1881
22.3508
22.5200
21.5442
22.6492
23.2477
22.1975
22.7994
22.8113
22.8491
22.2888
22.6966
23.1512
21.8299
22.8151
22.4437
21.6707
22.0421
22.4733
22.4744
21.8031
22.6812
22.4022
22.4046
22.8905
22.2387
22.2383
23.3826
23.6356
23.1764
22.6553
21.5491
21.7660
22.1176
22.3453
21.8184
22.5821
21.3646
21.5794
21.9881
22.1379
22.9279
22.2382
21.9986
21.8255
22.4215
21.9225
20.9373
22.0330
21.7812
22.3463
22.4512
23.2613
23.0492
22.9631
21.4527
22.3564
21.9092
22.6352
21.2581
22.0344
21.7394
21.1976
22.0792
21.7035
22.0389
21.5720
21.1308
22.2494
22.5210
22.2252
21.9534
22.1218
22.3605
22.1590
21.6310
21.8928
22.1537
21.6533
22.7441
22.5325
22.5673
22.0663
21.5996
21.9715
21.9354
22.6953
21.8615
22.6491
22.4411
22.2455
22.0452
21.7965
21.4408
20.4583
21.7015
21.5536
21.6399
21.1877
22.0904
21.6883
21.9223
22.0236
21.7103
21.3198
21.6906
21.5868
21.4556
22.5095
22.3277
21.7450
21.7338
21.5762
21.6650
21.5890
21.9823
21.8339
21.7099
22.3802
21.8348
21.7962
21.4898
21.1324
21.7831
22.1965
22.0296
21.5002
21.7919
21.1638
21.4926
21.4525
22.0574
22.1238
22.1199
21.7288
22.2735
22.1660
21.8170
20.9357
21.3507
22.0417
21.7774
21.8307
21.6529
21.9239
22.4929
21.4025
21.5221
20.9914
21.8975
21.1585
21.0600
21.5017
21.8202
21.5419
22.7300
21.3675
21.6369
20.9816
20.6654
21.1424
21.0542
21.1062
21.5719
21.5698
21.9727
21.2066
21.5089
21.5190
21.2017
21.6844
21.2699
21.6434
21.2020
21.6213
21.2722
21.5913
21.5465
21.4939
21.5383
21.4035
22.4527
21.6250
21.4570
22.0442
21.5682
21.4748
21.6702
