21.0793
20.8438
21.5791
20.1273
20.4102
20.5630
21.3451
22.3245
21.5767
22.3515
22.3498
21.5782
21.0770
21.7009
20.4253
22.0143
22.2462
22.2096
21.1612
21.4798
21.7169
22.2674
22.7056
22.9850
22.3689
23.0750
22.5606
22.4479
23.1028
22.6781
23.2696
22.6241
22.5524
22.8757
22.8130
22.9752
22.8491
23.5977
22.6227
22.5111
22.8394
23.8724
22.4369
22.4201
23.2700
22.8963
22.6159
22.0332
22.4137
21.5875
22.1743
21.7332
21.3283
21.2752
21.8753
21.3208
21.3986
22.2977
21.6040
21.9816
22.2195
22.1597
21.0842
21.3239
21.5344
22.3833
21.1726
21.5276
21.4876
21.6701
22.0774
21.9852
22.6102
22.0110
23.0859
22.3484
22.9133
22.7827
22.2837
24.1475
23.9183
22.2945
23.1495
24.2993
21.3490
23.3790
23.8855
22.8227
22.6839
23.3416
23.8959
25.0481
24.1138
22.8668
21.3720
21.7278
21.5054
21.0389
22.1630
22.0084
20.6472
20.1092
20.4813
21.4777
20.9077
21.1342
20.9296
21.4863
21.4268
20.9492
20.5757
21.3315
20.9743
23.1771
22.6751
22.1131
22.1551
21.7316
22.4372
21.8225
21.7163
22.0459
22.1446
21.1896
21.8318
22.1005
22.0870
21.9911
21.1651
22.0229
21.5195
21.2645
21.8357
22.1280
21.8635
23.0208
22.5658
22.5405
22.3026
21.9102
22.9636
21.8914
22.6085
22.3775
21.3410
22.6439
21.9087
22.6033
22.7069
22.9169
23.0737
23.1346
22.2909
21.9425
22.4048
21.8171
21.9453
21.6507
20.8003
21.3906
22.0294
20.9401
21.4495
20.8838
21.7351
22.0064
21.6743
22.2096
21.5226
20.9467
21.6882
21.8425
21.6797
21.1738
20.8443
20.6827
21.3007
21.2422
21.2284
22.3203
22.1815
21.6556
21.5251
20.9489
21.3788
21.3598
20.6019
20.5315
20.6626
21.0997
20.6124
20.2847
21.7150
21.0400
21.9487
21.5835
21.0169
22.5880
21.5468
21.0813
21.0362
21.8188
20.8652
21.4020
21.6310
21.8408
21.5938
21.4809
21.7307
21.8039
21.9590
21.0567
21.9513
22.0953
22.3273
21.4186
22.4558
22.1821
21.5162
22.1191
21.6984
21.8836
21.3398
22.5971
21.8299
21.4588
21.4228
21.9828
21.2983
21.0400
21.3374
21.9094
21.0055
21.1604
21.5349
21.8839
20.0226
21.2017
21.0065
21.5191
22.4167
20.6437
21.0132
21.4436
21.2864
21.9068
21.6464
20.3028
21.0648
20.3560
20.9581
20.4680
21.3763
20.6686
21.1353
21.4689
20.7900
21.5783
21.3961
21.2371
21.0805
21.3076
21.8523
20.7603
21.2651
20.9609
20.3329
21.1974
20.8344
21.0159
19.8532
20.7512
20.7339
21.7152
21.2590
20.5232
20.5556
20.4689
21.4722
20.2699
20.8839
20.6804
21.4282
20.5681
21.0684
20.6298
20.9820
21.5174
21.4131
22.2504
21.2843
21.6604
22.4086
22.0529
22.2798
22.2120
22.6214
22.0215
23.1400
23.0427
21.8737
21.8705
23.4989
22.8452
22.9206
23.2394
23.3976
22.7527
21.5882
21.9367
22.3240
21.3594
22.2906
21.5123
21.3216
21.0798
21.0549
21.9178
22.5277
21.6553
20.6746
21.2740
21.7146
21.0556
21.6826
21.0258
20.9434
21.6547
22.0165
21.1258
21.3272
21.9439
20.4030
21.4474
24.5913
23.4293
21.8975
21.3625
20.9367
20.7975
21.1703
20.7302
19.7875
19.5599
20.4569
19.7276
19.5887
20.2175
20.5298
20.5026
20.2892
20.4545
20.1043
19.8332
20.1292
19.4562
19.8343
20.3548
20.9274
20.2042
20.7033
20.5110
20.1001
20.1935
20.7609
21.5963
19.7835
20.6058
19.9692
20.3079
20.0541
18.9876
20.1305
19.8276
19.4907
20.6954
20.2754
20.6434
20.6008
20.9048
20.2481
20.4138
20.4323
20.1266
20.4525
20.7121
20.3466
20.5766
20.7364
20.1542
19.8108
19.3862
19.0670
20.0609
20.8295
20.1680
20.6872
20.8182
21.5293
20.3968
