22.8722
22.8290
22.7721
22.1608
22.9641
22.7110
22.4744
22.8955
23.6329
23.3304
23.9980
22.3790
23.4422
23.6459
22.9593
23.2266
23.5181
24.0828
23.5507
23.2554
22.9685
22.8565
23.5790
23.3018
23.2852
22.9458
22.5973
22.9608
23.1707
22.9271
23.8326
22.7397
22.1174
23.3166
22.8605
23.1937
22.4523
22.7413
23.2498
23.4433
23.3618
23.5018
22.6446
23.1622
23.3277
23.0396
23.2781
23.6011
24.0055
23.8318
24.3850
23.2741
24.1029
23.1662
23.4827
23.1596
23.1598
23.0755
23.4958
23.5475
23.5054
23.6112
23.3422
23.9585
23.6293
23.6157
23.7283
23.3910
23.4348
23.0281
23.4166
23.4224
23.0101
23.1880
22.8601
23.3030
24.1872
22.9248
22.9704
23.1861
22.3254
23.1552
22.9292
23.3922
23.0341
23.6407
22.9419
23.4838
23.3747
23.5677
22.9203
23.5285
22.9908
22.9482
22.7516
22.6766
23.3767
23.0385
22.8256
23.3773
23.5475
23.9325
23.3450
23.3212
23.3030
22.6984
22.6385
22.5755
22.9689
22.7165
22.3481
23.1887
23.5266
22.6363
22.9115
22.5725
22.2906
22.1540
21.1591
21.8483
21.9035
21.6417
22.3090
22.8077
23.0402
22.6123
23.0282
23.4899
23.5539
23.3996
23.1457
23.9889
23.0414
23.4670
23.2871
23.2982
23.1881
23.7030
23.7885
23.4563
22.2331
22.4683
22.4348
22.6641
22.6186
22.5543
22.5087
22.9039
22.8169
22.5998
23.4395
23.6602
22.7865
22.4403
23.1524
23.6731
23.2494
23.3260
23.1605
23.6917
24.0205
23.8946
23.2196
23.1145
22.6665
22.7054
22.5404
22.9987
22.6205
23.4274
23.5511
23.3203
23.6043
22.8020
22.7783
22.1986
22.5532
22.5260
22.6029
22.5863
23.5262
23.2399
23.3886
22.5591
22.4830
23.3319
23.1287
22.9793
23.1507
23.2360
22.5225
22.7952
22.7354
23.1544
23.3808
22.7203
22.8101
22.5447
22.8222
22.4765
22.7146
23.1656
23.9373
23.0677
23.0049
22.6531
22.8932
22.3461
22.9887
21.9447
22.6532
22.6406
22.3350
22.5218
22.2506
22.7914
22.7885
22.5566
22.6783
22.9088
22.8927
22.6436
23.3187
23.7132
21.9312
22.0774
22.2454
22.4402
22.4825
23.1041
22.5488
22.9997
23.8330
23.5967
24.0795
23.6974
23.7353
24.2697
24.7459
24.7434
26.7007
25.7138
24.3439
25.0454
24.4444
22.5353
22.4249
22.1858
22.7725
22.7379
22.3610
24.5684
24.1920
24.0013
23.4504
22.9139
24.2180
23.4395
23.5463
24.3173
22.8471
24.7960
24.6463
23.9008
24.1517
24.2981
25.2747
25.1831
27.3810
23.8887
23.6536
24.3473
24.2212
23.6982
24.3981
23.6974
23.3698
24.2328
25.5877
24.7439
23.8662
24.7148
22.7532
23.6160
23.9806
23.4243
23.2324
23.1943
23.0612
23.4043
22.9578
22.5443
22.8851
23.3919
23.4118
22.7070
23.1349
22.8446
23.0314
24.5116
24.5998
23.5456
23.3581
23.6506
23.8184
23.8964
24.4162
24.2540
23.8668
23.9282
23.9476
24.2639
23.5075
24.2197
25.4119
25.4736
25.0708
24.6762
24.4279
24.1517
24.8756
24.9659
23.9179
23.3676
23.2630
23.5040
23.2968
22.7428
22.1291
22.1422
22.2106
22.8857
23.4341
23.8709
23.5080
23.5927
23.2322
22.8961
22.3111
23.2730
22.8218
23.2554
22.9412
23.2332
22.5999
23.1781
22.7359
22.9773
22.7462
21.9034
22.7516
23.2013
23.2091
23.1931
22.0591
23.3942
23.3330
22.9746
22.3419
22.9688
23.3155
24.5545
24.4697
24.6319
24.8128
24.5004
24.1080
24.5200
24.1034
24.1214
23.9505
23.1270
22.9731
23.3846
24.1482
23.5326
24.0723
23.8552
23.9952
23.2109
23.5348
23.5158
23.7377
23.1268
23.4436
23.4643
24.9628
23.5447
24.4424
23.6070
23.4310
23.6340
23.8973
23.3981
23.3061
24.0661
24.7218
23.4137
24.1067
24.1874
