23.9866
24.5960
23.7288
24.2506
23.5286
24.5289
23.5949
24.4057
24.2720
25.1447
23.7615
23.9172
24.7476
24.0681
23.5523
23.6005
24.8555
24.6028
24.1924
24.6793
24.3853
25.3542
24.0331
25.7809
26.5498
25.2939
24.9904
23.1929
23.9947
23.4112
23.4540
24.0378
24.6344
24.2653
24.2583
23.6446
23.8791
23.6011
23.5571
23.7853
24.1304
23.9216
24.4431
24.7487
24.8318
23.8086
23.3032
23.2381
24.2062
23.9706
24.9167
24.4524
24.4955
24.5406
24.5476
24.3590
24.3781
24.5940
25.0553
24.9962
23.9005
24.0389
22.6965
22.3198
22.9467
24.0521
24.0547
23.9484
23.3228
23.5618
23.8404
23.6491
23.8707
24.0492
23.9453
24.1965
24.9273
25.2645
24.2102
23.9799
24.8333
24.2619
25.1717
24.9167
25.4679
24.4317
24.1558
25.3649
23.6431
24.4047
24.5191
25.1982
24.4872
25.5642
24.3110
24.1375
24.2911
25.2156
25.2091
23.3660
25.4151
24.4639
24.4736
23.5052
23.7690
23.7242
24.4452
24.7700
24.9109
23.9885
24.5534
23.6577
24.5244
24.4414
23.6031
23.3519
23.4746
24.9334
23.7651
25.5147
24.0163
23.8017
23.2428
23.5738
23.9316
25.3120
25.0224
24.3697
24.3658
24.7162
24.4841
24.8615
24.8194
24.9785
24.3822
25.0235
24.3442
24.7799
24.6620
25.2402
25.7455
24.6097
25.4060
24.3866
24.8051
24.8170
25.3111
24.2934
24.7449
24.3269
24.7752
24.8642
25.1804
27.1679
24.9120
25.6109
24.4486
24.8955
25.5798
25.1491
24.7471
24.2291
26.2696
25.5251
24.4085
24.5687
24.9785
24.4226
24.4679
24.9639
24.6677
24.5845
25.0199
24.6735
24.9002
25.8186
25.5250
25.0039
24.7309
24.5086
25.1068
24.3674
25.4151
25.3287
24.7174
24.9056
25.0957
24.4849
24.7558
23.7987
25.5650
25.7157
26.1648
27.6253
25.4773
24.5436
24.5588
25.4369
24.9939
25.7442
26.2818
26.5198
26.6547
26.5672
26.5941
25.4055
26.4247
25.6125
25.9756
25.0908
25.9681
26.1254
25.9986
26.6275
26.1045
27.6938
25.5942
25.8859
26.5914
25.8650
26.1027
25.0543
25.9076
27.0576
27.2864
26.3043
25.9899
25.8421
25.3801
24.8649
25.3273
25.1959
24.8954
24.8494
25.8649
25.7657
25.5086
25.3623
25.9277
26.6815
25.7427
24.7081
24.7219
25.1973
24.6737
24.2331
25.4680
24.8018
25.8189
26.0787
25.5520
25.9490
25.8095
24.9871
24.2274
24.5952
24.0577
25.7725
24.0650
24.2966
25.0658
25.7587
25.5501
25.2832
24.3432
24.6460
24.4581
24.3932
26.0676
25.0238
25.8504
26.3077
25.3613
24.0028
25.0372
25.2951
25.2400
25.6943
23.9281
23.2040
25.1235
23.1464
23.8077
24.4366
24.3840
24.3228
23.3635
24.5907
24.6228
24.8680
23.4487
25.3923
24.4410
23.4442
24.7791
24.4282
25.6608
24.1635
24.6462
24.1747
24.4749
25.3622
24.8901
24.2191
25.0849
25.8443
25.8045
24.9549
25.3731
24.7704
24.7425
25.3287
24.1863
24.0461
24.5668
25.7815
24.4450
24.8866
24.6267
25.1764
24.1613
25.3254
24.8245
25.1825
24.9031
24.1383
24.3608
25.5426
24.9952
26.0328
24.5954
25.2135
25.3184
25.1841
24.2937
24.2148
25.0506
24.8700
25.9633
26.5298
25.6788
24.2293
24.2318
24.5176
25.1280
24.2561
24.7702
24.7524
24.7395
24.2163
24.7238
25.4416
24.6548
24.6207
24.2287
24.0358
24.7123
24.0079
24.7157
24.0650
23.6977
23.8911
24.5679
24.3572
25.9159
24.1232
24.8492
24.4618
23.9766
24.3060
24.5940
23.9435
23.9209
25.0284
24.3930
24.3188
24.0596
24.7827
24.8335
23.5888
24.2912
23.8234
24.0711
23.2178
23.8683
24.1514
23.4718
24.0359
24.4873
24.7595
24.3346
24.4731
24.6209
24.1115
24.0487
24.9864
24.5046
24.1023
24.1129
24.2199
