26.5650
28.9402
28.7460
28.8440
27.5768
28.6463
26.3715
26.4654
27.8133
26.8461
28.0112
28.7581
28.2985
28.6803
27.9611
28.0746
27.4866
27.8743
27.2671
28.1586
26.7670
27.3463
26.2700
27.4240
28.5736
28.4818
27.6036
29.3443
29.8539
30.3622
28.8209
28.8402
28.0661
29.3158
29.0610
27.7254
28.7242
28.0668
27.5530
28.0849
30.2569
28.9010
28.9652
27.9576
26.3840
28.3979
27.5434
30.0032
27.7718
29.5712
30.8323
29.6958
29.0398
29.2482
28.2977
29.7768
29.3246
28.8097
28.7803
28.2541
29.8871
28.3072
27.8772
26.6610
26.8900
28.2515
27.5840
26.8997
27.9810
27.1495
27.0119
27.2742
26.0681
27.0330
26.3682
28.1575
27.9603
27.5823
27.0180
27.3758
27.3331
26.4994
28.2977
28.4321
26.9335
28.3056
28.9851
28.8373
29.1865
28.3165
27.6645
27.7826
27.7186
28.1571
27.0669
26.9906
27.7785
27.2839
26.3383
25.7260
26.4879
26.7398
26.0318
25.4307
25.1846
25.6226
25.3988
27.7053
25.3858
24.7126
25.3243
27.4705
26.6987
28.0347
26.3982
27.0889
27.6123
27.0746
26.5730
27.1595
28.6741
25.0121
26.5317
26.7627
26.7108
24.6255
25.3377
25.4253
25.3496
24.2754
25.4504
26.3310
24.4702
26.6809
27.8545
26.3252
26.4459
29.3084
27.3417
28.4816
29.3051
27.3205
29.0021
29.1859
28.6769
27.2583
29.2305
29.3067
28.6506
28.1044
28.3771
27.4541
29.0966
28.0684
27.6177
28.1685
26.1638
26.2859
25.7223
27.1072
26.5316
27.6697
26.7652
25.9893
26.8366
25.9647
25.4076
24.3070
26.8337
26.7522
25.3000
24.7062
25.7968
25.7845
26.0376
25.3763
26.3528
24.5721
26.2907
27.5593
29.7462
28.1282
27.8728
26.3487
25.5179
25.6060
27.2073
27.6117
28.8930
27.8933
26.6365
27.6036
26.9123
27.3459
25.8118
27.0463
25.5852
27.4130
26.3783
27.3440
27.8850
27.1115
26.2524
25.1834
26.5141
25.2420
27.1821
25.9820
25.8532
27.3948
29.0929
28.2168
30.1301
26.7075
28.1685
27.3627
27.9919
27.2043
26.6918
25.9879
26.0965
28.1717
27.0874
27.6409
26.8375
28.2161
27.4998
25.8836
25.6526
27.1023
29.5798
30.6310
29.2409
28.4806
28.8492
30.5647
30.0386
30.1639
29.3815
27.8856
28.2040
28.4437
29.7479
27.9642
29.5380
29.2539
26.5201
26.9847
25.6029
26.4860
27.7061
29.0321
29.9550
30.1862
29.2826
29.0392
27.5133
30.5959
28.4832
29.3778
29.3468
29.0513
28.2878
29.7370
29.0886
27.9731
27.0825
27.8081
27.1039
27.7988
28.9653
30.5801
29.3138
30.1022
30.4919
28.8372
28.1924
30.6213
28.6322
29.7359
30.2643
29.8952
28.6803
27.1910
27.6556
28.0847
27.6045
28.0426
28.1621
26.8944
28.3406
26.2317
26.5937
27.4458
27.0191
27.9259
27.3611
28.9163
28.4117
27.8993
27.7319
28.5904
28.1397
27.7463
25.9307
26.4108
26.0220
25.5443
27.7802
27.4071
27.3630
25.3676
29.4086
29.5196
27.6720
27.4408
29.7610
29.2247
29.1908
29.6784
28.3063
28.1815
27.2449
26.6708
25.8050
27.3778
28.3123
29.0019
29.4550
26.5014
27.1292
29.7259
29.0674
28.6760
28.5650
27.3544
29.1553
28.8336
28.1456
28.6955
30.0504
28.0594
28.3441
29.4295
30.2004
28.1444
27.5521
28.1918
29.4331
27.5680
29.2041
26.0678
27.5620
27.9931
28.0673
27.3088
27.5181
27.4667
28.4317
26.8185
29.5959
30.7610
29.8122
29.2878
28.3048
28.4911
27.7104
28.9978
27.2797
28.0634
28.3361
28.6391
29.1482
29.0004
28.2259
27.5329
29.5046
28.3258
28.9081
30.5346
29.6159
29.3829
28.7137
26.8453
29.0336
29.4875
27.3177
28.1525
28.6770
28.6926
27.6247
28.2182
27.8591
28.9365
28.7580
28.7487
27.7957
28.8328
28.0851
27.8208
29.1971
28.3703
27.0154
27.7424
27.8924
27.4880
26.3347
28.2458
25.3096
25.9659
26.4601
26.4880
27.8628
28.2443
28.9504
27.4235
26.3756
27.8993
29.4560
29.3508
29.4712
29.0518
28.2555
28.2512
26.9336
25.6384
28.7143
28.4750
27.5802
27.9246
27.4917
28.0921
30.2248
28.2325
28.3486
29.1334
29.2940
29.3709
29.3591
29.7497
27.4962
28.1986
28.1593
28.4176
27.9982
31.3348
30.7419
30.6311
30.8122
30.9117
30.6861
31.6675
30.9527
29.9114
30.9661
30.1038
31.3349
27.3583
28.7053
28.8477
28.0370
28.4973
29.6806
27.1719
26.9124
29.3715
30.9084
30.9817
29.6165
29.9409
28.3514
29.0108
29.5231
27.9066
27.2868
29.0629
28.1273
30.4691
30.3946
28.7762
27.9460
29.4575
30.8880
30.8021
29.5922
29.0652
27.3817
28.1818
28.0156
26.8987
24.5141
29.0040
30.1098
28.7984
27.7138
28.6978
30.7796
30.0249
29.6670
31.6539
29.7555
29.4055
31.6402
31.2415
30.6099
30.5036
32.1817
31.8420
31.0179
30.5928
30.6793
30.2743
30.8113
30.1553
30.6027
31.1278
30.2067
31.2180
30.0873
29.7193
29.4352
31.9579
29.8751
31.5791
30.9462
30.8016
31.2492
29.5150
27.3960
28.0740
28.3858
27.9699
29.3059
28.5818
26.2515
28.7873
27.5250
28.0217
27.0825
26.8205
27.8058
27.2391
26.0412
26.6854
26.7776
27.2992
27.9466
29.0089
28.3689
28.7211
28.1822
29.2213
28.2972
28.4919
28.9580
29.2031
27.4190
29.4468
29.8428
31.6532
30.8172
30.8477
29.9727
30.3463
31.2129
31.1879
31.1474
30.8295
30.7123
30.2315
28.5091
29.8011
28.9144
29.8219
28.2703
30.3977
30.2833
29.3565
29.0746
28.2057
29.1117
30.2726
31.7605
30.0898
31.1706
29.9269
28.3821
29.7545
28.8608
29.3865
29.1819
28.2068
29.4973
29.3187
30.6024
28.7488
27.2596
29.0831
29.3862
31.7725
29.8799
29.8520
31.8648
29.6579
28.3775
28.0652
27.4327
27.8451
29.4351
31.0316
29.8129
30.3630
29.2141
28.4512
28.7834
27.6604
28.2188
30.8944
31.7939
31.5417
30.2909
31.6589
32.6092
30.9480
30.6031
29.7490
28.3306
29.0727
27.0406
28.4520
28.7863
28.5285
28.4136
27.3861
29.9172
32.1819
31.3044
31.8680
31.3592
30.6828
30.1677
30.0940
30.0309
27.5107
26.4847
28.5587
27.5403
29.1254
31.0548
32.3481
31.9375
30.4284
29.5273
30.2142
31.4243
31.7016
31.9608
29.9782
30.3195
30.0331
28.1995
28.2699
29.7256
31.0341
28.8970
29.5189
28.9045
28.1200
28.2718
28.6949
29.8029
29.8517
30.4037
29.6928
29.5800
30.5401
29.3087
27.7849
29.3518
29.9785
31.3169
31.9673
32.6020
33.3943
30.5411
32.2689
31.3359
29.4727
29.7487
29.6284
30.9637
29.3943
29.5021
28.9702
27.8848
29.6835
29.0526
30.9861
30.2409
28.8976
31.0494
30.5066
30.4304
29.5956
30.5116
29.4859
27.1982
29.7766
29.4551
30.6773
30.7690
30.8930
30.3497
30.8359
31.1881
29.7745
28.3560
28.5778
29.2960
30.5657
28.9082
30.3871
30.7820
30.9451
29.8311
28.5468
28.0380
27.7665
29.4774
30.0127
29.7054
29.3779
31.1395
30.5161
29.5829
29.9355
27.4594
29.1768
28.8867
29.3125
27.5350
30.1700
30.6999
31.0891
30.3581
29.7713
29.5052
30.8913
30.0983
29.2777
28.4930
29.7346
29.4753
30.3513
26.9338
27.5765
27.6975
27.4657
27.3775
28.1446
27.7289
28.2015
26.8928
27.9359
30.2059
29.5733
28.5329
27.5975
29.4993
29.2360
29.7870
28.8168
28.8014
27.3993
30.4425
30.5645
29.6546
27.6875
28.7749
27.8068
26.5672
26.3686
28.7422
28.1291
28.3891
28.3192
27.5675
27.2468
27.5979
25.8317
27.1581
26.6396
26.9387
28.6084
31.0455
26.7457
27.9856
28.3671
29.2140
28.9932
28.9842
28.4377
26.6500
27.8927
26.0956
25.0611
26.5481
27.5547
27.2759
28.6752
29.4297
29.5907
29.7784
27.4288
28.0773
25.4493
26.0345
27.6514
25.1803
25.8921
27.4162
27.8496
27.4599
27.7770
27.6996
27.6983
27.8556
27.3390
28.1108
28.1704
28.5683
27.4584
27.0032
28.3828
30.9623
30.0980
29.6216
28.6841
29.3248
30.5853
30.8497
31.0196
30.3993
30.1615
29.2473
29.0898
29.6704
30.3098
28.9995
27.9912
29.0965
27.1235
28.8156
28.2340
29.0851
29.0778
31.1313
28.6346
28.7122
27.7036
27.4458
30.1590
28.5871
30.2543
28.7332
29.4596
28.5551
29.4078
28.6348
29.6543
30.8368
30.7562
28.5223
29.4930
28.0480
29.5444
30.1816
30.1207
30.3118
28.5492
29.3876
31.0054
29.4956
30.8906
30.6427
30.5431
31.3708
31.1607
30.1689
29.6209
30.5164
30.0437
29.8283
31.5198
28.9727
30.2799
30.5720
30.0864
30.1030
30.5048
29.2398
29.5892
30.9887
31.4159
30.3722
32.4519
30.6490
31.0434
31.1064
32.8279
29.7432
29.8745
27.0070
29.8890
28.9013
27.6417
27.6353
29.6286
31.1796
31.8718
29.7013
29.2323
29.4626
29.0064
28.9922
30.1780
31.1865
29.3605
27.5953
33.1966
31.9987
31.5310
29.8371
29.9403
27.7731
31.7598
30.7950
30.0984
30.9023
30.0586
32.0843
31.9528
29.6634
31.1728
30.0902
29.5315
29.1644
28.0280
28.7184
30.9694
30.1980
30.6859
32.0246
30.4345
30.9385
29.0874
32.3597
32.0548
30.4080
31.9657
30.7036
33.9508
29.7206
29.8096
30.1300
31.3776
31.0485
30.9912
31.3278
32.3179
30.0896
30.3208
28.6958
28.1961
27.0079
29.9649
29.3414
28.2407
30.0792
29.7772
27.8407
29.4276
30.5533
31.7024
29.2218
28.0377
29.8349
30.2358
30.0201
31.5992
31.5257
30.4033
28.8375
29.0830
28.7132
28.6474
27.2352
28.0935
27.6377
29.1312
