25.8606
23.3314
25.0955
26.7064
24.3759
25.1116
23.7144
24.3525
24.6263
25.2946
24.2461
24.5040
23.7586
26.5391
27.9210
27.1998
27.4385
25.3324
26.7374
25.8751
24.8783
24.7909
27.0017
25.3321
24.6598
24.7031
26.6986
26.7923
26.5531
26.5574
28.3057
27.7923
26.2498
26.7394
25.2989
25.1218
27.5321
27.6797
28.8354
26.7207
28.1526
26.9539
26.1800
25.2945
25.7208
26.2028
26.8839
24.0529
24.5001
22.3510
23.8700
23.2986
26.8307
23.3226
25.2158
23.2944
23.1102
22.6087
23.9330
23.0457
24.5742
26.0994
23.8824
25.7540
25.2420
25.9699
27.0037
26.2689
25.9948
24.8334
24.7168
25.7243
24.7139
25.2956
25.8618
26.5842
27.1873
26.8124
26.5746
26.2485
24.0456
26.5133
26.2508
25.8260
25.2596
24.3898
25.0444
24.6983
23.4022
25.8520
24.4405
24.2373
25.8361
25.4610
24.0779
22.6792
23.0521
23.6578
23.8639
22.6259
23.7340
24.9518
23.8585
23.6874
23.9216
24.2459
23.8287
24.1139
24.1169
25.5149
24.5904
22.9073
25.9813
24.5872
24.2343
24.4018
25.4773
26.1734
24.8681
24.5638
24.4067
26.1202
25.0865
22.9154
23.1002
23.1867
24.8924
25.2483
25.8314
24.9550
26.2768
25.6485
24.1310
26.3623
26.4979
25.8517
25.4554
27.0750
27.4307
27.0508
26.1642
25.8977
26.1675
25.4674
24.8549
26.3320
25.0443
23.5166
23.4866
23.3011
23.0682
23.3120
23.0780
23.8853
25.7628
25.2601
25.5309
25.9224
27.8897
26.9621
26.3054
25.8548
27.1254
27.0707
25.6510
25.3355
26.1614
25.7083
24.6242
25.8256
26.7618
24.8387
27.1905
26.7470
26.0217
23.7381
26.2500
25.4509
25.6265
25.4286
24.9229
23.3555
24.4654
22.8707
23.1223
23.1117
23.7811
22.5940
23.2957
23.2405
23.1896
24.4948
25.2247
24.7036
24.4458
22.7003
23.2321
23.0173
23.5662
26.0150
25.7494
25.9895
26.2325
25.8704
26.4741
27.0980
26.3888
27.2179
26.9287
28.2097
28.5203
28.5840
28.1784
26.4829
26.5533
30.5009
27.7723
29.4018
28.0105
26.1893
26.0581
24.8671
23.1439
23.9060
24.5806
25.1842
23.7274
25.1162
25.2726
25.7840
24.5887
24.5549
25.5603
25.5722
27.1681
26.5980
25.8642
28.4187
26.6500
25.5979
25.2597
25.6129
26.0023
26.5956
27.6727
26.0222
25.5233
23.2944
26.4068
26.6460
25.6640
22.7999
22.2109
21.6357
23.9671
24.0891
23.2547
27.0002
25.1954
24.6492
24.5913
23.5705
24.7190
23.3728
23.4077
23.2043
23.5513
22.8911
22.8632
23.6224
23.9724
24.5441
24.5501
24.6534
23.5941
24.2977
23.6000
22.7076
23.0031
22.6545
23.1486
23.3748
23.2594
23.2973
22.8443
22.9306
21.9068
23.4046
22.8863
22.0653
23.4307
24.0343
24.4891
22.3335
24.0897
24.5461
23.4329
22.3987
24.2583
24.9013
24.9031
24.0707
24.0425
23.9976
23.6243
23.2963
23.4168
24.1443
24.3351
25.4893
24.7751
24.4486
23.1861
22.1647
22.8919
22.2750
24.2449
23.6845
23.3584
22.4420
22.7467
22.8143
21.4393
22.8759
22.8548
23.6750
24.2846
22.7402
23.6713
23.1284
22.0660
23.8588
25.2836
24.1955
23.9602
26.5671
24.9035
26.6656
24.8135
23.9200
22.4799
23.1514
24.1585
23.1068
23.8059
24.1324
23.6309
23.5087
21.0256
23.2877
21.4689
23.7839
25.8916
23.4270
22.1917
21.9908
22.0166
22.0407
22.0506
21.7925
24.6943
23.5564
23.8311
24.0318
22.5774
23.3388
22.9668
22.7238
23.2341
22.9002
21.2506
21.8141
21.7842
21.7810
21.6664
21.3622
21.4052
21.5783
20.3409
21.1997
21.1409
20.9881
21.3684
22.6153
23.4797
23.1230
23.2444
23.5087
23.4063
21.2286
21.6154
22.0842
23.9745
22.5309
22.0306
21.9354
21.9553
22.1306
22.9218
22.4679
