26.0929
24.7557
24.8351
25.2469
24.6130
24.7238
24.3422
25.3781
25.4556
25.0660
25.2577
25.5666
25.0893
24.8994
24.0313
23.9091
24.7557
24.2902
23.1631
23.9603
24.5215
24.8171
23.5286
25.2861
24.7844
24.0316
25.2016
24.7065
24.6187
24.5795
25.3611
25.9138
25.2118
25.6195
24.8663
24.4945
25.1570
24.8087
24.1252
24.6638
24.0164
24.0193
25.5083
24.2034
24.5691
25.1224
24.5254
25.2009
25.3052
25.6144
25.3899
23.5612
24.5428
24.1989
25.5195
24.2406
24.0218
24.8812
24.0323
24.7081
24.0681
24.2630
23.5060
24.0039
23.8540
23.8751
24.0053
23.4533
23.5443
24.6190
24.6344
24.6819
24.5249
24.6449
24.3638
24.2475
24.2540
23.6889
24.2088
24.3889
23.7856
24.0692
23.2447
24.4619
24.9056
24.7554
24.5088
24.1599
24.3044
24.0736
24.0009
23.8000
23.9426
23.6117
23.5848
23.4649
23.8700
24.0519
24.4020
23.8991
23.6656
23.7050
23.5064
24.2360
23.9251
23.6829
23.7224
23.3728
23.7104
23.8964
23.9238
23.1961
23.9912
23.3895
24.2861
24.2218
23.4512
23.9313
23.9283
23.7736
23.9905
23.8301
23.6640
23.3786
24.3486
24.2896
24.1276
24.2979
23.7489
23.7566
24.0942
24.4073
23.8780
23.9412
23.7244
24.1782
23.7929
23.7860
23.6992
23.4884
23.9900
23.9601
24.4640
24.1949
24.5504
24.1499
24.2004
25.2666
24.9767
24.6829
24.6204
24.3304
24.7479
25.1350
24.9137
24.8232
25.0952
25.1980
25.1768
25.0426
25.2695
24.5561
23.9809
25.1270
25.4389
25.3379
24.4717
24.5395
25.0137
25.4446
24.6951
24.9052
24.3140
24.6487
24.7365
24.5654
24.1953
24.8836
25.3565
25.8478
25.1392
24.9691
25.4347
25.4837
25.3487
24.9547
25.0648
25.6662
25.2317
25.2890
24.8768
25.7871
26.1422
25.1613
25.0878
24.8325
25.3803
25.5652
25.6196
25.9494
24.6581
25.5166
24.6624
25.2004
25.0529
24.4478
25.2856
24.6085
24.7221
23.6841
22.8328
23.6398
23.6740
22.9149
23.2281
24.4903
24.0684
23.7686
24.1518
24.0729
23.4733
23.7616
24.8149
23.5439
24.1453
23.8830
24.1418
24.5037
24.7048
24.0029
24.3289
23.9782
23.7966
24.0146
23.7811
23.6099
23.8404
23.8612
24.0761
23.7474
24.9183
24.4829
24.4890
24.0485
24.4257
24.5927
24.4969
24.9023
23.9497
23.9807
24.5854
23.8894
24.6965
24.6431
24.9014
24.3226
23.4044
23.4525
24.2594
24.6544
24.4167
23.6438
23.3586
23.5415
23.7408
23.9582
25.0659
23.9081
24.9809
24.0800
24.2757
23.5700
24.1789
25.0083
24.7443
24.9340
24.9888
24.7586
24.3611
24.6180
24.8726
25.0635
24.1551
24.2969
24.6996
24.9373
24.9449
24.7562
25.3759
25.2041
25.4738
25.0881
25.6622
24.4842
23.8926
24.4933
24.8690
24.9177
24.6220
24.2300
24.2456
24.3897
24.4236
24.9699
23.8915
24.0170
23.1866
23.9365
23.9020
23.7889
24.5024
24.6575
24.0045
24.1045
24.6197
24.3348
25.0033
24.1191
24.3615
24.0052
24.2775
25.6185
25.9936
27.1806
27.2558
26.4285
26.7189
28.0384
26.6008
26.3518
26.7721
27.2072
27.3615
28.0807
27.6615
26.4128
27.8228
27.7576
27.3314
27.1618
27.1581
26.5069
27.4800
27.7140
27.1224
27.6977
27.0530
27.3263
27.1354
27.6516
27.0743
27.2248
26.8050
26.8797
27.0188
26.8386
25.5506
26.0772
26.3442
25.7250
25.7216
25.7239
25.9862
26.7317
26.3140
26.7721
25.8860
26.2087
27.0683
27.5426
27.2641
27.8883
26.6612
26.2121
26.1404
25.5285
26.9213
25.8407
27.0087
26.8809
26.2261
26.5613
26.9715
26.5612
26.3541
27.4954
27.0853
25.7639
27.0241
26.4389
26.6319
26.3913
27.0482
26.8815
26.9138
26.5056
27.1031
25.7716
27.8594
26.6877
26.3366
26.0060
26.1719
27.5834
26.5270
25.4265
27.0064
27.2924
26.9386
27.0931
26.8638
27.0404
26.7936
26.5485
25.9728
25.6977
25.9664
25.7085
26.2092
26.7340
26.2065
26.1870
26.2407
26.5680
26.4494
27.2047
26.9590
26.9761
26.1511
26.4093
26.1884
25.5415
26.5125
26.1827
26.4735
25.4049
26.3955
27.0263
26.1924
26.7023
25.6064
25.1905
26.5990
25.4841
25.8295
25.9842
26.5188
26.1390
26.2890
26.0964
26.3745
25.3739
24.7770
24.5534
25.0625
25.0777
26.2887
25.1633
26.1067
26.3819
26.0978
25.9955
25.9067
24.6757
25.1293
26.0199
25.5967
25.8487
25.4274
27.0367
25.5988
26.7633
25.4200
26.1338
26.6750
24.7382
26.4641
25.9459
26.1868
26.8016
26.2579
26.3500
26.2262
25.4604
25.8733
26.1436
26.4787
26.2230
26.1729
24.9391
24.7196
24.8020
24.9599
24.4102
24.8611
24.9199
24.5933
24.5394
25.5736
25.2674
25.5885
25.1315
25.5270
24.0312
25.0404
24.0940
26.1904
25.6940
25.0146
23.1071
24.0176
24.6105
23.5968
23.7462
23.8935
23.3721
23.5297
23.6623
23.8064
24.5307
24.9516
24.8751
24.1253
24.0102
24.1260
23.5227
23.0273
24.2139
23.8853
23.4383
23.5808
24.1526
23.9990
24.9665
24.5213
24.4177
24.1601
25.0500
24.0430
23.9485
24.8259
24.9621
25.3189
24.1402
23.8715
23.5389
23.1675
22.7973
23.9624
23.0724
24.6333
25.1489
24.8893
24.2663
22.7068
22.9048
23.1422
23.2708
23.3746
24.3904
24.0831
24.0485
23.8377
23.9127
23.7750
24.1593
23.6636
23.2120
23.3115
22.8772
23.7310
23.4630
23.4626
23.8374
23.3826
23.9174
24.1220
23.9659
24.9406
25.0019
25.0664
25.8461
25.6695
25.8102
25.8287
25.5506
26.3347
26.2207
26.0866
25.1255
25.2802
24.1411
24.3220
25.1120
23.6693
23.7534
24.2651
23.5857
23.3980
23.7765
23.7068
22.6579
23.5556
24.6204
23.6407
24.0911
24.7371
24.3099
24.6643
25.1083
24.9850
24.4586
24.6162
24.4145
23.8900
24.4864
24.8015
23.2042
23.4359
23.1819
23.4673
24.1658
25.6353
24.4074
24.7477
24.9471
23.7125
23.6637
22.9525
23.3360
23.2793
22.9954
22.4183
23.4633
24.5469
24.1157
24.4622
23.6711
24.3425
23.7702
24.0725
23.7347
23.3192
23.3845
23.5693
23.7876
23.3944
24.7583
23.7776
23.7882
24.2826
24.4991
23.3791
24.2693
23.9772
24.0158
24.1367
24.3935
25.3405
23.9548
23.8230
24.1309
25.5385
24.0710
23.9017
24.4965
24.7524
24.7168
24.4002
24.0113
24.7721
24.8636
24.6622
23.5184
23.6835
23.3546
24.1432
24.5040
24.5313
24.4514
24.2938
24.4442
23.7912
24.0169
23.6163
23.5653
24.0021
23.9787
24.9362
24.8379
24.6110
25.3107
25.0087
24.5236
25.5987
24.4322
25.0175
24.7092
24.5635
24.1864
24.2658
25.4429
24.5592
24.9486
24.1232
24.2025
25.1157
25.7812
26.4420
25.2767
25.4234
25.8632
25.6913
24.4886
24.2352
24.0261
23.9174
24.4450
24.7742
24.9172
23.9555
24.3382
23.8088
24.2811
23.4196
25.9374
26.5341
25.7264
26.0349
26.0474
26.0313
26.2038
25.1791
26.0896
25.7560
24.7342
24.8206
25.7563
25.8558
25.9377
24.8237
24.9414
25.1351
24.5079
24.5422
24.2283
25.0338
24.4877
24.3028
24.4420
23.4540
24.8096
24.0586
24.1918
23.3673
23.9379
23.8509
24.5267
24.4464
24.3610
24.5949
24.3817
25.5281
24.9846
24.1909
23.2599
23.8627
23.8698
23.5582
23.1569
23.7980
23.8811
23.5442
23.3782
23.8724
23.2207
23.3333
23.4629
23.5352
23.0909
23.0859
23.9456
22.9673
22.7502
23.7031
24.0532
23.8904
23.7537
23.9288
23.4331
23.0690
23.3183
25.0330
24.0156
24.2488
23.3605
23.4880
23.8728
23.7497
23.7807
24.0364
23.3305
23.8289
23.5073
23.8324
23.6331
23.9733
23.1381
23.2503
22.7533
22.9370
23.0798
23.9803
24.8061
24.5380
24.5347
24.9185
25.0705
23.9394
23.9060
23.7702
23.2978
22.8891
23.7926
24.1039
24.3923
24.8081
23.9280
23.6598
22.5673
23.7324
23.9269
24.2401
23.8109
23.5328
23.5226
23.1135
23.2474
24.0040
22.9667
23.9482
23.3137
22.6287
23.7559
23.4199
23.7833
23.2577
22.5228
23.1861
23.1416
23.9784
24.2558
24.9094
24.0028
24.6980
24.6095
24.1630
23.8362
23.9946
23.2656
23.2972
23.9282
22.9221
23.1669
23.4545
23.6425
23.6255
24.1000
24.3496
25.0296
24.3272
24.4991
23.5621
23.0144
23.4828
23.7511
23.4477
23.0674
22.9963
22.9367
23.1522
23.7708
23.6473
23.2105
23.9577
23.4606
23.1501
23.0813
23.4117
23.2058
22.9218
23.2942
23.4032
23.4000
22.9291
23.5141
23.3219
23.0430
23.1075
22.4887
23.2986
23.1746
22.7942
23.3182
23.1651
22.9025
23.4338
23.6610
23.0702
23.5257
24.2725
23.7647
24.7732
24.0134
24.9786
24.1648
23.9858
24.0419
23.5015
22.9046
23.5109
23.7504
22.5471
23.2636
22.6031
23.0892
22.9332
23.2353
22.9379
23.1888
23.6335
23.3230
22.3299
22.3025
23.5575
23.7196
22.6107
22.6866
23.5909
23.6682
22.6474
22.4714
23.0862
23.5717
22.2622
22.6548
22.5120
22.7352
22.0871
22.7945
22.4598
22.6432
22.2280
22.8622
22.4016
22.3784
22.6086
23.4328
23.1680
23.5976
23.5005
23.2606
22.9651
22.8420
23.7301
23.2944
22.8796
24.3713
23.3572
23.4783
22.8325
22.8928
23.3759
24.2806
24.2518
24.0594
23.7818
24.5547
24.6205
24.6131
24.0608
23.9359
24.4209
24.2859
24.3038
23.2509
22.7963
23.9724
23.9437
24.6499
23.2596
23.1870
22.9298
23.6805
24.7568
24.3707
24.2784
24.6628
24.9903
24.3162
