24.5996
23.2712
23.3483
21.2200
23.1826
22.1662
22.3329
22.8812
23.9107
23.1350
22.0373
22.5946
24.1212
21.9445
23.3504
22.0408
21.8853
21.8465
22.8343
22.5236
22.7420
23.1999
23.2959
23.0518
24.0380
22.4643
22.3947
23.5271
24.4548
23.0765
23.0490
23.7103
23.3892
24.3049
23.7534
24.5564
25.0369
24.8064
24.4328
23.9680
23.7837
23.8098
24.4817
24.5743
25.3288
27.3297
24.9215
26.1866
27.1460
26.6483
26.3120
26.3644
26.5075
25.0392
25.7057
26.8056
26.7902
26.1009
27.7711
27.2290
27.7260
25.4770
27.7304
28.1417
27.9022
27.6741
26.6453
27.2904
27.7734
28.4475
27.4943
27.7046
28.4271
27.5833
28.3318
28.0248
27.5352
27.7783
28.7370
26.8379
27.2035
27.9534
28.0477
27.1825
27.7269
27.8297
26.9658
26.9074
28.5038
27.5459
27.6830
28.5266
28.9458
27.1861
28.0766
26.0997
28.0958
28.2466
28.0913
29.0243
27.9340
28.7937
29.4538
27.8408
27.3648
27.7745
28.0006
26.6244
27.7417
27.7693
28.7414
27.9091
28.1538
28.0665
26.6183
27.2772
28.0836
27.6448
27.3531
28.5996
26.8283
27.2738
26.8725
26.6084
25.3196
25.8828
26.6114
26.6432
25.8769
27.1407
26.0063
26.5207
25.6907
26.4048
25.4152
26.4320
26.9018
26.7379
26.8306
25.5667
26.0669
26.6264
27.4549
25.3483
25.6543
26.5984
26.8388
27.1778
26.3561
25.8894
26.7977
26.4110
27.2932
27.3366
27.0029
27.1718
26.4923
25.6252
26.1710
25.8279
27.2346
26.8406
26.6757
27.0306
27.1515
25.8375
27.1787
27.5458
27.3752
26.2698
27.0149
27.2273
27.9099
27.6012
25.0028
24.6781
22.7548
25.0501
23.5521
23.6429
24.3889
23.7333
24.6104
24.1618
23.7884
23.4010
23.9152
23.4869
23.3294
23.7295
24.0898
24.0204
22.9131
23.5705
23.9264
23.7482
24.5643
23.4421
23.7372
23.4298
24.2601
22.5931
23.6323
23.3548
23.2539
24.3018
23.9607
23.8641
24.3721
23.6956
24.1668
23.8924
23.9348
23.3420
23.8407
23.8070
23.5308
23.2534
23.7081
23.6999
23.3316
23.7745
23.1793
23.7035
23.8688
23.9350
24.0703
22.2012
24.0636
23.4235
25.0102
23.8220
24.0869
24.7332
23.6260
25.2471
23.7825
25.5172
23.7718
24.2409
23.7580
26.6619
25.5915
24.2871
23.2743
23.0828
22.7773
23.1484
23.4752
24.2480
23.3937
22.8817
23.0974
23.6575
22.8955
22.9227
22.7745
23.1289
22.8716
23.9239
24.1150
23.6438
23.2473
23.7973
24.3315
25.1985
24.3613
23.4566
23.0656
24.3948
24.0938
23.5293
23.2896
23.3850
22.9609
23.2705
23.3312
22.9594
23.7729
23.1378
23.6397
23.7252
23.1778
23.8017
23.6706
23.6395
24.1621
23.7915
23.9970
24.2120
25.0566
23.2661
23.6439
23.7794
23.0616
23.1428
23.8614
23.9452
23.6059
24.0240
23.9044
23.7384
22.8707
23.2649
23.5116
23.5903
23.8317
23.0792
23.2437
22.7206
22.4139
23.0374
22.3438
22.8524
23.1365
22.7319
22.1212
22.4978
23.1417
22.8488
22.7848
23.0516
22.9606
23.4992
22.1264
23.2582
22.7493
21.6949
22.7149
22.0450
22.9592
23.8355
23.9220
22.8693
24.2229
25.2471
24.7098
23.5701
22.8942
23.3279
24.0135
23.0901
22.5407
24.2887
23.5390
24.2310
24.3092
24.9064
24.1643
24.0059
24.2456
24.2044
23.6112
24.4175
23.8617
23.6388
23.4937
23.3748
22.8706
23.8637
23.1967
23.4841
24.2127
24.1211
23.6534
23.1326
23.4979
23.2143
22.6673
23.9850
24.2314
23.9438
23.7141
24.4263
24.7839
23.7757
23.9219
23.7284
24.0099
23.9797
24.0106
23.3521
23.7278
23.3500
24.0578
24.5219
25.0913
23.7496
23.6452
23.7865
23.6429
23.3439
23.5872
23.3604
23.4454
23.3096
23.5259
23.6807
23.1825
24.5454
