22.1714
22.2427
21.5352
21.6320
21.7903
21.7578
21.6743
21.7470
22.1462
21.5401
21.2598
22.2607
22.1060
22.2373
21.7869
22.1137
21.9844
21.6103
21.6148
21.6323
21.7265
21.6801
21.5729
22.1204
21.7477
22.0473
21.9122
21.3087
21.2922
21.1593
21.6593
22.4519
22.5580
22.2469
21.7692
22.7635
22.0844
22.4977
22.4967
21.8688
21.6229
21.7377
21.9138
21.4300
21.4987
21.9318
22.2821
21.7058
22.9776
22.3306
22.1785
21.6152
21.5284
22.6486
22.2446
22.3973
22.4599
22.4863
22.1278
21.9179
22.1973
22.0119
22.0994
21.7602
21.9664
22.8553
22.1564
22.5614
21.4929
22.1844
22.4606
22.4206
22.2277
21.8503
22.5965
21.8093
21.8919
22.4520
22.9393
22.7487
22.6513
23.2142
22.7436
22.9397
22.6069
22.1901
21.9109
21.9242
22.2245
21.4830
22.0516
21.5634
22.0143
22.7494
22.0796
22.1666
21.6597
22.9781
22.5570
22.4991
22.4016
22.2710
22.5479
22.0512
22.2237
21.9099
21.8850
22.8513
23.0750
23.0643
23.5830
23.0201
23.0068
22.0220
22.8208
22.4045
23.1693
23.2701
23.4681
23.5481
22.7587
22.7082
22.6638
23.6630
22.5293
23.0182
22.7104
23.4903
23.4618
23.4247
23.1199
23.8948
23.6897
23.1199
22.9002
22.2798
22.8790
22.0668
22.7640
22.9346
23.1560
22.2986
22.7114
22.8085
23.1661
22.2639
22.9730
23.4687
23.0564
22.7222
21.8802
22.5368
23.1248
22.9043
23.5460
22.7978
22.4527
22.7222
23.1492
22.6249
22.0863
22.4168
22.5896
23.1396
22.6094
22.6763
22.2518
21.8384
22.3275
22.3002
21.8011
22.2691
21.7356
22.1127
21.7685
21.8904
22.0274
22.0748
21.5198
21.9699
22.0847
22.2856
21.9989
21.9400
22.1638
21.9846
22.0887
22.1988
22.6990
21.9049
21.6833
21.9511
22.0026
21.9890
21.5766
21.8570
21.9095
21.8647
21.9086
21.6694
22.6934
21.7810
21.8204
21.9260
21.9421
22.3054
22.6248
22.0035
22.6824
22.4505
22.1750
22.1140
22.5865
22.5169
22.0130
22.4166
22.0128
22.5874
21.7545
22.1326
21.9522
22.1088
22.0186
21.8829
22.1256
22.0376
22.2293
22.2039
22.4777
22.4612
23.1447
22.9144
22.0025
22.3701
22.1895
21.8634
22.0291
21.9653
21.7809
22.3990
22.2813
21.8875
21.9257
22.3821
22.6006
22.2360
22.8141
22.5101
22.2850
22.7824
22.1174
22.0362
22.2383
22.0152
22.6166
21.9919
22.0288
22.1411
22.1941
22.2406
21.7076
22.1682
22.2025
22.6301
22.0757
21.9886
22.6071
22.1787
21.9681
22.3245
22.5474
22.1818
22.2569
22.8457
22.4081
22.9840
22.8340
23.2986
22.7122
22.2459
22.3165
22.0458
21.7289
22.4661
22.8392
23.7208
24.2620
23.6857
23.5973
23.7342
23.5945
23.6842
23.5284
23.8772
23.9403
24.5943
24.7837
24.6352
23.6554
23.9878
23.1900
23.7705
23.9428
24.2079
24.1680
23.3955
23.4791
23.2503
23.3738
22.9982
22.9745
22.9647
23.6085
23.5231
23.0212
24.4775
24.1947
24.0887
23.8674
24.1451
26.2377
26.3793
25.6211
23.1453
24.2360
24.3047
24.1430
23.2631
23.8901
23.0013
22.9858
24.7470
24.2846
24.2749
24.9191
25.4897
26.5825
27.3546
26.5616
26.1219
27.2994
25.2200
25.6744
25.7776
26.1182
26.3490
25.3552
24.8875
25.1137
26.0578
24.8935
25.0950
25.5637
25.7476
26.6476
26.5303
26.1645
25.7502
25.0869
25.9273
25.5860
25.7184
25.8412
26.0018
25.7102
24.6608
25.0025
25.4219
25.6457
25.7765
26.2492
25.8575
24.4143
26.0002
26.2130
25.1384
26.1481
27.0422
26.1362
26.4896
27.4654
25.9909
25.4771
26.4430
26.2647
27.0488
26.7593
26.8175
25.8599
26.1709
25.8895
25.8656
25.1013
25.6833
25.1068
24.4859
24.5259
25.1164
25.2210
25.1425
25.1935
25.5681
27.1806
24.2763
24.8820
25.1188
25.0405
25.8489
24.6152
24.9168
25.0168
25.0548
25.3997
26.3774
26.8155
26.3794
25.4564
25.1067
25.1675
25.5067
24.9746
24.4940
25.1555
25.6235
24.7442
23.5726
23.6694
23.2058
24.0524
23.5216
23.4376
24.5799
26.0666
26.2453
26.0057
25.1731
26.2298
25.3344
24.7965
24.3829
24.7836
25.2013
23.9665
24.9742
26.1649
24.8339
25.6503
25.6238
25.6484
25.4495
24.8956
25.1014
24.6003
23.7594
24.1333
24.2208
24.6295
24.5587
24.9915
24.5622
23.5235
23.1184
23.1516
23.0244
23.4205
23.4106
23.9775
24.9539
23.6782
24.4770
24.5018
24.4933
24.3157
24.2626
23.9656
24.9594
24.9510
24.7452
25.2467
26.5978
25.1798
25.4869
26.0606
25.4812
26.4069
25.4284
26.2122
25.5546
24.6086
24.3826
24.8087
23.9129
22.8555
23.9171
23.2939
23.8448
23.7227
23.2761
23.6836
23.4757
23.3327
23.8981
24.3840
24.4985
24.5872
24.2616
23.6088
24.6813
24.9551
25.4396
25.1688
24.6965
25.9104
25.3625
25.6026
23.8204
23.7408
24.3741
24.2306
25.1470
23.9440
24.4150
24.4265
24.9089
24.2712
24.7191
24.5840
24.3370
24.8126
25.0679
23.7595
24.4197
24.2507
24.2775
25.0139
24.4374
23.6524
24.1921
24.4665
24.1248
24.4493
23.7501
23.9588
23.7315
24.5887
24.1923
24.2845
25.3137
24.5271
23.7739
24.3846
24.2198
23.8075
24.5338
24.5178
23.9782
23.6127
23.9803
23.6551
24.2340
24.2876
24.0239
23.8713
24.4433
24.6860
25.1194
25.3364
24.4338
25.0627
23.7401
24.0437
24.9086
24.7607
24.7257
24.3148
24.5010
23.9409
24.4161
22.5426
23.8201
23.3249
22.9930
23.1609
23.0681
23.6757
24.9412
23.8311
22.6510
23.3725
22.7225
22.5163
23.3280
23.1932
22.9527
24.0238
23.9056
24.5910
23.3365
23.6952
24.6743
23.3564
23.3857
23.8328
24.1907
23.7450
23.8081
24.1070
23.8234
24.0915
24.3877
24.9280
24.9920
24.9935
24.1453
24.6812
25.1930
25.7606
25.3491
25.4070
24.3409
24.7777
25.7979
25.6557
25.6222
24.6960
24.1925
24.1535
24.4316
24.0507
24.9844
24.0703
25.1774
25.3818
24.6625
24.7936
24.9416
24.5782
25.0490
25.2985
24.1284
24.2765
24.5031
25.3133
25.0113
24.3896
24.4693
24.0844
24.4539
24.5377
23.6921
23.3897
24.4413
23.9901
24.3253
24.3928
24.2387
24.9675
24.2363
23.9933
23.4974
23.8997
24.3201
24.6102
24.7340
24.9265
24.6097
25.2090
25.6132
26.4916
25.3957
25.3677
24.8636
24.9983
24.7610
24.2494
24.8126
25.3336
24.5554
25.1843
24.4509
24.0740
24.4605
23.7206
24.6092
25.1343
24.2328
23.5499
24.1708
24.5276
25.0257
24.5383
24.5999
25.0812
24.4578
24.5058
24.2102
24.5829
24.6659
24.5679
24.9155
24.9324
23.6862
24.7927
25.2915
25.3444
24.8902
23.8957
24.6422
23.8928
24.4752
24.6274
24.4149
23.9518
23.6452
24.7415
25.0620
24.5850
24.6857
25.3416
24.2743
24.8793
25.7256
25.2298
24.8282
24.8724
24.8668
25.0146
25.0913
25.9054
26.9640
27.0251
27.1781
25.8877
25.8560
26.8372
25.8591
26.2629
25.2949
25.7989
26.2163
25.9472
25.9054
24.9067
24.8053
26.2564
26.1213
25.2217
25.3618
27.1429
25.6878
24.9073
25.6435
26.2138
25.6406
26.2305
26.3006
26.5269
26.2247
25.8651
26.3313
25.8651
25.8874
25.3483
24.8258
24.9975
25.1492
25.0208
25.2178
25.3902
26.1227
26.4324
25.9307
26.6269
25.8917
24.9534
24.7651
25.2254
25.8985
26.0207
25.3772
25.1339
25.4045
26.1537
25.6072
24.8727
24.8626
25.6573
25.4852
25.3563
26.2352
26.7545
26.2194
25.9743
27.1984
25.4509
24.6104
26.5491
27.2417
27.7652
26.0267
26.6928
25.9657
26.9863
25.7006
26.7669
25.2347
25.3848
25.0574
24.8664
25.3359
25.4934
24.8140
24.3100
24.1630
24.6989
24.8838
24.6476
23.6271
23.6354
23.8533
24.1141
23.9571
24.9063
25.3725
23.6788
25.2515
24.0091
23.6922
23.9214
23.4367
23.7331
24.1691
23.8452
23.2718
24.5485
25.0564
24.6736
24.0739
24.8833
24.3391
23.8789
23.6038
23.0924
23.9041
25.5463
24.9071
24.8531
24.7879
25.5750
24.5392
23.4365
24.2688
24.9681
24.6076
24.6914
24.5899
23.2154
23.8576
23.3047
24.8638
24.6699
24.2904
24.1710
23.9815
24.1553
23.4031
24.5418
24.5868
23.6981
23.5628
23.7731
25.2863
25.3415
24.4008
24.7625
24.2757
24.8959
24.6583
24.3603
24.8580
24.6006
24.3725
24.7982
24.9557
25.1193
25.0295
25.5158
24.0262
24.6306
25.3168
25.5239
25.4118
25.4117
26.7496
24.8779
24.6671
25.4044
25.3553
25.4385
25.3805
25.6597
26.1623
25.7420
26.5653
25.4745
26.3656
26.3351
26.2812
26.1023
26.7740
26.6855
26.7364
26.3650
25.5533
27.3046
26.1857
26.4684
24.6171
25.3086
24.9286
24.6149
26.2621
25.2012
24.5490
23.3684
23.2659
24.2335
24.3949
25.6057
24.0101
23.6638
23.6799
23.7151
23.7014
23.4918
24.3850
24.6596
26.4645
25.1562
25.1045
23.8739
24.0474
25.5879
24.7609
24.6474
24.7184
24.5283
24.7151
25.9488
25.7122
25.2203
25.7595
26.1894
27.1173
27.2790
26.2244
25.5827
26.2269
25.6473
25.9337
26.8534
26.6731
27.9547
28.2502
26.8545
26.8346
27.2846
27.2257
27.4740
27.6362
27.0862
27.0162
27.7294
28.0916
28.1735
27.5813
27.3872
26.7998
26.8830
26.3765
25.8380
26.4171
25.4939
26.4817
25.6908
25.0686
25.7141
24.9132
26.3330
25.3331
24.9817
25.6720
25.8923
27.4473
26.7042
26.4176
26.6553
25.4926
24.9154
26.2013
