26.0354
25.6269
26.4119
26.6366
25.1471
25.2706
27.0939
26.0264
24.7093
24.7441
24.6953
23.8517
26.4460
25.6484
24.4831
25.3890
25.8335
25.5083
27.3712
27.0146
25.7315
25.1619
26.2289
26.8551
27.2138
27.7599
28.4811
27.8224
26.6384
26.5697
25.7425
25.4392
24.1202
24.8513
24.0147
23.5652
23.7443
23.0881
22.7812
22.8528
23.0084
22.6110
22.1169
22.5761
22.8083
23.0913
22.8916
22.9753
24.7993
24.7875
23.9716
22.5037
24.3255
26.0493
24.6116
23.8217
22.6015
20.6753
22.3794
21.9459
22.1117
22.6180
23.0731
22.1604
22.7500
21.7581
22.3174
22.3272
22.5889
22.4647
22.2684
22.8703
21.9996
22.9824
22.4523
22.6938
21.9900
21.8239
22.6965
22.6886
22.1125
21.6364
22.4328
21.6752
21.4876
22.0685
22.6292
23.0616
24.4095
23.8903
22.9693
23.2476
22.3967
23.7228
23.2702
23.9437
22.9800
23.0967
22.7775
21.9622
22.5604
23.8171
22.9686
23.5696
22.5899
21.9079
22.2079
21.4938
20.2354
20.9478
21.5722
21.4979
21.3826
20.8743
21.0663
21.1824
20.6046
21.3675
22.4047
21.4183
22.4023
22.7195
22.0176
22.3387
20.9960
21.3547
21.4927
23.4968
22.2573
22.6084
22.7583
20.9606
21.1695
21.8167
22.5292
21.5061
21.8101
22.1603
21.3411
21.9952
22.0387
21.2229
20.7625
21.3233
21.7500
22.1434
21.9385
21.3308
21.8262
20.7061
21.8188
21.9649
22.0869
20.8967
20.9344
21.4212
21.6314
21.5171
22.3358
21.9305
22.4003
22.6834
21.6264
22.6959
21.2883
21.3668
21.3931
20.8138
21.5839
20.8635
21.1702
21.1205
20.7828
22.0301
21.8468
21.0206
21.0525
21.4404
21.8564
22.7307
22.9148
22.5007
22.6654
22.2518
22.2205
22.0442
22.8699
22.7551
22.6106
22.8469
22.7250
22.8460
23.2029
22.4313
22.7961
23.7678
22.2001
23.4406
22.5440
22.1611
22.4052
22.5474
23.1611
24.5762
24.3903
24.2333
24.4513
22.0690
22.4574
21.2041
22.2139
22.4355
21.8725
22.9508
23.0668
22.0414
21.7667
22.9394
22.6939
23.0111
22.9754
22.5395
22.1373
22.1715
22.9451
22.5020
23.6082
24.4702
23.4251
22.8945
21.6496
22.0893
24.1468
22.5135
23.1215
22.0617
22.5394
22.3915
22.2051
22.4022
22.8964
21.5898
22.1547
23.4472
22.1730
21.0640
22.2723
24.0326
23.3321
22.3428
23.4165
23.5684
24.2407
23.5669
24.4264
23.3135
23.3801
23.3437
23.0127
22.7589
21.6894
22.4796
22.4413
22.1084
21.8299
22.2362
22.4080
22.0249
22.0083
22.9318
22.6041
22.0392
22.4764
22.8063
23.9813
24.0831
22.9503
23.2250
23.6208
24.1253
24.5819
24.2979
25.6189
25.7204
25.4099
24.3724
24.4595
24.2712
24.7323
22.7892
23.0869
24.2298
23.7779
23.8992
22.8497
24.3458
23.9148
24.4933
22.6109
23.1927
24.8313
23.9693
23.7577
24.7720
23.0860
23.1638
22.3441
21.4711
22.7371
22.1266
22.1721
22.1482
22.8541
22.0707
23.3069
23.2009
24.9989
25.3883
24.0612
23.4012
23.1666
26.1096
24.7567
24.6072
24.3163
23.5482
24.3000
24.0409
24.4152
23.2825
24.0174
22.9403
24.0010
22.4974
24.6039
23.1476
24.8151
23.5997
25.0164
23.8181
23.2494
24.6775
23.7624
23.3099
23.1448
22.9189
22.3373
22.1055
22.4898
23.1420
23.6492
23.7760
23.7345
22.7917
23.3206
24.5517
23.4673
22.6295
23.4537
23.4444
23.9960
23.3751
25.0649
23.2008
23.5259
23.4808
24.3643
24.1183
25.3132
24.0030
23.6858
22.5859
24.1015
25.1628
24.6249
24.7194
23.8797
22.9931
23.3735
22.6911
23.3945
23.6678
23.5313
22.1786
22.4620
22.8354
23.4883
24.1338
23.7852
24.3904
23.8176
22.6606
23.1926
22.8551
22.0358
22.7439
22.7302
22.7096
23.0138
22.4670
23.1783
22.8318
23.1078
22.3349
22.8171
22.2980
23.0466
23.2557
23.2959
23.1552
23.4261
24.0456
23.3814
25.4416
25.1098
25.5845
25.9238
24.3262
23.8622
23.0994
24.7086
24.8075
24.0800
23.5971
22.8400
22.2132
23.6115
22.9945
21.7994
22.7327
22.3668
21.9783
22.5368
22.0534
22.5037
23.2488
23.0050
22.2939
24.9091
23.0175
22.8188
21.9616
22.9593
22.6763
22.3941
23.3313
23.4167
22.9432
23.1798
23.1593
23.0510
23.1193
22.8006
22.8562
22.4784
22.1836
22.4834
22.3929
22.8881
22.9276
23.0509
22.4933
22.9653
22.8996
22.2269
21.7090
22.3971
23.0266
22.0716
22.8487
22.2385
21.7664
23.3562
21.6598
22.6993
21.3959
22.2831
22.7979
21.9898
22.6630
23.2466
22.7697
21.8354
21.4669
22.4132
21.9201
22.3697
22.7498
22.6657
23.4144
23.2809
23.1703
23.6958
21.9782
22.5650
22.6320
23.0863
24.2246
24.4332
23.6915
22.9281
21.5373
23.0132
22.1560
21.8852
22.6808
23.2080
23.3571
23.1808
22.6018
23.3880
22.8115
23.4733
23.6753
24.2723
23.7279
21.8599
22.5900
24.4918
24.0171
23.0198
24.3497
23.3433
22.9308
23.3325
23.6552
23.1320
23.3111
23.1349
23.0816
23.6955
23.9740
24.2229
24.0052
23.1428
22.5301
22.0725
23.7987
23.2719
21.7827
22.2870
23.0265
21.1838
21.0570
21.6148
21.8997
21.2582
22.1003
22.6784
22.5690
24.1166
21.8913
22.7828
23.0982
22.9355
22.6483
22.7704
22.6064
23.4946
22.1804
21.0046
21.9222
21.1118
21.5005
21.7082
21.5214
21.7772
21.0134
21.7522
21.3821
21.6338
21.6363
21.8885
22.5229
21.4703
21.6211
21.4183
22.2880
21.8833
22.0832
22.1273
23.2223
22.3254
21.9829
22.5083
22.3859
22.3685
22.6609
22.7628
22.7185
22.5467
21.7700
22.6221
22.1918
22.1571
21.3733
22.4578
22.2901
20.8100
21.2490
21.9112
21.7883
23.7000
22.8207
23.3785
22.9614
23.3762
22.9676
23.1238
23.2975
23.0749
23.9570
24.1510
23.3683
25.0972
22.5363
23.1418
22.2782
22.3141
22.7999
23.3301
23.0239
22.6033
22.6827
21.6590
21.8783
21.7699
22.2320
22.0455
22.0971
22.2278
21.9087
22.6126
22.1596
21.4795
20.7871
20.7919
21.0884
20.5534
21.6655
21.5709
21.5218
21.2374
21.3053
21.9330
21.0859
21.4794
20.8973
20.7291
20.7200
20.9312
21.0438
21.9479
20.7951
20.4551
20.7576
22.1470
20.4658
21.3815
20.4034
21.1011
21.3376
21.5855
21.5066
21.5842
21.3582
22.0380
22.2418
23.4183
23.9764
23.6709
22.2341
21.7752
22.7141
22.4060
22.3591
23.3420
23.7318
22.8325
23.0427
21.7197
22.3587
20.6498
20.5700
20.0924
20.8154
20.1606
21.9785
21.8129
21.2661
20.7507
21.0808
21.2768
23.6912
23.5623
22.1116
21.2584
20.6325
21.6441
20.9629
20.9947
20.6640
21.0760
20.5628
21.3958
20.8184
21.0770
20.7832
20.9526
20.8648
20.4774
20.9083
21.7287
21.1957
21.2570
22.5074
21.3054
22.3397
22.9297
21.0431
21.4745
22.4431
21.0178
21.7883
20.4561
21.3392
20.4130
21.0256
20.7146
21.1560
20.9614
21.0340
21.0054
21.0446
21.0272
20.3528
20.8442
20.3923
19.9169
20.7764
19.7510
21.8312
21.2741
21.4893
22.2881
21.2894
20.7924
21.0033
21.0706
20.6264
20.5388
21.0793
20.4736
20.3997
21.7398
21.9875
21.9310
22.4000
22.5113
22.2322
21.7512
21.4882
21.1243
21.3914
20.9301
21.3317
20.7837
20.2150
20.9153
21.2806
21.1856
21.6450
22.0764
21.8668
20.8052
21.3439
21.4747
20.3431
20.5448
20.5410
21.7080
22.2982
20.9164
21.6918
21.5183
21.2070
20.9128
21.4954
20.9426
21.4930
21.8483
21.1125
22.4313
22.8614
22.8214
22.3035
22.7656
21.6879
22.7978
21.4775
21.6502
21.1483
22.0626
22.6476
22.5494
23.1477
23.0566
22.6393
22.0900
22.7528
22.3759
22.0526
22.9824
22.5854
22.7691
23.1331
22.7665
22.4290
21.7546
22.5408
22.1244
22.5723
21.6524
22.0208
21.3057
21.9877
22.1606
22.6118
21.8985
21.7785
21.2198
22.1999
22.3499
22.1725
22.1074
21.3786
21.8390
22.4050
23.5554
22.7355
22.9747
22.0229
23.2819
23.8733
23.3746
23.0185
23.7029
23.3974
22.8503
22.1392
21.8877
22.3222
21.8700
21.8344
21.7900
22.0326
21.9713
21.7390
21.5477
21.3515
21.8010
21.5740
21.9493
23.1582
22.3777
23.0253
22.2351
22.5862
21.6976
21.7428
21.8481
22.1662
22.1427
21.7049
22.3748
22.2467
22.0034
23.5359
23.2359
23.4249
23.3788
23.5838
25.1296
24.4625
24.2470
24.3466
24.0374
24.7129
25.1871
24.4944
23.5129
24.4006
24.7063
25.2478
23.1663
23.8594
24.3164
24.6742
24.9145
25.1284
24.0140
22.6624
21.9779
22.6042
22.4745
21.7832
21.4552
22.2807
22.6629
22.8118
23.0790
23.4193
22.7864
22.7421
23.3206
23.5747
24.0401
23.9770
23.0679
23.1360
23.5353
23.0355
22.3785
22.2837
23.5689
23.5438
22.6520
23.5246
22.8815
22.1355
21.1440
21.9124
21.1366
21.9015
22.8028
21.1097
22.4282
22.1567
22.0688
22.4391
22.9740
22.7928
23.6133
22.9328
23.0559
22.3209
22.2596
22.2069
22.1739
22.4102
22.5706
22.6796
22.8171
24.5931
23.8374
23.6029
24.3185
23.4682
23.4086
23.6866
23.7080
24.6935
24.0794
25.0225
24.3742
24.5060
23.8164
23.6952
23.5213
23.9889
22.9695
23.7526
24.3746
24.3590
23.9485
23.1285
22.8747
24.1667
23.4158
24.3372
22.6106
22.8757
23.5372
23.3120
22.2365
22.7168
23.0610
22.9526
22.7383
22.4446
23.0703
22.4204
23.2110
23.2478
23.5564
23.2968
22.7535
23.6149
23.9008
23.5706
