23.1953
23.3207
23.1343
22.3120
21.2284
21.5962
22.2099
21.6152
21.3612
21.3630
21.5589
21.4785
21.0401
22.1196
21.8027
19.0285
20.1806
20.8373
19.6527
19.3823
20.3225
20.1080
19.0919
18.9682
20.3407
19.0188
19.1814
19.4293
20.7407
19.9076
20.4906
20.6557
21.4787
20.5593
20.7211
21.1379
21.1046
20.8309
21.8429
20.2735
21.7953
20.7601
20.7682
21.1572
22.8057
22.6238
22.5248
21.9013
22.1719
21.8939
21.7238
22.0173
19.7841
20.5403
22.4514
23.1024
23.9339
21.9777
22.1135
21.1024
21.0315
20.2659
21.2910
20.9818
21.2145
20.2972
20.8330
20.0286
20.4552
21.8402
21.2179
22.1074
21.7526
22.3428
20.6546
20.6231
21.7345
23.2683
22.0646
21.1807
20.5064
21.6940
21.4086
21.0999
20.7885
22.0873
21.6424
21.6141
21.7519
21.5214
22.5850
20.7768
20.7573
21.7438
21.0715
21.3137
21.6421
21.6327
21.9382
21.9986
21.4282
21.0476
20.5295
22.1578
21.0352
21.9560
22.5064
21.0760
20.7313
21.2239
21.8667
21.8567
21.0306
22.1300
21.1076
23.0256
21.8418
21.8308
21.2376
22.3316
21.8578
21.2729
22.6206
21.0342
22.5674
21.7183
21.4665
23.5819
23.0151
23.2198
24.3909
23.3550
23.0760
24.1822
23.2152
24.9101
22.3401
21.0403
19.3086
20.1436
21.1726
19.9660
21.0776
20.4666
21.6679
21.5322
21.7647
22.6981
23.2626
22.0036
20.9203
22.9451
23.7872
24.7725
22.4169
24.2168
22.7351
22.9510
23.3739
23.8587
23.7993
22.0651
23.2613
23.6311
23.9005
22.4616
22.4870
22.6282
22.5685
21.2555
21.2453
21.3532
21.9254
22.8901
23.9804
22.7673
24.2574
24.2163
23.3454
23.0049
22.7017
23.4242
22.0234
23.2323
23.5857
22.9588
22.4047
23.9010
23.2907
22.9291
23.3668
22.3577
22.9511
23.7623
23.0311
24.5158
22.4776
23.0402
25.4060
26.3321
24.2452
24.4671
24.3956
23.7948
23.8754
24.4035
23.4931
23.0077
23.4782
23.0512
23.2007
26.1160
23.8672
22.9933
23.7304
21.9666
22.5019
23.8057
23.3130
23.0631
24.5812
23.4475
22.6059
23.5634
22.3048
20.9764
20.7744
21.1598
22.4339
22.2922
21.5100
21.4817
22.9597
21.8235
21.6582
22.9759
22.5981
22.2196
22.3644
23.3190
21.6578
21.5745
22.5205
22.3647
21.4390
21.5062
21.5760
22.4591
21.2689
21.5281
21.4221
21.4848
22.0577
20.2272
20.4537
21.4244
21.2944
21.2913
20.8962
22.3785
20.4975
21.5399
20.7955
21.1095
21.8209
21.6306
20.3822
20.8697
21.0332
21.6655
21.2584
21.9655
22.7715
22.6737
22.3599
22.3340
23.2620
22.9244
23.4537
21.4665
21.2776
22.5074
21.5155
21.4517
20.2627
19.1464
21.7018
22.2539
21.1178
21.2246
22.1740
23.2009
22.1581
23.0828
22.5678
22.7395
22.0572
22.9925
22.3500
22.6392
23.3413
23.1877
22.5105
24.5443
23.0073
21.4088
21.8947
21.4915
22.8923
23.0058
21.4075
22.5402
22.6658
23.6181
21.3135
23.8342
21.4261
24.5748
22.7195
21.8945
21.7131
21.1553
20.7577
21.6127
21.3800
20.6448
20.6209
21.4415
22.3896
21.8102
21.9462
22.8213
22.9903
22.0922
21.2688
20.8621
22.1361
21.7214
22.8598
23.1471
23.7982
23.2067
23.0012
22.6672
21.6047
21.8670
22.1679
23.1017
22.0188
21.1841
20.8206
20.3926
20.0654
21.3242
20.9934
21.7872
21.0123
21.5558
21.5310
21.9836
24.4937
23.5028
23.5017
22.5836
21.4374
21.5824
22.0320
22.5152
22.7042
23.2059
22.8780
22.9325
23.7147
22.9946
23.5832
22.6910
21.4122
22.1568
21.4429
22.1368
22.7105
23.7396
21.7731
22.1034
21.4142
21.9711
21.4230
21.1268
22.6460
22.6032
21.6619
23.1471
22.8025
21.8531
20.8508
21.6997
23.4686
21.4139
22.3603
22.2836
