22.7288
22.9655
22.9229
22.8020
22.5024
22.8551
23.2922
23.5167
23.5650
22.4925
22.7510
22.9340
22.7563
22.1638
22.3093
22.1716
22.7933
22.4801
22.5647
22.4893
23.2447
22.8595
22.8032
22.7726
22.7631
22.2935
22.0543
22.6591
22.6297
22.3357
22.1194
22.5202
22.6862
22.9342
22.6229
22.8191
21.9580
22.4088
22.8195
22.3905
22.7440
22.5876
23.0559
22.3127
22.8202
22.7431
23.1293
22.5519
22.8076
22.5703
23.0574
22.7309
22.8907
22.9419
22.2828
22.2645
22.8524
23.1489
22.8326
23.2205
23.4753
23.6253
23.6125
23.7370
23.6528
23.7790
23.2969
23.2012
23.4604
22.2986
22.0239
22.5029
22.1197
22.8242
22.1579
22.6446
23.0082
23.3252
22.0304
22.4276
22.2391
22.6739
22.1067
22.6411
22.5141
23.0096
22.5904
22.6757
22.2622
22.2717
22.2389
22.3182
21.7045
22.5836
22.2629
21.8069
22.6062
22.4355
22.6295
22.1105
23.1898
22.4899
22.9822
22.7933
23.2245
22.4351
22.2926
22.6507
22.5781
22.8619
22.1665
22.3988
22.2333
22.8701
21.9226
22.5801
22.6235
23.1601
22.9059
22.7641
22.4253
22.5707
23.0018
23.0212
23.2153
22.9863
22.6116
22.8659
22.4875
22.6081
22.5175
23.1899
23.4498
22.4339
23.1318
23.5911
23.8580
23.0268
22.0692
22.6324
22.6702
22.4701
22.0440
22.8623
22.4266
22.1017
21.8066
22.2433
22.1109
22.3476
21.8245
22.4213
22.6323
22.5929
22.4518
22.4306
22.1572
22.7247
23.2774
22.8506
22.5965
22.2438
22.1613
22.0008
22.0872
22.3679
22.0020
22.2250
22.2659
21.9109
22.1252
22.4095
22.1021
22.1247
22.3796
22.3279
22.3278
21.6342
22.4839
21.6920
21.3844
21.2348
21.8038
23.0687
22.2514
22.1559
21.7880
21.6820
22.2684
22.5524
21.9894
21.8499
21.9616
22.0533
21.8354
22.9760
22.1748
22.2228
21.6719
22.0838
22.2335
22.0316
21.9045
21.9944
22.0764
21.9188
21.8154
21.8667
21.7269
22.1492
22.0381
21.6510
22.0036
22.3743
21.7978
21.9070
21.7983
21.6415
21.6789
21.6067
22.4423
22.0975
22.2510
22.2814
21.9042
22.3433
21.9774
22.1317
22.0581
22.2069
21.6770
22.3921
22.6317
21.8274
22.1139
21.7812
22.3714
22.1356
22.2821
22.2173
22.3287
22.1397
22.1101
22.1804
22.9184
23.3866
22.5913
22.6959
22.5255
22.5273
23.0973
22.4457
22.5994
22.4208
22.6377
21.9997
22.5364
22.3061
22.8217
21.8809
22.0654
22.3349
22.0605
22.5010
22.7586
22.6104
21.9688
21.9002
22.1349
22.1521
22.1245
22.2716
22.0703
22.4745
22.0090
22.4391
22.5512
22.5432
21.9316
22.3301
22.5145
22.6398
22.3344
22.3460
22.0137
21.9304
22.3891
21.6018
21.6190
21.8388
22.1921
22.3191
22.1792
22.4749
22.4554
22.5189
22.7466
22.6077
23.2731
22.8754
22.6484
22.9442
21.5383
21.8669
21.6852
21.8366
22.3622
22.3954
22.1423
22.0331
22.1892
22.3047
22.0230
21.9640
21.8447
22.1320
21.7641
21.7995
21.4898
21.9702
22.1611
22.3058
22.5801
22.4426
22.1445
22.2791
22.4537
22.4778
22.5468
22.3712
21.9481
22.0059
21.9427
22.9212
22.0641
22.5688
23.7704
23.7612
23.4256
23.6063
23.0274
22.7605
23.7337
23.5742
23.0910
23.3921
22.9666
22.4321
23.1342
23.0672
23.5209
23.3511
23.1772
23.1082
23.2366
24.0245
23.5926
23.8021
23.4410
23.7866
23.9499
23.4434
23.9264
23.9754
23.5425
24.0397
23.8395
23.6958
23.7053
23.6748
23.8757
22.9990
23.9124
23.4828
23.4572
23.1467
23.9573
23.7395
23.5162
23.5849
23.4572
23.7521
23.3769
23.8387
23.7257
22.7635
23.7235
23.4751
23.9551
24.0935
23.3901
22.9441
23.2013
22.1806
23.6430
23.3382
23.7655
23.5330
23.5850
23.2048
