28.3390
28.2574
27.0429
26.5926
27.6389
27.2563
27.5389
27.1057
25.4975
27.0558
26.1503
27.3900
26.5309
23.8351
25.1613
29.4705
28.8181
29.0641
27.9915
26.6761
25.2206
27.0456
28.4327
26.5420
24.8888
27.1242
26.9462
24.6969
27.3165
28.8869
28.7495
28.5906
28.3005
27.4838
28.4587
26.5407
25.5764
26.6125
26.9170
27.2382
27.0602
25.4321
25.9873
26.3379
28.5291
27.7338
28.2580
27.5398
26.5578
26.6366
28.5073
26.7307
28.0160
26.2788
27.4432
27.6839
26.1429
27.8830
27.2207
28.0759
28.1138
28.9573
28.6837
29.0218
27.2534
27.0708
28.8452
29.1062
28.0136
28.4442
27.3786
24.9525
24.3501
26.4269
27.9478
27.9866
25.1143
26.2213
26.7262
25.1897
25.4223
24.6983
25.0035
25.6994
25.1254
24.0865
23.6011
22.4565
24.0774
22.6917
24.4937
24.5174
26.3249
25.7027
25.8814
26.1728
26.6770
25.5312
25.4928
27.0507
27.2243
27.2527
27.9901
24.5817
29.1660
28.1063
27.9012
28.4557
28.5302
28.5579
30.7245
26.9333
25.0318
27.5792
27.1834
28.0596
27.8212
27.6520
27.0174
25.0319
26.1946
25.8583
28.2976
24.4293
28.7303
25.7356
28.4780
26.7807
27.6657
27.6234
27.2924
28.3766
29.3481
29.9996
27.5921
27.7139
26.0904
25.3815
29.2980
30.6986
28.0347
29.8639
27.7712
31.7071
28.7435
26.4610
27.6727
24.9507
27.3648
27.0863
28.4562
27.1996
29.6758
26.7514
27.8213
29.1081
26.1781
27.8025
27.0174
26.1932
27.3734
26.7420
27.6029
28.1498
28.0247
27.3910
28.0265
26.0297
27.0774
28.2644
26.8233
28.1637
26.0256
27.1466
28.7069
26.8057
25.8759
26.3916
26.9299
26.6926
27.0854
27.5611
29.0567
29.0787
26.9306
27.8284
26.8188
29.5258
28.4920
29.7486
28.6430
31.7350
29.5341
29.8235
31.4321
30.5544
28.4867
28.6705
28.9166
28.2283
28.2777
27.1201
29.1036
27.6873
27.5910
29.8248
26.4620
24.1501
25.1472
24.0032
23.4562
24.4645
24.9655
24.6288
23.0025
24.5740
23.1882
24.9034
23.2246
24.9629
24.0210
23.5395
23.2862
23.3430
23.7129
23.5584
24.6951
24.4650
22.6822
21.7630
22.7076
23.1945
23.4612
23.3841
24.7164
23.3051
23.1564
23.0860
22.0297
23.5035
24.1868
23.1027
22.6437
23.3881
23.3591
24.2664
22.6453
25.0083
23.9109
23.5406
24.7981
24.2617
26.1631
25.5138
25.1342
25.2063
24.1731
21.4723
24.0794
23.8685
24.5497
24.9215
23.7197
22.5817
23.3834
24.2468
21.4840
21.4888
23.3513
24.5066
25.1601
22.8967
23.7351
22.7505
23.4373
23.0165
24.9515
23.6391
23.9985
24.7102
23.6986
25.0442
25.8728
24.0690
23.4348
23.5887
24.3110
24.4529
23.5174
23.4881
23.7934
23.3048
23.4714
23.3967
22.9448
23.2975
24.4581
23.6103
23.2250
25.2375
23.9903
25.6049
23.6568
23.0726
22.7518
22.3154
22.7780
23.7057
22.7838
23.5789
22.4693
22.2274
23.8212
22.9551
21.7443
23.9259
23.5641
23.0919
24.5809
25.0875
25.0053
28.5599
26.4877
26.0587
25.3029
27.1740
25.3033
26.8176
28.7070
28.7078
29.3830
27.1864
26.8510
27.3031
26.2852
26.2464
27.6369
26.6537
26.1564
26.2430
26.9383
26.2616
24.8252
25.4550
22.8384
22.5665
22.9935
23.0734
22.7614
20.5985
21.0380
24.5217
26.9093
25.1533
26.2381
26.3256
27.3318
25.0354
25.0543
26.2024
25.9185
24.4953
26.4409
25.8626
25.5430
26.0962
25.9532
25.9353
25.6117
24.6182
24.8439
24.0125
25.9603
24.2373
25.6730
25.0128
23.6359
24.3348
21.8868
23.3852
24.3341
23.8107
23.7762
25.3687
26.4204
24.4420
23.2396
24.5068
24.7116
23.6584
24.9147
23.5040
25.1143
28.7227
25.5118
23.7529
24.3640
24.4401
23.6430
25.8776
