28.5401
29.0818
28.7661
29.5158
28.9814
29.3285
29.2326
29.7827
30.8360
29.4139
31.4050
28.9284
29.8503
27.2442
28.1277
27.6545
28.9807
28.7545
28.5743
29.3001
29.5602
30.3738
27.7277
28.9296
30.9080
27.7526
29.6211
30.0721
29.0885
29.9377
30.4410
31.3740
29.7135
30.3501
29.4197
28.6261
28.6949
27.9472
28.2055
28.7683
28.2891
28.0204
27.7611
28.0509
28.4701
28.2240
28.4969
27.5877
27.6910
27.8362
28.8182
28.2512
27.7307
28.0101
28.2533
28.6781
28.9114
27.6975
27.2692
27.8870
27.1501
27.3534
27.1714
27.2114
26.9619
27.0319
27.5612
26.8317
26.6932
27.4114
26.3176
27.5654
25.9301
26.3164
26.0328
25.2503
27.7456
26.0531
26.3957
26.7456
27.6499
26.5226
26.8636
27.4702
26.2871
26.5220
26.0226
25.9150
25.8749
25.3389
25.2356
26.1375
25.9723
25.6318
26.3854
26.6034
27.4796
25.6887
26.4229
26.0831
26.8278
26.5041
28.2181
26.6762
27.0878
27.0911
26.7603
27.0331
25.9883
24.8333
25.8752
26.1394
26.6559
26.5108
26.2004
25.9894
26.2744
26.6127
26.2494
26.0666
27.1626
26.5577
25.9890
25.8925
26.5005
27.2487
27.5569
28.0788
27.0141
27.8258
26.8029
27.9047
28.2498
27.2847
27.6624
28.0469
26.9214
26.7746
27.8671
27.7995
28.7370
28.1843
27.4551
27.4502
27.5299
27.4436
26.8057
27.6024
27.4466
28.1408
27.8870
27.3180
27.2186
27.8225
27.2272
27.4761
28.0475
26.6826
26.9873
27.8396
31.4289
28.7728
28.3111
30.6868
30.6714
29.2287
30.6286
29.6673
28.6016
29.4254
29.1731
29.8239
27.5395
29.0672
30.1001
29.1825
29.0769
27.4198
28.8428
29.2181
29.4403
29.4857
27.2027
27.4651
28.3315
27.9953
27.7911
27.4245
27.1299
28.0868
28.2921
28.7605
29.3527
29.4686
29.3621
28.9405
29.5865
29.0440
29.2275
28.9653
28.8009
28.1819
27.9316
28.0074
29.3103
28.3180
29.2814
28.3885
28.1525
28.8026
28.5464
28.3651
27.9588
27.4069
27.6708
27.1207
27.6640
27.8257
27.7374
27.7901
28.0278
27.6275
27.3462
25.7038
26.6403
26.3026
26.3017
27.2937
27.7507
27.4780
28.1103
28.4553
28.3884
29.3613
28.2355
29.6193
29.6480
29.7098
29.1140
29.4583
27.5938
28.1600
27.4338
27.8706
26.4230
27.2718
26.4752
28.7610
27.4549
26.8118
27.1593
27.1110
27.2574
26.9363
27.6540
26.7427
26.9383
27.8982
26.8971
27.2835
26.0612
26.5104
26.6298
26.4430
27.0179
27.0471
26.7216
27.9585
27.7260
26.4312
28.0752
27.6105
28.0321
27.5521
28.1976
29.0720
28.6120
29.4811
28.9632
27.9042
28.6613
28.7755
29.0410
29.1481
29.1363
27.8361
29.0355
29.0456
28.8796
28.2208
27.9863
28.2092
28.2585
29.7407
28.3859
29.8529
29.1328
27.3410
27.9264
28.2317
28.1367
27.8382
27.9336
27.0512
27.6491
27.7854
28.1752
27.3409
27.1912
28.8323
29.2310
30.0224
29.0016
29.1310
28.8574
29.4111
29.2460
28.4513
28.4103
29.1900
28.9578
28.5661
29.4932
28.8704
29.8457
30.3927
29.2682
29.3014
29.1510
29.1786
28.8659
30.4597
29.2417
29.8328
30.0941
29.0053
28.3031
28.3694
27.2420
27.4368
27.8762
27.5439
27.6468
28.0933
28.0219
27.5849
27.6273
28.0487
27.6106
27.9803
29.4527
28.1658
27.6819
25.9298
27.0858
28.7325
28.2858
27.7439
28.3030
27.4836
28.7490
28.2057
28.8231
27.3551
27.0413
28.0902
27.4732
27.6864
27.2751
26.9948
28.0344
28.5805
28.6820
27.8404
27.7502
28.6364
27.3208
27.8215
28.3574
29.1132
28.2915
28.3587
28.2030
28.1631
28.6272
27.9569
29.0583
27.9301
28.2395
27.1619
27.1983
28.2646
28.1524
28.3206
28.2307
28.3980
27.5577
27.8200
27.7280
28.4172
