26.9752
24.7811
27.8929
26.5881
26.0699
24.4186
24.6187
26.4271
23.7207
24.8538
27.4656
23.1656
26.2037
24.8458
24.5426
23.9831
26.9501
26.2773
26.6048
24.7318
25.2672
26.2925
26.5687
26.9457
26.1324
26.7769
26.8875
26.2724
26.3493
26.1114
28.1937
25.6646
29.0393
28.7874
26.6386
28.4001
28.0765
28.0302
25.4976
26.5566
26.6190
25.9662
24.0398
26.5913
26.3622
26.3838
25.6214
28.0024
26.1748
25.2038
25.1841
24.5249
26.2489
26.1162
26.7578
25.4345
26.9849
27.0357
27.3900
25.8223
26.2823
25.9088
26.5270
27.0156
25.9454
28.3361
27.4318
27.0245
26.4233
27.5822
28.5965
29.4831
27.4034
28.6623
28.4455
27.3204
27.1191
27.5582
26.8297
26.5762
29.2567
28.0030
25.2107
25.5617
25.3183
26.2165
25.7035
26.7984
26.7861
29.3081
27.7394
26.8778
27.3172
29.7693
26.4871
30.0192
26.9873
27.8464
26.5738
26.4237
26.7608
26.9761
27.1735
26.6779
26.6318
27.7560
26.6288
26.5520
28.2522
27.2589
27.2344
29.2100
28.6285
29.4247
27.1359
25.0620
25.7861
26.4165
27.1794
27.1342
27.2969
25.7554
26.1553
26.1641
26.1626
24.7968
26.4341
27.4852
25.7703
25.7389
26.6576
27.6352
28.0132
27.1532
28.2456
25.5526
26.7602
27.1822
28.0014
27.5691
27.5048
27.2233
25.5347
25.3530
26.8420
25.1228
28.0141
28.5250
27.7041
28.8899
27.9578
29.1164
28.0728
26.8427
27.2269
26.3315
27.8083
25.0414
25.0714
24.5981
26.2394
26.7315
27.6973
26.0695
28.6970
29.0239
28.0197
29.3081
28.9765
27.2317
25.4234
26.9394
27.4309
24.4184
25.3950
25.4156
25.1880
24.6151
26.4339
26.3900
26.1601
27.7517
27.3034
26.2926
25.3164
26.9985
26.7725
24.6882
25.6742
25.6460
26.9505
25.3818
24.7641
23.2375
26.1765
26.5315
27.8366
26.3472
25.6557
27.7927
24.5666
25.6147
26.2662
25.9683
26.5105
25.3282
25.7349
25.0333
25.0296
26.6855
25.9400
23.4546
24.2852
25.9242
25.6991
24.6668
23.8946
24.4556
26.3204
25.0812
26.0021
24.3089
22.9032
25.1247
24.0030
24.2078
24.1767
24.0635
23.3391
23.2446
22.9920
22.9334
22.8260
23.2627
22.6219
22.4695
23.4254
23.5122
25.1211
24.5858
23.1454
23.6637
25.4167
24.7181
24.9459
25.9423
24.4845
22.7570
21.4048
23.7275
23.0629
24.3427
21.9482
23.8421
24.2300
27.1529
25.8790
26.4551
24.3084
25.5525
27.3830
25.7922
24.7790
24.1648
25.3719
25.6352
24.1101
26.6876
24.8558
29.2450
27.2991
25.6633
26.3336
24.9299
25.8362
27.2006
26.9229
25.1128
25.2821
27.4378
25.9993
23.9541
23.6610
24.2610
26.7097
23.8473
23.1369
24.1789
26.1017
26.2361
26.6809
26.7282
25.2484
26.1556
24.9223
25.0017
25.6510
24.6385
25.7339
25.9165
24.8703
25.2979
25.3504
25.0943
26.3383
26.6782
25.3451
24.2834
24.3338
24.9944
27.5084
24.9914
24.0253
24.7876
24.1546
25.5262
24.7616
23.3375
23.4848
23.7587
24.0866
24.0200
23.1411
24.7234
24.4352
24.8078
25.5123
24.9232
24.3082
23.0588
24.4044
24.8292
25.6990
24.2491
24.9007
23.5545
21.7409
22.0016
24.7580
22.9346
22.7596
21.5698
21.7475
24.3664
24.7800
24.7066
25.4337
24.3524
23.4180
22.5263
23.5562
24.2579
22.1944
23.5640
26.0281
25.0465
22.8702
25.4869
25.4461
24.9955
24.5595
26.1693
25.4731
25.0373
25.4064
25.5706
24.1617
24.4102
24.3281
24.7277
23.3097
23.7074
25.3437
24.6634
25.6225
24.6849
25.4064
25.4968
25.6309
26.4658
24.7052
25.8596
26.3576
26.1121
27.5763
26.8987
26.9394
26.0073
26.3624
26.1665
25.4469
25.6500
25.5697
27.7083
27.0722
28.4701
28.4910
27.0739
28.3348
29.7269
