24.8243
24.8770
24.7892
25.2679
24.1742
24.9947
25.1447
24.5734
25.8329
25.1564
23.9531
25.1239
24.6653
24.8390
24.6411
25.0213
25.2992
24.9112
24.9027
25.0266
24.5104
24.8204
25.0425
25.5422
25.0264
24.8694
24.8249
25.0004
24.9311
24.6902
25.0616
25.4112
25.5840
25.6668
25.5166
25.1834
25.7628
24.2975
24.6671
24.3085
24.2586
24.4718
24.9527
25.0203
23.9070
25.2227
25.0598
25.3124
24.8752
24.4657
23.3641
23.7519
23.6289
24.2521
24.3582
25.4763
25.0924
24.8912
24.8596
24.9940
25.0710
24.7461
25.8710
25.9300
25.4082
25.3317
25.4815
24.9909
25.7367
25.0026
25.1795
25.6272
25.4367
24.7117
24.9342
25.1225
25.2478
25.2538
25.4995
25.0153
25.1171
24.8365
24.6641
24.6597
25.6230
24.9417
25.2977
25.5114
25.3283
25.8571
24.4434
24.4319
25.0166
25.6703
25.4139
25.2324
24.7530
25.7050
24.7416
25.3265
23.8879
23.8659
22.7503
23.8421
23.3166
23.5562
24.1773
24.1462
23.9519
24.4816
23.7707
24.0412
24.5044
23.5342
23.1769
23.8557
24.5019
23.5805
22.7182
22.6908
23.4322
24.9074
24.2123
24.4338
23.9692
25.4024
25.1704
25.2532
24.5466
24.5491
24.0625
24.7901
24.8395
25.1761
24.6601
25.1777
24.9859
24.2561
24.8426
24.6041
25.1426
24.9528
25.3325
24.2462
25.3168
24.9687
23.8742
24.8238
25.0763
24.9187
24.4632
25.1983
25.5911
25.3399
25.3402
25.4299
23.9375
24.0525
25.0811
24.9019
24.2121
24.6488
24.5310
25.1517
25.3604
24.1797
23.9350
24.0233
24.7262
23.6892
23.6735
22.9672
23.7162
23.1392
24.1927
24.1453
24.3707
24.3686
24.9399
25.6006
25.4655
25.3621
24.8895
25.9291
25.8398
25.0045
25.7619
24.3408
25.4564
25.7089
25.3598
26.4856
25.2733
25.1182
26.0295
25.3991
26.2586
25.9351
25.9424
25.4248
25.1627
25.7233
26.1529
25.3286
26.1239
26.6024
26.2497
26.5324
25.4053
26.2959
25.9073
25.3429
26.5805
25.8442
25.5880
26.4493
26.5147
25.7656
26.4195
26.1937
26.3485
26.2350
25.6036
26.0011
26.5423
26.8762
26.5417
26.2469
26.2543
26.6846
26.5398
26.1961
26.7151
26.0845
25.4448
24.9123
24.8909
25.8824
27.2111
26.4167
26.4014
25.8439
26.3302
25.7390
26.2532
26.0964
25.0413
25.4093
25.2436
25.6468
25.5312
25.8391
26.1977
25.9753
25.4927
25.1331
25.5467
25.3124
25.9814
25.5706
24.8548
25.5079
25.4444
26.1885
26.0059
24.8053
24.8115
24.9085
25.2707
24.9944
25.9933
25.6955
25.7542
25.4322
25.9534
25.1851
25.5614
25.8045
24.5782
25.9748
25.8622
26.0717
26.0439
26.4047
25.6042
24.7700
25.3792
25.9912
26.1171
26.5447
26.1358
26.8798
26.4066
26.9642
25.9165
25.7450
27.1551
25.9637
25.9998
25.3982
25.6740
25.4572
25.0101
25.4588
25.8969
25.0203
24.5182
25.8147
25.5937
24.9136
24.8673
25.4549
26.0571
25.9190
25.7688
25.7980
25.9664
25.8059
25.3185
25.4617
26.3194
26.2080
26.5769
25.7374
26.4381
26.3685
26.1441
25.5745
25.2484
25.7089
25.7712
24.9987
25.6951
26.3929
26.3714
27.0784
26.4058
27.0342
27.0527
25.7074
25.6926
25.2572
25.7714
25.4817
26.3112
26.0738
25.6528
25.9174
25.5661
25.6926
25.4652
25.4150
25.9355
26.5851
25.6269
25.7223
25.7416
25.2887
26.0964
25.7662
25.6070
25.6976
26.0884
25.7815
25.5998
24.3931
25.2881
24.3446
24.0254
25.2119
24.3699
24.5856
24.5602
25.8695
25.0933
24.9021
25.1754
25.3951
25.7272
24.9180
24.8626
25.0888
24.4842
24.8339
24.5836
25.2199
24.8709
25.2884
24.8388
25.4942
25.3642
25.5014
25.6143
25.7794
24.7460
24.9383
25.0620
24.8814
24.9109
25.3992
24.3185
25.0101
24.9576
24.9158
25.2403
24.6562
24.6768
23.7824
23.9216
24.8358
23.5111
24.6522
24.6208
24.7591
24.3707
24.4623
24.7808
24.7313
24.9197
24.6730
24.4976
25.3394
23.6617
24.0330
23.4807
23.7560
24.6560
24.6924
24.7771
24.6542
24.5191
24.7403
23.4120
24.3026
24.4291
23.9981
24.4938
24.0116
23.6666
24.3718
23.8666
23.0109
23.0829
23.6294
23.3127
23.8884
23.4172
22.8063
22.6841
23.3352
23.2579
23.4810
22.9797
23.1945
22.7314
24.1833
23.0815
23.1244
24.7754
24.3909
24.5542
23.9400
23.5924
23.9679
23.2304
24.7395
23.8781
23.7415
24.1456
25.1815
24.2577
24.0787
24.1610
24.2856
24.4552
24.0279
23.8681
23.3169
23.9571
24.0973
24.5806
25.7075
25.0649
24.9483
24.5851
24.0182
25.0898
24.0865
24.8983
24.0839
23.5046
25.2188
24.9387
25.4494
24.8619
24.2361
24.5855
24.7816
24.7211
24.9618
24.6617
24.7457
24.4310
24.3587
23.4258
24.1461
23.6938
24.0042
24.3288
24.0305
24.4315
24.5867
24.9086
24.3259
24.0602
24.5339
24.7715
24.9143
24.8299
25.0533
24.0542
23.8314
23.5200
23.9073
24.0130
23.5301
24.1059
24.5708
24.7239
25.0826
24.7986
25.8365
26.1273
25.7198
25.5229
26.3606
24.8277
26.3482
25.5792
25.8569
25.4935
24.6241
25.7412
25.9633
25.7921
25.6977
25.7283
25.6244
26.9822
24.9166
24.7672
25.6532
25.7247
27.0286
26.3791
26.2712
26.2308
26.7242
25.6627
25.5227
25.1731
25.0057
25.8085
25.6547
25.6573
25.2975
25.2471
25.2379
25.6461
25.2710
25.9069
26.1258
25.1002
25.9428
24.8941
24.8921
24.9595
25.2492
26.2816
25.8585
26.1491
26.7456
26.3980
25.6941
26.6338
26.0328
27.4969
27.4828
26.9712
25.9972
27.8711
27.2738
26.3379
27.1666
24.7313
24.8365
24.6600
24.9063
25.5801
25.0878
25.5186
25.4238
25.7465
25.4408
24.9990
24.9774
24.3347
25.2197
25.1217
25.3681
24.2825
24.8774
24.2320
24.7246
24.0981
24.4486
24.7956
24.8744
24.5708
24.0102
24.5594
25.2918
24.6160
24.1148
24.5010
23.7798
23.8299
23.5878
24.4452
24.1140
23.7889
24.6822
24.3522
23.7268
25.1446
24.8666
24.4549
24.0420
23.9373
23.8832
25.1546
25.0493
25.3728
23.8904
24.7062
24.4734
24.4681
24.1658
23.8290
24.2236
24.4881
25.0515
24.5497
25.8467
25.6204
26.9058
25.9201
25.3638
24.9405
24.6350
24.9748
24.4669
25.0149
26.0523
25.3936
26.4685
25.1880
25.8353
26.5139
27.4013
26.1737
27.0657
27.2660
26.7753
25.5503
25.4597
25.4675
26.1750
26.5471
27.0901
27.4405
27.2707
27.0032
26.1245
27.8999
27.6640
27.5087
28.1073
28.0433
27.4070
27.4561
27.7554
26.9378
26.9677
28.2382
27.4668
26.9030
27.6622
28.0158
28.5639
27.6887
27.4307
27.9615
26.1123
27.0089
26.7515
25.6690
26.0329
28.0526
27.1965
28.0753
24.9968
25.5187
26.6927
24.7832
24.8365
24.6454
25.2223
25.5921
26.6997
25.4050
25.4579
26.6051
25.7653
25.6377
25.7035
25.9740
25.1767
25.3185
25.9318
25.4504
25.4491
25.5336
24.4216
25.1089
24.9318
24.5206
25.4826
26.2758
25.7569
25.5587
25.4592
24.9950
25.2145
25.0750
25.3237
25.6093
23.9501
24.4017
24.1394
23.6988
24.2408
24.8000
24.9813
25.8990
25.7544
26.5859
25.7557
26.4986
25.5058
24.9931
25.3253
25.8555
26.1391
25.6322
25.7891
26.5330
26.2366
24.8827
24.7907
24.6163
24.6330
25.3527
26.8389
25.3916
25.8845
26.1217
25.5377
25.2767
25.4560
24.9890
25.1865
24.7469
24.6813
25.1090
26.0050
25.0808
24.7445
25.0585
24.9067
24.4428
24.5428
25.1959
26.2191
25.3617
24.9703
24.9350
24.7816
24.5394
24.9595
24.2034
25.1155
26.6394
24.0435
25.0548
24.5722
23.9474
24.9635
23.2270
24.9909
25.3036
25.5191
25.1147
25.0389
24.6571
25.5853
25.7268
24.4895
24.7162
24.9922
25.8661
25.3280
25.8999
25.8735
25.0826
24.4056
23.9396
24.4980
25.1867
25.4970
24.8161
25.3869
24.7276
24.4413
24.5507
26.0091
25.2614
26.7863
26.9702
26.4442
26.2542
25.9922
26.3727
25.5819
25.7752
25.5949
25.7583
26.5571
26.1059
26.0472
25.8289
26.1285
27.4048
25.6499
25.7182
25.5228
25.3599
25.0243
25.1361
25.6809
25.3527
25.4337
25.0830
25.7597
25.7663
25.7938
25.9748
25.1895
25.1632
25.5502
25.8856
25.7067
25.9621
25.4749
25.2124
24.7218
25.4200
25.7611
25.6881
26.8000
26.6359
25.4004
25.8595
25.6857
25.4484
25.5126
25.3834
25.8254
25.3446
25.7820
25.4644
26.0566
25.4149
26.7569
26.5254
25.1841
25.5252
27.6650
26.4647
26.9065
25.8220
26.3657
25.5558
25.7994
26.3402
26.4622
26.9441
26.4848
26.4495
25.6429
26.6403
26.8251
26.9928
27.9783
24.8501
26.0598
27.4938
26.1116
27.0487
27.1870
26.4291
27.0316
27.7358
26.7929
27.9450
27.9083
27.6478
27.7402
27.0154
27.5908
27.2418
27.2319
26.3764
27.1600
27.0004
28.8024
26.8968
27.8148
27.0302
27.5188
26.8558
27.4923
27.1336
27.8771
26.4914
25.9801
26.2790
27.1046
26.2951
26.7002
25.7447
27.4586
27.7283
27.9815
26.9078
27.6848
27.6640
27.7400
26.7161
27.8304
27.2307
27.8574
27.3878
27.0614
26.3530
26.4321
26.6388
26.8695
26.2094
26.0521
26.8565
26.3663
26.1608
27.2571
26.5801
27.0075
26.4235
26.8777
25.0998
25.4288
25.2018
24.8722
25.5355
24.8193
25.5021
25.1817
25.0590
24.9846
24.1134
24.5995
24.4236
24.7405
24.3012
23.9301
24.4763
25.9257
24.7853
24.7658
24.6351
25.0581
