24.8543
24.3497
24.3102
25.3583
25.0097
23.4630
22.8280
23.4189
22.7695
22.2200
21.5711
23.0780
22.6422
22.7534
21.0135
22.4189
21.8878
23.1519
22.8809
22.0455
22.2642
23.2920
23.1471
23.3525
24.8195
23.8142
23.7310
23.3540
22.5021
22.5302
23.1728
23.5829
24.4597
24.9535
24.2489
24.4338
23.4807
24.7769
23.1812
23.6846
23.3408
23.7133
24.1118
24.7111
24.1538
26.3341
23.7256
23.8115
23.8354
23.6412
22.5365
24.7351
23.7856
23.1360
23.0752
23.2972
24.7656
23.0903
22.0807
22.5015
21.3932
23.5989
24.0597
22.9041
23.0491
22.1909
22.3266
22.6737
22.9589
23.6706
22.7691
22.6696
24.5472
24.4830
23.7013
22.9706
22.5331
23.5454
22.5443
22.5727
21.4306
21.8539
22.7488
21.8304
22.1392
22.4493
23.5893
23.2381
22.4842
22.4057
21.8039
21.6872
21.3902
22.2068
21.6813
22.8019
24.1655
22.7962
23.6779
22.4106
22.7155
23.2037
22.8148
22.4753
20.8725
21.3937
20.6858
21.5351
22.1748
22.9028
21.6303
20.5280
21.2895
20.7081
20.7428
20.6742
22.0608
22.9341
22.3066
22.9286
21.4134
21.2457
21.5758
20.3210
21.1519
21.4232
21.7440
21.6565
22.0781
22.3137
23.1390
24.7610
21.4907
21.9902
20.6438
21.0082
21.2739
22.3284
20.7181
21.5813
22.0133
24.0805
22.9991
23.7832
24.4029
23.3046
24.2174
23.7427
23.7849
25.7779
24.7825
23.5763
23.8782
23.4190
23.4750
22.8703
23.0715
22.4479
22.4512
21.1826
20.9359
23.0514
23.6138
23.3519
22.8284
22.7152
22.6378
21.7254
21.8440
21.6328
21.6732
21.7781
21.7263
21.8540
21.3089
22.6504
23.4882
23.3847
23.1852
24.1927
23.5193
22.0802
22.2304
22.0245
22.0953
22.8239
21.7141
21.9020
22.8296
22.0842
23.7021
22.9394
22.1722
22.8169
22.8243
22.8379
22.8783
22.9674
22.8221
23.2435
23.6887
23.6133
22.8854
22.5953
20.8672
21.6601
20.4934
21.6571
22.4812
21.9863
21.6332
22.8966
22.5084
22.3480
23.2746
23.2067
22.5862
22.5140
22.4741
21.8373
21.9436
22.2808
22.2808
25.0912
22.5105
20.8456
21.6959
21.3325
20.7892
21.3035
20.9509
21.2495
20.8576
20.9701
22.8478
21.3131
20.2442
20.7461
22.7985
21.9988
22.2021
22.1096
21.6319
22.3380
22.4515
21.1353
21.7093
21.4675
21.1520
21.6419
21.4587
20.7922
20.9947
21.2636
20.5289
20.8068
20.3302
20.7159
21.3733
21.5107
20.6268
21.9045
21.6525
23.0542
22.8903
22.1333
21.8670
22.2488
21.8232
22.3896
22.1143
20.8803
19.9917
20.2409
21.2224
21.6180
21.5233
21.2724
20.0882
20.0857
21.8939
21.3533
20.6869
21.2389
20.6612
20.1692
20.5970
22.9273
21.6548
22.2999
21.0885
21.8756
21.4992
21.3510
22.0896
22.0900
21.7426
21.8464
21.9222
20.8607
21.0774
20.3613
23.0225
20.7800
21.2498
21.5115
21.3448
22.6101
22.4158
22.2915
22.6328
23.3602
23.1867
23.8295
22.5213
22.6892
22.4099
22.0051
22.6085
23.1418
23.1712
23.2716
21.7756
22.0594
22.6694
22.6732
23.9066
23.8629
23.3071
23.7420
23.3722
24.9505
23.5581
23.7831
23.8472
22.6264
21.6959
22.1564
23.2657
24.5441
23.4668
22.0785
21.4096
21.2263
21.8488
22.5341
22.8281
23.3755
23.8917
24.0184
24.4592
23.3877
22.3528
23.0949
23.7838
22.8195
23.3807
24.7223
22.5017
23.6464
22.6237
23.2490
22.3859
22.3343
22.6633
22.6475
23.9879
23.9209
23.6579
23.1739
24.1359
23.8772
23.0866
23.5995
23.0532
24.5057
24.4158
24.9135
25.1892
25.8042
26.3376
24.6676
23.6075
25.7234
27.2461
25.0511
25.7437
24.9016
25.3695
25.3241
24.1448
22.6403
22.6430
23.3572
23.5419
22.9775
23.8431
25.4035
25.6396
25.5107
26.0652
24.7714
23.7608
24.1023
25.5742
25.5070
24.7015
24.9655
23.2910
25.2333
25.1690
25.0711
23.6958
24.4949
23.0196
22.3906
22.5112
21.6289
21.2948
23.1193
23.1809
23.4303
23.7382
23.0953
22.4932
22.8741
22.9414
23.4987
24.3766
24.1365
23.5125
24.1960
24.4670
23.9293
22.6396
24.1069
22.5461
23.8413
25.4153
24.1049
24.0078
22.6260
23.3257
22.5921
23.2978
23.2946
25.0852
25.6041
24.8203
25.2113
24.8520
25.6643
27.1360
24.3326
24.1920
24.1747
23.4599
24.3339
23.7316
24.1872
24.7026
24.7390
26.1570
24.9257
26.0793
24.8712
25.1657
25.6582
26.1205
24.9178
23.4043
23.9473
25.1308
25.0572
23.7966
23.8781
24.5653
23.5060
22.5246
26.0374
26.0426
25.1059
24.3345
24.9849
26.7362
25.1443
25.1404
24.6096
24.7002
24.2546
24.6545
25.0064
24.9121
25.0927
24.7695
23.4417
25.5324
25.1071
25.6925
24.3044
23.5236
24.6281
24.7563
25.6871
25.4376
24.0123
24.5131
24.8895
25.7621
23.6548
23.6067
24.4316
24.4505
24.0786
24.8086
23.8256
24.5943
26.6939
25.6791
25.3666
24.2789
24.6460
23.4677
23.2129
26.7112
24.7871
23.6482
24.3723
24.5105
24.2099
23.4587
24.4495
24.3060
24.9061
25.7882
23.4460
26.0779
25.3666
24.5428
23.8411
23.4270
24.2270
25.4865
23.7062
22.2169
24.4902
25.2748
25.2323
23.8737
22.9775
24.5931
25.2385
26.7131
27.9348
29.4827
27.1806
26.8801
27.1057
25.7903
25.5803
25.9343
25.1330
25.3520
27.1059
27.5035
27.6156
26.8131
26.3636
24.1525
24.5257
26.9674
26.6634
28.1123
27.1497
27.4030
28.7994
27.4198
27.2149
27.7726
27.7489
26.3280
27.3984
24.4243
25.3085
25.5916
24.9660
24.5687
24.3267
25.3742
24.7669
26.4421
25.4636
24.7034
26.1816
27.6241
26.2634
25.3776
25.8413
26.5903
25.6080
26.0238
26.2378
25.6089
25.2596
25.8431
27.1734
26.6834
25.1680
25.3957
24.4568
24.5291
24.3019
24.1748
24.8912
23.4329
24.9517
25.1314
25.1146
26.9105
25.9469
25.3095
24.3627
23.7961
25.4479
24.1423
24.6064
25.5243
26.2779
25.7608
26.8077
26.8713
25.3677
26.8651
25.7711
24.6791
24.8168
25.8026
24.5710
22.9086
24.9422
23.7184
24.5881
25.0866
24.5461
26.4039
24.7408
24.6402
25.5545
27.9930
27.4494
26.6328
26.5596
24.2137
26.1680
27.5044
24.5621
24.6057
26.4981
25.2111
24.9100
25.5545
25.9579
25.3368
24.4611
26.1348
24.7457
25.4914
25.1290
25.5083
25.9956
25.0260
24.9286
26.4019
24.3760
24.7757
26.6801
26.8988
25.7832
26.1732
25.6788
26.8127
26.6846
25.9638
25.8622
27.0921
27.7025
27.9365
26.2054
27.3973
27.1098
26.7342
27.3015
26.6239
28.9370
28.3495
29.7885
25.9453
25.1634
25.4730
25.0485
27.0791
26.4371
27.4037
27.0988
26.2217
26.1717
25.4450
24.6472
24.3734
22.5858
23.1877
24.5902
26.0077
26.2334
25.7535
25.6685
25.0107
27.5317
25.2018
27.0584
28.3350
28.3232
28.3483
26.9611
25.2214
25.8017
24.1403
24.2852
23.7119
25.1631
26.1055
27.0640
25.8762
22.8902
22.6671
23.5014
24.2003
25.1024
24.3402
24.7956
25.1779
25.7385
25.7369
25.3617
24.6227
25.0474
24.9138
23.9035
24.8386
25.2507
25.7535
27.1112
26.0051
27.1308
26.5404
26.5233
26.0100
24.4069
25.5565
25.5356
24.7949
25.9665
25.2292
26.7293
28.6309
27.7970
28.0889
28.9131
28.4783
26.5409
28.7051
28.4513
27.0469
26.2052
25.7805
25.1182
25.4044
25.4899
25.6258
26.6551
27.0583
25.3080
28.0929
25.7991
26.2792
27.1655
26.8050
24.8671
26.6331
25.8343
26.3051
27.2071
27.6833
27.4058
27.7184
25.5197
24.5031
24.3595
25.5558
25.4857
26.2877
25.6772
27.1226
26.1720
26.9415
25.4452
26.9146
25.1547
27.5760
25.1920
26.0623
26.0504
26.8502
26.4813
27.2345
26.1804
26.5986
25.0664
24.9829
25.4891
27.6851
25.6926
25.6507
25.7364
26.3319
27.1208
26.1741
25.8286
27.6044
25.5276
27.3996
26.0206
28.5176
29.0859
30.3755
29.8698
28.6888
29.5191
28.8312
27.3306
26.5293
26.7123
25.0357
25.2027
27.5368
26.0253
26.2991
27.8126
28.2079
27.5052
28.7868
27.8246
26.1660
27.7415
27.0263
27.9703
25.8269
27.6416
26.7585
25.4601
25.6563
26.3691
27.0038
26.4734
25.8727
26.9623
25.9711
25.4064
25.3275
25.1696
25.8907
24.6677
26.9984
26.8680
26.7829
26.1615
26.6256
27.0593
27.6214
27.1508
26.9537
27.7332
26.0988
27.4990
25.5015
25.6204
27.4938
26.1367
26.1854
26.1487
25.7274
26.5922
25.5043
25.2766
25.7917
25.3544
23.9011
25.8249
26.7615
29.9179
28.7245
26.8293
26.3333
26.6492
28.9422
27.2534
27.9515
28.3007
29.0589
26.3245
25.8640
26.4017
25.2913
24.2666
24.7022
26.9895
27.3400
25.5484
28.4190
27.3856
27.4223
27.3975
27.4610
25.6656
25.6062
26.4526
26.3585
27.2545
27.1423
27.4709
26.9004
28.7546
27.7321
27.8315
27.3180
26.4409
26.6276
29.8766
28.7862
26.7222
27.6532
25.9302
24.6828
26.0904
25.6004
25.0206
25.4853
26.9260
25.9552
27.1876
28.0721
27.7493
25.7077
27.1514
26.9153
27.6077
28.4352
28.1062
28.4587
27.6902
28.0688
25.3844
24.8613
26.5379
27.8269
27.3303
28.9216
28.0493
25.7862
25.4604
26.3358
26.0225
28.6744
29.4442
28.3826
26.5111
28.3265
27.3744
27.4168
26.1387
26.2976
28.2537
28.8739
26.9132
27.7634
27.6050
26.5127
25.6081
26.7068
26.8510
25.6511
27.6895
27.9498
26.1361
27.1121
26.4176
26.2165
25.7462
24.3193
24.9138
