23.6097
22.0248
22.6935
22.9632
23.6696
24.5888
23.5570
23.3745
24.0147
22.7417
22.4587
22.1166
22.2841
22.1773
22.2703
22.0013
21.1964
23.0391
23.2500
22.0463
21.5469
23.2776
22.7440
24.0049
22.5149
22.4456
24.1858
24.9298
21.9554
21.7376
20.9223
22.1576
24.4207
23.5449
24.5381
23.6562
22.6791
22.6310
23.6387
24.5530
24.4331
23.4509
22.2107
22.6483
22.4422
21.7040
21.5579
22.0700
22.0296
20.8415
21.5770
21.7118
23.2546
22.0833
21.7093
21.8548
21.6301
21.3997
22.3221
21.9140
22.4597
23.3351
23.6256
23.3247
24.9683
24.4974
25.6870
23.9764
22.9579
24.0102
22.6313
23.6934
25.3167
25.4256
24.9590
25.6087
24.3489
25.1349
25.5304
24.1031
25.9958
25.2857
24.5394
24.8164
24.2557
24.4873
24.8805
24.7188
23.5559
24.4819
22.4861
23.7476
23.1684
23.1537
25.2627
25.0434
25.4741
24.0204
27.0349
26.1470
27.9526
29.7966
27.4216
25.2143
26.7228
23.8242
24.8750
23.0421
23.8966
24.9272
23.7620
24.3299
24.2119
23.7162
24.2920
23.3719
25.0601
25.9978
23.8160
24.3877
24.5705
24.5852
25.3208
26.0229
26.5785
23.7468
25.8981
26.3892
27.1154
26.7303
25.7854
27.0970
27.2735
27.4100
27.7090
24.1772
24.7470
25.6921
25.0706
24.1655
23.5273
23.3528
23.2014
24.4562
23.9306
23.7302
23.5253
24.1054
24.6998
24.5019
26.1761
24.9553
25.0480
24.6359
26.1706
25.1461
26.7086
25.7527
25.8469
26.7394
26.5583
26.2192
26.9382
26.4927
26.0270
26.7895
26.7603
26.8542
25.9163
26.3384
24.8274
24.7913
25.6863
26.7751
24.5811
25.3774
23.9472
24.8607
24.3379
24.3516
24.6928
26.5127
25.5028
24.1382
23.7565
24.2864
23.8702
24.6590
25.2406
26.6083
25.2336
25.9862
26.9609
27.2400
28.9952
27.2312
27.6061
28.5347
29.0339
27.2332
27.5981
26.4811
25.8330
25.8637
26.5922
24.9880
27.7955
26.3003
26.0517
23.6280
24.5890
26.9469
26.9189
26.1414
26.8529
27.1635
27.8651
27.1571
28.4179
27.6951
26.2085
27.0578
25.5815
25.2974
26.2033
26.4627
27.4686
26.6596
26.7436
27.4294
25.2817
27.1292
27.7049
26.9822
27.0988
28.9943
28.4372
26.6923
25.8173
24.8358
23.5963
24.9337
25.5017
24.4641
24.2157
25.4768
26.2276
25.9562
25.3540
24.8575
24.9191
24.4572
25.0303
24.1758
25.1518
25.0311
26.5733
23.9319
25.0144
24.7011
25.0535
26.5187
25.8275
24.2126
26.0870
25.2632
25.6586
24.3811
26.0447
26.2122
24.9173
25.3541
25.8894
25.0708
25.9186
25.7707
24.4169
23.8895
25.7135
27.4262
26.5469
26.7607
26.4305
26.5705
26.2249
26.1536
27.6784
26.8987
26.3309
27.2458
26.7356
28.4599
28.2446
28.1762
28.1193
26.9176
27.5276
26.8757
27.1884
27.4325
26.3502
27.2058
26.2776
26.3213
26.7078
25.7399
25.7637
27.2222
26.8916
28.1405
27.1632
27.0189
27.7295
28.8418
26.0231
27.2063
27.5796
27.0900
27.2847
27.2890
27.7809
26.3386
26.2351
26.8484
28.1072
27.3561
28.3145
27.5411
28.4678
26.8514
27.0068
27.1394
29.0174
28.3729
28.4659
27.3352
25.5075
25.8350
25.5569
28.2892
27.7315
25.8855
26.1279
26.8472
26.2849
24.9402
26.2633
26.1845
27.0408
27.8530
26.8190
27.7999
28.3314
28.1775
29.1484
28.1941
27.4523
27.9852
28.4664
28.4430
28.6005
27.8401
28.7369
28.8167
28.9795
29.3832
29.5656
28.7813
29.0771
28.5345
27.7783
28.6593
28.3529
28.7729
27.7975
27.3555
26.4325
26.7837
27.9607
27.8233
26.7640
27.9719
26.8188
27.0718
28.1941
27.5363
29.4126
28.9697
29.0520
27.9390
28.0035
29.7256
27.6486
26.3074
27.1974
27.8716
26.9894
28.8415
27.4934
26.1695
26.0608
25.8418
25.6158
26.0533
25.7369
27.2598
29.1736
26.8821
26.2471
26.5142
27.8501
27.4772
25.6381
26.0354
25.6346
26.8078
26.5956
25.3416
25.6642
25.4077
25.8861
25.9709
25.6363
25.5887
25.6143
24.8768
24.1076
25.0003
24.7444
24.6406
25.9464
26.3307
26.5849
25.6834
23.9328
25.0764
25.4536
26.4566
25.1370
25.9620
26.4494
25.5845
25.2872
25.2881
24.5559
24.3294
25.2020
25.8598
25.3245
24.9939
25.5589
25.2110
26.3130
26.4776
26.3332
25.4617
25.9607
25.5836
26.4003
26.1659
24.3391
26.8228
26.0995
26.0852
24.9790
26.5638
26.4617
26.8394
26.6931
26.1069
25.5145
26.2401
25.5194
24.5686
25.3877
26.4865
26.9290
26.6657
25.2525
27.6965
27.7347
26.7358
27.0457
26.6902
26.1406
26.8031
26.8325
25.9013
25.8297
24.8649
26.8550
26.3384
27.4363
25.8942
26.0219
25.6599
26.4611
28.7219
28.8173
28.2266
26.8874
26.5776
25.0454
25.6404
25.7090
25.3064
25.7330
27.3918
27.5085
26.8438
25.9238
26.8927
25.1456
26.0121
25.9631
28.0864
26.9689
27.5445
29.5669
26.9113
26.9226
26.5858
26.9920
28.0730
28.4771
27.6094
27.5839
27.0184
27.2700
26.8352
27.9303
25.8677
26.1061
26.7682
25.6415
25.5772
25.0569
25.7432
26.6547
28.6930
27.3826
29.6028
28.9288
28.3034
27.2476
25.8535
24.5564
25.9354
27.4309
26.9252
28.1451
27.7744
27.5054
26.6660
26.4101
27.7346
27.6743
25.8062
25.4590
27.4642
26.6767
28.0183
26.8623
25.5364
26.4252
26.4486
26.8291
24.4589
23.1386
24.1342
25.6755
24.7263
25.1457
24.9909
24.8023
24.2044
25.5769
25.3894
24.1470
26.2520
25.7016
26.6745
27.5866
26.7948
27.2285
25.2704
26.3329
26.8521
26.5310
28.0637
26.3711
26.3937
26.8133
26.5885
26.3192
26.1435
27.1042
26.7815
25.6270
25.3974
24.0731
24.7664
24.5904
25.2087
25.0524
26.4628
26.3742
25.8646
25.5978
26.7695
24.5372
25.6938
25.9597
25.5906
25.9786
24.5869
27.3619
26.4105
26.4084
26.6958
26.1524
27.7543
27.8635
26.3502
26.1206
25.2196
25.7134
26.4205
26.4864
27.9911
27.2375
27.4256
26.7271
27.3776
26.3562
27.8655
24.4735
26.1997
25.0618
25.8026
26.9494
27.3315
27.1270
25.9492
24.9069
24.4915
24.5746
25.2922
26.2367
25.7196
26.3190
24.1809
25.3585
26.7926
26.5518
24.9156
25.0398
25.7320
24.9276
24.9170
25.7161
24.6378
26.9217
27.6902
27.2060
25.5559
27.4598
26.1741
27.9370
26.3931
27.7183
27.5365
25.1007
26.4498
27.3752
26.5297
26.3012
27.9817
27.7653
27.8364
25.4623
26.5365
26.8874
27.3121
26.4489
26.1295
26.5182
25.6634
25.4120
25.2469
26.5027
27.4288
26.6798
27.5314
26.0821
25.8064
25.7077
26.5414
25.9250
26.2000
28.5909
27.7098
24.8466
25.3142
24.9241
25.4743
25.7242
26.2971
27.1540
26.7398
25.6794
24.5634
24.5885
24.2036
24.2743
25.2585
25.4384
24.3458
25.2528
25.9564
25.9795
24.8942
24.2394
25.1482
26.5830
26.0054
25.3809
23.5724
23.7939
25.2885
26.0713
24.9801
25.4851
24.9895
24.4498
24.4087
25.7072
24.5181
23.8910
23.8594
23.4404
24.1866
25.1110
24.0036
24.8276
24.9281
24.6688
24.3891
24.3815
25.0884
26.1429
25.4536
24.8998
25.2870
25.2844
24.3726
24.7981
25.4921
25.2961
24.9677
24.8431
25.1266
25.4665
25.6596
25.4252
24.0242
21.9939
22.4079
23.3182
24.1614
24.0299
24.8114
23.1866
23.9577
23.3429
23.9611
23.6095
23.5089
23.8009
23.6883
23.2835
25.0343
26.9961
26.7882
25.3880
25.3142
25.1506
25.0763
25.5930
27.0406
25.4658
25.0164
23.5548
23.6532
24.3232
23.6855
23.4030
25.4066
25.9867
26.2654
24.4421
24.0688
25.7184
25.3420
25.2486
24.9200
26.6944
25.1035
24.9432
24.5409
24.1583
25.1725
25.0065
24.4813
23.8647
23.9403
24.4787
24.0621
24.6786
21.9277
25.3898
24.6030
24.0452
24.4193
24.9590
23.3382
24.0527
23.7671
22.3551
24.5402
23.4945
23.9632
23.2282
23.2086
23.8905
23.1496
24.3738
23.7805
22.6438
23.4834
23.6739
26.2056
24.0859
23.0605
23.3517
23.4831
24.7775
24.0275
24.1173
27.2288
27.0461
26.4723
25.9404
27.3654
28.4017
26.9430
27.4775
26.9266
29.1818
29.1249
29.8831
27.3119
25.6705
26.8816
27.1345
27.0957
28.4604
27.6349
28.3545
26.6809
26.8189
28.7760
28.2429
27.5963
24.8544
25.6301
24.7591
24.3653
26.3115
25.7237
26.6457
26.5181
25.8788
26.8990
25.9764
26.2241
24.9506
25.4026
23.7486
24.4136
24.6417
25.0975
24.8853
25.2554
26.0545
27.8548
25.7490
26.7701
25.6567
27.3024
27.0467
25.5040
26.2355
27.1991
27.8576
27.6998
27.8450
28.4214
28.6888
28.6551
27.8642
27.8054
29.7782
30.0177
29.7029
28.8691
30.2187
29.8551
30.3291
30.5488
31.8697
31.7848
29.9705
30.2596
28.6296
30.6192
30.4776
31.1631
31.8499
30.3759
31.3613
31.6095
32.1647
32.4201
32.3688
32.3425
29.7476
31.4104
30.6979
29.6823
31.9559
29.8910
29.1046
29.5602
29.0190
30.7520
31.1535
31.5586
34.1753
31.1801
31.2817
29.5387
29.7636
28.6871
29.6180
27.7948
28.2167
30.0921
31.0844
31.0852
31.9126
31.0575
31.6268
32.4368
31.8913
30.9298
29.4618
29.7729
32.3904
31.4436
31.9052
30.3261
31.8373
32.5179
30.5021
29.9952
30.9785
30.0642
31.5377
30.9668
33.0206
32.2428
30.9081
30.1830
30.1671
30.9138
30.3151
29.6101
29.5303
27.8869
28.8038
28.7016
29.0289
31.7277
29.6856
29.0764
30.4432
28.4117
29.7866
27.9635
