29.7873
27.8396
28.5451
29.3968
29.1407
29.2141
30.3168
27.1018
28.9635
28.1980
28.4393
27.7841
27.8348
25.0911
24.6717
26.8998
27.0587
26.3671
27.9368
26.6702
26.9477
28.0561
26.7753
26.5062
25.9348
26.6285
27.6430
28.6551
27.9161
29.1746
28.8418
27.2232
26.8216
26.6559
25.6268
26.1714
27.3301
25.1758
25.0905
26.4821
25.5699
24.3743
24.1041
25.8445
25.6565
26.3341
26.6604
25.6228
26.8339
27.5275
26.8120
26.8171
26.0897
25.6370
27.3891
27.9333
26.8221
26.0932
26.3078
27.3883
26.3251
25.3112
26.3822
27.7346
26.3725
26.4636
27.2231
27.7678
26.9726
27.6273
26.5495
25.6241
26.1390
25.5429
25.9183
26.1179
24.4911
25.8568
24.7637
24.8357
24.3951
24.8192
24.7323
24.3600
25.6028
25.2845
26.0385
26.1435
25.9182
26.7344
26.8053
25.9694
26.7440
26.6086
25.7018
26.7494
27.0315
26.4527
27.7069
27.3605
25.4131
26.3920
26.8293
27.1852
28.4836
26.6849
27.8867
28.9858
28.8585
27.1092
27.2021
28.2573
28.2869
26.3157
27.2976
27.3738
28.5484
28.9713
27.6050
27.8282
27.0998
25.4684
25.8923
27.1140
27.6829
26.4484
25.6794
25.1738
27.3840
26.9008
27.2878
26.5093
27.7682
28.2679
26.5929
24.4402
26.2649
27.1628
25.6689
27.2805
28.7385
28.8488
29.6075
28.3589
27.1887
26.1891
27.6558
26.8835
28.2267
27.7542
28.0272
27.4906
28.2288
27.6254
27.6813
26.1426
25.6740
27.6797
26.7458
26.5283
27.9029
26.8744
26.5343
27.2854
27.3920
26.6697
26.5833
25.5059
24.5855
25.6898
25.0249
26.3088
26.6850
25.3494
25.3243
26.9121
26.2906
25.6796
25.3923
25.4051
27.9025
26.1003
27.3436
27.8145
26.5675
26.4935
25.8451
25.9522
25.6585
26.8358
27.5709
27.6720
26.3923
27.1083
26.6236
26.5714
26.6489
27.5281
25.8221
26.1565
25.5475
26.6544
26.7067
27.4130
26.0835
26.2924
25.3946
27.6759
27.7629
28.0872
28.1816
26.0453
25.4602
27.3103
25.5348
25.3088
25.9583
25.7224
27.4479
26.9588
26.5241
26.5582
27.0141
27.9341
26.6426
28.3730
27.2530
25.7959
25.6950
24.9942
24.7954
26.6606
27.3919
27.1140
27.0341
27.4095
29.4151
26.6148
28.2534
25.5033
26.4060
25.8355
24.2853
25.2699
25.7636
25.0118
25.5024
25.4933
26.6114
25.0973
24.8926
25.1148
24.8066
26.4651
26.9230
25.3066
27.0850
28.4002
27.1677
27.9003
25.9821
25.4311
25.3993
25.4402
24.9884
25.5665
24.3328
26.1410
24.4585
26.6190
27.0815
25.6799
26.7286
25.4248
25.9236
25.5333
24.5182
25.7346
24.7836
23.5319
24.3763
24.8719
23.8291
24.7588
25.2012
26.4854
24.3473
25.0736
25.7952
26.6590
25.9916
26.7181
26.4660
25.8196
25.9870
24.9345
26.1665
25.6291
25.3550
26.0898
25.7527
25.6397
27.0405
26.7264
26.2742
26.0063
25.8722
26.9070
26.7024
26.6306
26.2333
26.5878
25.0543
25.7407
26.6220
26.6559
26.3991
25.1288
25.9425
27.0896
26.6206
25.8174
25.9032
25.8648
25.7265
24.3685
26.7110
27.1430
26.4161
25.7375
26.6372
26.3046
26.4532
28.6907
27.9454
26.7444
27.1751
28.4055
27.8763
26.0480
26.4227
26.0566
28.7528
26.2231
27.2564
26.9681
25.6385
26.0642
27.0733
25.6595
26.6606
27.0063
27.2172
27.6150
28.3038
27.1984
25.3630
26.5692
26.5926
27.0165
28.0563
27.1234
27.2278
29.0761
29.6094
29.3763
30.6269
28.7673
28.4324
28.4183
27.4401
27.1722
27.5206
27.2272
27.5047
27.7024
27.5684
29.1152
28.4809
29.9875
31.0633
28.7290
29.8939
30.5701
30.8430
29.4934
28.8072
28.8649
27.9807
28.5681
28.0298
28.4746
28.1772
28.4801
28.3200
27.7633
26.6254
27.9383
27.4693
28.4546
28.7050
27.5979
28.6831
27.0526
28.8743
28.3804
27.0281
27.0837
28.0257
26.8431
28.0407
26.7554
28.0863
28.7232
27.2856
27.1883
25.8969
28.0902
27.0679
25.0496
26.1622
25.5253
25.4125
25.1797
26.5443
25.7671
27.0898
26.3276
25.1288
25.9496
26.6346
27.2302
27.3675
27.1034
28.7535
27.6872
27.9559
27.8922
29.3197
28.6200
28.7711
28.1480
29.2425
29.8814
30.8909
30.2669
29.7243
29.0577
26.0833
27.2593
26.8604
27.5015
26.7627
27.6475
25.6443
27.0184
27.6432
27.0669
25.7968
26.2916
27.2947
29.5833
27.2565
25.9490
25.2498
26.4356
26.5423
26.7483
26.3434
24.4851
24.9951
26.1832
26.7073
25.9144
25.4599
25.7339
24.6746
25.4802
26.7653
27.3216
27.0871
25.9044
26.7208
27.3920
27.0599
26.5449
27.8483
27.2206
27.4717
28.2300
27.5235
27.4026
28.7154
27.7584
27.5512
29.0320
29.3239
29.8910
28.5810
28.0891
26.7531
25.5558
25.7102
25.6890
25.5813
24.7844
26.8012
27.0527
26.8341
28.6883
26.4046
27.0113
27.9898
28.5568
26.8707
26.2548
26.3880
26.7298
26.3612
26.4212
26.5325
25.9944
28.0279
26.0458
26.3542
25.2515
26.3884
27.4513
28.1866
27.0164
27.4067
27.0003
25.2348
26.5600
25.4486
27.0405
27.8260
26.9876
26.7970
27.2449
26.6168
27.6718
26.7683
26.2608
26.3806
27.0432
26.2807
26.3887
25.1402
26.8213
26.3408
25.2073
27.1303
25.6141
25.4941
26.1004
26.1788
26.1354
26.2039
25.9253
25.4515
25.4568
25.4929
25.5263
26.0675
26.4072
25.7798
25.6478
26.9736
25.4622
25.6941
25.9852
26.3243
26.6558
26.5369
26.9295
27.6334
26.4193
26.3555
26.4433
26.3325
27.4593
27.4113
28.2053
27.2890
26.6163
26.7509
26.8523
26.9375
28.6159
27.9027
28.0063
27.9651
27.5240
27.2137
27.9841
28.5225
28.1927
27.7169
27.8391
27.3261
26.9109
27.1723
27.4099
27.5305
27.7054
27.2207
26.8448
27.1861
28.1281
28.2841
28.2337
25.9709
25.7805
26.0669
26.2938
26.1469
25.5614
25.3479
25.6350
25.2129
26.0898
26.9104
28.0698
27.8255
28.6191
28.0705
28.1984
28.4775
28.3942
28.5201
27.7434
27.6989
27.9897
28.8806
28.3004
28.3931
26.4758
28.3746
28.6626
27.7794
27.5008
29.0071
28.7121
29.1200
28.4000
27.7076
27.9746
28.1662
28.1669
28.2518
28.6440
28.0184
29.0829
28.1974
29.5053
27.3321
28.7725
29.1604
27.7908
28.0077
27.9502
28.5941
28.1904
29.2052
28.8165
28.3321
27.7501
28.2140
28.1417
28.3700
29.1121
27.8856
27.8703
28.2846
28.8994
28.7146
28.3472
28.2531
28.2513
27.8802
28.5899
28.1495
27.8355
28.6521
29.0760
29.1423
29.2689
28.6480
28.5976
28.8551
28.7910
27.6861
28.1567
27.7550
27.7614
27.7183
27.1744
28.6433
28.0055
27.1964
28.0443
27.6345
28.3662
27.6782
27.8158
27.7273
27.7612
28.1213
28.4161
28.3703
28.7030
27.5964
28.0594
29.1043
27.8524
27.7098
28.1642
28.1419
28.7906
27.5204
27.5573
27.7047
28.2914
28.4500
28.2118
27.6201
28.7001
27.5688
28.3109
27.8310
28.5416
27.7907
28.0212
28.0714
28.1163
28.2415
28.0242
28.5646
28.2939
28.2980
28.0561
28.4796
27.5541
27.9275
28.4077
27.7236
27.0570
27.8644
27.6085
27.6905
27.2231
27.0363
28.2602
27.5548
27.0793
27.8501
26.3857
27.5658
27.0997
26.6540
27.3747
27.2269
27.7051
27.3573
27.6122
27.9922
27.3527
28.3126
27.5513
28.6706
28.2874
28.3029
29.0368
28.1139
28.4384
27.9684
27.5647
27.6859
28.2246
27.8790
28.0599
27.2591
27.6942
26.9283
27.9506
27.8855
26.5847
27.0535
26.6355
27.7893
27.6323
27.0002
28.3046
29.1324
27.1252
27.6430
26.4928
28.5375
27.7665
27.5716
27.2500
27.8383
28.3880
27.3132
27.8691
27.9093
28.3524
29.1087
28.8000
28.6598
29.8037
29.2403
28.3671
28.0139
28.0497
27.6003
28.3158
28.0475
27.7056
28.4100
27.8021
29.5138
28.8127
27.5829
28.4939
28.9812
27.8070
28.2389
27.7153
27.7206
27.2307
27.3353
27.4863
27.4396
27.2382
27.1610
26.7606
29.1103
27.3388
26.9226
27.2711
27.3620
27.3480
27.6352
28.1553
27.3017
25.9476
26.5026
26.0205
26.4749
25.3035
24.9607
24.1044
25.0555
24.0994
25.4709
24.7668
24.7730
24.9604
24.8890
26.1990
25.5149
25.4783
25.1256
24.9269
24.7981
25.0503
25.2756
26.4863
25.7494
26.8835
26.4180
26.1040
26.2794
25.9693
25.5071
25.5099
25.9264
26.1866
26.0008
25.4503
26.5852
25.5523
25.9222
25.2723
25.9899
25.1616
26.8516
25.4196
25.2103
25.3972
26.1771
25.1622
26.2594
25.9903
25.6503
25.1629
26.0038
25.3996
25.1986
25.7102
24.5840
23.9973
25.3141
24.8239
24.7986
25.6013
25.1369
25.4985
24.9671
26.5574
25.7924
26.1126
25.4289
25.7829
24.9991
25.3884
25.0405
25.6300
25.1732
25.5622
25.9199
25.4534
25.2360
25.0268
25.9109
25.8226
25.3688
25.6023
25.9904
26.1823
27.1819
26.3261
25.6395
25.4955
25.5325
24.9270
25.8724
26.0467
25.6734
25.2379
25.2491
26.3115
26.5381
26.6799
25.9312
25.7372
25.2764
25.8893
25.2284
24.7153
26.3656
26.6278
26.2129
25.4775
25.7989
24.6478
26.1404
26.3010
26.6361
29.4639
27.0915
26.6837
27.5447
27.5541
27.2198
27.6583
28.3430
27.8805
27.6765
27.7483
28.4158
28.1960
28.5471
29.6762
28.1305
28.0386
28.2773
27.8786
27.8916
26.6730
27.3495
27.0054
26.8429
26.0058
26.2942
25.5192
25.3909
25.7394
26.1838
28.0689
28.7790
28.7945
29.8263
28.5815
28.4309
30.0323
30.1497
28.8460
