25.7695
26.0064
26.6968
26.3997
26.9529
26.5353
25.5708
26.0150
24.6609
24.6960
24.3491
24.8650
24.8632
24.5996
25.4313
24.7364
25.1983
25.3717
24.6786
25.0368
25.1005
23.8038
24.3679
24.9281
24.1935
25.0043
25.0218
24.5915
26.1217
23.7113
25.1117
25.5095
25.4524
24.1124
24.7353
24.6325
24.8278
24.2077
24.6765
23.6186
23.7863
23.5910
23.7596
24.2105
22.7999
23.6494
22.9082
23.9629
23.7441
24.5850
24.6411
23.8817
24.5077
24.5255
24.2298
24.6024
25.0411
23.4286
23.8655
22.9747
25.2706
24.3740
23.9512
25.0046
24.3911
25.7146
24.3024
24.8754
25.1459
23.9459
24.9751
24.0485
24.4388
24.2153
22.8901
23.0090
23.8534
23.9078
23.7751
23.7006
22.6156
23.3598
22.6719
23.2040
23.9004
23.3412
23.0367
23.3727
22.6868
22.6384
22.2332
22.4817
22.6891
23.3460
22.6089
22.4291
23.0947
22.6344
22.3611
22.7165
23.1838
22.5948
22.6075
22.3372
22.5109
21.9771
22.2488
23.0045
22.6331
21.9127
22.1048
21.8654
22.4604
23.1634
22.2983
22.6361
23.0409
22.7913
22.6522
22.4848
22.2265
22.0875
22.9525
22.2845
22.7689
23.7632
22.8496
22.7512
21.9600
22.0899
22.4858
22.1271
22.9735
23.5457
23.4735
22.9306
22.7937
23.0032
24.0342
23.6941
23.6033
24.0507
23.7502
23.4643
23.5280
24.5118
23.3650
23.2861
23.7557
23.0673
23.1474
23.5576
23.5392
22.9383
23.0079
23.2088
23.4748
23.5699
22.4723
22.9107
22.7605
23.1066
22.9329
22.7000
22.3491
22.5017
22.5203
22.7037
22.5212
22.9814
23.5442
22.0742
23.0172
23.5029
22.9849
22.1995
23.0479
23.3010
23.3952
23.1981
24.2713
25.0176
23.4674
23.9301
23.9124
24.1992
23.6877
23.5265
23.4650
23.4459
23.7818
23.9474
24.0731
24.1929
23.9432
22.7711
22.8274
24.0375
24.9652
23.4783
22.7324
22.9275
22.8775
23.1083
23.2818
23.0968
23.2121
22.9713
22.6569
22.8441
23.9210
23.2551
24.4835
23.7268
23.5114
23.3578
22.8887
23.5475
23.5365
23.2946
23.7963
23.3504
23.0343
23.1222
22.6750
22.3061
23.6397
22.8776
23.0069
22.7753
22.9697
22.5402
22.7229
21.7834
22.1042
22.6168
21.7465
22.6538
23.0906
23.5830
23.7403
23.1906
23.4876
23.7130
23.8248
23.7965
24.3654
23.8025
23.3209
22.5442
22.6093
22.2267
21.7121
22.0102
22.0946
22.7277
22.5280
23.3486
22.3650
22.8459
22.9372
23.5419
22.9816
21.8123
22.2733
22.2179
23.0512
22.1285
22.4961
22.5366
21.8244
22.6542
22.7776
21.9374
22.5023
22.3581
22.3999
22.1282
22.4360
22.4849
21.8844
21.1851
22.2596
22.3680
23.0136
22.7779
23.1683
21.9855
22.1761
21.9400
22.4477
21.5318
22.1876
22.6301
22.6063
21.8830
22.3763
22.8918
22.3164
22.2582
22.0691
22.4896
21.8678
22.2699
21.7238
22.1107
21.9496
22.4224
22.5780
22.6900
21.8198
22.8231
22.6484
22.2340
22.3193
22.0948
22.1926
22.1041
22.4312
21.7366
21.9428
22.0816
22.5003
22.0228
22.3891
22.2636
22.4689
21.9531
22.3803
22.5721
22.0960
22.2072
22.0301
22.5246
22.6918
22.4523
22.2083
22.3346
22.2979
22.1817
22.0658
22.9532
22.4615
22.7945
22.6629
22.5005
23.0903
22.6962
22.9898
22.6859
23.2905
22.9807
22.6034
23.0201
22.8997
22.2970
22.4869
22.7093
22.8812
22.4971
23.5471
22.6482
22.9555
23.1198
22.4198
22.4671
22.6050
22.4815
23.0815
22.8879
22.9651
22.3242
22.4402
22.3326
22.8436
22.6403
22.1261
23.2850
23.5198
22.4243
22.6230
22.5656
23.1751
23.3349
23.7708
23.5738
23.3827
23.4298
23.1563
23.6024
23.4266
23.7007
23.8672
22.6723
22.3227
22.1191
22.2412
22.7358
23.9311
23.7410
