29.7886
28.3735
29.1278
29.5350
29.9729
29.0236
30.7972
30.4627
29.6722
30.6919
30.2510
28.9028
30.4702
30.9986
30.4267
30.5812
29.8183
28.2450
29.9380
31.1628
31.0379
29.1641
27.0634
28.4388
27.6643
28.7802
26.1935
28.5259
28.7498
28.6908
29.0706
29.0222
29.9656
29.1213
30.3504
30.4370
28.6233
28.8216
28.9010
31.1421
30.0545
30.8654
29.9198
27.3235
27.6977
28.8907
29.2550
27.0457
26.8709
27.8625
27.2629
29.3834
26.5497
26.6976
26.1731
27.5677
27.8401
24.7767
26.1142
26.4505
29.0120
27.7238
27.7058
31.0359
28.3489
28.2862
26.7747
27.0360
27.0525
28.1947
28.6869
28.2888
28.1162
28.5288
26.3039
26.7756
28.3263
27.7031
27.2032
25.3003
26.6060
26.8229
27.3760
26.7662
27.0176
27.9338
28.2549
29.9416
27.9467
27.5605
28.4356
29.3304
29.9612
27.4671
27.6366
28.2116
28.8844
29.2854
30.6797
29.0170
27.0694
26.6845
26.0057
27.9763
27.3631
29.2698
27.6143
27.5932
26.8821
27.6469
29.4060
28.0316
27.9445
27.3185
27.5289
27.0577
27.4292
29.2679
29.9387
29.3008
29.5090
29.5763
29.4533
29.1399
29.1792
29.0649
28.8230
28.5542
27.0150
26.5756
27.9517
30.3609
28.5459
28.3758
30.2336
27.3850
28.7715
29.5486
31.0777
29.5991
30.2894
30.6540
30.6971
30.0579
27.5617
30.7548
30.6811
30.9630
28.8776
28.5801
28.7109
27.8275
29.3143
28.5441
28.7201
29.4552
29.9092
28.6756
28.5017
28.8445
27.0783
28.7197
28.8593
29.3329
27.7047
27.2691
28.8125
26.2224
30.8042
27.9654
27.4736
26.9913
27.9522
26.7199
28.1071
29.6487
29.3312
30.2937
27.9306
27.1400
28.3689
28.8925
30.5961
27.8210
30.1089
28.3327
29.5559
29.4079
29.1285
29.2693
31.0663
29.7223
31.2222
29.2266
29.8386
28.5469
27.8455
28.0054
29.4518
27.4784
28.2635
27.8236
29.3654
29.4836
29.1848
29.8795
28.1327
27.8824
28.1344
28.6605
29.5325
29.1137
28.0092
28.3963
29.5164
30.6595
28.4075
29.0415
27.5593
28.4666
29.0656
25.0709
27.2343
26.3982
26.4102
27.9676
29.7326
28.4256
26.9547
28.4777
28.8789
27.5575
29.7620
29.4843
27.6082
28.1203
26.2935
28.2164
26.6720
27.3591
27.3063
28.8203
28.0441
29.7389
29.9511
28.6785
30.7830
29.2252
26.7864
29.7742
28.4959
29.8591
30.3242
31.4909
30.4368
31.0155
30.4737
29.5892
30.7987
30.3744
29.8042
29.2943
27.8680
27.1221
27.4090
28.4467
28.1510
27.8861
28.9842
27.1903
28.0009
28.1153
28.9383
29.5790
28.7467
27.8702
29.4521
30.5072
30.2232
28.9284
29.9628
29.9139
31.4888
31.9591
29.2259
30.9078
31.5772
28.8771
29.1770
29.7911
30.0936
29.7656
33.5859
32.6777
31.4944
30.3306
30.0621
30.0359
31.5847
28.3662
28.4855
29.7013
29.3071
27.5471
28.9935
30.6864
32.1096
31.7909
31.1868
33.8155
31.8872
31.9480
33.6968
31.0954
32.3250
31.3787
30.2519
29.7832
31.5972
30.9438
30.3795
31.8321
29.7147
31.3437
29.5149
27.9399
29.2755
31.9632
31.8538
30.3610
27.4600
27.9404
30.2287
28.1331
30.1190
29.8909
29.3493
30.0177
30.5523
30.0006
30.0345
30.8066
28.3183
30.3213
29.2327
31.0372
32.3148
31.1994
32.0711
32.8091
30.4481
29.7371
31.0095
29.1892
29.5886
29.4943
29.8332
29.3455
27.0200
30.3373
30.5145
29.9020
28.6400
28.7279
29.7762
30.6369
29.2199
29.4159
30.6874
30.1700
30.6523
30.6417
27.5956
30.1492
29.6204
28.7679
26.2430
24.4793
27.0899
28.0560
29.2993
27.9249
30.4565
29.3871
29.7689
29.6115
28.0815
30.8745
30.5314
30.6342
33.1969
31.8838
30.6902
29.4397
30.7934
30.5996
29.2278
28.4519
29.6802
28.8819
28.9339
32.8200
32.4914
32.6797
31.4754
29.5133
30.4063
29.7279
31.3223
33.1273
30.1687
31.9599
29.7802
31.1009
30.0797
28.8007
30.2800
29.1265
31.5499
32.2439
29.8925
31.8479
30.8300
29.1830
29.7852
28.3516
27.9898
28.5301
28.9626
28.6738
28.8035
29.6341
29.9023
28.1129
29.8945
28.6881
29.9033
30.2377
29.2697
29.7257
29.3370
28.9517
29.3268
28.0335
27.4731
28.5610
28.7107
30.1861
27.2324
27.9983
29.0347
28.9904
29.8845
30.9174
30.8198
30.6501
29.7979
29.1335
30.4751
27.5973
30.6250
28.6038
30.0472
30.4683
29.1936
28.5087
28.0976
28.2594
29.5099
30.7034
29.2399
30.9868
28.0838
30.8005
29.2078
28.8615
29.4078
29.3936
31.3336
27.9102
29.1784
27.9346
28.1754
27.3514
28.4736
28.2653
29.3279
28.1855
28.1332
29.0566
28.0625
27.4879
27.9736
28.9652
27.1000
29.2402
29.7916
29.1482
29.3734
30.7626
29.9471
29.7290
28.5034
28.9089
30.7094
28.9060
31.2535
28.8413
28.7219
29.2403
29.7452
29.5500
29.4134
29.0274
29.1544
29.0222
29.4228
28.0209
30.2933
29.8037
28.9152
29.0205
29.2973
31.2648
28.4311
30.1407
29.5211
30.4728
31.5927
29.6880
30.6100
31.3488
31.1050
29.7408
30.8707
31.1533
31.7419
31.0595
31.7769
30.0388
27.9984
28.6295
28.8021
29.8755
29.8553
32.2117
31.6841
31.3272
29.8514
28.4599
29.5060
30.1075
30.4743
29.9365
31.0064
30.3274
31.2373
30.4777
31.6056
32.0324
29.8838
29.8679
30.2336
28.8687
29.9360
29.6836
31.6583
29.5696
28.8963
31.4375
28.9194
28.3014
29.4129
30.7543
31.0638
31.5270
30.6239
29.9906
33.6433
30.2313
29.6409
30.4229
30.6030
29.8953
31.4471
31.0915
32.5094
32.8658
31.3515
30.2963
31.0152
32.0324
31.5431
31.7591
31.5627
31.6865
30.5037
32.6808
32.4943
30.1832
30.6175
30.6660
28.5870
29.0309
29.0416
28.5577
29.9762
29.3633
29.7140
29.8333
30.8830
30.9691
29.6310
29.4871
27.7230
29.5078
31.4247
31.2548
30.3680
30.9997
29.6565
29.0237
27.3734
28.3635
30.6446
29.0079
30.4811
29.6192
30.2711
30.4938
30.8124
29.3327
29.4814
29.9850
29.8467
31.7502
29.4069
30.8220
29.6431
29.6879
29.7215
31.2508
29.6132
28.6799
30.3680
30.5380
31.1124
29.2282
29.2196
29.5371
30.2946
29.3413
28.8171
30.3950
28.1028
29.2077
27.8352
28.0819
28.5569
27.4932
29.2774
29.9595
30.0312
31.8830
31.1110
29.5775
29.6601
32.5772
31.4745
31.6915
30.0977
28.7719
29.5414
29.6892
29.8458
32.3656
30.6724
29.2459
29.1791
31.2868
32.3816
33.2455
32.3593
30.9774
31.4883
30.9321
31.4107
31.7740
31.8058
32.0015
33.8967
32.6401
31.6138
31.0796
32.1232
31.0032
33.3777
32.9743
32.6282
28.7682
28.9119
30.5152
30.7520
31.2485
32.4954
31.3069
32.3281
29.0842
32.3016
30.2973
30.6102
31.6300
29.8429
29.3429
29.8989
31.9297
30.5212
30.4667
31.9849
31.5478
28.9130
30.7707
31.9452
33.2469
30.8297
28.8226
26.7531
25.9486
27.1970
29.6593
30.3169
29.4105
29.6149
29.6606
30.9232
32.5306
33.2646
32.2218
31.1413
31.6941
33.4076
31.5850
32.5452
35.4191
30.8432
30.8168
30.1164
33.0969
31.8093
31.8010
31.4908
33.3666
31.1136
30.5637
29.8712
30.6005
32.8401
30.1597
30.0214
30.0745
31.1044
29.3520
28.5721
28.6770
29.4405
30.3959
30.9746
30.3460
30.8391
29.6156
31.3555
30.8307
30.8537
29.1114
29.5274
30.0086
30.9141
30.8627
31.0389
31.2713
28.2468
29.5687
31.2210
32.4470
30.4269
32.1481
33.5015
31.5545
33.1519
31.7980
31.5619
31.8390
31.5886
31.0406
31.1017
33.1404
30.3940
31.5079
31.5008
30.4599
30.9862
31.2677
30.3533
30.3392
30.2733
30.7261
31.8819
30.9567
31.5623
31.0742
29.9953
31.0240
29.3065
31.5741
30.2897
30.0719
29.0249
28.7719
30.3174
29.3318
29.5201
31.4778
31.2656
29.3190
30.4458
30.2877
29.6801
30.2194
31.0838
30.3648
29.9486
30.4671
32.6347
29.8217
29.3301
30.7909
30.0440
32.7258
31.4675
31.5598
31.9052
30.2004
29.0873
31.7704
30.7766
31.9374
30.9491
31.3662
30.5942
30.8254
30.5366
30.7446
29.9347
30.4469
32.5804
31.3511
30.7548
29.5076
30.1108
29.6397
29.4022
28.2820
30.1486
29.7174
31.2886
32.4242
28.9937
30.2941
30.5229
28.8765
32.0313
29.5756
27.3278
31.7737
32.0694
32.4848
33.8020
31.0219
31.3765
30.8149
31.3383
31.1086
29.1987
28.5031
27.3575
28.6302
28.8012
31.2415
30.1898
29.3300
28.8776
29.8931
34.0195
31.7648
32.5635
31.7841
31.3551
31.2964
30.0179
30.2743
28.7116
30.4689
31.2320
30.5307
29.7978
31.9600
30.2087
30.8389
32.0849
30.4759
32.8979
32.2552
31.8647
30.0965
31.0803
31.4787
30.5649
31.6446
32.2681
32.1017
31.9330
32.3732
33.2381
33.3425
30.0247
30.2176
30.8565
32.0400
31.0204
28.7551
31.0924
34.2093
33.1260
32.4035
31.7485
30.7462
31.1626
32.0246
31.3096
30.3050
27.2397
29.9747
29.6990
31.7909
33.4089
31.5299
31.6242
30.4169
30.7769
30.3827
30.0698
29.5806
29.3459
29.8590
30.1980
30.9783
29.5471
30.1062
30.0939
30.3312
30.8438
30.9212
31.0039
30.6928
31.3171
31.2788
32.7048
32.0982
32.7496
33.1075
32.2145
33.4457
31.1060
31.8133
31.1959
33.5103
30.9579
31.2962
31.2521
32.0065
29.7945
30.8811
29.9247
30.8858
30.7389
32.9030
30.6194
30.9777
30.7745
31.6401
30.7199
30.5990
31.5875
31.7353
30.5026
31.5400
30.2026
31.1608
31.2365
31.3966
