27.9396
27.4906
27.1781
27.2052
26.6396
26.4243
27.3539
30.0058
27.1006
28.1472
28.2995
29.6295
28.0582
27.2931
26.2090
27.3142
27.4420
26.9552
26.9512
27.8671
26.8816
25.1500
26.1050
25.0001
26.1461
24.4421
24.5622
24.9858
24.6804
26.1421
22.7951
24.6989
24.9642
25.2007
25.7570
25.2948
25.1523
24.2139
24.5545
24.7616
24.3958
23.7886
24.9766
25.2757
24.3126
25.1385
24.8026
26.3637
26.3741
25.6494
26.5785
23.7056
23.5931
25.6461
26.7385
28.6479
28.6812
26.8314
29.7630
29.3150
30.4796
29.6799
27.8248
27.1300
30.1029
29.5212
30.0650
30.6147
30.0444
30.0683
31.1880
28.0416
28.2244
28.2881
27.3865
29.1014
28.2529
29.7807
28.3484
29.0023
27.2602
27.1140
28.7833
27.1655
25.9575
26.3884
27.4455
27.8493
27.9301
28.5362
28.3778
28.5900
29.2420
29.7579
28.5206
28.2590
29.0593
29.3029
27.9771
27.8094
26.7794
28.4530
28.1040
27.8951
31.7857
28.6380
28.8781
28.6783
27.6647
27.9523
27.1096
26.8112
29.2936
28.6941
29.3730
29.0240
29.1354
30.9576
30.3582
30.0407
27.9482
27.9063
30.4039
31.9647
29.5720
30.2085
26.9135
28.4449
30.9124
29.1883
30.2910
29.1403
28.3315
31.1951
30.4456
30.7960
29.2002
28.5560
29.2652
29.0113
29.0968
28.1720
27.2394
27.6543
28.3017
26.6406
24.8653
25.8426
26.5664
25.5036
24.3547
25.2557
24.4592
24.4493
24.3267
23.1961
24.9966
25.2156
25.3321
25.5129
25.4449
25.2437
24.8881
28.0290
26.1011
27.4610
26.6517
29.5167
28.9445
27.2402
28.8676
29.8021
29.6154
30.8181
30.3063
31.5311
30.4617
31.7409
29.5811
28.7517
27.9212
28.4741
27.3522
28.1902
30.2884
31.0026
28.1357
30.9666
29.4824
29.6066
29.4792
27.5011
28.9141
27.3284
27.9519
30.0173
27.5769
29.9689
27.6110
28.3850
29.1380
29.4609
30.5200
29.4178
29.8108
27.3384
25.9991
27.6172
26.3040
27.8392
27.4563
30.1889
29.3178
31.4777
28.4115
29.4730
28.2834
30.9900
29.8024
31.2577
29.6005
28.9319
28.8193
32.0120
28.4338
29.6370
30.2099
31.0850
33.5174
31.3277
29.0117
31.6089
29.2030
29.0816
28.8124
29.3425
31.0445
30.6127
28.1195
27.2657
29.5023
28.4977
29.0068
27.3527
28.1772
30.2375
26.8141
29.1285
27.7262
28.1542
27.7433
28.3352
27.8957
30.4487
31.6674
31.4095
30.0462
30.3327
30.2597
29.6473
28.8686
26.9482
30.4210
29.0019
29.1871
27.7735
28.7735
29.1363
27.8735
27.4815
28.9529
27.9733
28.5962
28.1255
26.4796
28.0644
24.6419
27.1929
25.6492
28.0083
28.0006
29.5768
28.4445
27.1312
27.7806
29.5601
29.3496
30.5956
30.9586
27.0490
25.4052
27.5082
27.7041
27.6013
25.6715
25.6440
26.9014
29.4182
28.2588
26.2152
25.3125
26.3331
27.8870
27.5666
28.4682
26.4503
26.4360
25.5498
24.4550
25.8704
26.7703
25.5282
25.0567
24.6956
24.6400
24.7103
24.9685
22.1856
22.9121
23.5787
25.6198
25.6447
25.0758
23.8623
23.0255
22.8126
22.7380
23.9760
21.8806
22.1312
22.9291
23.9520
22.4571
20.8593
21.3930
21.0866
22.1684
22.5730
23.4892
24.5397
22.8671
22.9177
22.3630
24.0320
25.1930
24.2291
23.3109
23.4050
26.8157
26.1541
23.9342
24.6234
25.4953
23.9985
24.3159
23.5374
24.4327
23.9755
22.8534
22.4612
24.3919
24.4477
23.4422
23.7630
23.2807
22.7917
22.8154
22.0982
22.9926
23.2954
22.7122
23.3695
22.3706
22.9702
24.9086
23.5837
23.5693
23.0899
23.8883
23.6439
21.7557
23.8027
22.8286
23.5405
22.4857
24.2471
26.0212
24.1641
23.7264
24.1310
23.9700
24.3929
25.3242
26.3067
26.3193
26.4653
23.7173
24.3347
25.1743
27.2206
