29.3565
31.0408
32.2003
29.1021
30.4092
28.0112
27.3805
26.9669
29.0109
26.6333
28.6049
27.3223
31.0264
27.1217
26.9650
26.8076
27.7213
27.7811
28.5334
28.7087
26.7203
28.0688
26.9000
27.0548
29.0487
27.7692
27.8105
27.4984
27.1600
28.0090
30.5360
31.0457
29.2696
30.7129
31.2655
30.3719
28.7994
29.2778
31.3721
29.6414
29.9857
29.7065
25.6671
27.1836
27.8509
26.4288
26.5180
27.2051
24.8165
23.7814
24.2576
24.8253
26.6823
25.6226
26.1190
29.5532
31.0708
30.7323
32.0511
31.5448
30.9486
30.0306
28.9560
28.2617
29.4513
29.3550
27.1519
27.6952
24.9794
26.6226
27.5259
27.3909
26.6882
24.5484
24.3072
23.5650
25.4037
26.7973
24.8936
24.3307
25.4875
23.4442
23.4140
25.6760
29.7350
29.0948
28.4310
29.0758
30.1546
28.5091
28.4397
29.0677
27.5454
25.5104
25.5917
25.4381
27.0157
24.4261
22.2043
22.8893
23.3498
26.1130
26.3854
27.0262
24.8643
23.2631
24.8022
24.5181
25.3448
23.8237
23.9228
24.7092
25.8333
26.1624
27.7641
26.5921
26.2401
25.0904
25.0035
25.7669
26.1845
25.4129
26.2322
23.6384
24.7287
23.7621
26.6369
25.3801
26.3001
24.3993
26.9418
26.2631
22.5834
23.0208
22.7194
23.6862
22.2064
22.0371
22.6859
22.4302
21.6276
20.9938
21.4398
23.4647
24.7413
25.0141
24.9128
24.4457
24.4411
28.0799
25.2110
25.5650
26.9797
25.8420
26.1481
24.6696
27.9624
28.2877
28.5684
26.1711
27.2390
22.8891
20.4390
20.6970
21.3657
21.0609
20.5891
21.0582
21.0725
23.9252
25.8129
26.3998
26.4475
24.3594
24.8087
24.7420
23.3097
25.0839
25.2541
23.8927
24.5675
23.2739
22.9200
24.4220
25.4696
27.7807
25.5203
24.6938
24.7512
24.3992
24.0053
22.7108
25.7793
26.5082
24.6089
26.0446
26.8434
25.4318
26.7984
25.8184
26.0221
25.7403
26.7430
27.2624
25.2633
25.4303
25.3025
27.2158
25.9620
27.7880
28.3974
25.9393
26.3802
25.4852
24.4482
23.8130
24.8364
23.7142
24.0439
23.5607
23.2944
26.1103
23.5561
25.4434
27.0649
26.3461
26.3026
26.3191
25.7856
27.7886
28.8821
27.5394
25.6082
24.9739
26.9930
26.7851
25.7304
25.8901
24.8789
24.9531
24.6924
26.1261
25.8276
24.1382
24.4434
28.4200
25.2575
29.6634
25.4505
25.9758
25.4733
27.4832
25.7479
25.2116
26.6208
28.1050
29.2901
26.1795
24.8885
26.9702
26.4251
29.2505
29.7958
29.5655
28.3764
28.4937
24.9948
24.9846
27.3372
27.8697
27.2547
28.8605
27.8531
26.4687
26.9587
28.4119
23.9413
24.9160
25.1494
28.5813
26.5016
28.0482
25.8012
27.8588
26.3929
29.4604
29.6016
27.1068
25.3080
26.6492
26.4897
26.5067
25.3239
28.9184
29.5112
29.6743
28.1381
30.9703
31.3780
28.3113
28.0881
25.1988
25.5667
27.0351
27.0244
27.4531
25.3745
25.0902
25.8381
27.7216
26.0663
25.9836
24.8565
24.8959
25.2068
23.3391
25.1302
25.4949
24.7977
27.4428
27.4359
25.2634
27.4665
28.9982
28.4306
27.4277
28.2278
29.0448
29.7730
28.2818
30.4286
27.4451
29.8237
28.2478
29.2457
30.5423
29.4064
31.2789
29.9599
31.4441
26.2505
28.7622
28.2967
24.7367
26.5082
28.4554
27.0459
26.4563
25.7114
26.0648
28.7754
26.3645
30.3826
27.7985
29.0076
29.0843
27.0450
28.0180
27.8169
28.6286
28.6382
29.8321
28.4740
29.1006
26.2292
27.7139
25.9440
27.2426
27.3026
28.2863
27.2662
26.7314
28.9554
29.1957
29.6342
30.5934
28.3318
26.5710
27.8942
30.2911
27.0771
27.2413
28.7550
26.9899
26.8787
27.9599
26.0616
26.5362
26.1477
26.6641
28.9260
26.6265
29.3394
29.5539
28.7985
28.6199
28.0185
26.5313
26.8870
25.9362
