27.1681
27.5871
27.7608
28.2709
27.4914
27.2769
27.4880
27.3261
26.6376
26.0514
24.1479
25.2969
24.8322
26.0775
26.4189
26.7798
26.5732
25.5811
26.1974
27.7944
27.1227
26.0008
25.6999
25.3299
24.4491
24.7420
27.2920
25.9834
26.4675
26.9268
26.9889
28.0882
28.9811
27.9657
27.3760
25.0426
27.2162
25.4025
26.2541
27.6843
28.0107
27.0559
27.3089
28.3584
26.9916
28.6035
28.6276
28.6174
30.2428
27.6764
27.2490
28.2472
27.6756
27.9733
27.9638
27.9719
26.2517
26.0711
27.5849
26.3031
25.9656
25.6363
26.7281
25.6313
26.6193
27.4657
27.8543
30.0482
28.7762
28.7350
27.9705
27.1493
26.4780
26.9945
28.0475
28.5670
26.4902
27.0127
26.2887
26.3403
28.9089
28.3875
29.0272
28.7279
27.9003
27.5743
29.0931
28.8928
26.5834
26.3256
28.0569
29.7224
27.6674
27.5279
25.7397
26.1139
27.9725
27.7738
26.6947
28.5978
28.0166
24.8547
25.2712
24.6964
25.0454
25.4711
26.7887
26.8905
26.6918
26.7626
26.8502
27.4686
26.8888
27.7107
28.1803
27.2403
26.6561
26.4420
26.6080
26.9180
25.7337
26.4639
25.8206
26.2164
25.3988
26.1009
26.6694
27.4816
26.6851
25.1939
25.7305
25.5068
25.1091
25.0673
24.9167
25.6370
27.0801
26.3089
28.6477
28.9923
28.7338
27.6144
28.1670
27.8174
30.1514
27.7964
28.0715
29.0287
28.1576
27.1495
29.3801
29.1694
29.2265
29.5149
29.3617
29.0720
27.9716
27.9223
29.3227
27.9154
27.7555
28.4254
30.1222
29.6938
29.9721
29.1097
29.5533
28.5191
29.8068
29.1001
29.1298
28.8121
28.4034
28.7493
30.0455
28.2446
26.7480
28.4491
29.2206
27.5646
29.0060
28.5979
27.2298
27.0594
26.9081
27.4577
29.1733
27.0945
27.4116
27.0918
27.6104
26.3272
28.7140
28.3234
29.1044
31.0096
30.4053
29.4152
29.1504
27.7579
27.4619
29.0823
29.6909
29.4189
28.5935
28.7085
27.0027
27.3529
28.0010
27.1096
27.9157
28.7414
26.1309
28.4980
27.9219
27.8747
27.7555
27.2050
26.7298
28.2032
26.0375
26.3129
27.0461
28.5646
27.3494
26.2642
25.7466
26.3097
26.7097
25.6049
26.0645
27.9743
27.4725
27.4370
27.8325
27.7224
27.6457
27.4791
27.2529
26.6613
29.5903
30.8498
29.5879
26.6354
27.8035
28.5937
29.8572
28.0227
26.4915
27.4718
27.4611
27.6830
26.3718
27.6905
26.3331
26.2368
27.0071
27.7532
27.3559
26.8010
27.6206
26.8103
27.5140
27.8492
26.8644
29.1655
27.4825
28.4426
28.4373
26.8783
26.3715
27.4652
27.9850
28.2046
28.8804
27.4203
27.4411
28.2110
28.8658
27.9875
27.6535
25.8743
28.4431
27.3019
25.8189
26.5321
27.7967
27.5653
27.3556
27.3179
26.7599
26.4900
27.6040
25.7876
25.7802
25.5941
24.8689
24.4841
24.8350
25.1122
25.1849
23.7686
25.0459
25.1175
26.2366
24.8756
23.7234
24.1467
22.6565
23.4232
23.6892
23.3561
23.7735
23.9072
25.2847
24.9454
25.3835
25.3899
25.2449
27.0505
26.5113
26.3203
26.9270
26.4449
27.7943
28.2249
27.2847
26.9127
26.5138
27.7091
26.6936
27.0289
28.7392
28.8610
30.1152
28.7891
29.5949
28.9822
28.6251
29.1008
29.4658
29.7160
28.1569
28.3610
28.1117
25.9048
27.7424
25.2461
24.9665
25.8013
24.5115
23.6051
24.9407
24.5092
24.5848
24.2445
24.3746
24.6642
24.8165
24.9715
25.2369
24.9918
26.5596
25.2171
25.0880
25.6648
24.9882
23.6289
25.4980
26.1649
25.3910
25.4417
25.4983
26.4474
25.3461
27.0700
25.7344
26.9307
27.2080
26.8486
25.9642
26.4102
24.0017
23.9350
25.8817
26.4942
25.8759
24.4140
25.9611
26.7252
26.4913
25.8194
26.3024
25.7594
26.7121
25.4076
26.3585
26.6408
26.9861
26.4111
25.0126
24.5236
24.2104
24.1464
23.9764
25.1991
24.3337
23.8783
26.0065
25.7201
25.6540
25.2919
26.5617
25.4422
26.2138
26.1719
26.8467
27.2069
26.0860
26.5502
26.4453
25.1547
27.0653
26.7850
26.5394
27.3866
26.5943
25.4900
25.2650
25.8501
24.0283
25.0345
24.8405
24.7001
24.0372
25.4235
24.3381
24.7975
25.4834
24.4643
25.6417
26.5431
25.3048
26.1787
25.0720
26.7675
25.7323
25.5762
26.2255
25.1486
25.7058
25.5342
25.0819
25.0496
25.0000
25.4577
24.9621
24.8455
25.6032
24.9402
24.4505
25.2346
26.0094
26.9525
26.5140
26.0993
27.2994
27.0972
27.4174
26.8359
28.6084
26.8006
26.2948
25.3933
27.9804
26.8086
26.6657
27.1028
28.2729
27.4669
25.5461
26.2974
27.2440
25.6406
26.2084
26.6106
25.6288
25.3971
26.1065
25.9964
24.9519
25.3046
25.4046
24.5578
25.2817
25.8790
25.0812
24.8005
25.7900
25.4380
25.5429
25.8574
26.4859
26.3186
26.7653
25.8869
26.3408
27.2366
25.8213
26.1470
24.7771
25.8737
26.3392
25.0617
25.7132
26.5367
25.1591
26.2711
25.0495
26.1499
24.6467
25.5842
26.3481
26.0044
25.5071
26.3472
26.1647
25.7513
25.9777
26.6340
25.6127
25.0810
24.9705
25.9903
27.1754
26.4332
26.1342
27.0421
25.4468
25.8240
25.7229
25.3872
25.8526
25.2627
25.5130
25.8663
26.7723
26.6479
26.4389
26.9705
26.5841
26.9210
26.2811
25.6828
27.2913
25.3907
27.7825
25.9755
27.2641
26.1190
25.6725
25.9837
25.9624
26.3339
25.5945
26.5645
25.4836
25.5017
25.4498
25.0712
25.5685
26.1614
25.6611
25.5069
25.9978
25.0404
25.8901
24.9118
25.8834
25.7125
26.6883
26.0400
26.9454
26.0376
25.9978
24.4845
24.8557
25.6820
26.5797
24.6410
24.8217
25.7071
25.1304
24.7078
24.2107
26.3795
25.3583
25.9558
25.8825
25.7808
26.4773
27.2393
26.1103
24.4054
24.7778
24.3018
25.2496
26.0961
26.4024
25.9778
26.9048
26.1155
25.6249
27.2688
27.0705
25.7618
25.8262
25.6499
27.4368
27.8503
26.8875
27.2898
26.1837
26.2233
25.6269
26.7593
25.8124
25.8338
25.5920
25.6129
26.8744
25.7966
27.4494
27.2640
27.6494
26.5788
26.5238
26.9319
26.1646
26.8003
24.5128
26.2990
25.8275
24.7584
25.1952
24.8421
26.6690
24.8419
25.3917
26.5442
26.2435
25.9193
25.5507
26.2751
26.6951
25.7004
24.5500
25.5635
24.7897
24.2556
24.2819
24.4944
25.7181
25.8843
26.3080
25.4996
26.3101
26.7083
27.0262
26.2435
27.6350
26.4321
26.9544
25.3000
25.9173
27.9166
25.6157
27.0765
28.0863
27.0817
27.4501
27.8073
27.8849
26.0122
25.3214
25.0101
25.3231
25.5221
25.5852
25.9626
26.7393
26.2055
24.9480
25.9303
26.8865
26.8080
25.8340
24.7984
27.1604
25.3552
26.0943
25.6420
25.6298
24.5697
25.7040
26.0194
24.5642
25.0612
26.3899
25.0088
26.6490
24.9246
25.4891
24.2238
24.4054
24.6035
23.1303
24.5045
23.7224
25.0174
24.2672
23.9083
24.9961
24.5956
23.9344
25.3952
25.2501
25.6501
27.0245
24.7666
24.5736
25.3933
24.5944
23.6002
23.8364
24.7034
23.8778
24.4396
24.6954
26.4565
26.6847
26.9539
26.7435
27.3005
25.8409
26.3895
25.8728
26.7359
25.8670
25.2167
25.2790
25.4486
26.3419
25.8873
25.5597
25.8056
24.1813
24.4239
23.6465
25.4433
26.0321
27.8139
25.9742
26.8331
25.6617
25.9592
26.6797
25.2048
24.3401
25.1377
24.6197
24.5255
26.2724
25.2885
25.3845
25.1669
26.4057
24.9928
24.1844
24.9035
24.2887
25.4017
24.9057
25.2319
25.4731
26.6634
25.3611
24.7269
24.9667
26.0383
25.1326
23.8296
26.4815
25.3605
24.7554
25.2287
24.3187
24.9013
26.0860
25.9302
25.4568
25.1977
23.8644
25.9662
25.6366
25.1931
26.6153
26.4170
26.2304
26.0767
25.9235
25.4923
25.9415
25.2395
25.5361
25.2884
25.1497
24.7040
25.6135
24.6498
24.4922
24.5701
24.2503
24.2205
24.1853
24.4817
25.5717
26.0694
25.8367
27.0558
26.0391
26.2719
24.5879
25.1924
25.0236
24.8806
24.3057
24.3865
23.8993
24.9409
24.9639
23.8081
24.3434
23.5682
23.6303
24.6089
24.9127
24.5923
25.9018
25.6698
24.3756
25.2577
25.4766
25.5990
25.8396
25.8474
26.2494
23.7986
24.4967
24.0602
23.9924
24.2431
24.4519
24.1574
23.8778
23.5346
24.3261
24.1219
23.6589
24.6540
24.2502
23.7404
24.6026
27.1420
27.6820
26.1516
27.8111
28.3037
26.6246
26.3010
26.2762
27.8053
25.5539
26.1069
26.0953
26.0295
27.6869
26.3843
24.4152
25.4463
25.8319
24.6416
24.5260
24.0059
24.5231
23.3001
24.0012
25.7562
24.0085
24.6824
25.4706
25.1760
25.2259
25.5948
24.4987
24.2035
24.1251
22.8243
24.3462
25.5540
25.1936
24.5229
26.6588
26.5885
24.3893
26.3185
25.4870
26.0674
26.2689
25.4958
27.2478
26.6033
26.7119
25.2913
24.8051
25.0034
23.4474
24.6928
25.3859
24.8934
25.2640
25.2918
24.9832
25.6988
25.6563
25.3196
24.6725
24.6955
24.5166
24.0916
23.6310
23.6646
23.9036
22.3665
22.8589
21.4125
21.6438
22.5918
21.6692
22.9907
23.1302
23.4230
23.8917
21.8466
22.4598
22.5526
21.6723
23.0648
22.7398
23.9667
25.0457
24.9063
25.1181
24.0048
23.9487
25.6015
25.4420
25.7783
24.7957
24.4782
23.6679
23.3980
22.4036
21.9834
22.4795
23.4351
23.0723
23.5987
23.6576
23.8124
23.9666
25.9962
26.4158
25.2341
24.6990
25.6114
22.6045
23.2991
22.7724
21.8961
22.0793
21.7206
22.9153
22.2160
21.9709
21.7007
21.4999
21.3110
21.8181
21.7671
