24.5830
24.7970
24.4572
24.6124
23.7477
24.0047
24.1307
25.5582
24.3344
24.6993
24.6940
24.5413
23.5852
24.7885
24.0114
23.3160
24.4553
25.1737
23.7838
25.0540
23.4536
23.9100
24.3047
24.1426
24.2383
23.9844
23.5796
23.4405
23.6025
22.6154
23.1282
23.5849
23.4349
23.7156
24.0745
23.9699
23.9417
24.2753
24.6479
24.4253
25.4220
25.6413
25.4659
25.5359
25.3993
24.2241
25.4428
25.0340
25.1524
24.5018
25.3311
24.7755
24.9140
25.3430
25.1537
26.0870
25.7732
25.0958
25.8891
24.6435
24.1119
25.1621
24.7805
24.6773
25.2609
25.2960
24.8659
25.0624
25.0218
25.2334
25.1522
23.7706
25.3057
23.6423
23.2666
23.2581
24.0313
23.7276
23.5549
24.2420
24.4537
24.0948
23.8367
24.4221
25.1978
24.3219
25.0474
24.0041
24.6454
24.4786
24.4032
24.0448
24.7192
24.5918
24.7084
23.9371
24.9436
25.7788
24.4267
24.6183
24.8774
25.3475
24.9076
24.2405
23.9205
24.0819
23.3646
23.2496
23.1243
23.5191
24.4851
24.0900
24.4566
24.3315
24.0292
23.6291
23.6313
23.2875
23.5859
23.9727
23.4146
24.5117
23.1260
24.2283
23.7204
24.5363
24.5141
24.6894
24.8149
24.4277
23.5979
24.3139
23.3659
23.2339
23.8255
23.6756
23.5899
23.0179
23.7598
23.2295
23.8573
23.0432
24.7469
23.4138
23.8321
23.9797
23.2759
23.6557
24.1344
23.8804
24.0884
24.4530
25.1510
24.0422
25.0044
24.1027
24.9573
24.8725
25.1592
25.2922
24.4301
23.7121
23.8415
23.9017
25.0232
24.3485
24.4077
24.0783
23.1153
24.4269
23.7252
23.9223
24.9554
23.9838
24.5694
25.0645
24.4583
25.6448
25.0471
24.9379
24.9804
24.7406
24.8113
24.3447
23.8866
24.8834
24.8721
23.4212
23.0228
23.3085
23.3520
22.7555
23.1535
23.4852
24.0465
23.4622
24.4875
23.4149
23.9150
23.5822
24.9875
24.0711
24.9049
24.7659
24.7592
24.5144
24.6421
24.3188
24.5286
25.0389
24.9668
24.2994
23.9675
23.3735
23.5404
23.7626
23.8009
23.9041
24.2134
24.7694
24.5484
25.0015
24.6224
24.2638
24.5954
24.4144
24.7087
24.4030
23.9658
24.0011
24.5852
24.0510
24.4478
25.3127
24.6921
24.4273
24.3906
24.7908
24.4844
25.3102
25.0893
25.0484
24.4668
24.0171
24.0488
23.1160
23.6255
24.3533
23.8702
23.7935
24.3171
23.9348
24.7892
25.3865
24.7752
24.7465
26.2183
25.8541
25.4715
25.4516
24.3559
24.3110
24.5651
24.1161
23.3185
23.1051
23.5009
24.0510
24.2462
24.0637
24.3351
26.0030
25.6797
24.9938
25.7418
24.4484
26.6477
24.8548
25.5422
25.7152
25.0840
25.5090
25.2691
25.2601
26.2944
26.2447
25.9797
25.5671
25.7314
25.9981
27.0737
26.5812
27.2605
26.5493
27.4646
26.5565
26.3557
26.4769
25.9519
27.0570
25.5391
23.0117
25.1809
23.9485
23.5212
23.1989
22.7558
23.6361
23.7261
22.9696
22.6214
22.7414
22.9546
23.1201
23.4074
23.4701
22.9731
23.1663
22.6387
22.3157
22.0344
22.6429
23.4884
23.2348
23.3844
23.7811
23.5906
23.5781
24.2348
23.8028
23.4359
23.7494
24.5461
23.4503
24.0165
23.2278
23.7885
23.8902
23.5356
24.4532
24.0526
25.4105
25.3547
24.9752
25.2460
25.5442
26.0060
25.1283
25.7766
25.7755
27.1191
25.6848
25.6352
25.2560
25.5157
25.9668
25.6192
25.0142
25.2888
25.4130
25.2906
25.9019
26.2303
26.5669
26.7106
26.2666
26.1180
25.9602
26.9726
27.2988
26.1473
26.5246
25.2815
25.4920
26.7738
26.6597
26.6065
27.3716
26.8011
25.7942
25.9995
25.5506
26.3716
26.7684
26.4934
26.2127
25.8931
25.4032
25.9760
26.3927
25.5178
26.7614
26.5586
26.7476
26.2350
25.4797
26.2098
26.2969
26.3993
26.5971
27.0468
26.4405
26.0511
24.6283
25.4595
25.2031
25.4196
25.7448
26.0840
25.9601
26.1948
26.0220
25.0203
25.2850
24.8599
25.9360
24.6563
25.5628
25.0826
25.3497
24.9730
25.8763
25.5923
24.9790
25.3748
25.0953
25.3223
25.1710
26.1098
25.4813
26.1562
25.7533
25.0402
24.8512
24.9834
26.4151
26.0245
27.5916
27.0272
25.7438
25.0761
24.9646
24.5628
24.6574
24.4944
24.8056
25.0971
26.1674
26.0496
25.7777
25.4634
26.6589
25.6958
25.5515
25.5419
25.9072
25.6805
25.4663
26.1601
25.3419
25.1376
25.2224
25.0030
25.3807
25.9347
25.6052
26.3942
26.2456
26.1432
26.2867
24.6439
25.0975
24.7861
23.6017
23.3263
24.0148
24.1361
24.1275
23.5340
23.4890
23.5844
24.2907
24.0212
24.8556
25.3798
24.2922
24.1580
24.9119
24.2557
24.0353
24.5935
24.6129
24.2542
25.4219
24.8993
24.8075
24.8331
24.7203
25.0969
24.9596
24.7618
24.3137
25.5461
25.4178
26.3784
26.2661
25.8429
26.6861
27.0014
26.6933
26.4452
26.2126
26.0058
26.4010
26.4249
24.8283
25.8601
25.8718
26.2814
25.4299
26.1436
26.0941
25.7774
26.1695
25.1433
26.5020
26.3714
26.8106
26.4086
26.1721
25.8397
26.0167
25.8890
26.3199
25.9128
25.4706
25.3253
25.1118
25.9268
25.3620
26.2571
25.7464
25.4706
25.9509
25.3307
26.0444
26.2034
25.6861
25.7627
26.8370
26.2442
27.1170
26.8317
26.3891
26.4745
25.8384
26.5209
26.2479
25.2952
25.3475
25.2356
25.4349
24.8471
25.5930
26.2162
25.6655
26.2152
25.3914
25.3713
26.1968
26.2790
25.7124
26.2515
26.5940
26.4356
26.1575
26.2279
26.3696
26.0595
24.6424
24.6677
24.9464
24.8350
25.5366
25.2541
24.8231
24.8296
25.8109
25.7948
26.1101
25.8671
25.4077
26.2393
25.9114
25.6340
26.0140
25.3373
26.0164
25.6311
25.8090
25.5356
25.7009
24.2850
25.6555
25.3196
25.3163
26.4208
25.6325
26.2826
26.3174
25.5421
25.8002
25.4396
25.8808
25.4081
26.1599
27.4458
26.5400
26.4050
26.1773
26.5128
25.8742
26.3354
26.1031
25.5267
25.7580
25.1407
24.3688
25.5756
25.6241
25.1263
26.0498
26.4855
26.4987
25.9855
25.6871
25.8936
25.3174
25.5361
25.3859
24.9228
25.7054
25.7760
26.2877
25.8772
26.1196
26.7732
26.8376
26.8396
26.0812
26.1690
26.3937
26.0548
25.6990
26.3104
26.6331
26.3182
26.1640
26.5168
26.2717
26.4138
27.0913
26.3193
26.4727
26.3721
26.4270
26.4530
26.2759
25.8863
26.0961
26.2752
26.5346
26.2713
26.7942
27.4787
27.5469
26.9483
27.0125
26.7898
26.9005
25.8646
27.3690
26.5324
27.0398
26.9581
28.2703
27.3335
26.4832
26.5567
26.2312
26.6254
26.3896
26.0093
27.2126
26.2157
26.9529
26.3063
27.0790
26.8460
27.0682
26.1925
27.1440
27.1038
27.1044
26.6655
26.3534
26.8775
25.8785
26.4784
27.5287
26.3958
26.0455
26.3478
26.4990
26.6607
26.1427
26.9888
25.8758
25.9401
26.2764
26.1131
26.7788
26.5280
26.5550
26.2470
25.6156
25.2832
26.1763
26.0746
26.2285
25.6803
26.1934
26.0999
26.1478
26.6878
26.4203
26.5154
25.2468
25.6364
24.8072
26.5705
26.1304
25.6862
25.3288
25.6243
26.0331
26.4381
26.3500
25.6537
25.7926
26.3677
26.3124
25.7909
26.4471
25.9110
25.9019
26.5706
26.7565
27.1293
27.0919
26.0725
26.7670
26.3522
26.6087
26.3696
26.4619
26.6448
26.6528
26.5219
27.2261
26.8311
26.4337
25.7113
25.9180
26.9377
27.2364
26.0423
25.9049
26.1916
26.2163
26.4583
26.2521
26.4171
26.3785
25.9746
26.1444
25.8492
25.7407
25.5562
25.5274
25.8365
25.8610
26.1694
26.9345
25.2854
26.1547
25.8980
25.5866
26.2966
26.3033
25.8776
26.2610
26.1334
25.5982
26.9567
26.0214
26.5758
25.9867
25.7111
26.4595
27.2726
26.1724
25.9385
26.8084
26.6318
26.1804
26.4056
25.7634
26.0227
25.5021
25.3263
26.3926
26.3418
26.3393
25.6910
26.4433
26.8947
25.5694
26.2260
25.6959
25.9776
26.0409
25.7008
25.5412
25.9664
26.2141
25.1829
24.7077
25.3637
24.5985
25.0459
24.3555
24.8896
24.8924
23.5940
23.9865
23.8405
24.4549
24.2988
23.7961
23.8464
24.1523
23.7223
23.9334
24.1604
24.0752
24.6841
24.5428
25.0800
24.0683
24.3442
24.7969
24.6924
24.7021
25.0090
24.3446
25.0720
25.0942
24.9020
24.7505
23.8529
23.9925
24.3839
24.9717
24.7492
25.3046
24.6387
24.0642
24.4077
24.7507
23.9321
24.5534
24.5193
24.0821
24.8042
25.0616
24.7396
24.9295
25.1209
24.1645
25.0002
24.5776
24.6187
24.9340
24.3845
23.9337
24.2456
23.1694
24.0752
24.6499
23.9411
24.7124
24.8457
24.2666
24.6424
24.6273
24.6075
24.6985
24.2224
24.1621
23.8309
24.2250
24.0198
24.0678
24.1227
24.3465
25.0153
23.7128
24.3248
24.2080
24.2782
23.0269
24.3017
25.0718
23.8903
23.8220
23.8493
23.1585
24.8454
23.8080
23.8361
24.2955
24.3452
24.2704
23.9274
23.7523
24.1357
24.3860
23.4228
23.5725
24.3860
24.1426
23.7084
23.6904
24.2605
24.3211
23.5850
23.9111
25.1587
24.7580
24.1931
24.3389
25.1340
25.1983
24.3709
24.8699
24.3795
24.8430
24.7631
24.8710
24.5448
24.5076
23.7560
24.3730
25.1741
25.5796
26.4456
26.2445
25.5833
25.4798
25.6441
24.2211
24.7139
24.7914
24.8623
24.8799
24.9159
24.8190
24.6370
24.6565
25.1764
25.9466
25.3541
25.4156
25.5350
25.4491
25.5156
24.6177
24.7519
25.0605
24.4971
24.4242
24.8645
24.1907
24.2928
25.1810
24.5075
24.2185
23.5834
24.4407
