24.7978
24.5497
24.0339
23.4442
24.6519
24.5450
24.4348
24.0847
23.3623
23.6247
24.8295
24.2483
24.3513
24.2863
24.9943
24.5043
23.2036
25.1288
24.7195
24.8421
24.4285
24.7079
24.7936
24.9023
24.7791
24.3493
24.3535
24.5701
24.1342
24.5178
24.7306
25.1541
25.7439
25.3529
24.0567
24.1623
24.6934
24.5531
25.3891
25.1054
24.3642
25.1289
24.5627
23.9467
23.8558
25.5989
24.9235
24.3472
23.4231
24.4470
24.7839
24.5401
24.4412
25.3383
25.2071
25.6339
25.9090
26.0031
25.4889
26.1646
26.7770
26.8341
26.6905
26.4397
26.9109
27.0058
28.1153
26.7299
27.6135
26.6466
26.4575
25.9714
26.0545
26.6732
26.3894
27.6052
26.0428
26.5466
28.3297
26.1478
27.3450
27.2395
27.8025
27.5088
27.8068
27.1779
27.8756
27.8710
27.6686
27.2965
27.5280
27.2645
26.3776
26.5044
26.3786
26.5263
26.0062
26.7216
26.3507
25.8124
25.0369
25.0618
24.9803
25.6916
25.8244
25.4033
25.2755
25.3292
25.8133
26.0848
26.3608
25.5548
26.0839
25.7226
26.1053
26.3434
25.2342
25.4095
25.0802
26.2528
26.5137
25.5919
25.6806
25.7442
25.9747
25.4608
26.4710
25.9021
25.0484
24.6507
25.5520
25.3319
26.4231
25.2222
26.0763
25.6306
25.4365
26.0089
25.4283
25.5719
24.6838
25.8178
25.6609
25.2799
25.3969
25.4344
24.6369
25.8057
25.3011
26.4000
25.3980
26.7440
25.8204
25.8703
27.3188
25.5026
26.1258
26.0885
26.0089
24.9020
25.5965
26.8741
25.5943
26.5779
26.7783
26.5876
25.7857
25.4852
25.5240
25.8103
25.7784
25.0526
27.4687
28.3561
25.9005
25.9845
25.9924
26.3715
26.5026
26.3480
26.5932
26.9842
25.6883
26.1633
26.5184
25.9103
26.3128
26.2015
25.0968
25.4616
26.6481
25.8617
25.9252
26.8776
25.7184
25.6674
26.4433
24.9350
25.3758
25.2882
25.4884
25.6736
25.6220
25.5731
24.7501
24.9280
25.2403
26.0483
26.0813
25.8395
26.5408
25.4117
25.0795
25.3297
25.8350
25.9628
25.2788
25.4392
25.1850
25.8924
24.6250
25.9642
25.5371
25.6189
25.3724
25.1128
25.7803
25.4679
25.1594
25.2123
24.7966
25.4207
25.8810
25.4251
24.6647
24.9821
24.7725
25.3252
24.9869
24.3661
24.9649
25.5455
25.2791
25.6202
25.2241
25.5345
25.4133
24.9745
26.0063
25.8535
25.2255
24.5333
26.1703
26.1728
25.9495
25.6431
26.1105
25.5634
25.2850
25.6003
25.0392
26.1203
25.1763
25.7507
25.4127
25.1368
24.8377
25.3766
25.4646
26.0385
26.3658
25.6228
26.6205
24.2888
26.3530
26.4321
24.6861
25.0227
25.2346
25.8287
26.4513
26.8207
26.4636
26.2433
26.6290
26.0847
26.7259
25.8904
26.4300
26.0425
25.3918
26.2034
25.5126
25.9756
26.2155
26.7297
26.5814
26.2921
25.7309
26.3477
26.1308
26.1378
25.9086
26.3177
25.5280
26.8252
26.1223
26.5364
26.6203
26.3696
27.1872
24.7398
24.8930
25.0666
26.1797
24.8470
25.6539
24.5064
25.3048
25.5147
25.2756
24.9060
25.8588
26.8882
27.0733
25.0284
25.9017
26.1793
26.7616
26.3551
25.5660
25.7486
25.5905
25.4934
25.9011
25.7893
26.7833
26.4829
26.5841
26.1713
26.1136
26.3457
26.7265
26.7835
25.4964
26.0632
25.9239
25.5473
25.3614
26.4931
27.0471
27.1339
26.9648
26.9470
26.7144
26.8781
27.0345
27.1626
26.5675
26.6127
25.7938
25.6519
26.2877
25.6287
25.6471
25.6379
25.4552
25.5052
25.2260
25.6514
26.2565
26.6493
25.6026
27.0391
26.0398
26.0706
26.1524
26.2553
25.8211
25.6788
25.4994
26.1673
26.0272
25.7985
26.2575
25.6092
26.3497
25.8901
26.7992
27.0631
27.2937
27.1081
26.2417
25.9687
26.1276
26.0999
26.2097
25.6459
25.7514
26.3799
