23.4628
24.1650
23.4261
23.1127
23.0251
22.9245
22.7802
23.4628
23.4720
22.9174
22.8717
22.3042
22.9742
22.8045
23.4115
23.5060
23.1368
24.0521
23.6350
23.0379
22.7774
23.1479
24.3590
23.6066
23.8959
22.8660
23.8250
24.3916
23.8656
25.3860
24.3407
25.4079
24.8106
24.6347
24.4573
25.1651
23.9222
24.9481
24.0683
24.8428
24.2448
25.2405
24.6173
25.3397
25.1872
24.9244
25.1677
25.1022
24.7068
24.8869
25.8399
24.2051
24.5309
24.7004
25.3477
24.4776
24.2351
24.3027
23.7574
24.3811
26.3459
25.5292
25.7100
26.2062
26.4304
27.4934
27.5610
26.6691
25.1502
24.9854
24.4555
23.8640
24.8780
24.0405
24.3873
24.2608
24.2298
23.7842
25.1210
23.9567
23.8411
23.5358
24.0842
24.2451
24.2558
23.6469
24.1120
24.2048
24.8306
24.0682
24.4930
24.4986
25.3685
24.4332
26.1022
25.0423
25.1963
24.6721
24.8630
24.7492
25.5489
24.5525
24.9593
24.6341
24.6054
23.7111
23.9278
25.5598
25.3550
25.9241
25.5951
25.7121
25.0049
25.2859
26.2976
26.3701
25.1912
24.2828
24.7452
24.9422
24.6925
25.2608
25.3003
25.0444
25.9016
24.9769
24.5695
25.4939
25.0762
25.6584
25.1153
26.2443
25.4881
24.6440
24.6974
25.2407
24.4483
24.2275
24.8513
24.8268
24.6279
24.5323
24.3030
24.5598
25.4127
24.4400
24.8101
24.8945
24.1669
24.9434
25.5287
24.8802
24.2457
24.2339
24.1891
24.8269
23.5571
24.0967
24.8049
24.7262
25.0293
24.8276
24.4159
25.4605
25.2345
24.3883
25.4058
25.1467
25.5017
25.4571
24.5806
25.0249
24.8649
24.9610
24.4720
25.0140
24.6680
24.8154
24.6955
24.3144
25.3299
24.3644
24.7061
24.6015
24.5092
25.2242
24.8093
25.0820
25.6164
25.4442
25.2702
24.3868
24.8412
24.8347
25.2130
25.3623
25.0772
25.6081
24.6420
24.2275
25.6282
25.1564
25.5158
24.9537
25.4428
25.0947
24.9453
25.6695
25.1503
25.5543
25.8545
25.3081
25.4726
25.3585
25.2953
26.4180
26.0906
25.9018
25.6624
25.0516
25.0484
25.4610
25.5557
26.4075
25.8060
25.2892
25.7733
26.2165
26.2166
26.1843
25.9424
26.0691
26.2261
26.4789
26.0303
24.9039
25.7235
25.7632
24.9613
25.5269
26.0771
25.5002
25.9671
25.6561
25.7936
24.8464
25.4004
25.2262
24.7459
24.3132
23.8701
23.9475
24.1350
24.5496
24.1640
23.8780
24.2874
24.8580
24.7159
24.2895
24.7774
23.9627
24.2777
23.8809
23.6623
24.5301
24.6418
24.3649
24.6367
23.9782
24.9667
24.4835
24.3468
25.0075
25.0805
24.5859
24.7600
23.8630
23.4999
23.7252
24.0137
23.8157
24.2229
24.4133
24.6258
25.1992
24.4052
24.6589
23.9515
23.0877
23.5003
23.8192
25.8223
25.3078
25.2321
25.4159
25.1668
25.3126
25.0337
24.9125
25.5007
25.3733
25.4259
24.9162
23.9221
23.2423
24.0879
24.8183
25.3415
25.2954
25.1959
24.4148
24.6883
24.8373
24.7021
23.2987
25.1738
23.9842
23.8350
23.8814
23.3433
24.3879
23.8007
24.3640
25.2060
24.7943
25.3504
25.5423
24.7739
24.4736
24.7428
24.8611
24.2341
24.4553
24.5821
24.8098
24.6609
24.1110
24.5705
24.3492
24.3244
24.6550
25.0940
25.1079
24.1670
24.4502
25.6567
24.9159
24.5324
24.8490
25.2734
24.7917
24.0551
23.7556
23.3344
24.3009
24.0037
24.2935
24.3573
24.0746
25.0287
23.4520
23.7927
24.5110
23.7485
23.2088
23.4414
23.5965
24.0333
23.2412
23.4148
24.2805
24.2518
23.9828
23.4641
24.3495
25.2046
24.1696
24.4818
24.4324
24.0004
23.6250
23.7629
23.4264
24.1985
24.9783
25.3640
24.1769
24.0082
24.1976
23.1365
24.6197
25.1226
25.3023
24.4294
24.7092
25.5531
25.1978
25.0198
23.6709
24.0019
23.9794
23.9679
24.0784
24.5345
24.6595
24.4477
24.9693
24.9507
24.9516
24.8587
24.5282
24.7748
24.8978
24.7705
25.3389
25.3515
25.4765
25.3253
25.7752
25.8068
25.5717
24.2653
24.8458
24.9014
24.1539
23.4131
24.5640
23.8902
24.0545
23.9505
24.0727
23.7799
24.2798
24.6386
24.7338
24.9185
24.7774
25.6851
25.2063
23.6186
23.4757
23.2301
23.7526
23.5602
22.9665
23.0638
23.9408
23.4307
23.8843
24.2966
24.3479
23.8505
23.8973
23.9748
24.0663
24.9218
24.8656
25.2711
25.5968
25.5247
26.1882
25.5099
25.6895
26.8384
26.1485
26.4455
26.0903
25.7164
25.4965
26.0447
26.4542
26.2618
26.7183
26.1370
25.7554
25.9397
26.9149
26.4012
26.6971
25.6073
25.3827
24.6151
24.5043
25.4222
25.6550
25.8805
26.5181
27.8731
26.4405
26.8492
26.6190
26.5661
26.7564
24.6636
25.6519
25.1187
25.8616
25.0043
26.0815
25.8787
26.2687
25.1348
25.3855
25.7463
25.2672
25.6396
25.7238
24.7613
25.1764
25.2730
25.2854
24.9236
24.9878
25.5159
25.4372
25.1566
25.6709
26.9513
25.4243
25.4989
25.5784
25.8412
24.7164
25.0543
25.3309
25.1847
25.6111
25.3075
25.2365
25.5532
25.9096
26.8274
26.7109
26.1484
26.6024
26.2618
26.3644
26.0463
26.1315
27.0845
27.2128
26.4088
27.0636
26.4817
26.8867
26.8963
27.6521
26.9346
26.9630
27.7276
28.0601
27.0850
25.9538
25.4597
26.4609
26.2210
26.3012
26.7364
26.0403
25.8548
26.1434
26.6849
27.5391
26.2970
26.2096
24.4489
26.2020
25.7295
26.3724
25.1922
24.5449
24.1789
24.6231
24.5396
24.9916
24.3987
23.8608
24.2696
23.8384
23.6743
24.0200
23.6613
24.4375
24.8786
24.5095
24.0531
24.6768
24.7043
25.1075
24.8063
24.9416
24.1142
24.8718
25.3252
24.3899
25.8674
25.6567
26.3215
25.7942
25.5498
25.0564
24.7262
24.7444
25.3249
25.1357
25.7431
25.1935
25.0193
26.1179
25.7502
24.5154
25.0759
25.1014
25.1520
24.9973
25.6094
24.8925
25.2244
25.9043
25.1731
24.5916
24.4733
24.3503
23.7529
23.3532
22.7957
23.5341
23.5007
23.1473
22.8069
22.9901
22.9284
22.4091
23.1821
22.9032
23.2906
23.9519
24.2388
23.7337
23.7719
24.3193
23.7798
23.6540
23.7299
23.2544
23.2348
23.6064
23.4899
23.2628
23.4890
22.9380
23.4456
22.8205
23.2444
23.7612
23.9894
24.9384
24.6653
24.5350
24.5768
24.4286
23.7864
24.4743
24.3689
25.1129
24.8810
24.5872
25.0389
25.1047
25.0240
26.1862
26.5489
27.0273
26.7303
26.8608
27.1896
26.6682
27.2203
26.9106
25.6064
25.9018
26.2522
25.6644
24.9069
24.8375
25.7464
25.5153
25.7547
26.3004
26.4187
25.8953
25.9335
26.0679
25.2262
25.4958
25.1545
25.0982
24.4267
24.7825
25.2350
25.3274
25.0482
25.5808
24.6176
25.1606
24.9281
25.5696
25.4795
26.1210
26.3323
24.8450
25.8152
25.7916
25.8314
25.0375
25.0366
25.0128
25.0673
25.1683
25.1503
25.4058
25.5384
24.6077
24.7557
24.1536
24.8486
25.8675
25.2835
25.5225
25.2409
26.4870
25.5192
26.1611
26.2460
25.7286
26.5283
25.9091
26.3344
24.8975
25.3787
25.0693
25.4218
25.4665
25.3853
25.6328
25.8087
25.9303
25.1812
24.9512
25.4888
24.8609
26.0231
25.1938
25.8371
25.8211
26.0915
26.3167
26.1356
25.7410
25.8856
25.7646
26.2789
25.7452
25.6317
25.2361
26.2186
25.0935
25.6880
25.5039
25.4409
25.8769
25.5070
25.4507
25.3007
25.2278
25.3188
25.4601
25.1291
24.9345
26.1803
25.5050
25.8925
25.9725
25.8664
24.5287
24.5257
23.7244
24.9192
25.2245
24.8448
24.6190
25.0259
25.0157
26.7635
25.9537
26.2550
25.8872
25.6952
25.4312
24.9204
25.8056
25.3493
25.3807
25.3203
25.1998
25.4207
25.2519
25.8113
25.8449
25.8755
25.4529
25.0960
25.2990
26.1933
25.8289
25.6707
25.6473
25.3291
25.1136
25.4786
25.7076
25.3471
26.2847
26.0076
25.9550
26.2231
26.5450
26.7218
25.8994
27.1235
27.1127
27.0086
25.8075
25.7336
26.0933
26.1373
25.2990
25.4830
25.2140
25.3927
25.4945
25.4970
25.5654
25.9101
25.3988
25.1098
25.6015
25.8289
26.8753
25.9021
27.1037
26.1074
26.1675
26.8585
27.2061
27.6059
27.4669
27.1674
27.2574
27.5587
26.7894
27.8138
26.9958
26.0734
27.5347
26.3945
26.9726
26.5988
26.5884
26.5159
26.1258
27.6160
27.2023
27.0975
26.6393
26.7036
25.7390
25.8788
26.5123
26.4573
25.9431
26.9885
27.2626
26.3931
26.0689
26.3598
26.0372
26.3137
25.4070
23.8970
23.8449
23.9098
24.4028
24.9275
25.2400
24.7498
24.9952
25.6185
25.5482
26.5801
25.4835
25.6840
26.9231
26.9834
26.5352
26.3030
25.8732
26.3197
25.3835
25.1293
25.8052
26.5941
26.3215
26.3490
25.8115
25.9363
25.8894
26.5078
25.3229
25.9321
26.2475
25.9705
25.1391
26.3620
26.4720
25.8343
25.8864
25.6666
25.9333
26.5958
25.6593
27.7168
27.2772
26.3219
26.5276
26.5395
25.9718
25.9141
26.4926
26.6964
26.4405
26.6505
25.9728
25.6887
26.1257
26.0404
26.2050
25.3531
25.7282
26.3144
26.1743
25.6229
25.8780
25.6104
26.2988
26.5368
25.6947
26.3852
25.6813
26.2544
25.2669
26.2896
26.6278
25.7942
26.0057
24.1731
26.0822
25.8466
25.2886
25.7279
26.6962
25.8132
25.9860
25.5664
25.1601
25.1628
24.4617
24.2996
24.9001
25.1236
24.5024
25.5427
25.2315
25.6894
25.7207
25.6264
25.3153
25.3702
24.5963
24.9318
25.9620
25.7732
25.1693
25.5603
25.6086
25.7577
25.7589
25.6993
27.4420
