23.1284
22.9422
23.4933
22.8425
22.6022
23.1648
22.3343
22.8362
23.6578
23.4532
23.7535
23.2661
23.2998
22.5456
23.3115
23.3300
23.5212
22.8336
22.8914
23.5937
23.7632
23.2074
22.7845
21.7234
22.7915
23.4113
23.4905
22.8674
22.8478
22.9782
22.9381
22.6620
22.6539
22.7619
21.9740
22.5653
22.2427
22.6072
22.5379
22.7706
22.8610
22.8391
23.3322
23.6168
23.4363
22.8481
23.3031
23.1643
22.8007
21.9817
22.1741
22.5227
22.6101
23.2487
23.0229
22.6283
23.0251
22.9307
22.4824
23.0788
23.0113
22.7863
23.1265
23.1239
23.0001
22.7738
22.5362
22.4305
22.5483
22.2301
22.4556
22.0516
22.9428
23.1206
22.8967
22.3680
23.2330
23.3268
23.1371
22.6957
22.5735
22.8853
23.0290
22.6767
23.0000
22.9177
23.2843
22.4829
22.8241
23.0228
23.6323
23.0228
23.4581
23.8336
22.9072
22.5844
23.0601
22.7950
23.0769
22.5119
22.6049
22.9821
23.1158
22.6586
22.7545
23.4702
22.9407
22.6448
22.4408
22.7400
22.7612
22.9352
22.9307
22.6615
22.8188
22.8089
22.6691
22.8536
22.8536
23.2347
22.8437
22.7167
22.5425
22.1321
22.8078
22.9891
22.4313
22.4868
21.7633
22.3929
21.9362
22.1708
22.3436
22.3305
22.1640
23.2614
22.0451
21.6779
22.0635
21.6336
22.0088
22.7384
22.2542
21.7496
21.5452
22.0381
22.0321
22.0600
22.0232
21.4560
21.6986
21.5010
21.8826
21.7051
21.7563
21.1665
21.6059
21.6089
21.4685
20.9393
21.5926
21.4171
21.2711
21.2933
20.8457
21.1284
21.6616
20.9603
21.4135
21.3440
21.1378
21.3211
21.0646
21.2658
21.2706
21.2310
21.0922
21.2813
20.9958
20.9595
20.9850
21.7355
21.3116
21.1628
22.3237
21.8036
21.8626
21.7621
21.3560
21.6879
21.7521
21.5807
22.1507
22.0227
21.6949
21.7399
21.6032
21.4556
21.3151
21.0301
21.8743
22.0038
21.8129
21.7799
21.7327
21.5630
21.5791
21.5875
21.3245
21.9822
21.2879
21.3173
21.4657
21.5811
21.2409
21.3738
21.3730
21.0916
21.4357
22.5144
22.4145
22.3983
21.6101
22.1811
22.1000
21.9928
21.7055
22.0581
21.7703
21.7141
21.1966
22.1385
21.3830
21.8411
21.8800
21.5373
21.5630
21.6992
21.9638
21.1705
22.1520
21.5025
22.0218
21.7062
21.7965
21.3847
21.5600
21.6455
21.5133
21.3970
21.8590
21.6706
21.4669
21.6878
21.6183
21.2912
21.6188
21.6448
21.5680
21.4118
21.6241
21.4577
21.8232
21.4301
21.6639
22.1030
22.2201
21.4076
21.1285
21.2942
21.9688
22.0567
22.2997
22.7470
22.4301
22.0787
22.0245
21.8972
22.5696
22.0495
22.0243
21.9019
22.2893
22.1632
22.3850
21.9462
22.2707
21.8451
22.4208
21.5545
21.5885
22.0365
20.9423
21.8135
21.7994
21.5832
21.8488
21.5958
22.4198
22.2811
21.7192
21.7709
22.0090
22.3100
22.7000
22.3562
21.6206
21.8730
21.6939
21.6377
22.4157
21.7910
21.7197
21.8730
22.0588
21.5670
21.6704
21.7107
21.6563
22.2554
21.9899
21.6841
22.0595
21.9344
22.2608
21.8688
21.6301
21.6442
22.1649
22.3205
21.7252
21.8720
21.4886
22.2520
21.5662
21.9315
21.6542
21.5154
22.4785
22.4100
22.7862
22.7420
22.4673
22.0117
22.0893
21.4477
22.3253
22.2345
21.2891
21.9180
22.2962
21.7180
21.9210
21.8082
21.8942
21.8488
21.5574
21.4286
21.7452
22.1164
22.4840
21.9677
21.8814
21.3456
21.7997
21.8838
21.9060
22.2448
21.5827
21.2878
21.9149
22.2221
22.0371
21.5724
22.6223
21.9441
21.9741
22.1889
21.8800
21.5816
21.4224
21.4554
21.8710
21.6023
21.7590
21.3152
21.6307
21.7613
22.0041
21.2138
21.8130
21.6847
21.7139
21.9795
21.9776
21.6384
21.5762
21.5503
21.9063
21.7231
21.3835
21.3334
21.6230
21.1437
21.5296
21.7468
21.8328
21.9188
21.4147
21.9470
21.7755
21.6923
21.2202
21.0324
21.9362
21.5682
21.6491
22.0550
21.4672
22.1580
22.4294
22.4880
22.2698
22.5972
22.4732
21.8503
21.7172
21.3428
22.0234
22.0380
22.4505
21.8876
21.9010
21.4779
21.8715
21.9626
22.1039
22.1383
22.1978
21.7140
22.5410
21.9249
22.0626
21.7509
22.4111
22.3445
22.3680
22.0470
21.8973
22.2170
22.1797
21.5300
22.3044
23.0276
22.7819
22.2794
22.6405
22.1067
22.0110
22.0055
22.3099
21.7913
21.7224
22.2739
22.1096
21.5865
22.4868
22.2909
22.7046
22.2264
22.6627
22.7279
22.8362
22.7264
22.8666
22.5919
22.8177
22.0312
22.3521
23.0304
22.6687
23.6870
22.5540
23.1016
22.4446
22.6195
23.2318
22.2593
22.9357
22.6714
22.6726
23.0876
22.6995
22.9063
23.1047
23.3180
22.7259
23.1124
23.4569
22.8469
23.3995
24.3569
23.5289
22.3775
23.0884
23.0134
22.6228
22.7847
23.4373
22.6608
22.9780
23.5282
22.5215
23.1620
22.6366
22.6727
22.5921
23.3796
22.5918
23.0396
22.2411
22.3202
22.1809
21.9712
22.6378
22.7742
22.9185
22.3519
22.7694
22.5818
21.9368
23.1359
23.1062
23.3770
23.4466
22.9855
22.6110
22.8297
22.7115
22.2596
22.1635
22.3808
23.0929
22.7459
22.7282
22.3339
22.6412
23.3143
22.6041
22.3705
23.0332
22.4599
23.0105
23.3036
22.8036
22.3997
22.5202
22.3793
22.8296
22.4859
22.2065
21.5605
21.8301
21.4082
21.5028
22.1904
22.5666
22.9882
22.3641
22.8035
22.9936
22.9647
22.8751
22.2424
22.7420
21.8737
22.3319
22.3420
22.1531
22.2365
21.7240
22.3830
21.9422
22.3033
22.4469
22.3192
21.9104
22.8058
22.7404
22.3699
22.5758
22.6267
21.8274
22.1214
22.2770
22.6807
22.7250
21.8256
22.5232
22.1949
21.8427
21.9117
23.3957
23.4911
22.7493
22.9142
22.6960
22.5305
21.9275
22.1719
22.3035
22.2201
22.5542
22.3472
22.6056
22.1769
22.5208
22.4866
21.8877
22.3381
21.9854
21.7571
21.9906
22.5675
22.3294
22.7206
22.6323
22.3642
22.4734
21.6985
22.4740
21.7769
21.5969
21.8325
21.6039
21.5371
21.4332
21.7123
21.7385
21.7916
21.7973
21.8702
21.4971
23.0453
23.2288
23.8351
24.0777
24.0451
23.3853
23.7078
23.1643
23.5123
23.2058
23.2317
22.9105
23.0763
23.6160
24.4239
24.5091
24.6480
24.1416
24.2428
24.8633
23.9491
24.1809
24.9457
24.9580
24.4633
24.3887
24.8561
24.6385
24.1961
24.2773
24.7468
24.3248
24.9469
25.5621
25.1736
24.9460
25.0639
24.1062
24.0853
24.2824
23.8740
23.0386
22.9670
22.4552
23.4842
22.2394
23.5515
23.0843
22.8355
23.1198
22.7105
22.9835
23.1955
23.2843
23.4121
23.4381
22.9805
22.8579
22.9602
22.8755
22.6486
22.7066
22.2794
22.8944
22.9501
23.2881
22.3955
22.4536
22.5035
22.1068
22.8345
22.7924
22.5073
22.5257
21.4935
21.3615
21.7774
22.9144
21.9527
21.6500
21.6429
22.0041
21.6484
22.3197
21.8493
21.8447
22.3015
22.0385
22.3271
22.4439
22.5991
22.0296
22.7632
23.0545
22.3084
21.4669
22.0620
21.7349
21.9920
21.8495
22.1569
22.5219
22.2395
22.4190
21.6336
21.9317
23.7098
22.8324
22.7072
23.7478
23.1670
23.6931
23.8118
23.2545
23.4236
23.5611
22.7363
24.3017
23.4187
23.1061
23.3473
22.7231
22.7639
23.4302
23.3694
23.4042
23.4766
23.1074
22.5657
21.9248
21.2213
21.3334
22.6614
22.4696
21.6352
21.4145
21.6367
21.9893
22.3364
22.9949
22.9214
22.8079
22.6845
23.2183
22.6059
22.3747
22.2461
22.8970
22.4312
23.2346
22.4615
23.0218
22.3293
22.5986
22.4166
22.5829
21.6777
21.4410
22.1294
22.6807
21.8087
22.7350
23.2004
22.8529
22.1814
22.3917
22.0651
22.3380
22.4562
22.4466
22.3951
22.3343
21.6820
22.1014
21.6219
21.0838
21.1167
21.6823
22.4058
22.2658
22.7596
21.9301
23.0004
22.2987
21.9272
22.1785
21.8083
22.7738
22.4903
23.0003
23.4199
22.7659
22.9688
22.8578
22.6232
23.5237
23.8893
23.5641
22.5995
22.1566
22.4033
21.8479
21.6180
22.1767
23.3588
23.4065
22.3024
22.4478
22.2942
22.9486
23.4280
22.9049
22.6778
22.3109
21.8256
22.1630
22.3768
22.7913
23.5992
22.7419
23.5517
23.5333
23.2670
23.1713
23.4343
23.5435
22.3466
22.9424
22.6632
22.4556
22.9746
22.7668
23.1285
22.5399
22.3477
22.4810
22.6403
22.2722
22.5485
21.9904
22.0726
22.8293
23.1828
23.2147
23.2361
22.3297
22.5734
22.3797
22.3822
22.2570
22.3410
22.4237
23.2311
22.6999
22.3127
22.5657
21.8069
22.3936
22.9333
22.5763
22.7616
22.1763
22.0630
22.6884
21.9424
22.3210
22.3723
22.3162
22.6083
22.4265
22.7532
22.6897
22.1577
22.1815
22.1885
22.7245
22.7586
22.4712
22.9149
23.1691
22.9598
23.0630
22.6229
22.6908
22.8828
22.5721
22.1222
21.8003
22.1756
22.3916
23.9465
22.7685
22.7798
22.5662
23.0816
23.4855
22.6532
23.5017
22.1329
22.8493
22.9941
23.2892
23.3138
23.2020
23.3707
23.7810
23.6864
23.3837
22.8502
22.7545
22.8188
22.3752
22.3468
22.4797
23.0920
23.3719
22.7033
22.5220
22.2765
22.9660
22.7079
23.1617
23.3872
23.1998
22.9283
21.9477
22.5766
22.8049
22.4133
22.7153
22.4041
22.6116
22.3121
22.9305
22.5069
22.3346
22.4775
22.2705
22.7345
22.5262
22.1169
22.9036
21.9823
22.5417
22.5741
22.9695
23.0610
22.5259
22.6773
22.4613
22.2796
22.2649
21.5296
21.7950
21.8588
21.9434
22.8372
