22.0141
23.0066
23.5525
23.6743
22.7443
22.6796
22.6460
23.0090
22.0250
20.6818
22.5877
23.0691
22.4866
22.4242
23.2215
21.2560
20.2648
21.2887
22.0594
21.6840
22.3720
22.8411
23.2159
23.2106
22.9079
22.7878
22.6908
23.7882
23.1328
22.5352
23.2454
23.2548
23.4726
23.9701
23.3415
23.4209
24.3398
24.0802
23.6805
24.4041
23.8722
25.4066
24.7705
24.3787
23.1342
23.2266
22.3911
22.6199
22.1823
22.6619
21.2045
21.4897
22.1909
21.4269
21.9725
21.3896
21.3519
20.6518
20.5264
20.8819
22.2207
22.5491
23.0895
22.9513
22.8417
22.9836
23.0193
23.5959
22.1262
23.4310
24.3807
23.3927
23.4892
21.8231
22.7149
22.8528
23.3263
22.4384
23.2695
23.0961
22.0316
22.7926
23.4546
22.9530
23.0047
23.4373
23.8868
23.8912
24.1492
23.5991
22.8241
23.1302
23.4607
22.6843
23.3132
22.6469
22.6725
21.6846
21.2200
21.4039
21.1955
21.7126
22.0727
21.5769
22.4685
22.5264
21.7956
21.7810
22.0945
22.6744
22.5955
20.8098
21.9208
20.9088
21.6551
21.5614
21.2307
21.3915
21.9534
22.8136
21.6548
21.7758
21.9008
20.9865
21.3689
20.7886
20.7666
20.6079
20.5263
21.4264
21.5438
20.4440
21.5642
21.6803
20.9674
22.8505
21.7434
21.9463
20.9463
21.1617
21.4122
21.5361
21.2913
21.1169
21.2071
21.7512
22.1035
22.6212
22.3829
21.7457
21.7059
21.4608
22.0253
21.4004
20.9264
22.5277
21.3924
21.2681
20.2723
21.1939
21.6673
21.1697
22.8079
22.4715
22.1583
21.9623
22.1463
22.4475
22.3775
21.1020
22.0446
21.6584
22.7552
23.6527
22.6155
22.2132
22.4557
22.0221
22.3913
22.2741
22.2528
22.2751
22.3245
22.6391
23.2552
23.5505
24.2123
24.3964
24.0611
23.2490
23.0669
25.2229
23.8273
23.4988
23.4377
23.7578
25.1853
24.0051
24.2023
23.8160
24.3855
24.2723
24.1987
23.6000
24.0298
22.4083
23.3755
23.3259
23.2306
23.2054
21.9902
23.1139
21.8290
22.4236
22.3507
22.9025
23.0543
22.8833
24.1360
23.9586
21.8390
23.2900
23.3088
23.6701
23.1650
23.5613
23.0403
23.4847
22.9246
21.8868
20.8666
20.8938
20.8102
20.6760
21.2962
20.9326
20.8630
21.1272
21.5703
22.8195
23.5130
22.8381
24.0868
23.2529
21.8370
21.7084
21.8963
22.5281
23.1763
21.8041
22.0884
21.9443
21.3978
21.3376
20.6498
21.4912
21.4155
21.3134
21.9842
21.5939
22.2066
21.8378
21.6560
22.7864
23.0069
22.0207
22.4706
21.7124
20.6488
21.9253
22.0669
22.0131
22.3849
23.8379
22.7275
23.2088
22.8492
22.3688
22.7353
22.4843
24.9995
24.0543
24.1006
23.4807
23.5041
23.3267
23.4117
25.6475
24.8746
25.3587
24.8625
24.4544
25.2293
24.3210
23.1509
23.3569
23.3214
24.5515
25.0372
24.1582
23.7312
23.6643
23.4263
24.0733
22.6401
22.6700
23.9676
23.1276
21.3642
22.1202
23.3413
23.6231
21.8446
22.0652
21.2090
23.2144
22.4155
23.0902
23.3208
24.0598
23.2434
23.3410
23.3801
23.9748
22.8075
23.8885
22.9648
23.0678
24.4803
24.5767
24.9289
24.5053
24.0710
22.8921
24.4452
23.4948
23.9278
23.5337
23.2361
24.4374
23.2136
22.9427
22.9558
23.0875
22.5125
23.7262
22.6037
22.5293
23.7208
22.6775
22.5634
23.7598
23.1152
23.0861
23.9492
23.1052
22.6323
22.2551
22.6901
22.6031
22.2863
22.1126
22.4588
22.5852
22.2601
23.0619
22.9834
22.9296
23.1682
23.0126
22.6314
23.1018
22.1948
22.5400
21.9816
20.8688
21.9083
21.8382
21.7831
21.9708
21.6674
22.9630
22.7618
21.5278
22.1371
22.6504
22.4850
22.7455
22.1835
22.6145
22.9769
22.3083
23.0904
23.0229
21.7956
21.9488
22.0045
23.7500
23.8914
24.0069
23.2082
23.8164
22.6253
23.9555
23.8853
23.4331
23.1344
22.8136
22.9954
23.7655
22.5881
23.0582
22.8397
22.5050
22.8606
23.5567
22.0108
22.5918
22.1110
21.2601
21.7604
21.5070
21.4684
22.3289
21.3187
20.5661
21.2595
20.7776
21.4599
23.2551
22.3940
21.9124
22.2700
22.7635
22.8507
21.2895
21.8434
21.4185
22.2676
23.2644
23.3519
22.3226
23.3922
23.2021
22.8137
21.8321
22.3594
22.3682
22.9204
23.3027
22.7098
22.6591
22.7045
22.7476
21.2292
22.7282
21.8919
22.3223
21.8771
21.0176
20.6550
21.1929
21.3534
21.3218
21.5708
22.1036
22.7124
22.2913
22.0385
21.5248
20.9203
21.8017
21.7815
21.8551
22.4372
22.8949
22.5997
23.0756
22.6330
22.2623
21.7530
23.1000
22.3442
22.3793
22.6465
22.5732
22.5355
22.6824
22.8117
21.8920
22.0012
21.5327
21.8099
22.4723
22.4008
21.6278
22.5620
22.5738
22.7737
22.8280
23.0622
22.5658
22.2289
21.8919
23.0870
22.2922
22.6200
21.7484
22.4508
22.4400
22.1636
21.8712
21.9264
23.3635
23.5244
22.7111
22.4968
20.9472
20.5176
19.7283
19.8603
20.2661
19.7730
20.0610
19.7223
19.9714
19.6337
19.8915
19.9087
20.4401
20.7118
19.7312
21.1962
19.6112
19.6028
20.2393
20.8513
21.9365
22.0774
22.8318
21.9445
22.5172
21.3637
21.4753
22.7018
21.8977
21.7905
22.3883
22.7711
22.0026
22.2377
22.7683
22.6126
22.1513
21.1212
21.8067
21.9480
22.4507
21.9172
20.6629
20.9723
20.7213
20.7333
20.7521
20.8313
21.1882
20.3628
20.6387
21.9777
21.2641
21.5154
21.4215
22.5360
21.9242
20.6840
20.9733
20.9789
20.6897
21.0244
22.8171
22.4069
21.9893
21.3835
22.6237
21.1080
20.8753
22.3014
21.8697
21.2185
20.8482
20.8901
22.0612
23.6534
22.9928
23.7867
21.6294
22.0974
22.9328
24.2865
23.9383
24.2298
23.5552
24.1409
23.3788
23.1291
22.8015
23.3259
23.8480
24.1510
24.9364
26.7330
25.7838
26.0454
24.6663
24.4036
24.4820
25.3797
24.8820
24.1649
23.0915
22.8045
23.6136
23.7011
22.6918
22.6742
22.3697
22.5447
22.2842
22.2240
21.9235
21.5614
22.4054
22.1660
22.5275
22.9958
22.9608
21.7774
20.9064
21.7405
22.3144
22.4430
21.7599
21.8783
21.4459
21.1213
22.1579
20.8406
21.6508
21.8167
21.1013
22.4853
21.4675
23.1669
23.1132
22.7965
23.2309
22.2230
22.3161
22.2576
22.3410
24.2501
25.3759
25.5812
23.9592
23.6314
23.7125
23.7406
23.2963
24.1199
23.2357
23.7789
22.8861
22.5823
22.7332
22.0589
21.4941
21.3136
21.2435
21.4336
21.0006
21.1265
22.2771
22.5179
21.8273
20.9712
21.6737
21.4855
21.6820
21.8681
22.4966
21.7231
21.5678
22.4615
21.9615
21.7864
22.5082
23.6579
22.3845
21.4325
21.5285
20.4127
22.4596
22.4233
22.3957
22.3484
22.0183
22.5422
23.0572
22.7959
23.2066
22.0254
22.6597
21.8257
22.2715
21.9021
21.9586
21.3384
22.0569
22.2122
22.4207
23.0914
22.8367
23.7193
23.5583
23.5060
23.4300
22.9416
23.2229
23.3559
22.9342
23.4107
22.8886
22.8279
22.9376
23.0938
22.6122
23.4303
24.4544
23.4635
22.8562
22.6748
21.1437
21.0374
21.1019
20.9472
20.9290
21.4747
21.2824
23.7724
24.3816
23.1341
24.2188
23.1219
23.1025
22.8609
21.8443
21.5236
23.0408
22.7831
22.9471
21.9026
22.8804
23.5198
24.6256
24.3821
23.8450
22.9326
23.8106
25.0085
24.2507
23.9764
24.6412
24.5849
23.9244
23.7579
24.1437
24.2288
23.6033
23.5483
22.6834
22.7019
22.9690
23.3995
22.8676
23.8487
23.8198
23.6359
23.4196
23.9410
24.7669
24.6447
24.0918
23.9371
24.9038
25.6990
23.4721
24.0543
25.1478
24.7098
24.6594
25.3182
25.5350
24.9846
24.5933
24.0620
25.5063
24.3001
24.0994
26.1479
24.6057
24.3899
24.1904
23.2441
23.0328
23.4750
22.2177
21.7870
21.7380
23.8624
22.9854
23.5209
23.7337
23.0935
22.5710
23.9651
23.7031
23.7551
24.6616
24.6391
24.5180
23.5952
24.0372
23.9469
23.2240
24.6784
23.7804
25.8484
25.9154
24.1162
25.1410
24.3831
24.4257
24.1506
25.4701
25.8640
25.4471
25.0707
25.6526
26.4382
25.9891
26.5380
26.6136
28.0715
27.4765
27.8048
26.7690
25.6238
24.4744
23.5002
24.3918
24.5504
23.6698
23.9909
24.1675
24.9627
24.8105
24.8307
24.3602
24.4587
25.0353
25.1037
24.1144
25.0122
24.4905
24.1075
24.3501
23.5190
23.9842
23.9831
23.1884
24.5343
24.9335
25.1543
24.7423
24.8675
25.3201
25.4826
24.7586
24.4405
24.3420
24.0710
25.3968
25.6709
24.6931
22.8146
24.3084
25.0709
24.9289
25.4280
25.2388
24.9118
23.4677
24.3755
24.9711
25.9644
24.6111
25.5825
26.4364
24.7519
24.2848
25.2491
24.8064
26.4212
26.3957
25.3947
25.6401
24.8056
25.1561
24.0833
24.1389
22.4577
23.0417
23.8547
23.0358
24.5900
24.6803
24.3041
25.1466
24.2281
24.2090
24.6588
23.5769
23.1573
24.4600
24.5514
23.0811
23.6790
23.4619
24.8987
24.4862
24.9959
25.5288
24.0780
23.0433
23.7571
24.3225
24.3798
24.1323
24.3749
24.1717
24.3428
25.3624
24.8515
24.0487
25.6947
25.6806
24.9332
25.4712
25.3302
24.9943
24.3342
22.7821
24.9211
25.1646
24.9566
25.3179
24.9155
25.3007
24.7459
25.4301
24.9570
24.8962
24.4999
24.1639
22.7501
24.1987
23.8885
24.0187
23.1794
23.8305
22.7457
21.9985
23.3383
24.4755
25.6124
24.9719
25.6938
24.9770
25.3833
25.8601
26.6169
26.5653
27.6540
25.4648
25.6834
25.1582
24.9086
26.2905
26.6817
27.0904
