23.4034
22.9901
23.6508
22.8159
23.2755
22.5976
23.0571
23.1778
22.7201
22.4497
23.2461
22.1960
22.5827
23.2532
22.3608
22.9489
22.7975
22.6228
22.2827
22.6480
22.7902
22.5033
22.6382
22.8595
22.2467
22.4505
22.2114
22.4112
22.6549
22.6279
22.8812
22.7372
22.2964
22.9539
22.6836
23.2561
23.2382
22.9658
23.1808
23.5076
22.2762
22.3927
22.0392
22.9977
22.3774
21.9982
22.2055
22.3775
21.8344
21.9232
22.9195
22.9128
22.5759
22.6023
22.4447
22.0358
21.8582
21.8198
22.0625
22.7875
22.7465
22.5573
22.0559
21.7624
21.9924
22.3254
21.8311
21.1892
22.0159
21.8278
21.6445
21.8474
21.6167
22.1057
22.3803
22.0843
22.2465
22.3040
22.5289
22.7604
22.2624
22.8014
22.6107
22.1018
22.1609
22.9628
22.3609
22.1872
22.3439
22.6151
22.0282
22.0736
22.3452
22.1190
22.4083
22.2827
22.4471
22.2595
23.1906
23.6645
21.9655
22.3301
22.1064
22.0753
22.1704
22.6237
22.4757
21.8747
21.5711
21.6903
22.0725
22.3134
22.1421
22.1323
21.9399
22.4134
21.6080
22.6365
22.5360
22.3306
22.4397
21.2232
22.2096
22.1156
21.8409
21.9460
22.1819
21.6452
22.2286
22.0313
22.5000
22.1785
22.3167
21.8636
22.1656
22.0503
21.9546
22.2340
22.6907
21.8630
22.1206
22.3720
22.4907
22.1465
22.2373
22.0962
22.2081
21.1525
21.9885
21.9190
21.2309
22.7222
21.9711
21.4739
21.7664
21.3368
22.1893
21.8501
21.5161
21.6873
22.1980
21.4918
21.0432
21.0663
21.5831
22.0074
22.1720
21.7101
21.3038
21.5087
21.3263
21.1778
21.3071
21.3740
21.6478
21.2832
20.6293
20.9740
20.8101
21.3204
21.4386
21.6018
20.8295
20.8242
21.1740
20.6031
21.2497
21.3583
20.8816
20.7776
20.8306
20.6017
20.7037
20.8218
21.3062
21.5784
20.3604
21.1638
21.0632
21.0866
21.0908
20.7985
21.0775
21.0709
21.2236
21.0085
20.5209
21.8817
21.7408
22.4261
21.8695
21.5784
20.7667
20.7988
20.9508
21.2423
21.2674
21.1959
21.0829
20.8836
20.7710
21.2536
20.9486
21.3809
21.2345
20.9414
21.2743
21.2095
21.0933
21.2480
20.9727
21.0540
21.0905
20.2507
21.2930
20.2902
20.4102
20.8472
20.3832
21.4256
21.6003
21.4959
21.0384
22.1026
20.9959
20.8996
20.8920
21.0749
20.5278
20.6567
20.9579
21.2912
21.3586
21.8206
20.9095
20.9809
20.7287
19.9229
20.9176
21.2855
20.9758
20.0310
20.4728
20.7587
20.7890
20.6359
21.1251
20.2915
20.9238
20.8505
20.8310
20.5136
20.3358
20.6291
20.4698
20.4849
21.2985
20.9307
21.3155
21.5844
21.0288
21.3986
21.2728
21.4543
20.7342
21.5313
20.6992
21.1248
20.4512
21.6130
20.8577
20.4757
20.4730
20.4844
21.0214
21.0484
20.9664
20.6042
21.0120
21.5454
21.5464
21.4135
21.3795
21.9372
22.0621
21.8198
21.1862
21.0340
21.8640
20.8929
21.2864
21.4400
21.3345
21.3249
21.6697
22.3497
22.1344
21.7393
21.1093
21.7953
21.4249
21.8049
21.5026
21.4046
21.8380
21.5424
21.0654
20.7316
21.5519
21.6098
21.3294
22.0441
21.8597
21.7658
21.2929
21.9216
21.7877
21.4140
21.6194
21.5815
21.7536
21.8282
21.4732
22.1113
21.3639
21.4287
21.2458
21.5877
21.5523
21.5489
21.6145
21.9219
21.4918
22.2639
21.2592
21.5768
21.5821
22.1734
21.9612
21.4808
21.2757
21.9085
20.9961
22.2978
21.4710
21.9089
21.8169
21.9958
21.9292
20.9427
22.0831
21.1468
22.0570
21.5785
21.2899
21.8894
21.6110
21.8894
21.7043
20.8580
21.5310
21.4415
21.4338
21.5136
21.7875
21.8409
22.1210
21.6629
21.1459
21.5332
22.0880
21.0577
20.7692
20.8220
21.6707
22.8213
21.8513
21.7811
21.5571
22.1237
