23.9409
21.7903
21.8875
23.1704
21.5262
22.3225
21.4838
23.0804
21.3219
22.3572
20.8694
21.5568
22.2618
22.4150
22.1970
21.2855
21.6844
22.1367
22.0737
23.8024
22.4209
23.0175
22.1480
21.5348
21.7544
24.5411
21.9737
21.7550
23.0771
22.1845
23.5372
22.2414
21.6706
21.1406
20.6868
20.8147
19.8115
20.9179
20.8213
20.5203
20.8070
20.7437
22.0980
22.2019
22.1652
22.4492
22.9632
23.6684
23.7158
24.3281
23.4884
21.8418
21.3784
22.0447
21.3405
22.8330
20.7845
21.9177
22.4802
21.0774
20.7943
21.9082
22.1618
22.2842
22.5331
24.0088
22.3981
21.6619
24.3084
24.6025
23.2897
23.9594
22.4799
23.4188
21.8183
22.6169
23.7256
22.0588
22.2147
23.8576
23.1109
23.1992
22.1510
21.1203
22.0967
23.9166
21.3908
22.0420
23.4271
25.3286
24.6587
24.1942
23.0438
23.4973
21.3085
21.7313
22.3717
22.1786
22.4587
22.1704
22.8526
22.9789
21.9109
24.1073
23.2928
23.0131
22.1310
25.1558
26.2866
26.7242
26.9091
25.8058
25.6021
26.6609
23.9540
24.5761
23.7665
22.5441
23.8273
22.0193
23.1865
23.1283
22.4604
23.1879
24.0399
24.3609
26.5729
26.0474
24.3755
23.6165
23.3751
23.3512
23.3144
25.2081
24.6732
26.6402
25.3327
24.4265
24.9517
25.4001
24.4226
23.5799
26.0286
26.0785
27.3487
27.0463
28.1196
27.6643
26.5397
25.9704
28.1636
27.2771
28.2581
27.6820
25.0497
24.7672
24.8321
24.3827
22.9242
24.4808
23.6842
23.5782
27.9748
25.5852
27.9668
26.7937
29.1012
29.6490
26.3181
28.2206
27.5537
27.9016
29.0093
25.7981
27.9758
28.4646
26.2891
26.1605
28.0952
24.7264
24.7002
25.0084
25.7330
27.0301
27.7424
26.3760
26.2177
26.4510
27.1744
26.9566
26.8472
27.3960
27.9075
26.5172
27.7277
27.6765
26.4698
27.6580
28.7901
28.6118
26.4407
26.3874
26.9067
29.6779
30.0002
26.0210
26.1190
23.8260
25.6147
25.7456
25.2932
24.8696
25.2579
26.3195
27.1392
23.7094
23.5734
24.5311
24.7587
25.5862
23.9759
23.1760
23.8344
25.8456
25.4298
25.7198
24.3214
24.7505
23.7784
24.2404
25.1076
24.9299
23.8627
25.7550
26.1773
25.6644
25.3366
24.3757
24.4084
25.4950
25.3314
26.3698
26.4678
26.9459
25.3498
25.8223
25.5691
27.5601
29.3591
27.4542
25.1724
26.7724
25.8773
24.6751
24.6785
24.3717
24.2214
24.1159
24.4850
25.9257
23.4619
24.5141
25.2066
26.7933
25.5186
24.8053
25.7875
25.3544
23.1514
25.8531
26.3057
24.6569
26.5977
28.6450
27.0844
26.4863
28.7121
26.3660
27.7148
26.4768
28.2349
27.3799
27.4054
26.6922
26.1285
25.8691
25.8589
26.2649
24.9625
25.4496
26.4223
27.7434
25.1603
25.5050
24.0144
24.2567
24.8713
24.2105
23.8486
24.5961
24.8802
28.3088
26.7449
26.5908
29.2163
29.1827
27.4741
26.4784
26.4266
26.1616
28.4536
26.2830
26.6903
24.6618
25.2293
25.0507
25.0373
26.1602
25.7670
25.1210
27.9822
25.8564
26.8640
27.1076
25.8798
27.9286
28.7186
26.9066
27.1281
26.4072
24.8074
25.7144
24.1876
25.1911
23.3762
24.9087
24.1470
25.0350
27.0625
25.3508
23.7297
25.1278
26.6632
26.6168
27.9667
28.6597
28.1906
26.9868
23.5511
23.8254
25.7163
25.4882
27.0324
26.8228
28.2023
27.7122
29.4276
30.7691
29.0847
26.8726
29.4154
27.8414
28.2381
29.4199
27.5388
27.1657
28.5109
28.4774
28.4297
28.1772
26.6181
27.8168
27.7725
30.4100
29.5593
27.6382
27.3854
25.8250
26.4594
26.0935
26.9284
26.5640
26.5740
28.3337
29.1142
27.1942
26.6538
26.8654
26.4251
27.8863
26.9414
28.1188
27.6203
29.2207
31.2769
31.4654
31.0629
29.4200
30.6563
28.7115
