25.4683
27.2589
25.0961
25.5410
26.5959
25.5189
24.8052
26.3498
27.1651
25.4251
25.6159
25.7835
25.6111
24.8161
25.4181
25.0369
25.0196
24.1959
24.3601
24.9582
26.7245
26.6864
24.1284
24.0390
25.3018
25.3348
25.5220
26.1410
24.6100
25.8445
27.4349
27.0986
26.8955
28.7588
27.1099
27.3897
25.1514
27.2433
24.9614
23.7639
25.8496
25.8777
24.5559
27.4941
24.2487
24.6768
25.7406
23.8134
25.9589
24.1140
25.6731
26.1253
25.2432
26.0074
25.2315
24.9367
26.5760
24.8735
25.7769
24.8677
24.6072
25.8114
22.7190
26.9681
26.4206
25.5883
25.2513
26.8981
26.9183
27.2859
28.1146
24.0047
23.6829
24.9068
23.4981
25.9722
25.8924
24.4811
25.3297
27.0655
26.0604
24.5787
24.9310
25.7518
23.9903
23.5219
22.8096
25.6440
23.9901
23.5122
23.8798
23.1436
24.7602
22.6096
23.6914
23.8564
23.3038
22.9020
23.6759
23.7724
22.9123
23.1233
23.2291
23.0778
22.8100
22.9771
22.8059
21.2766
21.2977
24.1182
24.2428
22.7213
22.1649
22.5844
24.2065
23.5457
23.6483
23.2741
23.5211
22.9357
23.3168
22.7648
22.1723
21.8149
22.0576
22.6130
22.5471
22.7286
21.7000
22.0465
23.2615
22.3253
22.4610
21.2658
21.5780
22.0115
21.0449
20.8419
22.1138
21.9135
21.3592
22.1328
22.2065
23.0910
22.1974
21.8089
21.8735
21.5676
21.9684
21.2260
22.1551
22.0013
21.7168
22.9049
23.6252
24.4472
25.2632
24.4133
23.8189
24.0371
24.4522
26.4318
28.4425
26.7678
26.2590
24.9653
24.2922
24.3083
27.2094
24.2469
26.9122
26.2593
25.6687
24.3806
24.5312
25.8959
21.9998
23.6042
24.0647
25.4625
24.8137
24.2921
24.1123
23.9365
23.8452
25.0368
24.5888
23.6078
24.3032
23.9863
25.7052
24.6828
23.8075
23.6995
22.9183
25.8768
24.1451
25.2416
23.9114
24.3783
24.4996
24.3049
24.7757
24.4401
26.3322
25.9764
25.6607
25.3817
26.0869
25.0380
24.4614
25.5549
25.0771
27.0111
25.4132
24.3907
25.5024
25.2871
24.7971
24.5064
22.6908
21.2713
24.5942
21.7449
22.9373
22.4335
22.9710
23.8991
22.8443
23.5069
24.9673
24.7713
24.1566
24.4590
24.5747
23.9336
24.0134
24.0341
23.5974
23.5468
24.1080
23.5696
23.2209
22.1855
23.3033
22.1338
24.2759
23.9831
26.4694
22.4186
24.9333
26.2371
24.0923
24.8699
25.5364
24.3896
25.4138
24.2485
23.2180
24.6878
26.3590
25.7903
24.5240
24.1033
23.2432
24.5651
24.3025
25.5202
23.4582
24.9396
23.8033
23.6975
25.1448
24.4522
22.7224
24.2641
25.6939
25.7664
25.4034
24.3794
24.6968
25.1548
23.4322
23.1168
23.5290
22.8534
22.8058
22.9606
22.4664
23.1770
21.4808
22.3478
22.1971
23.7482
22.5826
22.9392
23.9407
24.4653
23.3516
23.0033
23.8351
22.2497
23.6440
23.1108
22.5257
23.5315
22.5554
24.5851
22.7451
24.4010
24.7954
23.0156
22.3115
23.1611
23.2026
23.2003
22.1552
23.0120
22.1882
22.2129
22.9589
22.5465
21.2057
23.3997
24.0594
23.3525
21.5697
23.3968
23.9474
24.1054
22.8225
23.3434
23.0848
22.5286
22.8154
22.4307
21.9188
22.4360
22.8305
22.2509
21.6339
22.0523
23.0731
23.3154
23.0673
23.1921
23.3888
22.8728
23.1892
22.7325
22.8164
23.8139
22.3561
22.3296
23.1050
23.1594
23.3556
23.8399
24.0527
23.1590
23.2027
23.3272
23.5909
23.2277
22.9597
22.2754
22.9912
23.0543
23.3076
23.9626
23.6694
23.9123
23.4993
23.7904
23.5398
24.5958
23.4834
23.0614
21.7365
22.6470
24.7449
23.3973
23.1982
23.8346
24.1764
24.7062
24.5996
24.2791
24.4701
23.8030
23.3313
23.3673
24.3652
23.1900
24.5049
23.7748
24.0159
23.5257
24.2960
23.8854
