29.7240
29.1872
27.1156
28.0529
30.6056
28.4355
27.6567
26.3347
28.4682
29.3513
29.5555
27.6071
28.7995
28.5952
27.3445
28.7374
28.8100
28.2079
29.4529
28.7089
28.9450
27.2736
24.5415
27.6149
28.6410
28.0848
34.1258
31.1186
31.7015
36.3887
35.3198
32.8800
31.9536
30.3817
30.5506
28.9739
29.7483
26.9835
28.1623
28.7794
29.7551
30.0578
26.1316
26.2737
27.5110
27.0150
25.5121
24.9761
24.0669
23.0320
25.9061
26.6098
27.0249
28.4882
28.9745
30.5653
26.8016
28.7777
28.7211
26.6788
27.0740
27.2475
28.2121
30.3350
28.9008
29.2104
29.2448
27.2008
27.2841
26.6897
26.0577
25.0604
28.9564
25.2491
28.9136
29.6343
27.1181
26.7263
26.1346
27.4513
26.8539
27.9196
26.7773
29.1302
31.1868
28.9617
30.6421
29.4131
28.5238
27.2720
28.6295
29.6802
28.1277
29.0371
30.1351
27.3994
29.8407
29.3371
29.3186
28.1086
28.7710
28.6533
26.7208
28.7399
27.1021
30.9370
30.7879
29.0109
27.9305
31.4804
29.0648
27.7181
28.1595
29.3159
28.6191
32.5614
30.4132
31.7641
30.8224
30.4814
27.3686
26.2243
28.5670
29.1699
27.0528
28.4150
29.0829
29.4888
29.3787
28.9327
29.6289
26.4687
29.9335
27.8025
29.6610
30.1671
29.1830
28.6344
28.3794
28.8466
27.1721
25.0539
27.0279
27.0772
28.2289
27.8173
27.5976
27.6871
26.2783
26.6978
25.9758
25.5585
26.6180
25.9240
25.9431
26.7794
26.8845
26.5386
27.4551
27.6700
28.2694
28.0391
25.9009
28.9023
28.0776
28.0720
27.9003
25.6788
26.2840
26.1275
28.2407
27.3086
29.0016
25.5513
26.8628
26.5916
27.2542
27.2757
26.6315
27.0532
29.9101
30.8041
29.6369
28.4946
28.5845
29.8189
27.8291
28.4918
28.6311
29.4800
28.2128
28.6189
30.8858
30.5210
27.6882
24.4084
27.4609
27.7418
25.5758
26.7362
26.8869
27.9540
28.9814
28.4907
27.0231
27.8864
29.5148
26.9105
29.1284
27.5024
29.1976
27.8925
25.3795
30.0725
29.7030
28.8317
28.3324
28.5255
27.7777
29.6986
26.8103
28.3282
28.5892
27.7747
25.7866
28.2796
29.0237
27.2783
28.1678
27.8848
28.3827
28.9356
28.2223
28.4202
29.9352
30.4440
27.2608
29.1666
29.7540
27.8170
30.2074
27.9042
28.7435
29.1698
27.6040
27.0047
26.9278
27.6760
25.7596
28.5170
25.9115
25.3031
26.8726
26.6036
24.4042
27.8006
25.2024
25.4949
26.9588
27.1401
27.5314
27.2389
26.0265
26.6832
29.9491
27.4399
28.7006
29.4865
30.8308
30.1451
30.2659
30.9489
31.0026
30.0796
29.2253
30.9566
30.6870
31.5511
29.2733
28.4644
29.7507
31.4381
30.6893
30.1854
30.0612
32.0101
32.3112
30.0080
29.0111
28.1805
29.2655
31.0353
30.4872
29.8844
28.1253
27.9835
29.2460
29.2762
32.4160
30.4372
28.2785
28.9344
29.5964
31.3699
31.9196
28.9104
28.6675
28.3933
27.4931
28.4526
28.5006
29.8331
30.0072
30.7505
28.8451
29.0734
26.3553
28.3001
28.9235
28.5726
31.3696
31.0253
27.2424
30.0235
26.6181
29.2807
28.3222
29.7493
28.6556
27.6850
27.5063
27.2479
28.2832
30.3767
29.7372
28.8363
29.0847
28.7446
29.5691
29.3217
28.4353
25.9628
27.4152
25.3789
27.9440
26.0299
26.8137
26.8923
27.8168
26.1778
27.9195
26.4906
29.1939
28.2918
25.5169
27.0067
28.6219
25.4787
27.4740
27.6360
26.6070
26.1014
28.1827
27.3995
26.9733
30.8506
29.1913
27.5118
29.2377
28.5694
29.7921
28.8012
29.0267
27.2257
27.7001
30.9788
29.0094
29.1277
30.3806
30.4073
27.3732
27.5599
26.8042
28.7979
25.8570
25.6488
27.5798
25.8870
24.2251
23.5192
24.4169
24.9405
25.2757
27.3293
29.4851
28.2988
24.7408
25.6945
28.5024
27.6511
