22.9274
23.3225
22.7464
23.7872
23.8346
23.1262
23.4596
24.2928
24.1818
24.3681
23.3038
23.2271
24.8470
24.6691
23.5273
24.0160
24.2360
25.4641
24.6028
24.8539
24.5268
25.0742
24.5682
23.9471
23.6819
22.7094
26.1766
26.3291
24.7880
24.4019
24.8714
23.6106
23.5003
23.7007
25.0250
24.4325
24.7005
24.3289
25.1086
24.8892
25.2917
24.0747
24.0104
25.0489
24.5801
25.3304
24.7081
25.2850
25.0594
24.1586
24.8367
23.8010
24.5220
24.6124
24.2245
23.0709
23.5367
24.1532
23.5323
25.9208
25.5069
23.9684
24.2856
25.3529
24.6932
25.4949
25.4071
24.1821
25.2951
24.1147
24.1448
24.6215
24.3366
25.7284
23.8540
24.1476
25.1727
25.7699
25.6939
24.2451
24.1276
22.9423
23.8042
25.4506
24.1518
26.5460
24.4070
24.0697
24.2593
24.2681
24.4357
23.8095
23.8406
23.2107
23.1536
23.8465
23.6884
24.4588
25.5945
24.2596
25.0433
25.1217
25.2548
24.3552
24.8231
26.0005
24.3114
23.7826
24.8063
23.7777
24.6054
23.0832
23.0417
23.7724
24.4023
25.1729
24.5435
25.9034
25.4932
24.7439
26.3622
25.0633
23.7870
24.1475
26.5449
25.5605
25.5296
24.8151
24.0994
24.5588
25.2803
23.9608
24.0278
24.7877
24.6943
26.0439
26.5105
24.5088
24.9907
25.4470
23.2725
25.6358
24.6781
24.2162
24.9071
24.2766
26.2917
25.0480
24.5677
24.0682
26.3036
24.5355
24.0668
23.2981
23.7327
24.2183
25.0592
23.4901
22.4825
25.1847
25.6570
25.1734
25.1383
26.5885
25.2880
24.8127
24.2882
25.3907
25.6826
27.3288
25.3991
25.4603
25.7687
25.6584
23.9961
24.7742
25.2528
25.2634
26.7226
24.2225
25.4838
26.4928
24.3582
25.0970
25.8886
24.2562
25.6954
26.1546
24.1787
23.9091
25.4514
25.1009
25.6366
24.8677
22.9505
22.6324
23.3002
23.7759
22.9737
24.7955
23.6180
23.3505
24.8695
24.3040
23.7794
22.4701
22.9041
24.5445
23.7138
24.7654
23.5278
24.3764
24.9298
24.2898
24.3635
26.2067
27.3400
25.7712
26.2272
26.1492
26.8367
25.1828
25.9540
25.7802
25.9813
25.2234
24.3829
23.1314
23.7721
24.5045
24.8729
23.9068
23.9151
22.8230
22.6785
22.7162
23.7722
23.6594
24.4780
23.8759
23.9708
24.2539
23.9521
24.1899
23.6036
24.1196
23.6712
26.1161
25.0886
24.3550
24.8030
23.9198
24.2317
25.0830
24.5565
24.5182
23.3329
21.7651
22.5072
23.6931
24.8218
25.6171
24.3230
23.3801
25.0330
24.6122
24.8900
24.8950
24.7486
24.1852
25.2747
27.0264
24.6862
23.6918
22.8501
24.8934
24.6107
24.7314
25.2925
25.5660
26.1136
24.5673
24.5837
24.9594
23.5249
25.6777
26.0139
25.4346
24.2756
24.7494
24.9965
23.9507
23.9858
24.0883
23.5729
25.2272
25.0410
24.5512
24.0092
23.6498
23.1032
23.2712
23.6984
22.9648
23.0094
24.4094
23.8418
23.8411
24.2523
23.6753
24.5430
25.2317
24.9180
24.7441
24.2704
23.2218
23.4948
24.1033
24.4179
24.2567
23.3420
24.5438
25.0992
25.7417
24.5883
25.5347
26.8436
27.0071
25.9198
25.4279
25.8772
24.0841
23.3633
23.0405
23.9653
25.2244
26.5683
25.2591
25.1945
24.6510
23.8440
23.6353
23.5870
23.1563
24.3294
24.8383
24.3140
26.4671
26.4994
25.9900
26.3319
26.0849
24.7586
25.0455
25.0191
24.5297
24.9992
24.5534
24.8386
25.4811
24.8614
25.4335
25.3902
26.4802
26.2273
26.0562
27.0476
28.0754
26.8421
26.7732
27.4222
27.2475
26.5422
26.9766
25.6348
25.2580
26.4545
27.1681
25.6946
24.1648
25.0585
26.7207
25.2798
26.3112
25.8172
24.6950
25.4670
26.1905
23.9575
25.1510
26.5650
25.5920
25.5623
24.5273
23.6410
25.2258
24.4235
24.0373
24.7068
23.7428
24.5877
25.7137
23.3754
24.7912
24.6134
24.3248
23.7347
25.1954
23.8448
23.8049
24.7482
25.7686
26.2563
25.5103
26.3746
24.3080
24.6632
24.9720
25.2869
26.6175
24.6141
24.5308
24.1976
24.5398
24.5896
24.5025
26.4428
25.1473
23.8200
24.9339
24.5269
24.5830
24.5211
23.6575
24.7845
26.0870
25.1275
27.0154
25.6127
25.1851
24.9064
25.4474
24.3774
24.5348
25.6508
24.3975
23.5614
23.5029
23.9599
23.4923
23.9843
23.6904
24.0996
25.1333
23.7700
24.9355
24.1577
24.7838
24.5504
23.0648
22.4690
23.0757
23.0601
24.4652
25.2200
25.9616
23.9836
24.6673
27.5192
26.5770
27.3508
25.3378
25.7053
27.1458
26.1273
26.3955
24.2042
24.5543
25.5243
25.4346
25.1644
25.8307
24.8156
25.2471
26.7204
25.9203
24.5910
26.0246
25.2952
24.4070
24.3907
26.0090
26.3706
25.0717
24.7645
26.2964
24.8598
25.0802
26.0264
26.1228
25.4153
24.5502
24.9400
24.4749
23.5699
23.0140
22.7422
23.5739
23.5019
22.1492
23.5897
24.4280
23.8314
24.0762
24.3627
24.2401
23.7250
23.6765
23.6972
23.7533
23.2322
24.6957
23.6941
24.2445
24.3890
23.3021
24.5448
24.6269
24.3885
25.0611
23.7021
23.8027
23.3632
24.0813
25.1253
24.1609
25.1304
24.4760
24.2043
23.7687
23.4619
23.3433
26.0088
25.0666
23.3915
24.6599
24.3135
24.5420
24.7108
24.8314
22.9971
22.3454
22.2400
25.0444
25.1067
23.7022
22.9476
23.3579
23.2155
22.7755
23.5258
24.5814
24.1573
24.1861
23.7537
24.0156
23.2028
22.8702
25.0356
22.8882
23.5968
24.7117
23.0199
22.0072
22.4345
24.0332
24.7910
25.7020
24.5489
25.4018
26.3479
27.4770
26.0515
25.5574
25.0942
25.3961
23.4457
22.7616
24.6073
23.1038
24.6230
23.8784
22.6087
22.0138
23.2496
23.0223
21.7433
23.1008
23.0603
21.5991
21.1856
21.5070
23.2062
22.7052
23.4593
23.9543
23.5623
23.9668
22.9104
23.9852
23.3356
22.8360
24.5727
23.9982
25.5897
24.5797
24.9990
26.7318
25.9172
24.2832
23.5301
24.3266
24.6745
24.5201
24.8267
24.1571
23.1680
23.0333
22.9700
24.2074
23.8806
23.8017
24.1519
23.4569
24.9158
24.1414
22.6026
24.1201
22.2959
23.8550
23.3293
22.8242
23.5335
23.1416
23.7727
24.1655
22.7176
23.9555
25.0705
25.0177
24.1364
25.0090
23.8871
23.0654
21.9502
23.9939
23.2991
22.4634
23.0068
23.2370
21.8937
23.1845
22.6072
22.9907
23.6361
22.8984
22.3216
22.9856
23.6406
23.6446
23.9781
25.1462
25.7216
25.0123
24.9694
25.8922
23.9621
23.4527
22.9141
24.3812
24.2972
25.0808
23.6166
24.4894
24.7219
23.7522
24.7000
25.4357
24.9425
24.0887
25.3056
24.8560
25.6816
26.1505
25.7390
24.5081
23.5586
26.2260
25.2343
24.6005
23.3079
23.8030
23.1615
23.7311
23.3023
23.1890
23.0599
24.5291
25.8920
24.9147
23.6844
23.3937
24.2104
26.7049
24.8035
24.5499
24.2168
25.7447
25.2340
25.5399
24.5093
25.3610
27.2565
26.5055
26.2741
26.1799
24.7880
26.7210
25.2477
26.0272
26.7113
26.0535
25.3338
24.9814
25.7913
25.6868
25.4895
26.0128
24.3945
25.3361
24.5181
24.8985
24.5277
24.0106
26.2040
24.6579
24.2905
25.4472
26.1858
25.8251
25.1448
24.7550
25.7732
24.9075
26.7884
24.5519
25.6689
23.9351
25.6979
25.0759
24.6537
23.9139
24.5634
24.1825
24.7265
23.4031
24.8504
23.8599
23.9395
24.7188
25.1278
25.2992
23.3426
23.7277
24.9664
24.1969
24.8356
23.9223
24.6362
24.3121
23.7237
24.1272
24.5265
23.5559
24.4293
23.5045
23.5525
23.8963
23.0085
23.4859
22.6641
23.5774
23.4757
23.8007
22.5659
24.4238
24.9357
25.8565
23.5894
23.7642
24.6001
25.1803
23.1452
22.5849
23.1068
22.9528
23.5041
23.4147
22.4213
23.6471
23.1039
24.2727
23.5878
23.5208
23.5919
24.0083
23.9523
24.5943
24.7715
24.2264
23.6769
23.1405
22.4275
22.9065
23.3627
23.2063
25.9095
25.4397
25.8751
27.3874
24.2113
23.6168
23.7786
23.3379
24.0936
24.0103
21.9564
23.2002
24.3001
24.6660
24.5167
24.5899
25.2432
23.3514
23.0734
25.1892
25.2067
24.5207
24.0317
24.6376
23.0062
23.8281
24.0758
24.4294
24.4805
24.0385
23.4369
23.1553
23.8332
22.0971
22.8881
21.5270
22.4173
23.4462
23.6024
24.1559
23.3562
24.5565
23.6524
24.6537
24.4460
24.8758
25.8280
24.5372
23.8713
23.1375
24.1036
23.8275
22.0298
23.4134
23.0353
21.9100
22.6229
22.6627
23.1970
25.4413
24.0405
24.3541
22.8987
21.3742
22.7814
23.0435
23.5644
23.3317
23.9130
23.9185
24.7766
25.2070
25.1174
23.4051
24.6199
22.9158
23.3836
22.3384
23.8060
23.7952
24.0820
23.9999
24.3219
23.9141
22.9793
23.5538
23.5219
22.8383
24.5934
23.6227
24.5628
25.2476
23.5790
23.1955
24.1041
23.3458
24.4791
23.0541
23.5543
23.6792
23.4667
23.8998
23.4067
23.5701
23.5780
21.9915
23.5912
23.4871
22.4507
22.5198
23.0598
24.8785
23.3673
24.3010
24.2925
26.1034
25.8425
25.8202
23.3739
24.1390
23.6363
23.8188
24.6181
27.7902
23.3540
24.1659
23.9682
25.3009
24.8731
23.3345
24.8992
24.1647
24.6708
23.8034
23.9360
24.5971
24.3659
24.1373
24.1291
24.6263
22.8410
23.9830
25.3312
24.7053
23.0127
23.2210
21.9877
22.9523
24.3593
24.6437
24.5829
25.1064
24.3075
25.0071
26.6869
24.2675
24.5062
24.0546
24.2014
23.8253
24.7282
24.9330
24.8831
24.4120
23.4742
23.3034
23.4872
23.2673
24.3323
24.7715
24.0956
22.8760
22.4639
22.7034
