23.6632
25.0024
22.7898
22.7963
22.8330
23.6046
22.2220
22.8934
24.4999
24.9684
25.3032
26.0996
23.7352
23.0896
23.4888
22.4190
23.5942
25.7225
25.6055
25.1083
23.3947
23.3020
23.6258
23.5907
23.3083
23.6492
23.5235
23.4039
24.1639
23.5273
23.8309
24.8466
25.7491
24.6198
25.3227
25.6414
23.8584
25.3003
23.5726
23.9936
22.3352
23.7173
24.0844
24.1205
25.3536
24.9737
24.6510
24.8311
24.9966
25.7384
24.5328
23.0895
23.3248
23.2234
24.3147
23.2435
24.2697
25.3463
25.2807
25.1591
25.0494
24.1966
24.5039
25.2872
25.8320
25.8802
24.8454
25.5085
23.8952
25.1847
25.5866
26.3494
25.4743
26.5856
26.2920
26.9812
26.3822
26.3207
25.7025
25.3210
25.7022
26.5403
25.6716
25.1212
25.7748
24.5875
23.6439
23.9543
25.2217
24.9088
26.9923
26.7339
27.0205
26.8012
25.2203
26.9345
26.0989
26.4595
25.7766
26.5408
26.0938
27.1561
27.6090
26.9998
27.1704
27.1941
26.9306
26.7199
28.4136
25.9416
27.2086
27.0370
26.5762
26.1544
27.1038
26.9751
26.4534
27.9129
27.6022
26.9733
27.1018
26.8175
26.7628
26.7038
27.2015
27.6204
27.9645
27.9518
28.8029
27.7972
27.0265
27.3662
26.4326
26.8833
26.9892
26.5221
27.5255
26.5593
26.5652
25.9698
26.7400
26.4007
26.6115
25.9429
24.4299
26.1530
26.2226
27.1333
24.9832
27.6210
26.9060
26.1462
27.1251
26.4824
27.4996
26.9495
27.1582
26.7704
27.2264
27.6799
26.1354
26.3586
26.4339
26.9936
25.9339
26.5663
26.4090
26.0665
25.1299
26.0485
26.3546
26.2942
26.5072
26.3798
26.4321
25.3689
25.9568
26.4323
26.1721
24.9622
25.9053
25.2749
24.0804
24.6924
25.2179
25.0749
24.8602
24.8863
24.3107
23.7124
23.7865
24.3110
23.9107
23.8912
25.1268
25.2467
25.3247
25.2290
25.0523
25.2825
25.5825
25.2678
25.0026
25.1046
25.9636
24.1964
24.9021
23.9050
25.8536
25.4750
25.2145
25.7761
24.3067
24.3017
25.2066
25.3140
25.2557
26.0301
25.6869
25.7802
25.5077
25.6305
24.8790
25.7961
25.2385
24.8868
24.3720
25.3073
24.3081
25.0485
23.7906
24.3315
24.4326
25.2982
24.6112
24.6427
25.1068
25.2802
24.8734
24.8282
24.9525
24.3148
24.1308
23.7714
24.1690
23.5348
24.8395
26.0154
26.0763
25.7982
25.6974
25.8536
26.7636
27.1294
25.8107
25.5232
25.2870
26.8724
26.7920
25.8823
25.9270
26.6425
26.4991
26.9701
26.5308
26.5715
26.5176
25.8838
25.8318
26.3874
26.0135
26.3335
25.5372
26.2392
25.6211
26.9446
26.2951
26.5169
26.9719
26.0639
26.8319
27.2614
25.7169
25.1630
25.0440
24.7963
24.8270
25.5465
25.4748
24.7709
25.4624
26.0432
24.8246
24.5445
25.5230
25.2615
24.9273
25.5133
25.2848
24.8540
24.6698
25.9552
26.2368
25.6374
25.6923
25.6861
26.4086
25.4833
25.4832
25.7943
27.3084
25.6908
25.3456
25.2430
25.3595
26.1598
25.4426
25.9322
25.8434
25.6799
24.8870
24.1404
24.4614
25.5173
25.6646
26.1463
25.6010
26.3152
28.1049
24.4969
24.9549
24.5797
24.9978
25.6857
26.6364
26.2361
27.7714
27.7204
27.9515
27.5364
29.1359
26.4733
27.2133
25.8060
24.4728
25.1733
25.0202
24.8189
24.2004
23.9860
23.6883
23.7251
23.7071
24.8170
24.0951
24.1200
25.0012
25.3663
25.1072
25.2829
24.9577
24.5880
24.4394
24.2906
24.1977
23.6823
24.8352
25.1543
26.4704
24.5009
23.8028
25.6804
24.4757
24.5438
23.3913
24.3932
24.0802
24.7363
24.4410
24.8751
23.8115
23.6061
24.4946
24.4736
23.3630
24.2641
23.7044
23.8305
24.0537
23.9584
24.4877
24.7542
24.3290
23.7110
24.1699
24.8543
24.5892
24.4475
24.5628
24.4154
