27.0831
24.5181
24.5068
24.0772
24.5299
26.5345
26.5171
26.6017
26.4734
28.4808
27.9383
27.7032
27.9945
27.9992
28.7782
28.4001
27.8613
26.9156
26.3762
27.8480
27.2790
26.6670
27.3694
27.3662
28.3282
28.7850
27.0729
26.6928
25.9038
27.4787
27.9156
27.3971
27.6692
28.7413
29.8786
28.9860
25.8984
25.9547
25.2666
25.9849
26.4733
27.8634
25.7147
25.9879
28.8798
27.6530
28.5597
30.4937
30.3050
28.5813
28.4675
28.1587
28.5866
28.4528
28.1062
27.6380
27.4381
26.2168
26.4216
26.1954
25.8301
26.1905
27.2911
26.5159
26.1419
27.9809
27.7093
27.2281
26.5753
27.8006
29.4730
27.4745
27.9463
27.0772
27.1799
28.9172
30.2024
29.5628
29.6489
30.8621
30.5709
29.9376
30.3468
29.9906
32.0499
29.4885
27.5279
27.3260
30.9797
27.6495
30.3036
31.1549
32.4352
31.6085
31.8538
32.3396
32.1207
31.8878
31.9268
32.2248
31.7357
31.2232
30.8037
31.0657
31.1394
31.5989
30.3470
31.2367
31.3595
30.6337
31.0926
30.4612
30.2299
30.6354
30.9281
32.1707
32.9258
31.0480
30.1410
31.7426
32.4271
30.0288
29.6542
27.5968
31.4406
31.4833
30.0367
29.0494
31.9743
30.5031
30.3921
29.7174
28.1827
29.7024
28.5233
28.6966
28.9802
28.5141
28.7901
27.0154
27.4697
26.4699
27.9040
26.4036
26.5468
28.0801
30.2814
30.5285
31.8180
30.7277
30.8502
29.2615
28.5222
27.7825
28.4421
27.2677
27.0722
27.3669
27.8602
27.4722
27.0239
26.2173
25.8563
26.5867
26.1487
25.9239
25.9929
26.5218
26.4450
26.0215
26.4362
24.9244
25.3918
24.3978
25.7880
24.7936
25.7478
25.7649
25.9720
26.1686
26.6862
26.2557
26.0564
26.7061
28.1265
27.0074
26.2847
25.7444
26.5439
26.6508
25.9511
24.8351
24.9099
24.3468
25.5556
25.1919
26.5003
27.7831
27.5677
24.6622
25.2046
25.8321
25.0300
24.9727
24.8803
24.7524
24.7042
24.6118
24.6189
25.0518
24.5259
23.8485
25.8280
25.7709
25.4507
26.6853
25.8917
26.1675
26.1752
25.9548
25.0252
25.2055
25.7359
25.8188
25.2356
25.2377
25.2783
24.6200
25.3047
25.0661
24.8070
25.0142
24.2585
24.7676
24.7219
25.2335
25.4202
25.8673
24.6824
25.3350
25.5059
24.7315
25.0640
24.8941
25.5639
24.7194
25.1309
25.6399
26.5256
26.3467
26.9972
26.9220
26.8059
25.7426
26.4536
26.1744
26.3855
27.8688
25.9801
26.9930
27.3750
26.4210
25.8243
26.6304
27.4144
26.9361
26.5092
27.4489
26.5531
27.1251
27.5133
27.0046
27.9613
27.1021
27.6656
28.4701
26.9910
28.0838
26.9836
27.2560
27.3560
26.7548
26.0344
26.4238
27.2931
26.3850
26.1320
27.1428
27.2235
27.1642
26.9966
27.0260
27.1640
27.1370
28.1572
27.5740
28.9659
28.3525
26.7700
28.1231
27.8633
28.4158
29.2480
27.4972
27.7864
27.6020
27.5377
27.2567
28.0923
26.7956
28.3293
27.2597
28.0319
26.3264
26.3265
28.1027
27.5433
26.9833
25.3671
25.3240
25.7694
26.8182
26.9779
26.3421
26.1026
27.6218
25.1104
24.2175
23.7251
26.6788
24.3291
25.8618
24.5267
25.3602
25.1595
28.2452
26.5689
26.0700
27.9918
27.4053
27.4369
26.6850
26.0992
27.7007
26.1894
25.8374
26.8557
24.5593
25.0884
25.2816
26.5001
26.3922
26.3819
26.5194
26.5194
27.3917
28.0089
26.5298
26.6102
25.4884
24.7561
25.0779
24.6203
25.6993
26.2412
26.8978
26.9083
25.8472
25.9029
26.6799
26.6820
26.4844
25.9575
25.4447
25.9743
24.4750
25.0375
24.7971
25.3994
25.0869
25.8491
25.9998
27.5565
25.8172
26.5140
26.4948
26.2247
26.1064
25.0971
27.1799
25.7065
26.3767
26.2676
27.2979
25.7404
25.9515
25.6903
26.1976
26.9183
24.8095
