23.7228
23.4646
23.5552
24.8902
24.0699
25.2334
25.0825
24.9238
24.9893
25.1515
24.1980
22.6609
23.1548
24.1977
24.1627
23.2095
21.3523
21.9625
23.5950
23.9984
23.3199
23.3781
22.6518
23.2197
22.2276
22.1731
23.7691
23.7510
24.6804
24.3265
23.2649
23.7985
24.9320
23.6366
22.6388
22.0827
21.3517
22.3942
22.9702
23.2959
23.9750
23.3366
23.2051
22.9811
23.8491
24.7218
23.6472
24.0007
24.0560
23.9772
22.8340
23.1992
23.2858
23.4947
23.9548
24.8968
24.1611
25.3328
24.9106
25.0639
23.5830
21.8426
25.1585
23.8417
25.8241
22.2354
24.3443
21.6280
23.1085
26.0329
23.6060
24.9385
23.7544
23.2499
22.9313
23.7260
22.7731
23.5813
22.8063
22.3385
24.6885
23.6679
23.2985
23.1978
23.7570
23.7349
24.9411
24.0133
25.0174
24.2096
22.8815
23.9503
23.8755
23.2846
23.6221
23.6988
24.2340
23.0167
25.2099
22.7305
24.0123
23.4055
23.3264
23.2593
21.6448
23.5959
23.4347
25.0460
23.7227
23.2579
24.0590
23.4248
22.2231
22.9822
22.2495
22.2498
21.3517
22.6874
21.9549
21.7439
21.6456
21.5961
22.1185
22.1757
21.7216
21.9045
22.5267
22.1080
22.6062
22.7478
22.0494
21.7993
23.9151
23.8504
23.1875
23.3619
24.7822
22.5907
22.4184
22.9307
21.9766
21.9924
22.9607
23.9610
24.5801
23.3397
23.2471
23.8160
26.2487
23.4728
25.4325
25.7607
24.4413
23.6488
26.0022
24.3014
23.7613
23.8231
22.9414
23.0980
24.1832
24.9030
25.2901
24.4177
24.2387
24.9590
24.3783
23.8521
24.7561
23.2081
22.5292
23.4363
23.1212
23.3512
22.9679
22.8344
23.3243
25.0691
24.7152
22.7106
24.6502
25.1784
22.7455
23.2663
23.4977
23.7186
24.1049
24.7385
22.4917
23.0495
22.9831
22.7961
25.3401
24.3415
25.6513
26.0094
24.5682
24.9531
23.4921
23.9800
24.8921
24.9381
22.6155
24.4593
22.2583
23.3407
23.2679
24.7280
24.1464
22.7822
23.2787
23.2906
23.6745
24.0128
24.3097
24.3623
23.4727
23.3281
22.4725
22.5390
22.2783
22.7719
21.7172
22.7898
22.7509
24.7741
25.1731
24.8336
25.4083
24.9406
23.7752
24.0831
24.8135
24.0839
24.5434
23.0764
24.5534
26.1978
26.1660
26.2909
25.2607
24.1578
22.9790
22.3983
25.3362
24.3238
24.8609
25.6245
25.3345
25.2697
22.4130
25.0397
24.8160
24.9327
25.3932
26.9093
24.1568
22.7722
23.3904
25.0545
25.0237
23.7622
25.0649
23.0748
23.8845
24.8944
25.7771
22.7198
24.5223
24.5256
22.3229
22.4780
22.0434
22.6438
23.6623
24.1145
22.6997
22.1370
21.4902
21.5355
22.1806
21.8544
22.0332
21.4255
21.7881
21.4449
20.8530
23.4694
22.9256
23.1859
20.7221
21.9967
22.3112
23.2496
24.9137
26.1028
25.8268
23.4513
24.9923
24.6512
24.0869
22.5473
21.2075
22.3175
21.9095
22.7066
22.3003
23.0111
21.4653
21.9406
22.0379
22.9678
23.2081
22.4887
23.9144
24.2512
25.0710
26.6860
24.0931
24.0659
24.8008
25.3661
26.4480
26.6897
24.4970
23.7639
25.1011
22.6066
22.9203
22.9759
23.8741
21.9728
21.9491
23.1020
21.6465
22.8018
22.9615
22.0394
21.2854
23.0141
23.5853
21.8312
22.1983
23.8111
23.9617
22.0746
24.5235
23.0520
22.5728
23.2131
25.7899
23.9164
23.9384
23.9983
25.2859
24.3236
22.9217
23.1488
24.2369
24.0676
21.0008
20.3194
22.7089
25.5714
23.5145
23.6738
24.9073
25.6909
25.7297
27.0986
24.5363
26.4325
26.1525
27.7726
25.5850
26.5433
26.6896
25.3005
26.4649
27.7939
24.1928
26.0544
26.5227
24.2590
27.3960
25.7965
26.1468
26.7691
26.5817
26.9910
26.8550
26.0325
28.6208
27.1400
25.3581
26.0262
25.1898
25.9661
24.0138
23.8850
