24.8585
24.7906
25.2546
25.2520
24.1281
25.4954
24.9242
25.0173
26.3145
25.5532
25.6928
26.3191
25.4833
25.4368
25.4932
25.7880
25.0445
23.9600
24.2739
25.0570
24.5732
25.1418
24.6816
24.5308
24.8673
25.7619
23.2828
24.9846
24.7693
24.3271
24.6679
25.4610
25.1451
24.0989
24.6711
24.9969
25.6102
24.7307
24.7706
25.0758
25.0689
25.4282
25.1476
25.2819
24.4820
25.6952
23.9151
24.0771
22.0172
23.3998
22.7324
24.2024
23.6941
22.8302
22.7280
22.5136
23.1882
23.0631
22.9023
22.7569
22.8394
22.8308
22.4803
22.6657
22.4596
23.1877
22.2980
22.2095
22.6290
23.4095
23.0023
22.3887
22.0769
22.3727
22.2542
22.9802
22.3210
22.1583
22.6824
22.2061
21.6126
22.5640
22.6310
22.0900
23.1772
23.2893
22.9317
22.2467
22.5160
22.2390
23.2382
22.3011
22.0481
22.4453
22.4107
23.1283
22.8218
22.0468
22.1796
22.4248
23.0687
22.7984
22.3996
22.5035
22.2828
22.7787
22.6723
22.9145
22.7855
24.7235
23.8338
22.8506
22.7100
22.5320
22.8079
22.2826
22.9547
22.3204
22.8549
22.3683
22.8185
22.0285
22.6211
22.9737
23.4391
24.2152
24.4921
23.8377
23.0556
23.4908
23.0891
22.8439
23.0103
23.3834
22.0514
22.7329
22.2953
23.2329
23.6976
23.2561
23.0906
22.9836
22.9856
22.7195
23.1702
23.9023
22.7351
23.7648
23.0144
24.1766
23.9079
23.1286
24.8329
22.9778
24.0551
22.7188
23.1055
23.7414
22.9177
22.5425
23.5324
22.5589
22.8903
22.5669
23.4674
23.1182
22.8917
23.6228
23.5301
23.2770
23.1441
24.2216
23.6256
23.9254
22.7107
24.4247
24.3868
25.2378
24.9234
23.9194
23.5691
22.5862
23.1201
23.0292
23.1710
23.4969
22.9009
22.6513
22.7928
22.6038
23.1630
23.2326
22.9384
23.2625
22.2335
22.4934
24.0155
24.4461
23.1895
23.5450
23.5492
24.8179
24.3770
23.4229
25.0250
24.1588
23.5120
24.2365
23.7181
23.2454
23.2682
24.1578
23.2559
23.5285
23.4605
23.3267
23.0860
23.6724
23.9657
22.7153
24.1311
23.6573
24.7034
23.9867
24.6562
25.4686
23.9510
24.4216
24.4062
24.2666
24.7236
23.5485
23.5201
22.7724
23.3857
22.7885
22.7355
23.2298
22.7370
23.0312
24.1257
22.9917
23.4042
23.3024
23.7469
23.7740
23.6836
23.4298
23.4565
23.8092
25.4149
24.4818
24.4477
24.0739
22.2335
23.0785
23.5888
23.8767
22.8614
22.1964
22.4310
22.6941
22.8152
23.1096
23.5681
24.7225
24.0396
23.1345
23.5926
23.2003
23.3606
23.2846
22.5216
23.2871
22.8185
22.9907
22.7198
22.7490
23.4603
24.2510
23.9959
23.0915
23.0304
23.7569
23.4450
23.9252
23.4724
23.8958
23.8173
23.9904
23.2787
23.6949
24.0375
24.8780
24.1649
23.3858
23.7367
23.2957
24.9024
25.5141
25.4819
25.3652
25.1481
26.2181
26.6920
26.2884
26.1411
25.4594
25.7428
26.2716
24.9845
25.2355
24.5251
24.9437
24.9863
24.4924
24.2610
26.1816
25.4029
25.0793
25.2896
25.3192
25.4175
25.5047
25.9755
25.1004
26.0409
25.6256
25.6983
24.0716
24.7606
25.6580
25.2133
25.6296
25.6537
25.8158
24.8212
26.0669
26.5192
24.4847
24.7765
25.6282
25.6298
26.0729
25.3701
26.1586
25.1772
26.2012
25.1339
25.1971
25.3787
25.6436
25.4834
26.2705
25.3067
25.6622
24.8783
25.0451
25.8015
26.1229
25.1579
24.8508
24.4305
24.2021
23.7627
23.1136
23.6043
24.1214
23.1599
23.8899
24.5473
24.0398
23.5662
23.7906
23.0790
23.6536
23.6214
23.5320
25.6579
24.4039
24.8981
24.7677
24.3950
24.3328
24.1302
23.9604
24.6213
23.0634
23.7413
23.8041
24.1203
23.5747
23.4353
24.2914
24.0298
23.2248
23.6737
23.2425
23.9723
23.9069
