21.8900
21.0681
21.4154
22.4051
21.4974
21.8237
25.2831
23.6155
26.5516
22.9940
22.2149
22.8345
23.0771
22.8905
21.5955
21.1266
23.5071
23.4185
22.4917
20.9635
21.3438
21.8911
21.1394
22.3932
20.6259
20.4091
21.3884
21.3979
20.6716
20.7998
20.2686
21.0394
19.7162
21.0143
21.7095
21.6516
21.6461
20.9133
23.8357
22.8845
21.5952
21.4327
22.5674
24.1006
21.8586
21.8391
22.8827
23.8556
22.9474
24.3879
22.4015
22.6719
22.0390
21.8195
22.4043
23.8054
24.0164
22.3020
21.0781
20.9756
23.1205
23.8761
24.9499
23.0519
23.3472
23.2318
22.4559
22.3050
21.7968
23.3235
22.5496
21.9744
23.5691
22.9477
22.7791
23.6891
21.8779
23.4732
20.4553
22.1630
21.0207
21.6727
21.6976
21.4749
22.5127
20.3039
22.0634
21.3353
21.1253
19.8740
20.1658
20.7446
20.2094
21.6240
21.1575
22.3444
20.2575
19.9433
19.7641
20.8054
21.1878
20.6303
21.2354
21.1620
20.9798
20.7873
20.5911
21.5427
22.4136
20.6841
20.9610
20.1007
21.7501
22.5650
21.6564
20.9799
20.5719
19.9311
21.6748
22.1755
21.3691
21.7615
21.1940
21.5702
23.0694
22.1443
19.5295
21.7760
22.6517
22.5823
22.5114
22.4496
21.7721
23.0724
22.3039
21.2540
21.7606
20.7855
20.4533
21.8502
21.2460
22.5357
21.7051
21.9210
23.2895
23.2650
21.1484
20.5636
21.7827
21.3948
22.7631
21.1606
21.4981
22.4073
21.9639
22.4455
21.6266
21.1886
20.7281
22.1555
21.2006
22.0290
22.1442
21.0440
22.8531
21.5903
21.3142
22.4698
21.2641
21.2537
20.9187
21.3513
21.8899
22.0413
23.0882
21.7458
20.9999
22.3144
22.4086
22.2409
20.9723
21.1379
21.8308
21.4234
20.9761
20.8061
20.8275
21.6792
22.1156
20.7661
22.1940
21.4935
22.2011
21.7217
21.9783
22.2158
21.9227
21.8387
22.1482
21.7408
22.3377
23.3212
21.6731
21.5369
20.9808
22.0308
21.6644
21.5051
21.4687
21.9305
21.2614
22.1414
21.8241
21.7488
21.5239
21.9257
21.3458
22.5750
21.5224
21.8332
21.1013
21.2124
21.8272
21.4246
22.2038
22.4628
22.3937
21.1802
20.6487
21.4624
21.3641
22.5949
21.2194
22.2525
22.5836
21.3171
23.2448
22.8165
23.1083
21.7420
21.4955
21.2070
22.3118
21.7680
23.6891
23.2827
22.7006
23.6879
21.9400
22.8335
22.5670
21.0612
21.5126
22.0223
22.1730
22.0272
21.8048
23.4310
22.7942
22.7100
21.8932
22.9842
22.4954
22.0411
21.6162
20.5073
22.3284
23.2280
21.8743
21.3584
21.8017
22.9006
21.7818
22.2286
21.2833
21.7639
22.0670
21.4529
21.1722
21.9524
21.8215
20.9221
20.5638
21.3526
20.2067
21.6051
22.7149
21.9410
23.7475
23.0921
22.0124
22.2399
21.2745
20.3271
21.3290
21.5489
20.4901
20.1380
22.3055
20.7107
22.3171
21.6065
21.6227
20.2839
20.8447
20.8974
22.0142
21.8783
22.2612
22.1967
20.8446
21.9585
22.3173
21.5759
21.8172
21.8736
22.7651
22.5616
21.8149
23.1537
21.2653
21.9674
21.1101
21.0913
21.8449
21.9583
23.1272
23.3402
22.2077
21.1848
22.6723
22.2356
21.8254
21.4064
21.8184
20.8519
22.9168
23.2870
23.3295
22.3163
22.8158
23.1982
22.4656
22.4194
21.2509
23.1592
20.8299
21.6109
23.8883
21.7334
23.1748
21.6182
21.5929
22.7935
21.6917
20.7147
20.4278
21.7383
23.8560
20.4445
21.3684
22.0297
20.4877
21.3997
21.4374
22.9515
21.6484
21.3574
20.5018
23.7369
23.3485
24.3948
21.8701
21.3628
21.5030
21.6218
22.7973
23.2025
23.2150
23.1043
24.1137
23.3337
20.6241
21.1419
22.1644
22.4526
21.7433
22.1874
24.6560
22.1463
22.5296
22.2695
21.6423
21.6810
23.8055
23.9008
24.8796
23.9009
22.5373
22.9956
