24.9675
24.4606
24.5663
26.1854
26.1148
26.3728
25.2162
25.4681
24.8941
25.6259
25.9170
24.1696
24.0674
23.3340
23.1876
25.2436
24.2965
24.6661
24.8299
24.3765
23.5882
23.7049
25.2555
24.6168
25.2952
24.9045
24.8419
24.0016
25.1879
24.6991
24.5879
24.6885
25.5129
24.7095
25.3467
24.6578
24.2252
25.4802
24.2572
24.8391
23.5728
23.7015
23.9334
23.4340
23.1865
24.9507
23.6170
22.5070
22.2427
22.4447
22.1585
22.2768
22.7517
23.2612
22.8317
23.0699
22.4061
22.8314
22.9980
22.6373
22.7399
23.1169
22.5329
22.9808
23.0033
22.6031
23.3181
22.7456
22.9492
22.6368
23.1551
22.7952
23.1176
22.2212
21.6564
21.6055
22.4639
22.1398
22.2026
23.2653
22.6267
22.7453
22.8732
23.2093
23.4206
24.1084
22.5383
22.6485
22.3778
21.7322
22.2060
22.6101
22.3921
22.1776
21.9361
21.7012
22.3369
22.8978
22.3670
22.4480
22.6931
22.4000
22.2726
22.6037
21.9802
22.6231
22.6866
22.1798
22.3693
22.1133
21.9030
22.5104
22.5199
23.0839
23.2741
21.6441
22.7682
22.2651
22.5563
22.7712
22.8046
22.7572
22.0334
22.3539
22.2241
22.3124
22.1792
22.2488
22.3388
21.2998
21.8495
22.7899
22.1711
22.3108
22.3223
22.5245
22.3072
23.0545
22.3085
22.3637
22.7442
23.0833
23.2618
23.0109
23.0045
23.0482
23.1833
23.2144
22.8164
23.0474
22.8007
21.7442
22.8342
22.8810
22.5436
22.1086
22.5523
21.6741
21.6310
22.8198
22.2618
22.8369
22.3897
21.6871
22.7477
22.7049
23.0915
23.0591
21.8680
22.7901
22.5433
21.5476
22.0894
22.1294
21.7500
22.9761
21.7975
22.4923
22.2941
22.1197
22.6535
22.7878
23.7361
24.8468
23.7104
25.9257
24.6688
25.5113
24.5339
24.6253
25.1999
26.2882
25.5260
24.9115
25.5840
24.7822
23.7413
23.7555
26.2138
24.5902
25.4416
25.1514
25.6165
25.3846
25.1867
25.7087
26.4127
25.6324
25.4678
25.0545
26.8451
27.4586
25.2199
25.6407
25.8622
26.4449
25.6811
26.1041
26.2962
26.5752
27.0951
28.5591
28.0493
27.7982
27.4663
29.3915
26.6464
27.5611
27.2853
26.8164
28.3542
27.8222
27.8384
27.6652
26.7698
27.0010
25.9446
27.4443
28.0373
26.4975
27.2659
25.8110
26.5931
27.2007
27.6191
27.5401
29.1218
27.0249
27.6804
28.1302
28.4823
28.1120
28.3850
26.7302
29.0244
27.2123
27.9112
26.5577
27.5918
27.2234
27.5898
29.1874
27.7945
27.4992
27.7403
28.2990
27.5585
29.6403
31.6254
31.0974
29.5338
28.7329
28.5178
31.0770
29.2402
31.1857
30.9841
29.4493
29.5887
29.8971
28.3754
27.9851
28.9446
27.3795
29.0063
29.6898
28.6484
28.1595
31.5584
30.4575
32.1875
31.8914
32.9520
31.9622
32.0023
29.8684
29.5932
31.1415
32.0628
31.5547
31.5271
31.6998
30.6912
30.6699
29.8195
30.9174
30.0626
28.6652
30.4058
30.3625
30.9883
32.0287
29.2979
30.8638
30.1212
31.7148
31.5435
31.3698
29.0393
32.0243
30.3956
29.4583
28.1196
28.5109
29.8988
29.8606
29.8898
29.3491
29.3981
28.5675
29.7544
28.6965
30.3717
30.3693
32.3906
30.7634
31.1052
31.9242
30.8452
29.7640
31.6871
30.8744
28.7904
30.4828
33.4780
31.1749
28.6375
28.7753
28.7910
27.2980
28.8643
27.8795
29.2622
28.6245
27.8092
28.0089
27.5424
28.6420
28.7111
29.3577
29.3552
29.0338
29.2897
29.6918
29.4787
29.6386
29.7515
29.7119
29.1815
30.4308
30.0576
31.2685
30.4743
29.8291
29.7522
29.6449
29.0432
29.5729
30.0489
27.9855
29.2603
29.5964
29.9609
30.6601
30.1258
28.4770
28.2815
29.4513
30.2769
29.9917
30.7357
29.9133
29.9435
31.8805
29.9036
30.2412
31.5334
30.3632
30.9134
29.8093
