28.7357
25.9995
27.0990
28.0043
29.5251
26.6376
26.9331
28.2879
29.4948
29.3204
29.7644
29.2895
27.3373
29.1195
30.0811
28.1727
26.7794
28.5799
30.6394
26.4885
26.1785
26.7748
27.2682
25.4859
26.6843
27.4761
28.0101
26.7218
25.6845
26.2444
26.7812
24.7580
24.3500
24.9959
25.9939
27.7962
25.8020
27.0688
25.4356
25.6678
25.3412
25.7405
26.2555
26.5059
25.3721
24.2934
26.0519
25.4789
27.2214
25.3496
26.2229
25.7674
25.2483
24.6743
25.8325
25.5669
25.9320
25.4205
26.2112
26.0060
25.6227
26.5262
25.9947
27.1477
28.1792
27.8127
26.8960
27.1562
28.6258
27.1106
26.4962
26.4224
25.1537
26.9738
26.7542
26.1472
25.4305
25.3057
24.7032
26.5975
26.8647
25.0616
28.6938
26.3174
26.2799
25.4110
25.7657
27.9763
27.8215
26.6383
24.1833
25.4138
25.4876
26.6736
27.1535
26.4355
28.3595
27.8321
28.5879
27.6638
28.8407
27.3297
27.0135
25.4053
27.1774
26.4051
27.2537
29.6525
27.1879
28.6716
27.9444
28.6579
28.8461
28.0432
28.5979
28.6005
29.0868
28.7886
26.6688
27.2553
27.9975
28.3786
27.9262
28.1851
27.7919
27.8312
27.6259
27.8397
29.9261
29.2083
28.3059
29.1924
26.7647
30.5272
28.0110
28.8362
28.8757
29.1745
27.8832
29.7078
30.0807
29.0485
27.4124
26.8702
27.8485
28.6916
28.4261
28.7907
27.7992
27.6959
29.4067
29.8249
28.5248
29.6019
29.5728
26.5880
27.4084
27.9474
28.2979
26.3436
27.1953
28.6986
28.8807
27.2372
28.2476
28.8172
29.9437
28.3306
29.4282
28.5564
28.7829
28.9515
29.7838
28.7794
28.2328
27.8268
28.5844
29.7722
28.4891
28.7163
29.5585
29.9379
28.8532
30.1887
27.8139
28.1807
29.7165
28.8148
29.2897
30.3654
31.5429
29.1498
29.2124
28.2644
28.1183
28.6265
28.0941
28.6186
30.1054
28.5439
27.6433
27.8887
28.0252
27.9525
30.4266
29.8057
28.3573
28.6761
27.5838
29.1303
30.6575
29.0668
29.3489
29.6935
29.5761
28.5820
30.8689
29.0997
30.2277
28.8717
30.0202
26.6177
30.8612
30.4174
31.2987
30.3219
31.9975
31.6215
30.4844
31.3606
29.7610
28.4060
32.5067
31.8275
30.5982
32.2142
30.1535
30.9735
30.4396
30.9058
31.8964
31.1850
30.8307
31.0290
29.6459
30.3334
30.2473
28.8157
30.1697
29.4641
29.6752
27.3225
28.0278
27.9648
30.1208
29.1213
28.9801
29.2400
29.5489
29.6606
28.9837
30.6270
29.4151
30.3433
30.5843
29.5443
29.2890
27.4982
28.6770
28.1000
28.0919
27.1383
27.7088
27.7197
29.3443
27.1282
28.5968
27.1649
28.2656
28.9821
28.0629
28.5031
27.2110
28.0202
28.7148
28.0603
28.7954
28.5230
28.3613
28.7575
28.0024
28.9450
29.1889
29.9728
27.6720
29.9038
29.7996
29.0310
28.8641
30.8487
28.5214
30.2298
28.9245
28.7908
28.1941
30.4020
28.4390
27.9341
27.8317
29.1816
29.5920
27.7537
28.0584
28.9760
29.9000
29.5563
29.0585
29.3739
31.7266
31.0815
28.6389
29.0304
30.0288
28.6997
26.8153
29.1249
28.1318
29.8037
28.0368
28.5176
28.1378
27.4357
29.0788
28.4930
29.4022
27.9546
27.4725
27.7567
28.0235
27.9359
27.6072
28.6974
26.5349
27.0293
27.5054
26.9268
25.9703
25.4904
25.6907
27.6436
27.8166
27.1996
29.3024
26.2453
28.7133
29.0780
30.4773
28.9053
28.5846
27.9003
26.4774
28.3850
27.8755
28.1745
28.8746
27.8046
26.2058
26.7471
26.2685
26.3256
28.6614
28.0286
28.0984
25.4204
27.8451
26.3381
26.7545
27.9888
27.9372
27.3971
28.2715
26.6540
28.5188
27.2383
29.0848
27.7344
29.0278
29.5605
28.7350
29.0242
26.0396
28.2908
26.4623
26.1136
26.0294
25.7536
25.0211
26.1450
28.6394
28.2528
