27.1395
25.1410
27.9138
27.1767
29.1177
27.8229
29.8373
27.7496
27.2712
27.8914
28.7287
27.4917
27.6929
27.2849
27.2894
28.9340
28.8656
27.7925
29.3026
28.8832
28.8695
28.3010
27.8972
27.0095
25.8228
27.7697
25.4784
23.8577
27.0520
25.2549
28.4104
26.3927
26.0680
22.1917
24.4719
25.3080
24.8894
25.7630
24.4046
26.0241
24.7090
24.1098
23.5944
23.5383
25.6331
26.0482
27.5855
23.3041
20.5658
23.6979
22.2248
22.5753
24.0716
24.2179
25.4680
25.6681
23.9502
23.0188
25.5076
23.4571
25.0328
26.0391
25.8094
24.4729
25.0347
23.5611
25.4329
24.0749
24.2892
24.9780
26.0428
23.9393
24.3685
26.0738
24.3276
24.7808
25.4609
26.4172
24.2590
24.9299
23.8588
22.8621
25.4493
24.9555
25.8510
24.1583
23.6698
23.6961
23.4011
24.2786
23.7160
23.9311
23.5046
23.8574
23.1473
22.9749
23.9665
23.8361
23.1904
24.5726
23.5727
24.4955
26.4817
28.3337
27.7229
28.3623
29.1898
28.9627
27.7225
28.4404
28.7659
27.3322
25.7842
27.2763
25.8099
26.6267
25.8563
25.4851
25.0344
25.0006
26.0682
27.3500
26.9614
27.3960
26.0670
25.5697
25.7818
27.1160
28.2686
27.9298
27.6406
27.7286
27.4062
25.6232
26.0935
26.2247
25.8373
25.8841
25.2668
25.4219
25.3400
25.1977
24.6962
25.3447
25.8798
24.9656
25.5505
23.5956
24.7661
25.3380
24.0577
25.3186
25.5634
25.6433
24.9465
25.3420
24.9868
26.8709
26.8543
27.0767
27.0752
25.7878
27.5086
26.1627
24.6304
26.7108
27.6341
27.9668
27.9277
28.1158
27.5024
29.2251
30.1619
27.9965
27.2558
24.5109
25.4617
28.1184
27.1686
29.4250
25.7819
26.7618
28.2153
27.4367
26.2219
27.6467
26.2144
26.5152
30.2416
28.3809
30.3673
28.1911
28.3318
26.8707
26.1541
25.9866
27.2593
27.7256
27.6497
25.0967
26.8169
27.0325
27.0742
26.7893
25.7490
25.2049
25.8009
25.4779
26.7873
27.4020
27.8307
29.1371
28.2701
27.8498
26.6253
25.9867
25.3173
25.5388
25.3289
25.6068
25.6988
25.9554
28.3423
27.7304
26.5466
27.2280
27.7452
25.9147
27.3746
25.0376
27.8507
26.4398
25.0022
27.4644
26.2079
26.6242
26.4096
26.4653
26.1228
27.3754
27.4169
26.8887
26.7299
27.5294
27.1421
27.2189
26.3409
25.3409
24.7522
26.8025
24.9086
24.6707
24.0804
24.5694
24.8455
24.4348
26.7566
26.5397
26.5344
25.3896
26.5950
26.0908
27.6318
25.8170
26.6394
26.3985
26.4014
27.5735
28.0931
28.0877
26.9257
27.9313
26.5746
25.2100
25.2517
26.9423
26.1963
27.0665
26.2733
25.9797
26.5042
28.3856
28.7958
27.7811
25.6484
27.9602
27.9548
27.8653
27.1164
27.7216
28.8191
28.5799
28.7609
27.5467
28.2458
27.3482
25.8299
26.1762
27.0769
27.7358
28.1745
28.1136
28.7193
27.0535
30.1244
29.6873
29.3062
28.2798
29.8052
28.4858
30.6047
29.8383
27.6186
26.5708
27.3697
27.9063
25.8737
27.4525
26.4849
24.8927
28.0485
28.7749
28.0147
28.5479
26.8690
28.7188
28.1642
27.3603
26.7953
26.4702
26.0712
25.9418
27.2185
26.1978
27.0652
27.7016
26.3360
26.2051
26.2258
25.1470
24.7723
25.6273
26.4151
24.4466
26.2495
27.5167
27.5541
29.3671
28.3095
27.6029
27.1284
25.7062
27.2955
27.6939
27.2317
27.6247
27.4909
26.8201
25.7687
25.2877
25.0575
23.9224
24.8937
25.3717
27.3150
26.5542
27.4521
27.7870
24.6648
25.7106
24.5067
27.3119
25.8355
27.6343
26.1346
29.5283
27.6348
23.5501
25.1486
26.3168
28.7670
27.9060
26.5546
26.8382
29.8876
29.1125
27.8793
27.4844
27.1600
27.7394
27.3651
26.5437
29.4969
28.3817
27.5517
28.7823
27.0849
24.6815
26.8687
30.7138
