24.3443
26.0177
26.2949
24.9811
25.9214
24.9531
24.3549
25.6353
25.3312
24.2787
27.4006
28.0525
27.2947
27.2611
27.0035
25.2627
25.0438
24.2573
24.8534
24.7567
25.8684
26.8140
27.4817
26.6678
25.7109
25.7546
25.9733
25.7961
26.0233
25.3866
24.3728
25.1596
26.1259
26.0594
25.2441
24.2522
24.7870
24.9548
24.8090
24.9524
25.6731
24.6085
25.4477
25.6012
26.0777
25.1772
25.8930
25.4428
24.8458
25.8795
25.5386
25.9288
25.4960
26.4989
26.0586
25.3807
26.0491
25.8203
27.3463
25.1971
27.1085
25.7303
25.1300
25.2854
25.3449
26.1305
25.4009
25.0550
25.8424
26.1009
25.0698
24.6110
25.3017
25.5101
25.3982
24.8369
25.2362
25.5605
24.9430
25.6899
25.2434
25.6724
26.2849
25.5036
24.2334
24.2579
24.3060
24.1695
24.7108
25.5425
24.7473
25.8787
24.9593
25.4867
25.6174
25.7486
24.5757
25.6904
25.0422
23.8717
24.2553
24.5620
24.8145
23.8382
24.1591
23.6680
25.1068
24.2147
24.8388
25.2327
25.1685
23.8579
23.9612
23.5987
24.4439
24.1437
23.9989
23.5998
24.1569
24.5694
24.2573
23.2050
23.5134
24.2152
25.0136
23.7548
24.0870
23.3682
23.0596
24.3022
23.3624
23.4839
24.5052
23.8390
23.3701
23.4954
23.1388
24.6409
24.4433
25.1283
24.9374
25.3480
24.9259
24.7553
24.1474
25.0753
24.9688
25.9375
23.8861
24.4004
23.9722
24.5807
24.8752
25.1813
24.9316
24.6922
24.8713
24.4782
23.9204
25.2108
25.3836
25.1364
25.0593
25.4310
25.1884
26.0941
26.8131
27.0753
26.1444
26.8325
25.7526
26.8656
26.1115
25.7422
27.0514
26.2981
25.7950
25.8455
26.0479
25.8446
25.3741
26.8831
26.8912
26.0735
26.7483
27.4829
25.9413
26.9231
27.2008
26.3510
26.0464
26.9137
27.4589
28.1936
25.8128
25.7645
25.4333
25.5848
26.1366
26.7711
26.2775
26.5670
25.5776
25.0020
25.2551
24.8652
25.1249
24.3396
26.5157
25.6980
26.4076
27.5143
27.6688
27.5797
27.2309
27.2710
27.3793
27.0708
27.9539
27.4848
27.4774
27.7233
26.4037
27.4319
27.1151
26.8200
26.8608
26.4351
27.2335
27.2213
28.2597
27.1684
26.8746
27.5315
26.2034
27.7140
26.5315
27.2522
27.5266
27.5604
27.8433
28.3161
27.7217
27.6500
27.0029
27.0462
27.0632
27.7717
27.8287
26.9675
27.9756
26.8027
28.0061
26.4897
26.9154
27.1208
27.2229
28.1062
27.7972
26.2368
28.0083
27.1484
27.2223
27.1798
25.7548
26.1457
25.2093
25.6568
26.2685
26.4473
26.7255
25.7848
25.0050
25.1788
25.5462
24.9082
25.4160
24.9920
25.6499
25.8688
26.3143
26.2212
26.1595
25.7045
25.0937
25.0497
25.3046
25.3145
26.0134
25.6095
26.5089
26.5791
25.1610
25.3039
26.0850
26.3706
25.2971
26.5918
26.1893
24.4575
24.0763
24.1618
25.2366
24.0469
23.8941
23.4901
23.7268
23.7701
24.2070
24.3456
24.3762
23.3114
24.2462
24.9828
24.8758
25.1904
23.5462
24.3959
23.9778
23.2374
24.4449
23.5564
23.8249
24.3796
23.6661
23.7451
22.3290
23.5297
23.6881
23.5457
22.5004
23.2181
23.6696
22.9885
23.9325
23.4770
23.5518
23.5492
23.7316
23.6866
23.8337
23.6439
23.7034
23.6843
23.5043
23.7179
23.7271
24.5478
24.1474
23.9662
24.2151
24.5269
24.0884
23.6947
23.5202
23.9123
24.7272
24.2908
23.6166
23.5850
23.7339
23.1270
23.3556
23.8008
23.4904
23.6711
24.2027
23.5932
23.8463
25.0093
24.0799
23.3536
24.0148
23.7517
24.3170
23.9165
23.9269
24.0933
24.0946
25.1798
24.1515
24.7163
24.1323
23.8659
23.9452
24.1300
24.3654
24.0555
24.0288
24.7222
23.7021
24.3927
23.5437
23.8541
24.2836
24.1137
25.4978
25.5937
24.8391
24.7404
