24.0659
25.2034
25.0434
24.8857
25.5750
24.8414
24.0540
23.7947
25.8202
24.0758
24.8621
26.9789
25.1687
26.0243
23.7683
24.2935
25.0619
24.8885
26.4079
25.0436
24.7143
24.9061
25.2461
25.8890
25.3169
26.5859
26.4086
25.0564
25.3973
25.9004
25.4362
25.8722
24.9014
24.8785
26.3504
25.4769
26.0040
26.5597
25.8902
26.9548
25.3095
26.7534
26.6762
28.0948
27.4020
26.1097
24.5062
24.7627
24.6972
24.1844
25.0632
24.2027
24.3997
23.1638
23.8006
24.2114
23.1335
23.1110
24.2109
24.1307
24.7152
23.9712
25.0696
24.6870
23.3841
23.9343
23.7388
23.3299
23.7024
23.5897
23.9044
24.3328
24.5810
24.1536
24.0573
23.8236
24.4765
25.4346
24.9065
25.7822
25.1615
24.2986
25.2880
24.7451
24.5022
26.0843
25.2817
24.7292
24.3896
24.3039
23.4217
23.3045
24.3304
23.7538
23.6490
24.1604
23.6656
24.2874
23.6970
23.5174
23.4092
23.9564
23.7675
23.4539
24.6149
24.3108
25.8682
25.7102
23.6967
24.4967
24.0742
24.4661
24.6515
25.0371
26.2375
27.0972
26.1222
26.8580
26.4410
25.5326
25.8103
26.9597
24.2514
24.6048
26.1084
25.7546
24.9917
24.5546
24.4604
24.6232
25.4928
24.8586
24.9674
24.8203
25.6704
25.0289
24.3241
25.8161
24.2528
24.9409
25.9542
24.6197
24.7092
24.5982
25.8124
24.8092
26.1646
25.3606
25.3325
24.7052
25.6262
25.6390
26.5496
25.2405
24.2916
25.0460
25.0557
24.2832
24.5899
25.3619
23.9761
24.8799
25.0540
26.1494
25.9221
26.2110
25.8077
26.8594
26.3311
24.4626
25.1997
24.3597
24.6187
24.3604
23.6869
24.4245
24.2547
23.6320
23.8796
24.0254
24.3894
23.6119
24.2625
23.0099
23.9941
23.6977
23.7994
24.5908
23.7737
23.0732
23.6916
24.6495
24.9600
24.0893
24.8164
25.1665
24.1755
24.6009
24.6421
23.6804
23.9263
23.9511
23.1501
23.3624
23.2172
24.6218
23.6745
24.7645
24.1542
24.2109
23.6919
24.0406
23.8092
24.9503
24.5531
23.8005
24.6786
24.7278
24.7660
24.9680
25.0897
25.1238
23.9652
23.8367
24.9800
24.2558
25.2756
25.3331
24.0563
24.3412
24.9785
24.2360
24.1754
24.9317
24.2280
25.2566
24.0612
25.0250
26.5396
25.5289
24.1541
25.0448
25.1725
25.5414
25.0023
25.6219
26.9991
23.4325
23.8048
24.7007
25.5586
25.5299
25.6713
26.6463
26.3635
25.3166
24.8351
27.0935
27.2052
25.2165
26.2890
26.2209
26.4477
25.6724
25.4763
24.9706
24.1385
24.1564
22.8147
24.0577
24.9671
23.7953
23.5025
24.5783
24.0435
25.9046
26.3509
26.0416
25.5271
25.2490
24.8993
24.5687
24.2608
23.5728
23.8589
24.6387
24.9928
26.6527
25.6563
23.9387
24.3382
24.6554
24.7050
24.7666
25.0164
25.0822
25.3749
25.4282
25.6314
26.7304
26.2173
26.8387
26.0891
26.4804
27.0774
25.8380
26.3404
25.5596
26.9336
26.3835
24.3897
26.2006
24.8133
25.0507
24.7049
26.4808
27.4862
26.2694
25.5559
25.6740
25.6746
25.5546
25.8484
25.3669
26.7973
26.1741
25.5456
26.2140
26.2568
26.0157
27.2400
26.5768
26.2592
25.2557
26.4312
26.6649
25.5980
24.1320
24.5222
24.2867
25.0288
24.5129
24.0709
24.0677
24.8029
24.1932
24.5820
25.0740
23.9873
25.4475
24.3079
25.1632
24.2506
24.6923
25.2037
24.5499
25.4092
26.3795
25.2871
24.5385
24.5677
25.7711
25.4499
25.2902
26.0101
25.9925
25.7107
27.2241
26.9380
29.1971
28.8172
30.3171
30.2755
30.8033
29.6124
30.8301
27.8295
27.5883
27.2861
28.3227
25.6755
24.2634
24.6234
25.0821
25.1414
23.9510
25.1198
24.8607
25.2961
25.5816
25.3536
25.3908
25.9037
26.5873
27.0307
27.4064
27.9659
27.4965
26.6445
25.9707
