28.5083
31.3099
29.0005
31.6931
31.9858
29.5716
28.3948
28.9314
25.5142
28.3149
30.7533
28.8162
26.9066
27.7538
26.5413
28.6661
27.3787
28.8888
26.3540
26.5089
28.6189
29.1339
29.4671
30.2596
31.9316
28.1514
29.3269
28.8612
30.5586
29.9526
29.7308
29.4098
29.0772
27.8773
28.6263
28.5355
27.7070
26.6270
28.3312
31.0781
30.9752
28.0397
29.5613
28.4639
29.5824
27.6912
27.4670
29.9912
26.6971
28.1545
29.9778
31.8775
29.9156
28.8910
28.0019
29.1567
26.9028
28.2667
28.7971
28.7517
27.4980
27.3291
27.2048
28.1892
27.1074
26.1629
27.9236
26.1804
26.1390
27.0811
26.3952
29.1794
26.9279
28.4404
27.0755
29.1821
28.6025
26.5969
28.1381
28.4073
30.8685
29.1004
28.8110
27.2949
27.4008
27.6392
27.2025
29.2182
28.8101
28.3391
30.2325
26.2622
27.9404
30.6971
30.1331
30.1310
29.0215
26.1662
25.1340
27.9703
26.2767
30.4575
27.7476
29.2929
28.7716
29.2122
28.7616
27.2451
26.6838
28.7088
27.8422
25.5147
26.0336
26.1170
24.1886
23.5321
25.2174
23.3464
24.6162
23.8414
25.7043
24.8269
26.6212
25.4505
25.4277
28.0146
26.3651
26.3099
24.9626
26.4725
27.5564
26.4356
25.7253
26.4198
24.6149
24.2184
26.0110
25.6824
24.0081
26.4060
25.8621
26.9421
23.9970
26.8623
23.2586
27.7094
26.7780
22.1888
24.8061
27.4342
26.9727
25.7040
25.2546
24.5749
24.1372
25.0302
25.9484
25.3844
26.7370
25.6221
23.9983
24.0186
26.5616
26.9298
25.2397
26.0308
26.5208
24.3158
25.0256
26.9438
28.4822
25.5811
26.5895
28.3034
25.4819
24.9611
24.5145
24.7893
25.1385
25.0387
25.7889
23.7685
25.0680
25.8293
25.1182
24.5022
26.3541
26.1014
25.2659
22.9364
22.0043
24.4850
25.6095
25.3297
26.0868
24.2935
23.9543
24.4533
24.6252
26.2928
27.4337
26.6362
25.1393
24.8955
23.3208
25.4490
24.4883
23.9065
24.5112
22.5446
24.0973
22.7003
23.6902
23.9763
23.6404
24.4038
23.9566
26.0426
25.2940
25.6748
25.1443
24.2968
23.4751
25.6940
23.5809
23.6811
26.2318
25.9721
24.5694
26.6056
26.9443
25.8018
24.8798
26.8606
25.2883
28.4557
27.1854
28.0626
27.8661
26.6289
26.5502
26.2967
28.2571
27.2229
27.9234
26.0614
26.8546
29.0785
26.9816
27.1374
28.1903
28.6164
30.1748
27.3315
27.0931
27.9518
29.2103
26.6751
25.9565
28.0153
27.8156
26.8699
25.3883
26.1482
27.9166
28.7885
26.8065
27.0334
27.1745
28.2103
28.5378
27.7790
28.2510
27.4991
26.9428
25.6188
24.3986
26.1263
24.6958
27.9284
24.2939
25.0452
26.9918
25.8339
25.5591
26.2086
29.2030
28.4358
26.6141
25.9926
25.6230
26.4282
27.8664
28.3743
28.2043
28.8841
27.1397
26.8478
24.6717
25.0115
25.5792
25.4275
24.4805
30.2210
27.9306
28.1630
25.4985
25.7575
26.8933
27.1892
26.7624
28.4014
26.4246
24.5514
25.8270
26.2691
27.3534
28.1977
24.1739
26.5047
27.2340
25.5491
25.4770
27.7034
27.0052
29.4658
29.4451
27.6558
26.8711
28.7827
28.3119
27.5770
27.4348
28.5743
27.6485
29.6995
29.1029
27.7013
27.4493
26.4622
25.6280
27.1014
27.4932
24.5545
24.1888
27.8765
26.7041
25.4717
25.1471
28.6458
27.6073
26.8040
27.2570
27.3976
28.2595
28.0484
26.7775
27.8225
28.2007
30.0884
28.5832
29.0442
29.8681
27.0926
30.7992
27.6669
28.6873
28.3810
30.7365
28.2047
27.4229
29.5812
27.2051
28.9893
30.3237
29.0896
28.7414
28.9899
28.1299
25.9311
28.9484
28.2389
27.4095
26.8741
28.1366
28.3610
29.6591
28.3559
29.1552
26.6646
27.4288
30.2359
28.9266
27.1620
27.0860
27.7856
27.0814
26.1819
26.0540
27.7438
