25.5653
24.8423
25.7221
24.7503
26.0589
25.1332
25.2714
26.2925
26.4861
25.3684
25.6494
26.6386
25.3604
25.1505
24.9474
25.8923
25.6270
25.7313
25.8275
27.2379
26.0736
25.5777
24.4822
25.0918
25.1833
25.8482
24.9221
25.8519
24.3389
25.6564
25.9715
25.6337
25.0450
23.6253
23.6659
24.4936
25.6000
23.6319
23.9561
24.2026
23.4858
24.5182
24.2184
25.7938
24.8375
23.9708
22.1335
23.9513
24.1492
23.8143
23.4384
22.7983
23.3105
22.7695
22.7482
22.2401
23.8519
23.5202
24.5576
24.9005
24.5903
23.1713
23.1093
22.9294
23.6053
23.4771
24.6182
24.8197
24.0181
24.6092
24.0202
24.2449
23.7267
26.3782
25.1006
25.0238
25.8671
25.5693
23.2553
23.1900
23.0382
22.7692
22.3700
22.7945
23.1793
22.9303
22.3416
23.1126
23.8341
23.6630
23.8170
23.6736
23.4105
23.3326
24.2985
23.8166
22.9036
24.4687
22.9104
25.2539
25.4423
24.7125
24.4332
24.6433
24.6019
23.9558
24.0544
23.4111
23.4676
24.4456
24.1731
24.1933
23.8288
22.7343
23.6443
22.7694
22.4304
23.1048
22.4194
21.9956
22.0439
22.0181
22.1875
23.6217
24.3998
24.0079
24.4791
23.0670
25.4136
23.8810
22.3515
22.0139
22.8515
23.1431
22.4818
23.1919
22.6491
23.9627
25.5540
27.3253
25.2751
25.0683
25.3896
25.8216
24.1438
24.1179
24.7781
25.5285
25.5684
25.3468
24.0975
23.9080
24.2923
24.1575
24.7897
26.0693
25.5778
26.2268
26.5069
25.9403
24.3572
25.2093
24.1954
26.2807
24.4600
25.2338
24.8762
24.6417
24.5719
24.0850
24.3344
24.7322
25.8845
25.1180
25.0626
24.3908
23.8167
25.7002
24.7324
24.5037
23.7345
24.2033
24.0426
23.5594
24.0634
24.6803
24.2477
24.7815
24.8160
24.9747
25.6960
25.0676
24.1693
25.0808
24.9487
25.0713
24.3381
25.3026
25.4235
24.6798
26.0540
25.3701
25.5212
24.6837
26.1667
25.9241
24.3154
25.2335
26.0287
25.3529
25.3632
26.5959
27.8423
25.7543
26.0367
26.2020
26.1755
26.0219
24.8485
25.6606
27.1988
26.2823
25.4040
25.3238
25.6119
25.8824
25.2761
25.6476
24.9298
25.4257
25.2316
25.7415
25.8325
26.1963
25.5927
25.6149
25.1703
26.4753
25.8288
24.7436
24.5444
25.3253
24.7357
24.7478
25.3789
25.8072
26.2684
25.5104
26.1708
25.4370
23.2238
24.7251
24.6234
26.1137
24.5874
25.5186
25.3388
26.3575
26.0100
25.9865
25.0842
24.9381
23.9240
24.9792
24.9841
26.0920
24.1481
24.2642
24.9838
23.5877
25.0389
23.1342
23.4953
22.7088
23.6519
23.8484
23.7393
23.6593
23.6030
23.0291
22.7852
23.4392
23.7658
22.6934
22.5893
22.3444
22.4818
22.1055
22.5731
21.3669
22.2683
22.4090
22.0993
22.6601
22.0216
22.2446
22.3595
21.3299
22.4269
21.3740
22.0063
23.1792
22.3918
22.3624
23.2759
22.2824
22.1347
21.6484
21.8468
22.1453
21.7451
22.0006
23.4820
22.4243
22.2525
23.1921
21.7052
21.2337
22.1141
21.5752
20.7618
21.5671
21.1431
21.0834
21.2353
21.5931
21.9821
21.7266
21.2402
21.8506
21.3279
21.4121
21.1855
22.4896
21.7208
21.3790
21.5184
21.2377
21.6449
21.8303
22.1083
22.1830
21.8083
22.1734
21.4888
22.6477
21.7961
22.0680
21.8979
21.3527
21.7295
21.7461
22.0728
21.5247
21.7323
21.9489
21.4484
21.8692
21.2885
21.4910
21.0880
21.6091
21.6610
21.4136
21.6405
22.1480
21.7504
21.9645
21.6806
21.8965
21.9998
22.0127
21.2983
21.7193
21.2997
22.0998
21.5692
22.4915
21.5354
21.9316
23.5730
23.1361
23.5295
22.6789
22.7950
23.5133
22.6139
21.5008
22.5859
22.0569
21.8239
22.3527
22.1164
22.6290
23.5090
23.2893
22.5042
22.7319
23.3750
23.6818
