22.9932
22.1460
22.8571
22.3960
23.7184
23.9860
23.7700
22.7811
23.0632
23.0055
23.6885
22.7706
23.6519
22.7027
22.1252
24.4566
23.5235
22.6875
23.4394
21.6200
22.1398
21.5870
23.1495
22.4550
23.6032
23.8706
23.3226
23.3694
24.1897
23.6894
23.1017
23.8348
24.9193
25.7069
23.6452
25.3189
22.7225
23.1551
22.1213
23.2843
24.5408
21.7269
23.4992
24.8239
22.4496
22.1336
22.6624
24.5189
23.7840
22.9536
22.9713
23.5659
24.4848
23.3318
22.8340
22.2180
22.8977
23.4117
23.3870
23.3444
23.2362
23.1469
22.9955
23.1209
23.4993
23.4949
23.3737
24.3583
23.1733
22.6887
23.6134
23.5733
24.9774
23.4617
22.8095
23.5623
22.5221
24.5019
26.4324
23.6874
22.5080
23.4452
22.0165
24.0323
24.1558
24.9712
22.5355
22.0843
22.3512
22.4614
23.1857
22.7025
24.0745
23.1998
22.9804
23.0240
22.1664
21.6404
22.7261
23.3577
24.1384
24.4666
24.6119
24.8652
23.4440
23.1765
23.4128
25.8829
24.8545
25.2579
24.5902
24.4075
24.5394
23.6808
25.5717
25.0789
25.2115
22.9687
23.2260
25.0570
23.7742
23.1748
23.8683
22.5478
22.6057
22.0628
22.7411
24.7493
25.8097
24.2770
24.7049
24.2739
25.0957
24.7253
23.3368
23.0495
23.5042
24.8685
23.2561
22.7425
23.8957
24.5720
23.8574
22.3349
22.7167
23.3579
24.3201
22.7086
23.0504
21.7944
22.3402
21.8714
21.3506
23.1375
24.0280
21.5326
22.9601
22.9390
22.0603
23.6022
22.6124
22.4961
22.9844
22.7334
22.2965
23.8510
23.9348
23.3975
21.5135
22.9416
24.2024
25.4104
24.8828
24.3033
23.1969
24.5156
24.2269
23.3824
22.9593
21.7771
22.6460
23.0666
24.0524
23.2490
24.0269
23.4982
21.9836
25.0176
26.1344
24.0520
22.1443
22.5091
23.6662
23.6007
22.8693
21.5370
24.1950
23.5690
22.8007
22.8865
25.2966
25.0424
22.0600
22.7991
24.6888
23.3426
24.6315
24.6052
23.4105
24.9294
24.4313
24.0315
23.9759
24.9403
24.5934
25.0807
24.7381
25.0057
23.2034
24.0695
24.3397
22.8003
23.9406
24.0029
22.9147
23.9726
23.3596
23.5214
23.0258
22.9496
24.4391
24.6062
25.6980
27.0800
23.4559
23.9052
26.0120
24.8034
23.1452
23.5306
23.1441
23.8995
24.3341
24.7187
23.7059
25.2495
24.1872
24.6864
24.0439
23.0262
24.1215
25.5751
23.6075
24.2335
22.7324
23.8138
24.9857
22.2721
25.4525
22.4255
23.2671
25.2674
25.0837
22.5662
23.1139
24.1692
25.0343
27.0792
25.5853
24.6984
26.4681
24.5331
25.2866
23.9788
23.2528
24.0920
24.4077
25.0766
22.6759
24.8262
24.7114
25.8064
24.6657
26.1480
23.1524
21.4337
25.1835
24.6830
24.2237
27.0203
25.9616
27.2523
25.2303
23.3674
24.5802
23.8496
23.9007
25.2090
26.4654
26.3304
24.6834
24.6975
24.2447
23.0174
23.7093
24.8823
26.0537
25.4074
26.3418
24.9862
24.8102
22.1449
24.4727
24.7744
23.1024
25.3596
24.5501
22.8722
24.0854
27.4416
23.3158
24.9430
24.9729
24.2920
24.0251
24.1368
22.1217
22.0154
21.1408
23.0858
24.5243
26.9955
28.4792
26.4792
25.2977
27.2535
26.2426
24.6588
25.0238
22.9366
22.7688
23.2229
22.3950
25.8865
23.6427
26.0394
23.6963
23.1724
23.5543
23.1705
23.3605
26.0496
25.0500
25.6899
26.3617
24.6893
26.2865
28.0999
28.7510
26.6304
26.4749
24.8002
26.6491
24.8556
26.5746
23.9771
26.1253
24.2607
24.4102
24.4867
24.0986
26.1544
23.7698
25.3549
22.6305
25.8882
25.7636
25.7573
24.3449
27.0267
27.3333
26.8081
26.0075
25.5712
23.8962
22.4546
23.6162
23.9482
26.4845
24.0184
27.1518
28.3546
24.6825
26.1629
24.8787
27.7358
26.9443
25.8726
24.2469
27.2744
