25.6251
26.3276
27.1469
28.4366
29.4487
26.3269
25.6706
28.2872
25.2865
25.3167
25.3204
24.8409
27.2789
26.5074
28.5399
27.3916
28.8647
29.1780
27.9830
26.3230
25.0330
25.8362
25.1061
24.5173
27.2629
24.7078
26.4768
25.3727
24.8582
27.1446
26.5446
24.3404
25.4285
24.7280
23.8490
25.8130
24.4080
27.0330
25.3282
26.8209
26.1397
26.2806
25.7330
27.3932
27.0120
25.0888
25.4890
25.6893
24.7062
25.5607
23.1034
23.0239
25.3846
26.9923
26.6124
26.4848
26.3904
27.2276
27.4487
25.0111
24.6497
24.9728
25.0794
25.8032
23.7606
25.6463
23.9995
26.6799
25.8504
27.2970
27.0768
27.0787
25.6684
25.9547
27.2155
26.6806
24.8637
26.6323
25.9793
26.9200
24.9077
26.2876
27.1828
27.4424
28.2672
28.9325
26.4861
28.9751
28.9072
29.0203
29.0182
29.7192
26.9777
27.9861
28.4566
27.3938
24.2162
28.4536
24.7291
24.7348
27.2760
24.5324
25.4859
28.5051
28.0049
26.7449
25.8379
27.5307
28.5692
26.5525
28.1561
26.6034
28.5618
26.8063
29.2482
28.8188
27.7708
24.9864
25.5163
25.0570
27.2443
27.7657
27.5753
27.7497
29.0000
29.0264
29.5793
29.1905
27.7197
27.8666
26.5399
25.4005
26.5840
25.6183
26.0604
25.9446
28.0681
29.3091
28.1595
30.3515
28.7717
29.9048
30.4016
27.0469
29.9492
27.4166
29.3320
29.9541
27.9643
29.7609
26.6749
28.0343
27.1704
31.5626
27.8215
28.6836
28.9136
31.2215
31.8050
31.3375
30.7059
30.0575
30.7089
31.4410
28.2554
27.2620
27.7925
28.3129
28.9179
28.3518
29.2214
27.7535
28.4851
29.3806
30.3367
30.4627
29.5744
27.5801
28.9326
27.0302
26.9384
28.0487
28.7303
29.9764
28.3649
27.1856
27.3639
25.8988
26.0856
27.7766
26.7485
29.9816
27.7664
28.2043
29.7497
26.6965
26.1204
28.6339
27.8369
27.7139
24.4679
28.5308
26.7158
27.0592
28.7122
26.1995
27.7521
29.5096
27.1060
27.4074
28.1593
29.0416
30.3344
29.5274
28.9093
30.2861
32.6315
31.3991
28.5413
29.4265
30.3596
30.4924
31.2834
30.0291
30.4578
28.0011
30.1527
26.1305
29.0187
27.7773
31.1500
30.0622
27.3533
27.0260
28.1970
29.1453
27.6231
27.2149
30.3957
29.7612
31.3593
30.4187
30.5339
27.7631
30.3255
31.7511
32.9232
33.7921
31.2232
32.0515
30.9955
28.7878
29.0018
27.6739
27.1185
27.0598
27.5262
26.2869
27.2673
27.5441
28.7586
27.3542
27.5772
28.9416
24.9171
25.2161
26.7836
26.8984
26.1121
25.5553
26.5238
27.9423
25.5565
24.1552
26.6295
26.4364
24.6574
27.4233
26.8333
27.5712
27.6103
24.1384
25.2840
25.7572
25.2460
26.3959
27.0312
27.0600
27.6422
27.9236
26.9567
28.2456
28.4108
28.0301
29.5696
29.2214
29.9183
28.2858
31.6682
31.7934
31.8124
29.3799
27.2164
28.3128
29.1585
26.4477
27.5159
28.7168
29.6161
26.9291
28.2520
26.5990
27.2983
28.1213
26.9682
26.1020
25.4827
25.9977
25.3299
27.5869
27.1624
26.6212
28.3211
29.5302
30.3661
29.8432
29.3137
26.9276
26.9311
26.2119
27.2974
26.1395
26.9500
27.7256
28.3781
29.8638
26.2663
26.2577
27.3207
27.4531
27.7531
27.7105
29.3592
30.7471
30.2030
28.4749
28.8463
30.3636
28.1045
27.6843
29.5175
29.2891
28.5348
27.0055
27.5828
28.6435
29.0990
27.6800
27.8993
28.1807
28.1136
29.2140
26.6713
28.1655
29.0586
28.3487
27.8681
26.2129
27.2262
27.9579
29.7298
31.8286
27.0389
28.0212
28.0479
26.2978
28.6435
31.0331
31.3690
28.9615
28.9849
29.7483
29.6405
30.1544
30.0100
30.5119
27.7147
28.4422
28.2228
28.0681
29.1211
27.5236
30.4139
28.8499
29.0861
31.6352
28.1877
28.8427
30.5170
31.3910
