28.1190
24.4997
25.0850
25.9281
25.7825
25.2082
25.9169
26.4074
27.6013
27.0449
26.9689
25.5439
26.3494
28.0996
26.3730
26.0417
26.3534
26.8443
25.8085
25.3487
26.4563
26.9281
28.0492
26.9934
27.0384
27.0026
26.7858
26.5126
27.5467
26.5059
26.7298
27.2060
27.2031
25.8832
27.0126
25.8324
26.2498
25.6515
25.6352
24.5854
25.0761
25.2050
25.2763
25.2509
25.5676
26.7629
27.0943
26.9135
27.0139
25.0652
25.9623
26.1432
25.9875
25.8628
25.3889
26.1105
24.8897
23.9850
25.5425
24.7228
25.1636
25.4345
24.8688
24.4992
24.8606
25.1856
25.3150
24.4069
23.7015
23.8763
24.8634
24.9028
23.9887
24.4411
25.0988
24.4401
25.0547
25.0245
25.2345
25.3397
25.3134
25.8729
25.7307
24.9559
25.1138
24.5699
25.9664
25.8846
26.0118
25.4731
25.9419
26.6517
26.1106
27.3367
26.5484
26.0845
25.3355
25.3672
25.9328
25.2001
25.3423
24.5322
24.4980
25.1565
23.1531
24.3919
24.5965
25.2588
24.5342
24.5215
24.8531
25.5503
25.8943
25.3034
25.9568
27.0326
25.3387
25.2138
25.1368
24.6130
24.1810
23.5132
24.4922
24.1347
24.6067
25.1939
25.0641
24.8553
25.1878
24.8498
24.9634
24.9673
24.5643
24.8825
25.3760
25.1911
25.5891
26.3779
26.2696
25.4306
25.4153
24.9943
26.0771
25.6811
25.3317
26.0799
26.4791
26.3458
26.0578
25.8206
25.8934
25.9020
25.9096
25.7346
26.0815
26.6137
27.3955
25.8382
25.5524
26.9588
25.7000
26.3180
26.4703
25.2517
23.7380
25.9773
27.0789
25.2435
26.2424
26.6525
25.6592
25.3749
25.3030
25.6776
26.8998
27.1354
26.1204
24.7581
25.3440
25.6270
26.0268
26.1357
27.8145
26.0932
27.5670
26.1361
26.3134
25.6892
25.3342
25.8014
25.9076
25.1864
25.2693
26.0227
26.2421
25.5700
25.7202
25.3448
26.5688
25.9049
26.2441
25.8174
24.8841
25.0838
27.0087
25.8016
26.3781
24.7105
25.7538
25.8713
24.6252
26.0302
27.0503
25.9170
26.2125
26.3686
26.4498
24.9524
26.1608
26.3200
25.5252
25.3343
24.8835
25.7543
25.0289
26.2670
24.6613
24.6981
23.6881
23.8298
24.0792
24.8861
24.0378
24.6261
24.8574
24.3177
24.8436
24.0486
25.3293
24.3198
24.9955
25.9349
25.3510
25.3553
26.0490
25.0563
25.4327
25.0040
24.9045
24.8081
25.5250
25.3557
25.4796
26.0960
25.9054
24.8929
24.8317
24.6999
24.3994
26.1412
26.1902
25.7492
24.6868
25.1181
25.6890
25.2774
25.8503
24.5307
23.6060
24.7147
24.2197
24.5074
25.6123
26.0999
24.7358
24.3929
24.6008
24.8246
23.9843
24.0181
24.1539
23.6599
25.8719
24.8231
24.6546
23.8779
24.4528
23.5792
23.3350
24.5484
25.0596
24.6397
25.5454
25.5861
26.3380
25.5790
27.6876
25.4458
25.4347
25.8863
24.9939
26.1226
25.8827
26.0967
26.4385
25.8695
25.4132
27.0414
25.8642
25.6445
26.4431
24.7839
26.5513
26.8619
26.5365
25.8905
25.2338
25.7441
25.6606
25.5867
25.6514
26.6036
25.6321
25.3305
25.9406
25.4366
25.4504
25.8193
26.7276
27.1133
24.6041
26.1703
25.7647
27.1194
27.0808
27.2795
26.7043
28.0937
27.8750
27.8055
28.2966
27.8669
27.3365
27.1416
27.3826
26.3067
28.1580
27.7166
28.0842
28.8779
29.4757
27.9078
27.7654
27.0449
26.5846
27.0591
27.7839
26.9438
27.0806
26.4507
26.5956
26.5487
27.2838
26.7900
27.4446
26.9620
26.7957
27.1767
28.0239
27.2022
26.6517
26.0592
26.6291
24.7774
24.9873
25.5307
26.1265
26.3591
26.7350
26.7763
28.0818
27.5931
27.3365
27.3296
26.3664
27.7398
27.1829
27.9546
27.7986
27.8053
27.8159
26.3349
26.5718
27.4162
27.0725
28.0513
25.4858
26.5265
26.3257
26.1259
