#Distance_(Ang) :1-1276_=>_:Na+
       0.050000        0.000000
       0.150000        0.000000
       0.250000        0.000000
       0.350000        0.000000
       0.450000        0.000000
       0.550000        0.000000
       0.650000        0.000000
       0.750000        0.000000
       0.850000        0.000000
       0.950000        0.000000
       1.050000        0.000000
       1.150000        0.000000
       1.250000        0.000000
       1.350000        0.000000
       1.450000        0.000000
       1.550000        0.000000
       1.650000        0.000000
       1.750000        0.000000
       1.850000        0.000000
       1.950000        0.001165
       2.050000        0.125213
       2.150000        0.746659
       2.250000        0.968414
       2.350000        0.616011
       2.450000        0.323081
       2.550000        0.208864
       2.650000        0.172458
       2.750000        0.147727
       2.850000        0.172883
       2.950000        0.217864
       3.050000        0.290006
       3.150000        0.375909
       3.250000        0.485664
       3.350000        0.572209
       3.450000        0.626165
       3.550000        0.594762
       3.650000        0.576720
       3.750000        0.593626
       3.850000        0.661997
       3.950000        0.731971
       4.050000        0.824399
       4.150000        0.931767
       4.250000        0.990221
       4.350000        1.050009
       4.450000        1.073998
       4.550000        1.103019
       4.650000        1.089116
       4.750000        1.056898
       4.850000        1.057384
       4.950000        1.055341
       5.050000        1.080006
       5.150000        1.094027
       5.250000        1.105950
       5.350000        1.123469
       5.450000        1.118923
       5.550000        1.145671
       5.650000        1.173061
       5.750000        1.193823
       5.850000        1.210783
       5.950000        1.223810
       6.050000        1.227237
       6.150000        1.238463
       6.250000        1.250549
       6.350000        1.254936
       6.450000        1.249380
       6.550000        1.260716
       6.650000        1.255464
       6.750000        1.262957
       6.850000        1.264590
       6.950000        1.265277
       7.050000        1.270835
       7.150000        1.274567
       7.250000        1.264109
       7.350000        1.267062
       7.450000        1.271414
       7.550000        1.266931
       7.650000        1.279976
       7.750000        1.273195
       7.850000        1.297529
       7.950000        1.300238
       8.050000        1.299678
       8.150000        1.311027
       8.250000        1.312139
       8.350000        1.300546
       8.450000        1.303252
       8.550000        1.307731
       8.650000        1.310933
       8.750000        1.310131
       8.850000        1.310771
       8.950000        1.315481
       9.050000        1.312599
       9.150000        1.309518
       9.250000        1.314267
       9.350000        1.318768
       9.450000        1.309043
       9.550000        1.319535
       9.650000        1.317505
       9.750000        1.317490
       9.850000        1.312509
       9.950000        1.311122
      10.050000        1.316917
      10.150000        1.317086
      10.250000        1.320709
      10.350000        1.320605
      10.450000        1.328093
      10.550000        1.324760
      10.650000        1.318428
      10.750000        1.322129
      10.850000        1.327261
      10.950000        1.321878
      11.050000        1.321354
      11.150000        1.329104
      11.250000        1.323159
      11.350000        1.328504
      11.450000        1.322560
      11.550000        1.328046
      11.650000        1.329310
      11.750000        1.329595
      11.850000        1.334653
      11.950000        1.337203
      12.050000        1.336929
      12.150000        1.339633
      12.250000        1.347167
      12.350000        1.350128
      12.450000        1.354313
      12.550000        1.347960
      12.650000        1.354761
      12.750000        1.352638
      12.850000        1.357214
      12.950000        1.356972
      13.050000        1.358377
      13.150000        1.357759
      13.250000        1.366533
      13.350000        1.363961
      13.450000        1.367891
      13.550000        1.366307
      13.650000        1.368674
      13.750000        1.371334
      13.850000        1.373876
      13.950000        1.376992
      14.050000        1.379392
      14.150000        1.379524
      14.250000        1.382113
      14.350000        1.384650
      14.450000        1.385119
      14.550000        1.383208
      14.650000        1.390927
      14.750000        1.391089
      14.850000        1.393109
      14.950000        1.393706
      15.050000        1.394063
      15.150000        1.400242
      15.250000        1.392491
      15.350000        1.396090
      15.450000        1.401777
      15.550000        1.397661
      15.650000        1.401143
      15.750000        1.397291
      15.850000        1.404354
      15.950000        1.399589
      16.050000        1.404265
      16.150000        1.401373
      16.250000        1.406777
      16.350000        1.405869
      16.450000        1.406029
      16.550000        1.404552
      16.650000        1.408193
      16.750000        1.406926
      16.850000        1.407777
      16.950000        1.408402
      17.050000        1.411565
      17.150000        1.406614
      17.250000        1.409059
      17.350000        1.406518
      17.450000        1.403060
      17.550000        1.402047
      17.650000        1.405463
      17.750000        1.401658
      17.850000        1.406553
      17.950000        1.403932
      18.050000        1.404440
      18.150000        1.402585
      18.250000        1.401082
      18.350000        1.398033
      18.450000        1.399753
      18.550000        1.402884
      18.650000        1.397211
      18.750000        1.399515
      18.850000        1.400256
      18.950000        1.395199
      19.050000        1.393952
      19.150000        1.395079
      19.250000        1.397444
      19.350000        1.397378
      19.450000        1.390086
      19.550000        1.389320
      19.650000        1.391168
      19.750000        1.387016
      19.850000        1.387562
      19.950000        1.385446
      20.050000        1.385385
      20.150000        1.387996
      20.250000        1.384836
      20.350000        1.381829
      20.450000        1.381674
      20.550000        1.378092
      20.650000        1.379736
      20.750000        1.383593
      20.850000        1.381583
      20.950000        1.382593
      21.050000        1.376669
      21.150000        1.377139
      21.250000        1.377625
      21.350000        1.374357
      21.450000        1.377021
      21.550000        1.373372
      21.650000        1.373793
      21.750000        1.373061
      21.850000        1.371651
      21.950000        1.368072
      22.050000        1.368493
      22.150000        1.367152
      22.250000        1.368563
      22.350000        1.366130
      22.450000        1.364317
      22.550000        1.363902
      22.650000        1.364343
      22.750000        1.360503
      22.850000        1.361880
      22.950000        1.358074
      23.050000        1.361043
      23.150000        1.356704
      23.250000        1.358681
      23.350000        1.356262
      23.450000        1.356873
      23.550000        1.352813
      23.650000        1.354165
      23.750000        1.355787
      23.850000        1.350785
      23.950000        1.352148
      24.050000        1.352703
      24.150000        1.351619
      24.250000        1.348975
      24.350000        1.349630
      24.450000        1.347798
      24.550000        1.347017
      24.650000        1.348392
      24.750000        1.345193
      24.850000        1.347803
      24.950000        1.347701
      25.050000        1.346864
      25.150000        1.344848
      25.250000        1.344902
      25.350000        1.344130
      25.450000        1.347498
      25.550000        1.344463
      25.650000        1.344505
      25.750000        1.344492
      25.850000        1.345735
      25.950000        1.340849
      26.050000        1.343918
      26.150000        1.344209
      26.250000        1.343514
      26.350000        1.344148
      26.450000        1.340224
      26.550000        1.342979
      26.650000        1.343372
      26.750000        1.343176
      26.850000        1.344287
      26.950000        1.342879
      27.050000        1.340391
      27.150000        1.342395
      27.250000        1.342075
      27.350000        1.344879
      27.450000        1.345163
      27.550000        1.343330
      27.650000        1.343356
      27.750000        1.343537
      27.850000        1.341740
      27.950000        1.343828
      28.050000        1.343437
      28.150000        1.341363
      28.250000        1.340814
      28.350000        1.343298
      28.450000        1.341292
      28.550000        1.342081
      28.650000        1.342277
      28.750000        1.343212
      28.850000        1.340600
      28.950000        1.339310
      29.050000        1.340925
      29.150000        1.338504
      29.250000        1.339700
      29.350000        1.338410
      29.450000        1.339607
      29.550000        1.337872
      29.650000        1.338708
      29.750000        1.339419
      29.850000        1.338045
      29.950000        1.335604
      30.050000        1.336704
      30.150000        1.333319
      30.250000        1.337403
      30.350000        1.335935
      30.450000        1.333973
      30.550000        1.333363
      30.650000        1.334761
      30.750000        1.332303
      30.850000        1.333168
      30.950000        1.332067
      31.050000        1.332503
      31.150000        1.331942
      31.250000        1.332361
      31.350000        1.331616
      31.450000        1.328614
      31.550000        1.327716
      31.650000        1.326304
      31.750000        1.328480
      31.850000        1.327888
      31.950000        1.326086
      32.050000        1.324628
      32.150000        1.324825
      32.250000        1.322721
      32.350000        1.324520
      32.450000        1.321849
      32.550000        1.319896
      32.650000        1.319547
      32.750000        1.322565
      32.850000        1.320028
      32.950000        1.317780
      33.050000        1.317967
      33.150000        1.316787
      33.250000        1.313957
      33.350000        1.314461
      33.450000        1.313926
      33.550000        1.311616
      33.650000        1.310660
      33.750000        1.311545
      33.850000        1.310171
      33.950000        1.309543
      34.050000        1.309142
      34.150000        1.306972
      34.250000        1.306077
      34.350000        1.306571
      34.450000        1.305384
      34.550000        1.305530
      34.650000        1.303097
      34.750000        1.302728
      34.850000        1.300187
      34.950000        1.300935
      35.050000        1.300383
      35.150000        1.299876
      35.250000        1.300448
      35.350000        1.296668
      35.450000        1.296377
      35.550000        1.296769
      35.650000        1.295317
      35.750000        1.294959
      35.850000        1.294655
      35.950000        1.294069
      36.050000        1.293680
      36.150000        1.291542
      36.250000        1.291692
      36.350000        1.289229
      36.450000        1.288077
      36.550000        1.289286
      36.650000        1.286378
      36.750000        1.286404
      36.850000        1.286062
      36.950000        1.286365
      37.050000        1.284056
      37.150000        1.284455
      37.250000        1.282878
      37.350000        1.282562
      37.450000        1.281910
      37.550000        1.280719
      37.650000        1.279279
      37.750000        1.280160
      37.850000        1.277415
      37.950000        1.277684
      38.050000        1.276210
      38.150000        1.276961
      38.250000        1.274917
      38.350000        1.273219
      38.450000        1.273823
      38.550000        1.272046
      38.650000        1.272077
      38.750000        1.271487
      38.850000        1.269805
      38.950000        1.269814
      39.050000        1.269605
      39.150000        1.268701
      39.250000        1.266660
      39.350000        1.266485
      39.450000        1.264920
      39.550000        1.264715
      39.650000        1.265106
      39.750000        1.262681
      39.850000        1.262499
      39.950000        1.259755
      40.050000        1.260157
      40.150000        1.260918
      40.250000        1.260628
      40.350000        1.258188
      40.450000        1.257462
      40.550000        1.257485
      40.650000        1.257103
      40.750000        1.255742
      40.850000        1.253150
      40.950000        1.253446
      41.050000        1.252473
      41.150000        1.251311
      41.250000        1.250893
      41.350000        1.251070
      41.450000        1.250234
      41.550000        1.249359
      41.650000        1.247362
      41.750000        1.245981
      41.850000        1.244927
      41.950000        1.245462
      42.050000        1.243966
      42.150000        1.241605
      42.250000        1.241986
      42.350000        1.241179
      42.450000        1.240886
      42.550000        1.239797
      42.650000        1.238261
      42.750000        1.236331
      42.850000        1.236575
      42.950000        1.236404
      43.050000        1.233648
      43.150000        1.233976
      43.250000        1.232646
      43.350000        1.231307
      43.450000        1.230433
      43.550000        1.230479
      43.650000        1.229331
      43.750000        1.228012
      43.850000        1.227545
      43.950000        1.226020
      44.050000        1.226127
      44.150000        1.224626
      44.250000        1.223063
      44.350000        1.222901
      44.450000        1.222282
      44.550000        1.220048
      44.650000        1.219320
      44.750000        1.218762
      44.850000        1.218300
      44.950000        1.216427
      45.050000        1.215616
      45.150000        1.214612
      45.250000        1.214325
      45.350000        1.213692
      45.450000        1.212171
      45.550000        1.211660
      45.650000        1.211871
      45.750000        1.211469
      45.850000        1.210984
      45.950000        1.210812
      46.050000        1.208090
      46.150000        1.206143
      46.250000        1.206146
      46.350000        1.205466
      46.450000        1.205079
      46.550000        1.202065
      46.650000        1.202137
      46.750000        1.201641
      46.850000        1.201377
      46.950000        1.199894
      47.050000        1.199809
      47.150000        1.197189
      47.250000        1.197557
      47.350000        1.195944
      47.450000        1.196156
      47.550000        1.194308
      47.650000        1.193631
      47.750000        1.192625
      47.850000        1.192225
      47.950000        1.191473
      48.050000        1.189970
      48.150000        1.190051
      48.250000        1.188380
      48.350000        1.188088
      48.450000        1.187305
      48.550000        1.186481
      48.650000        1.184329
      48.750000        1.184474
      48.850000        1.182747
      48.950000        1.182289
      49.050000        1.180318
      49.150000        1.180735
      49.250000        1.180020
      49.350000        1.179036
      49.450000        1.178210
      49.550000        1.177366
      49.650000        1.177456
      49.750000        1.176694
      49.850000        1.174219
      49.950000        1.175815
      50.050000        1.174205
      50.150000        1.173939
      50.250000        1.172097
      50.350000        1.171200
      50.450000        1.172787
      50.550000        1.170884
      50.650000        1.170046
      50.750000        1.169154
      50.850000        1.168881
      50.950000        1.167638
      51.050000        1.166609
      51.150000        1.167044
      51.250000        1.164724
      51.350000        1.165652
      51.450000        1.163931
      51.550000        1.163532
      51.650000        1.162914
      51.750000        1.162184
      51.850000        1.160852
      51.950000        1.160509
      52.050000        1.160845
      52.150000        1.159410
      52.250000        1.158868
      52.350000        1.157943
      52.450000        1.156963
      52.550000        1.157061
      52.650000        1.156397
      52.750000        1.155263
      52.850000        1.154053
      52.950000        1.153804
      53.050000        1.152714
      53.150000        1.154207
      53.250000        1.153190
      53.350000        1.152423
      53.450000        1.151680
      53.550000        1.149778
      53.650000        1.149535
      53.750000        1.148232
      53.850000        1.148645
      53.950000        1.147716
      54.050000        1.147089
      54.150000        1.146035
      54.250000        1.145115
      54.350000        1.143722
      54.450000        1.144081
      54.550000        1.144085
      54.650000        1.143323
      54.750000        1.141355
      54.850000        1.140655
      54.950000        1.140516
      55.050000        1.139739
      55.150000        1.139310
      55.250000        1.138967
      55.350000        1.138145
      55.450000        1.136728
      55.550000        1.137181
      55.650000        1.135030
      55.750000        1.135047
      55.850000        1.134707
      55.950000        1.132971
      56.050000        1.132662
      56.150000        1.132317
      56.250000        1.131881
      56.350000        1.130917
      56.450000        1.129598
      56.550000        1.128702
      56.650000        1.128105
      56.750000        1.127873
      56.850000        1.126956
      56.950000        1.126141
      57.050000        1.125924
      57.150000        1.125816
      57.250000        1.125049
      57.350000        1.123119
      57.450000        1.122264
      57.550000        1.121437
      57.650000        1.121481
      57.750000        1.120420
      57.850000        1.119737
      57.950000        1.118847
      58.050000        1.117939
      58.150000        1.117117
      58.250000        1.116149
      58.350000        1.115654
      58.450000        1.116216
      58.550000        1.114553
      58.650000        1.114166
      58.750000        1.113385
      58.850000        1.112374
      58.950000        1.111134
      59.050000        1.111516
      59.150000        1.110189
      59.250000        1.109613
      59.350000        1.109259
      59.450000        1.108497
      59.550000        1.108272
      59.650000        1.107206
      59.750000        1.105628
      59.850000        1.105257
      59.950000        1.105412
      60.050000        1.103344
      60.150000        1.103831
      60.250000        1.104300
      60.350000        1.103080
      60.450000        1.101660
      60.550000        1.100949
      60.650000        1.101091
      60.750000        1.099056
      60.850000        1.099858
      60.950000        1.099307
      61.050000        1.097410
      61.150000        1.097545
      61.250000        1.097685
      61.350000        1.096086
      61.450000        1.095612
      61.550000        1.095729
      61.650000        1.093806
      61.750000        1.093761
      61.850000        1.093850
      61.950000        1.093042
      62.050000        1.092702
      62.150000        1.091352
      62.250000        1.090708
      62.350000        1.090407
      62.450000        1.089717
      62.550000        1.089087
      62.650000        1.088080
      62.750000        1.088569
      62.850000        1.087393
      62.950000        1.087186
      63.050000        1.087206
      63.150000        1.086534
      63.250000        1.085660
      63.350000        1.085709
      63.450000        1.084717
      63.550000        1.084388
      63.650000        1.083156
      63.750000        1.083594
      63.850000        1.083197
      63.950000        1.081099
      64.050000        1.082000
      64.150000        1.081180
      64.250000        1.079924
      64.350000        1.080400
      64.450000        1.078972
      64.550000        1.079372
      64.650000        1.079151
      64.750000        1.077842
      64.850000        1.076466
      64.950000        1.076808
      65.050000        1.075429
      65.150000        1.075374
      65.250000        1.075438
      65.350000        1.075112
      65.450000        1.072949
      65.550000        1.073042
      65.650000        1.072902
      65.750000        1.072468
      65.850000        1.072674
      65.950000        1.071760
      66.050000        1.070393
      66.150000        1.069998
      66.250000        1.069255
      66.350000        1.068735
      66.450000        1.067840
      66.550000        1.067178
      66.650000        1.067600
      66.750000        1.066583
      66.850000        1.066894
      66.950000        1.065784
      67.050000        1.065528
      67.150000        1.064760
      67.250000        1.063478
      67.350000        1.063157
      67.450000        1.063704
      67.550000        1.062513
      67.650000        1.061283
      67.750000        1.061448
      67.850000        1.060517
      67.950000        1.060935
      68.050000        1.060528
      68.150000        1.058987
      68.250000        1.059179
      68.350000        1.057850
      68.450000        1.057972
      68.550000        1.057378
      68.650000        1.057026
      68.750000        1.056074
      68.850000        1.055928
      68.950000        1.055316
      69.050000        1.054975
      69.150000        1.054347
      69.250000        1.053561
      69.350000        1.053583
      69.450000        1.052776
      69.550000        1.052388
      69.650000        1.051106
      69.750000        1.051753
      69.850000        1.050442
      69.950000        1.049228
