#Distance_(Ang) :1-1276_=>_:Na+
       0.050000        0.000000
       0.150000        0.000000
       0.250000        0.000000
       0.350000        0.000000
       0.450000        0.000000
       0.550000        0.000000
       0.650000        0.000000
       0.750000        0.000000
       0.850000        0.000000
       0.950000        0.000000
       1.050000        0.000000
       1.150000        0.000000
       1.250000        0.000000
       1.350000        0.000000
       1.450000        0.000000
       1.550000        0.000000
       1.650000        0.000000
       1.750000        0.000000
       1.850000        0.000000
       1.950000        0.001170
       2.050000        0.082778
       2.150000        0.479649
       2.250000        0.581379
       2.350000        0.364597
       2.450000        0.180990
       2.550000        0.119319
       2.650000        0.104150
       2.750000        0.094243
       2.850000        0.107465
       2.950000        0.136907
       3.050000        0.184320
       3.150000        0.238805
       3.250000        0.311106
       3.350000        0.382883
       3.450000        0.409827
       3.550000        0.400975
       3.650000        0.380909
       3.750000        0.400666
       3.850000        0.431031
       3.950000        0.478892
       4.050000        0.548249
       4.150000        0.612461
       4.250000        0.661078
       4.350000        0.700491
       4.450000        0.730206
       4.550000        0.727562
       4.650000        0.732863
       4.750000        0.727218
       4.850000        0.719216
       4.950000        0.715619
       5.050000        0.721649
       5.150000        0.744055
       5.250000        0.755659
       5.350000        0.766319
       5.450000        0.778121
       5.550000        0.787023
       5.650000        0.805601
       5.750000        0.813244
       5.850000        0.834875
       5.950000        0.845254
       6.050000        0.847714
       6.150000        0.848650
       6.250000        0.867933
       6.350000        0.864315
       6.450000        0.873165
       6.550000        0.878380
       6.650000        0.881862
       6.750000        0.880731
       6.850000        0.887634
       6.950000        0.885690
       7.050000        0.879882
       7.150000        0.887000
       7.250000        0.882474
       7.350000        0.881916
       7.450000        0.880718
       7.550000        0.890559
       7.650000        0.890283
       7.750000        0.890569
       7.850000        0.894942
       7.950000        0.894773
       8.050000        0.892990
       8.150000        0.903672
       8.250000        0.905510
       8.350000        0.909669
       8.450000        0.909689
       8.550000        0.907220
       8.650000        0.911162
       8.750000        0.915316
       8.850000        0.910143
       8.950000        0.915803
       9.050000        0.913375
       9.150000        0.911812
       9.250000        0.912266
       9.350000        0.919047
       9.450000        0.915703
       9.550000        0.920434
       9.650000        0.917663
       9.750000        0.920644
       9.850000        0.918628
       9.950000        0.921514
      10.050000        0.919187
      10.150000        0.925972
      10.250000        0.926109
      10.350000        0.922497
      10.450000        0.926113
      10.550000        0.930130
      10.650000        0.929551
      10.750000        0.930479
      10.850000        0.937059
      10.950000        0.940825
      11.050000        0.932153
      11.150000        0.934919
      11.250000        0.934277
      11.350000        0.938948
      11.450000        0.939710
      11.550000        0.939305
      11.650000        0.945239
      11.750000        0.943553
      11.850000        0.947784
      11.950000        0.949654
      12.050000        0.953355
      12.150000        0.954207
      12.250000        0.955491
      12.350000        0.959416
      12.450000        0.958447
      12.550000        0.963342
      12.650000        0.965154
      12.750000        0.965341
      12.850000        0.965303
      12.950000        0.973269
      13.050000        0.971144
      13.150000        0.970083
      13.250000        0.975689
      13.350000        0.975577
      13.450000        0.973619
      13.550000        0.978921
      13.650000        0.981227
      13.750000        0.985636
      13.850000        0.983362
      13.950000        0.987770
      14.050000        0.990579
      14.150000        0.993227
      14.250000        0.990739
      14.350000        0.996304
      14.450000        0.996886
      14.550000        0.999396
      14.650000        1.004420
      14.750000        1.004054
      14.850000        1.007534
      14.950000        1.006765
      15.050000        1.004380
      15.150000        1.008100
      15.250000        1.010687
      15.350000        1.011248
      15.450000        1.010950
      15.550000        1.014528
      15.650000        1.013180
      15.750000        1.019949
      15.850000        1.016095
      15.950000        1.020698
      16.050000        1.023429
      16.150000        1.025107
      16.250000        1.022939
      16.350000        1.022997
      16.450000        1.024343
      16.550000        1.026463
      16.650000        1.029664
      16.750000        1.026586
      16.850000        1.027839
      16.950000        1.031110
      17.050000        1.029501
      17.150000        1.031396
      17.250000        1.029568
      17.350000        1.032249
      17.450000        1.033147
      17.550000        1.028572
      17.650000        1.032669
      17.750000        1.034951
      17.850000        1.029932
      17.950000        1.034609
      18.050000        1.034960
      18.150000        1.035683
      18.250000        1.036291
      18.350000        1.034983
      18.450000        1.034556
      18.550000        1.038825
      18.650000        1.036285
      18.750000        1.036482
      18.850000        1.038534
      18.950000        1.037554
      19.050000        1.034900
      19.150000        1.035849
      19.250000        1.035285
      19.350000        1.038264
      19.450000        1.035006
      19.550000        1.034943
      19.650000        1.036485
      19.750000        1.036359
      19.850000        1.037956
      19.950000        1.033611
      20.050000        1.037531
      20.150000        1.034007
      20.250000        1.036452
      20.350000        1.033893
      20.450000        1.036570
      20.550000        1.037815
      20.650000        1.038709
      20.750000        1.036879
      20.850000        1.034168
      20.950000        1.036022
      21.050000        1.036954
      21.150000        1.032923
      21.250000        1.034102
      21.350000        1.035374
      21.450000        1.037562
      21.550000        1.036635
      21.650000        1.035381
      21.750000        1.033036
      21.850000        1.035749
      21.950000        1.036470
      22.050000        1.036975
      22.150000        1.034212
      22.250000        1.036559
      22.350000        1.038244
      22.450000        1.035483
      22.550000        1.038611
      22.650000        1.034980
      22.750000        1.035516
      22.850000        1.036913
      22.950000        1.037418
      23.050000        1.034118
      23.150000        1.037675
      23.250000        1.036870
      23.350000        1.037698
      23.450000        1.035958
      23.550000        1.036429
      23.650000        1.034656
      23.750000        1.036639
      23.850000        1.035345
      23.950000        1.035879
      24.050000        1.035265
      24.150000        1.036256
      24.250000        1.038935
      24.350000        1.035087
      24.450000        1.034828
      24.550000        1.034553
      24.650000        1.035772
      24.750000        1.034428
      24.850000        1.038433
      24.950000        1.035137
      25.050000        1.039197
      25.150000        1.035982
      25.250000        1.036234
      25.350000        1.037850
      25.450000        1.037178
      25.550000        1.036637
      25.650000        1.037524
      25.750000        1.040341
      25.850000        1.038592
      25.950000        1.039561
      26.050000        1.038157
      26.150000        1.040272
      26.250000        1.041082
      26.350000        1.039384
      26.450000        1.040419
      26.550000        1.041629
      26.650000        1.039732
      26.750000        1.042117
      26.850000        1.040411
      26.950000        1.044105
      27.050000        1.042277
      27.150000        1.042543
      27.250000        1.043455
      27.350000        1.043509
      27.450000        1.044496
      27.550000        1.044971
      27.650000        1.043511
      27.750000        1.043767
      27.850000        1.046394
      27.950000        1.046408
      28.050000        1.043773
      28.150000        1.045426
      28.250000        1.047516
      28.350000        1.045463
      28.450000        1.044236
      28.550000        1.046587
      28.650000        1.046110
      28.750000        1.046746
      28.850000        1.046131
      28.950000        1.044849
      29.050000        1.048142
      29.150000        1.045403
      29.250000        1.048182
      29.350000        1.045581
      29.450000        1.047337
      29.550000        1.047806
      29.650000        1.049068
      29.750000        1.047265
      29.850000        1.049017
      29.950000        1.047279
      30.050000        1.048590
      30.150000        1.049116
      30.250000        1.050207
      30.350000        1.048368
      30.450000        1.048360
      30.550000        1.050844
      30.650000        1.048023
      30.750000        1.049415
      30.850000        1.047913
      30.950000        1.049512
      31.050000        1.050069
      31.150000        1.046924
      31.250000        1.049020
      31.350000        1.048173
      31.450000        1.048532
      31.550000        1.049287
      31.650000        1.047905
      31.750000        1.047818
      31.850000        1.048201
      31.950000        1.047452
      32.050000        1.046593
      32.150000        1.048260
      32.250000        1.047415
      32.350000        1.048729
      32.450000        1.046572
      32.550000        1.046624
      32.650000        1.048080
      32.750000        1.047337
      32.850000        1.046815
      32.950000        1.048323
      33.050000        1.047185
      33.150000        1.045494
      33.250000        1.047071
      33.350000        1.044561
      33.450000        1.045231
      33.550000        1.045536
      33.650000        1.044806
      33.750000        1.045462
      33.850000        1.043559
      33.950000        1.043472
      34.050000        1.042891
      34.150000        1.043904
      34.250000        1.042223
      34.350000        1.044088
      34.450000        1.042180
      34.550000        1.043332
      34.650000        1.043891
      34.750000        1.043266
      34.850000        1.043240
      34.950000        1.042787
      35.050000        1.042222
      35.150000        1.042412
      35.250000        1.043422
      35.350000        1.042731
      35.450000        1.040234
      35.550000        1.041524
      35.650000        1.040315
      35.750000        1.041571
      35.850000        1.041774
      35.950000        1.039939
      36.050000        1.038196
      36.150000        1.039859
      36.250000        1.040417
      36.350000        1.037776
      36.450000        1.040534
      36.550000        1.038883
      36.650000        1.038141
      36.750000        1.038924
      36.850000        1.041224
      36.950000        1.039842
      37.050000        1.038422
      37.150000        1.036895
      37.250000        1.037253
      37.350000        1.038698
      37.450000        1.036412
      37.550000        1.038623
      37.650000        1.039007
      37.750000        1.038433
      37.850000        1.038152
      37.950000        1.038851
      38.050000        1.037845
      38.150000        1.038196
      38.250000        1.036056
      38.350000        1.038102
      38.450000        1.037209
      38.550000        1.036472
      38.650000        1.038303
      38.750000        1.037742
      38.850000        1.035780
      38.950000        1.035324
      39.050000        1.035979
      39.150000        1.035533
      39.250000        1.035061
      39.350000        1.035300
      39.450000        1.036296
      39.550000        1.034190
      39.650000        1.035920
      39.750000        1.035053
      39.850000        1.035772
      39.950000        1.035525
      40.050000        1.034769
      40.150000        1.036482
      40.250000        1.035137
      40.350000        1.035481
      40.450000        1.036926
      40.550000        1.033933
      40.650000        1.035516
      40.750000        1.034040
      40.850000        1.033918
      40.950000        1.034975
      41.050000        1.034272
      41.150000        1.035185
      41.250000        1.035176
      41.350000        1.034595
      41.450000        1.035776
      41.550000        1.034170
      41.650000        1.036449
      41.750000        1.033804
      41.850000        1.034521
      41.950000        1.033940
      42.050000        1.034555
      42.150000        1.034334
      42.250000        1.035187
      42.350000        1.035075
      42.450000        1.034108
      42.550000        1.033472
      42.650000        1.035147
      42.750000        1.032933
      42.850000        1.033892
      42.950000        1.034412
      43.050000        1.034131
      43.150000        1.034216
      43.250000        1.034401
      43.350000        1.032931
      43.450000        1.034339
      43.550000        1.034588
      43.650000        1.033934
      43.750000        1.033507
      43.850000        1.033188
      43.950000        1.034392
      44.050000        1.032771
      44.150000        1.034260
      44.250000        1.033786
      44.350000        1.032299
      44.450000        1.032496
      44.550000        1.033196
      44.650000        1.033102
      44.750000        1.033595
      44.850000        1.033481
      44.950000        1.032086
      45.050000        1.033152
      45.150000        1.033234
      45.250000        1.032180
      45.350000        1.033357
      45.450000        1.033563
      45.550000        1.032490
      45.650000        1.033155
      45.750000        1.031814
      45.850000        1.033521
      45.950000        1.032257
      46.050000        1.031879
      46.150000        1.032678
      46.250000        1.031446
      46.350000        1.032554
      46.450000        1.032593
      46.550000        1.033604
      46.650000        1.030981
      46.750000        1.032814
      46.850000        1.033146
      46.950000        1.033052
      47.050000        1.032257
      47.150000        1.031139
      47.250000        1.031548
      47.350000        1.033413
      47.450000        1.032088
      47.550000        1.031994
      47.650000        1.032519
      47.750000        1.032541
      47.850000        1.032816
      47.950000        1.032226
      48.050000        1.032600
      48.150000        1.032081
      48.250000        1.033162
      48.350000        1.031750
      48.450000        1.032141
      48.550000        1.032968
      48.650000        1.032183
      48.750000        1.030922
      48.850000        1.032036
      48.950000        1.032041
      49.050000        1.031910
      49.150000        1.031806
      49.250000        1.031808
      49.350000        1.032327
      49.450000        1.032388
      49.550000        1.031215
      49.650000        1.030200
      49.750000        1.030932
      49.850000        1.030907
      49.950000        1.031775
      50.050000        1.032076
      50.150000        1.032661
      50.250000        1.031294
      50.350000        1.032711
      50.450000        1.031931
      50.550000        1.031958
      50.650000        1.030439
      50.750000        1.031814
      50.850000        1.031995
      50.950000        1.031806
      51.050000        1.031780
      51.150000        1.031907
      51.250000        1.032380
      51.350000        1.031977
      51.450000        1.031674
      51.550000        1.031021
      51.650000        1.031269
      51.750000        1.031436
      51.850000        1.032138
      51.950000        1.031903
      52.050000        1.032030
      52.150000        1.032260
      52.250000        1.031663
      52.350000        1.031847
      52.450000        1.031454
      52.550000        1.031094
      52.650000        1.031663
      52.750000        1.032188
      52.850000        1.031918
      52.950000        1.031206
      53.050000        1.032450
      53.150000        1.032325
      53.250000        1.031279
      53.350000        1.031488
      53.450000        1.030940
      53.550000        1.030819
      53.650000        1.031674
      53.750000        1.031350
      53.850000        1.032037
      53.950000        1.030925
      54.050000        1.031349
      54.150000        1.031339
      54.250000        1.031905
      54.350000        1.030997
      54.450000        1.030836
      54.550000        1.032614
      54.650000        1.031975
      54.750000        1.031410
      54.850000        1.031655
      54.950000        1.030701
      55.050000        1.031273
      55.150000        1.031398
      55.250000        1.031641
      55.350000        1.031334
      55.450000        1.029535
      55.550000        1.032085
      55.650000        1.030566
      55.750000        1.031670
      55.850000        1.031647
      55.950000        1.030030
      56.050000        1.030073
      56.150000        1.030709
      56.250000        1.030565
      56.350000        1.029607
      56.450000        1.030271
      56.550000        1.030218
      56.650000        1.030273
      56.750000        1.030124
      56.850000        1.030179
      56.950000        1.029979
      57.050000        1.029085
      57.150000        1.029483
      57.250000        1.030241
      57.350000        1.029945
      57.450000        1.028758
      57.550000        1.029196
      57.650000        1.028664
      57.750000        1.029055
      57.850000        1.028673
      57.950000        1.028843
      58.050000        1.029180
      58.150000        1.028225
      58.250000        1.027391
      58.350000        1.028104
      58.450000        1.027293
      58.550000        1.027981
      58.650000        1.028434
      58.750000        1.028814
      58.850000        1.027426
      58.950000        1.027378
      59.050000        1.027698
      59.150000        1.026821
      59.250000        1.027377
      59.350000        1.026648
      59.450000        1.027380
      59.550000        1.027315
      59.650000        1.027307
      59.750000        1.025939
      59.850000        1.027155
      59.950000        1.026550
      60.050000        1.026420
      60.150000        1.026479
      60.250000        1.025944
      60.350000        1.026485
      60.450000        1.026230
      60.550000        1.026419
      60.650000        1.026439
      60.750000        1.025801
      60.850000        1.025748
      60.950000        1.025829
      61.050000        1.025602
      61.150000        1.025504
      61.250000        1.024688
      61.350000        1.025303
      61.450000        1.025713
      61.550000        1.025786
      61.650000        1.026526
      61.750000        1.024660
      61.850000        1.025912
      61.950000        1.025444
      62.050000        1.024382
      62.150000        1.025547
      62.250000        1.024739
      62.350000        1.024727
      62.450000        1.025602
      62.550000        1.024323
      62.650000        1.024821
      62.750000        1.025138
      62.850000        1.024321
      62.950000        1.024452
      63.050000        1.024330
      63.150000        1.025188
      63.250000        1.024029
      63.350000        1.024641
      63.450000        1.024185
      63.550000        1.024740
      63.650000        1.024318
      63.750000        1.025196
      63.850000        1.024260
      63.950000        1.023445
      64.050000        1.023584
      64.150000        1.024016
      64.250000        1.024816
      64.350000        1.023732
      64.450000        1.024971
      64.550000        1.023788
      64.650000        1.024970
      64.750000        1.022612
      64.850000        1.023333
      64.950000        1.023831
      65.050000        1.024921
      65.150000        1.024609
      65.250000        1.023681
      65.350000        1.023766
      65.450000        1.024938
      65.550000        1.024567
      65.650000        1.023299
      65.750000        1.023683
      65.850000        1.022765
      65.950000        1.023663
      66.050000        1.023514
      66.150000        1.022758
      66.250000        1.023844
      66.350000        1.023155
      66.450000        1.023302
      66.550000        1.023579
      66.650000        1.022516
      66.750000        1.023286
      66.850000        1.023895
      66.950000        1.023876
      67.050000        1.023207
      67.150000        1.023111
      67.250000        1.022265
      67.350000        1.023137
      67.450000        1.022678
      67.550000        1.022556
      67.650000        1.022310
      67.750000        1.022147
      67.850000        1.021980
      67.950000        1.021966
      68.050000        1.022182
      68.150000        1.022566
      68.250000        1.021991
      68.350000        1.021544
      68.450000        1.021195
      68.550000        1.021605
      68.650000        1.021312
      68.750000        1.020575
      68.850000        1.020579
      68.950000        1.021208
      69.050000        1.020219
      69.150000        1.020827
      69.250000        1.020889
      69.350000        1.020853
      69.450000        1.020858
      69.550000        1.019797
      69.650000        1.019913
      69.750000        1.020441
      69.850000        1.020177
      69.950000        1.020693
