#Distance_(Ang) :1-1276_=>_:Na+
       0.050000        0.000000
       0.150000        0.000000
       0.250000        0.000000
       0.350000        0.000000
       0.450000        0.000000
       0.550000        0.000000
       0.650000        0.000000
       0.750000        0.000000
       0.850000        0.000000
       0.950000        0.000000
       1.050000        0.000000
       1.150000        0.000000
       1.250000        0.000000
       1.350000        0.000000
       1.450000        0.000000
       1.550000        0.000000
       1.650000        0.000000
       1.750000        0.000000
       1.850000        0.000000
       1.950000        0.000464
       2.050000        0.099959
       2.150000        0.623741
       2.250000        0.796168
       2.350000        0.524023
       2.450000        0.281717
       2.550000        0.188664
       2.650000        0.156598
       2.750000        0.127094
       2.850000        0.136479
       2.950000        0.188540
       3.050000        0.244124
       3.150000        0.319780
       3.250000        0.403438
       3.350000        0.483607
       3.450000        0.496247
       3.550000        0.484933
       3.650000        0.460582
       3.750000        0.487375
       3.850000        0.551887
       3.950000        0.600669
       4.050000        0.676684
       4.150000        0.748402
       4.250000        0.814949
       4.350000        0.854924
       4.450000        0.885710
       4.550000        0.896835
       4.650000        0.893294
       4.750000        0.861869
       4.850000        0.857353
       4.950000        0.868056
       5.050000        0.873199
       5.150000        0.901719
       5.250000        0.907886
       5.350000        0.919289
       5.450000        0.926695
       5.550000        0.950197
       5.650000        0.971387
       5.750000        0.974122
       5.850000        0.986886
       5.950000        1.009617
       6.050000        1.008060
       6.150000        1.026467
       6.250000        1.033495
       6.350000        1.033314
       6.450000        1.050619
       6.550000        1.043699
       6.650000        1.038175
       6.750000        1.051387
       6.850000        1.042133
       6.950000        1.050443
       7.050000        1.053656
       7.150000        1.045213
       7.250000        1.052935
       7.350000        1.054494
       7.450000        1.057372
       7.550000        1.058056
       7.650000        1.069595
       7.750000        1.075795
       7.850000        1.079258
       7.950000        1.085656
       8.050000        1.093149
       8.150000        1.090621
       8.250000        1.102289
       8.350000        1.099327
       8.450000        1.102240
       8.550000        1.099284
       8.650000        1.108002
       8.750000        1.107043
       8.850000        1.104008
       8.950000        1.104468
       9.050000        1.100165
       9.150000        1.099813
       9.250000        1.101829
       9.350000        1.107112
       9.450000        1.099975
       9.550000        1.115270
       9.650000        1.107148
       9.750000        1.108343
       9.850000        1.106650
       9.950000        1.112460
      10.050000        1.112018
      10.150000        1.115858
      10.250000        1.116187
      10.350000        1.112051
      10.450000        1.112888
      10.550000        1.108212
      10.650000        1.116012
      10.750000        1.115610
      10.850000        1.111404
      10.950000        1.114122
      11.050000        1.115923
      11.150000        1.111908
      11.250000        1.109720
      11.350000        1.119510
      11.450000        1.122252
      11.550000        1.119524
      11.650000        1.120816
      11.750000        1.125174
      11.850000        1.126983
      11.950000        1.130928
      12.050000        1.133220
      12.150000        1.129496
      12.250000        1.134448
      12.350000        1.140608
      12.450000        1.137478
      12.550000        1.143880
      12.650000        1.144466
      12.750000        1.143504
      12.850000        1.141091
      12.950000        1.145032
      13.050000        1.143903
      13.150000        1.144055
      13.250000        1.143664
      13.350000        1.151309
      13.450000        1.148672
      13.550000        1.152395
      13.650000        1.152930
      13.750000        1.151530
      13.850000        1.161204
      13.950000        1.153883
      14.050000        1.159279
      14.150000        1.159025
      14.250000        1.163180
      14.350000        1.164895
      14.450000        1.167386
      14.550000        1.165338
      14.650000        1.166288
      14.750000        1.170241
      14.850000        1.168135
      14.950000        1.171394
      15.050000        1.173931
      15.150000        1.176583
      15.250000        1.172673
      15.350000        1.177497
      15.450000        1.174987
      15.550000        1.176223
      15.650000        1.177327
      15.750000        1.180159
      15.850000        1.179840
      15.950000        1.181108
      16.050000        1.175547
      16.150000        1.178995
      16.250000        1.179411
      16.350000        1.178698
      16.450000        1.184293
      16.550000        1.177211
      16.650000        1.182223
      16.750000        1.180687
      16.850000        1.181901
      16.950000        1.180265
      17.050000        1.181767
      17.150000        1.182413
      17.250000        1.178328
      17.350000        1.183073
      17.450000        1.181147
      17.550000        1.184264
      17.650000        1.184855
      17.750000        1.183530
      17.850000        1.181948
      17.950000        1.182496
      18.050000        1.181332
      18.150000        1.183160
      18.250000        1.182484
      18.350000        1.179147
      18.450000        1.178058
      18.550000        1.181960
      18.650000        1.178000
      18.750000        1.178615
      18.850000        1.177662
      18.950000        1.174894
      19.050000        1.178555
      19.150000        1.175730
      19.250000        1.173273
      19.350000        1.176946
      19.450000        1.168793
      19.550000        1.173162
      19.650000        1.172755
      19.750000        1.171873
      19.850000        1.172135
      19.950000        1.170469
      20.050000        1.169626
      20.150000        1.167474
      20.250000        1.169985
      20.350000        1.168976
      20.450000        1.166476
      20.550000        1.166781
      20.650000        1.167744
      20.750000        1.166282
      20.850000        1.167364
      20.950000        1.163313
      21.050000        1.163081
      21.150000        1.164752
      21.250000        1.163100
      21.350000        1.164930
      21.450000        1.163632
      21.550000        1.163880
      21.650000        1.161399
      21.750000        1.158598
      21.850000        1.160612
      21.950000        1.161013
      22.050000        1.161942
      22.150000        1.161454
      22.250000        1.159180
      22.350000        1.157259
      22.450000        1.156847
      22.550000        1.157014
      22.650000        1.155079
      22.750000        1.154612
      22.850000        1.157774
      22.950000        1.153456
      23.050000        1.156450
      23.150000        1.153246
      23.250000        1.154371
      23.350000        1.153688
      23.450000        1.153136
      23.550000        1.154083
      23.650000        1.152940
      23.750000        1.153860
      23.850000        1.154753
      23.950000        1.154919
      24.050000        1.152397
      24.150000        1.150532
      24.250000        1.156802
      24.350000        1.153482
      24.450000        1.153040
      24.550000        1.151768
      24.650000        1.155369
      24.750000        1.154237
      24.850000        1.154696
      24.950000        1.155614
      25.050000        1.155634
      25.150000        1.155838
      25.250000        1.155205
      25.350000        1.154543
      25.450000        1.157496
      25.550000        1.156644
      25.650000        1.156598
      25.750000        1.155964
      25.850000        1.157077
      25.950000        1.158362
      26.050000        1.157279
      26.150000        1.156641
      26.250000        1.156079
      26.350000        1.158941
      26.450000        1.158678
      26.550000        1.156568
      26.650000        1.158283
      26.750000        1.157267
      26.850000        1.159834
      26.950000        1.159416
      27.050000        1.159050
      27.150000        1.157710
      27.250000        1.161668
      27.350000        1.158152
      27.450000        1.159709
      27.550000        1.159874
      27.650000        1.161251
      27.750000        1.159876
      27.850000        1.161285
      27.950000        1.161808
      28.050000        1.158744
      28.150000        1.160017
      28.250000        1.160302
      28.350000        1.161206
      28.450000        1.158091
      28.550000        1.159572
      28.650000        1.159887
      28.750000        1.160515
      28.850000        1.161723
      28.950000        1.160666
      29.050000        1.161858
      29.150000        1.158654
      29.250000        1.159175
      29.350000        1.159527
      29.450000        1.160163
      29.550000        1.160443
      29.650000        1.161827
      29.750000        1.160487
      29.850000        1.159697
      29.950000        1.158313
      30.050000        1.159776
      30.150000        1.159623
      30.250000        1.160120
      30.350000        1.158380
      30.450000        1.158738
      30.550000        1.159181
      30.650000        1.160400
      30.750000        1.159353
      30.850000        1.157821
      30.950000        1.160310
      31.050000        1.160335
      31.150000        1.159418
      31.250000        1.157671
      31.350000        1.156837
      31.450000        1.159925
      31.550000        1.158378
      31.650000        1.157898
      31.750000        1.158029
      31.850000        1.156821
      31.950000        1.156720
      32.050000        1.157862
      32.150000        1.155558
      32.250000        1.158270
      32.350000        1.157399
      32.450000        1.156532
      32.550000        1.157199
      32.650000        1.155825
      32.750000        1.155366
      32.850000        1.153228
      32.950000        1.153396
      33.050000        1.153118
      33.150000        1.152479
      33.250000        1.154038
      33.350000        1.152493
      33.450000        1.153330
      33.550000        1.152433
      33.650000        1.151477
      33.750000        1.152058
      33.850000        1.152263
      33.950000        1.150623
      34.050000        1.149699
      34.150000        1.152707
      34.250000        1.149508
      34.350000        1.151091
      34.450000        1.149791
      34.550000        1.151468
      34.650000        1.150072
      34.750000        1.148413
      34.850000        1.150022
      34.950000        1.149157
      35.050000        1.149004
      35.150000        1.147796
      35.250000        1.148585
      35.350000        1.148506
      35.450000        1.147033
      35.550000        1.147645
      35.650000        1.147544
      35.750000        1.147429
      35.850000        1.148200
      35.950000        1.147975
      36.050000        1.147723
      36.150000        1.147212
      36.250000        1.146080
      36.350000        1.145171
      36.450000        1.145610
      36.550000        1.145581
      36.650000        1.145770
      36.750000        1.144450
      36.850000        1.143873
      36.950000        1.143854
      37.050000        1.144141
      37.150000        1.145517
      37.250000        1.144425
      37.350000        1.143231
      37.450000        1.143318
      37.550000        1.142332
      37.650000        1.141483
      37.750000        1.141313
      37.850000        1.141465
      37.950000        1.140245
      38.050000        1.139935
      38.150000        1.142528
      38.250000        1.140116
      38.350000        1.140308
      38.450000        1.139211
      38.550000        1.138990
      38.650000        1.137428
      38.750000        1.137393
      38.850000        1.138638
      38.950000        1.137008
      39.050000        1.138298
      39.150000        1.137809
      39.250000        1.135393
      39.350000        1.136758
      39.450000        1.136383
      39.550000        1.133178
      39.650000        1.133785
      39.750000        1.133139
      39.850000        1.134994
      39.950000        1.132058
      40.050000        1.131961
      40.150000        1.133476
      40.250000        1.133109
      40.350000        1.131792
      40.450000        1.131387
      40.550000        1.130972
      40.650000        1.130423
      40.750000        1.130868
      40.850000        1.129299
      40.950000        1.130586
      41.050000        1.129948
      41.150000        1.129128
      41.250000        1.128772
      41.350000        1.127355
      41.450000        1.129261
      41.550000        1.128803
      41.650000        1.127250
      41.750000        1.127163
      41.850000        1.126851
      41.950000        1.125176
      42.050000        1.125992
      42.150000        1.124861
      42.250000        1.124807
      42.350000        1.124427
      42.450000        1.124923
      42.550000        1.123736
      42.650000        1.121879
      42.750000        1.122596
      42.850000        1.121341
      42.950000        1.121321
      43.050000        1.121360
      43.150000        1.120544
      43.250000        1.119888
      43.350000        1.119296
      43.450000        1.118597
      43.550000        1.118566
      43.650000        1.119080
      43.750000        1.117080
      43.850000        1.116416
      43.950000        1.115149
      44.050000        1.115779
      44.150000        1.115671
      44.250000        1.114365
      44.350000        1.114132
      44.450000        1.113499
      44.550000        1.113479
      44.650000        1.114201
      44.750000        1.113684
      44.850000        1.112130
      44.950000        1.111194
      45.050000        1.110632
      45.150000        1.110709
      45.250000        1.109791
      45.350000        1.110136
      45.450000        1.110559
      45.550000        1.110091
      45.650000        1.109745
      45.750000        1.108092
      45.850000        1.106464
      45.950000        1.106964
      46.050000        1.107035
      46.150000        1.106125
      46.250000        1.107073
      46.350000        1.105914
      46.450000        1.105688
      46.550000        1.104370
      46.650000        1.104357
      46.750000        1.102179
      46.850000        1.103235
      46.950000        1.102460
      47.050000        1.101711
      47.150000        1.102069
      47.250000        1.100046
      47.350000        1.099209
      47.450000        1.100457
      47.550000        1.097947
      47.650000        1.099703
      47.750000        1.098539
      47.850000        1.096621
      47.950000        1.097978
      48.050000        1.096348
      48.150000        1.096184
      48.250000        1.095779
      48.350000        1.095020
      48.450000        1.094234
      48.550000        1.093363
      48.650000        1.093297
      48.750000        1.094021
      48.850000        1.092860
      48.950000        1.093452
      49.050000        1.090979
      49.150000        1.091199
      49.250000        1.091604
      49.350000        1.090982
      49.450000        1.090765
      49.550000        1.090108
      49.650000        1.090159
      49.750000        1.089009
      49.850000        1.089323
      49.950000        1.087548
      50.050000        1.086392
      50.150000        1.087199
      50.250000        1.086691
      50.350000        1.086176
      50.450000        1.084752
      50.550000        1.085699
      50.650000        1.085385
      50.750000        1.085175
      50.850000        1.083880
      50.950000        1.083646
      51.050000        1.083940
      51.150000        1.082740
      51.250000        1.082390
      51.350000        1.082632
      51.450000        1.081679
      51.550000        1.082079
      51.650000        1.081626
      51.750000        1.081234
      51.850000        1.080757
      51.950000        1.079536
      52.050000        1.078878
      52.150000        1.079934
      52.250000        1.078311
      52.350000        1.077672
      52.450000        1.077272
      52.550000        1.077555
      52.650000        1.076284
      52.750000        1.076788
      52.850000        1.077264
      52.950000        1.075219
      53.050000        1.075001
      53.150000        1.076039
      53.250000        1.074817
      53.350000        1.074523
      53.450000        1.074030
      53.550000        1.074045
      53.650000        1.072571
      53.750000        1.073229
      53.850000        1.072687
      53.950000        1.071289
      54.050000        1.071614
      54.150000        1.071464
      54.250000        1.072238
      54.350000        1.069725
      54.450000        1.070608
      54.550000        1.069820
      54.650000        1.068661
      54.750000        1.069050
      54.850000        1.068920
      54.950000        1.068289
      55.050000        1.067922
      55.150000        1.068377
      55.250000        1.067955
      55.350000        1.067564
      55.450000        1.067419
      55.550000        1.066687
      55.650000        1.065773
      55.750000        1.066017
      55.850000        1.065693
      55.950000        1.065374
      56.050000        1.063804
      56.150000        1.064446
      56.250000        1.063918
      56.350000        1.062800
      56.450000        1.062736
      56.550000        1.061927
      56.650000        1.061467
      56.750000        1.062327
      56.850000        1.060781
      56.950000        1.060807
      57.050000        1.059583
      57.150000        1.060074
      57.250000        1.060103
      57.350000        1.058922
      57.450000        1.058691
      57.550000        1.058772
      57.650000        1.057960
      57.750000        1.057362
      57.850000        1.055870
      57.950000        1.056519
      58.050000        1.056362
      58.150000        1.056378
      58.250000        1.055631
      58.350000        1.055047
      58.450000        1.054250
      58.550000        1.054229
      58.650000        1.053905
      58.750000        1.054155
      58.850000        1.052942
      58.950000        1.052307
      59.050000        1.052420
      59.150000        1.051720
      59.250000        1.051816
      59.350000        1.052132
      59.450000        1.051019
      59.550000        1.050153
      59.650000        1.050248
      59.750000        1.049971
      59.850000        1.049018
      59.950000        1.049032
      60.050000        1.049234
      60.150000        1.047969
      60.250000        1.047310
      60.350000        1.047425
      60.450000        1.048307
      60.550000        1.047120
      60.650000        1.046366
      60.750000        1.046153
      60.850000        1.046517
      60.950000        1.045981
      61.050000        1.044711
      61.150000        1.044965
      61.250000        1.044356
      61.350000        1.044051
      61.450000        1.044137
      61.550000        1.044177
      61.650000        1.043306
      61.750000        1.043886
      61.850000        1.042522
      61.950000        1.043042
      62.050000        1.041743
      62.150000        1.042519
      62.250000        1.041903
      62.350000        1.041613
      62.450000        1.041003
      62.550000        1.040598
      62.650000        1.041069
      62.750000        1.041293
      62.850000        1.040869
      62.950000        1.040895
      63.050000        1.039980
      63.150000        1.038589
      63.250000        1.040060
      63.350000        1.038306
      63.450000        1.038727
      63.550000        1.039012
      63.650000        1.038522
      63.750000        1.038476
      63.850000        1.037823
      63.950000        1.037693
      64.050000        1.037451
      64.150000        1.036780
      64.250000        1.036769
      64.350000        1.036616
      64.450000        1.036409
      64.550000        1.036283
      64.650000        1.036701
      64.750000        1.036020
      64.850000        1.036049
      64.950000        1.035902
      65.050000        1.034687
      65.150000        1.034597
      65.250000        1.034522
      65.350000        1.034494
      65.450000        1.034863
      65.550000        1.033610
      65.650000        1.033137
      65.750000        1.033345
      65.850000        1.033477
      65.950000        1.032878
      66.050000        1.032432
      66.150000        1.032079
      66.250000        1.032448
      66.350000        1.030481
      66.450000        1.031605
      66.550000        1.031291
      66.650000        1.030547
      66.750000        1.030732
      66.850000        1.029571
      66.950000        1.029510
      67.050000        1.029795
      67.150000        1.028791
      67.250000        1.028889
      67.350000        1.029076
      67.450000        1.029456
      67.550000        1.029131
      67.650000        1.028202
      67.750000        1.028361
      67.850000        1.028204
      67.950000        1.027099
      68.050000        1.027517
      68.150000        1.026654
      68.250000        1.026307
      68.350000        1.026349
      68.450000        1.026510
      68.550000        1.026202
      68.650000        1.025569
      68.750000        1.025517
      68.850000        1.025268
      68.950000        1.025036
      69.050000        1.025137
      69.150000        1.024057
      69.250000        1.023800
      69.350000        1.024045
      69.450000        1.023270
      69.550000        1.023117
      69.650000        1.023659
      69.750000        1.022308
      69.850000        1.022697
      69.950000        1.022051
