#Distance_(Ang) :1-1276_=>_:Na+
       0.050000        0.000000
       0.150000        0.000000
       0.250000        0.000000
       0.350000        0.000000
       0.450000        0.000000
       0.550000        0.000000
       0.650000        0.000000
       0.750000        0.000000
       0.850000        0.000000
       0.950000        0.000000
       1.050000        0.000000
       1.150000        0.000000
       1.250000        0.000000
       1.350000        0.000000
       1.450000        0.000000
       1.550000        0.000000
       1.650000        0.000000
       1.750000        0.000000
       1.850000        0.000000
       1.950000        0.001170
       2.050000        0.094632
       2.150000        0.581266
       2.250000        0.743232
       2.350000        0.451108
       2.450000        0.237906
       2.550000        0.156946
       2.650000        0.125687
       2.750000        0.108948
       2.850000        0.118746
       2.950000        0.151628
       3.050000        0.194743
       3.150000        0.256557
       3.250000        0.328371
       3.350000        0.405790
       3.450000        0.431052
       3.550000        0.414736
       3.650000        0.397466
       3.750000        0.409898
       3.850000        0.445672
       3.950000        0.496278
       4.050000        0.543574
       4.150000        0.606354
       4.250000        0.632741
       4.350000        0.679695
       4.450000        0.689573
       4.550000        0.713796
       4.650000        0.704579
       4.750000        0.702951
       4.850000        0.692157
       4.950000        0.687680
       5.050000        0.702691
       5.150000        0.722034
       5.250000        0.722588
       5.350000        0.729497
       5.450000        0.734999
       5.550000        0.752315
       5.650000        0.766842
       5.750000        0.771702
       5.850000        0.789332
       5.950000        0.792180
       6.050000        0.796404
       6.150000        0.798901
       6.250000        0.807278
       6.350000        0.805180
       6.450000        0.809069
       6.550000        0.810771
       6.650000        0.815828
       6.750000        0.820251
       6.850000        0.820998
       6.950000        0.824568
       7.050000        0.833945
       7.150000        0.824758
       7.250000        0.823071
       7.350000        0.833541
       7.450000        0.832509
       7.550000        0.837484
       7.650000        0.842342
       7.750000        0.842508
       7.850000        0.847635
       7.950000        0.849155
       8.050000        0.857919
       8.150000        0.861123
       8.250000        0.867921
       8.350000        0.868048
       8.450000        0.863788
       8.550000        0.869336
       8.650000        0.874934
       8.750000        0.874227
       8.850000        0.878430
       8.950000        0.873030
       9.050000        0.878484
       9.150000        0.875054
       9.250000        0.879866
       9.350000        0.878460
       9.450000        0.879597
       9.550000        0.886845
       9.650000        0.884280
       9.750000        0.888540
       9.850000        0.888384
       9.950000        0.889402
      10.050000        0.894662
      10.150000        0.898481
      10.250000        0.901117
      10.350000        0.895169
      10.450000        0.897488
      10.550000        0.902940
      10.650000        0.903928
      10.750000        0.907772
      10.850000        0.908524
      10.950000        0.908392
      11.050000        0.911185
      11.150000        0.912959
      11.250000        0.911404
      11.350000        0.917975
      11.450000        0.915117
      11.550000        0.920992
      11.650000        0.916716
      11.750000        0.921140
      11.850000        0.922072
      11.950000        0.925106
      12.050000        0.928617
      12.150000        0.933624
      12.250000        0.936542
      12.350000        0.940398
      12.450000        0.947150
      12.550000        0.948094
      12.650000        0.950747
      12.750000        0.946911
      12.850000        0.950230
      12.950000        0.953472
      13.050000        0.956462
      13.150000        0.961545
      13.250000        0.962956
      13.350000        0.963558
      13.450000        0.963981
      13.550000        0.967951
      13.650000        0.967919
      13.750000        0.971683
      13.850000        0.974973
      13.950000        0.976812
      14.050000        0.978941
      14.150000        0.982887
      14.250000        0.987401
      14.350000        0.991197
      14.450000        0.995553
      14.550000        0.996560
      14.650000        0.998778
      14.750000        0.997678
      14.850000        1.003563
      14.950000        1.001103
      15.050000        1.008301
      15.150000        1.010643
      15.250000        1.012217
      15.350000        1.011995
      15.450000        1.011243
      15.550000        1.017187
      15.650000        1.018130
      15.750000        1.020054
      15.850000        1.019692
      15.950000        1.020521
      16.050000        1.018518
      16.150000        1.020106
      16.250000        1.021814
      16.350000        1.028833
      16.450000        1.027655
      16.550000        1.027599
      16.650000        1.026033
      16.750000        1.025069
      16.850000        1.027960
      16.950000        1.029191
      17.050000        1.029472
      17.150000        1.028620
      17.250000        1.025736
      17.350000        1.031213
      17.450000        1.030378
      17.550000        1.032277
      17.650000        1.031576
      17.750000        1.032542
      17.850000        1.031392
      17.950000        1.033681
      18.050000        1.031177
      18.150000        1.034173
      18.250000        1.034557
      18.350000        1.035103
      18.450000        1.034898
      18.550000        1.034497
      18.650000        1.039062
      18.750000        1.035159
      18.850000        1.035224
      18.950000        1.037909
      19.050000        1.036428
      19.150000        1.035148
      19.250000        1.036378
      19.350000        1.034181
      19.450000        1.035756
      19.550000        1.035674
      19.650000        1.033136
      19.750000        1.035941
      19.850000        1.032481
      19.950000        1.037601
      20.050000        1.031990
      20.150000        1.034887
      20.250000        1.036401
      20.350000        1.035353
      20.450000        1.036421
      20.550000        1.036378
      20.650000        1.036311
      20.750000        1.035211
      20.850000        1.033807
      20.950000        1.037680
      21.050000        1.036531
      21.150000        1.036162
      21.250000        1.038245
      21.350000        1.036402
      21.450000        1.034843
      21.550000        1.032767
      21.650000        1.033371
      21.750000        1.035809
      21.850000        1.034236
      21.950000        1.035389
      22.050000        1.031861
      22.150000        1.034931
      22.250000        1.036740
      22.350000        1.035042
      22.450000        1.035785
      22.550000        1.035124
      22.650000        1.034911
      22.750000        1.035059
      22.850000        1.037317
      22.950000        1.037028
      23.050000        1.036014
      23.150000        1.039693
      23.250000        1.036774
      23.350000        1.038187
      23.450000        1.037024
      23.550000        1.040998
      23.650000        1.038033
      23.750000        1.038537
      23.850000        1.040229
      23.950000        1.036963
      24.050000        1.038379
      24.150000        1.037380
      24.250000        1.038888
      24.350000        1.040196
      24.450000        1.037556
      24.550000        1.039097
      24.650000        1.039400
      24.750000        1.039032
      24.850000        1.040137
      24.950000        1.041250
      25.050000        1.040804
      25.150000        1.041909
      25.250000        1.041451
      25.350000        1.044366
      25.450000        1.043976
      25.550000        1.044093
      25.650000        1.044490
      25.750000        1.044464
      25.850000        1.045978
      25.950000        1.043241
      26.050000        1.045444
      26.150000        1.043575
      26.250000        1.047926
      26.350000        1.048541
      26.450000        1.047952
      26.550000        1.047712
      26.650000        1.048867
      26.750000        1.050790
      26.850000        1.050492
      26.950000        1.050851
      27.050000        1.050550
      27.150000        1.051416
      27.250000        1.050737
      27.350000        1.054166
      27.450000        1.052856
      27.550000        1.054705
      27.650000        1.054075
      27.750000        1.055674
      27.850000        1.054645
      27.950000        1.057167
      28.050000        1.056472
      28.150000        1.055440
      28.250000        1.058294
      28.350000        1.057791
      28.450000        1.059198
      28.550000        1.058081
      28.650000        1.060283
      28.750000        1.059328
      28.850000        1.060195
      28.950000        1.061239
      29.050000        1.059310
      29.150000        1.062750
      29.250000        1.059241
      29.350000        1.061254
      29.450000        1.064099
      29.550000        1.061944
      29.650000        1.064390
      29.750000        1.063749
      29.850000        1.064074
      29.950000        1.062876
      30.050000        1.065089
      30.150000        1.063984
      30.250000        1.066881
      30.350000        1.065195
      30.450000        1.066820
      30.550000        1.064910
      30.650000        1.068115
      30.750000        1.068570
      30.850000        1.068699
      30.950000        1.069791
      31.050000        1.069027
      31.150000        1.068759
      31.250000        1.066765
      31.350000        1.067772
      31.450000        1.068975
      31.550000        1.067809
      31.650000        1.069812
      31.750000        1.067952
      31.850000        1.067927
      31.950000        1.068898
      32.050000        1.069343
      32.150000        1.068133
      32.250000        1.069659
      32.350000        1.068493
      32.450000        1.068210
      32.550000        1.069423
      32.650000        1.068930
      32.750000        1.068530
      32.850000        1.068762
      32.950000        1.070008
      33.050000        1.069936
      33.150000        1.071687
      33.250000        1.068903
      33.350000        1.068643
      33.450000        1.068429
      33.550000        1.070469
      33.650000        1.068559
      33.750000        1.067917
      33.850000        1.068561
      33.950000        1.068600
      34.050000        1.067931
      34.150000        1.069018
      34.250000        1.067994
      34.350000        1.067569
      34.450000        1.068707
      34.550000        1.068209
      34.650000        1.067460
      34.750000        1.067989
      34.850000        1.067675
      34.950000        1.069260
      35.050000        1.067430
      35.150000        1.066916
      35.250000        1.067106
      35.350000        1.068522
      35.450000        1.067438
      35.550000        1.067792
      35.650000        1.067807
      35.750000        1.069650
      35.850000        1.069867
      35.950000        1.067773
      36.050000        1.067388
      36.150000        1.067191
      36.250000        1.067988
      36.350000        1.068258
      36.450000        1.069278
      36.550000        1.067424
      36.650000        1.068132
      36.750000        1.067729
      36.850000        1.067145
      36.950000        1.069357
      37.050000        1.067780
      37.150000        1.067490
      37.250000        1.068393
      37.350000        1.067689
      37.450000        1.068201
      37.550000        1.067894
      37.650000        1.068039
      37.750000        1.069677
      37.850000        1.067892
      37.950000        1.065649
      38.050000        1.068301
      38.150000        1.067188
      38.250000        1.066344
      38.350000        1.066648
      38.450000        1.067504
      38.550000        1.067297
      38.650000        1.066426
      38.750000        1.067991
      38.850000        1.066223
      38.950000        1.065609
      39.050000        1.067107
      39.150000        1.066802
      39.250000        1.065872
      39.350000        1.067446
      39.450000        1.067293
      39.550000        1.065659
      39.650000        1.065678
      39.750000        1.068683
      39.850000        1.067351
      39.950000        1.067309
      40.050000        1.068067
      40.150000        1.066186
      40.250000        1.065546
      40.350000        1.066993
      40.450000        1.066827
      40.550000        1.064961
      40.650000        1.066126
      40.750000        1.065542
      40.850000        1.066752
      40.950000        1.066441
      41.050000        1.066350
      41.150000        1.065181
      41.250000        1.065525
      41.350000        1.066261
      41.450000        1.066153
      41.550000        1.066063
      41.650000        1.065348
      41.750000        1.065230
      41.850000        1.064742
      41.950000        1.065732
      42.050000        1.065065
      42.150000        1.064279
      42.250000        1.064361
      42.350000        1.065129
      42.450000        1.064891
      42.550000        1.065038
      42.650000        1.064182
      42.750000        1.064918
      42.850000        1.065824
      42.950000        1.064592
      43.050000        1.064169
      43.150000        1.063412
      43.250000        1.064526
      43.350000        1.064082
      43.450000        1.064205
      43.550000        1.064454
      43.650000        1.064399
      43.750000        1.062066
      43.850000        1.062815
      43.950000        1.063648
      44.050000        1.063531
      44.150000        1.063424
      44.250000        1.061765
      44.350000        1.064248
      44.450000        1.062514
      44.550000        1.061978
      44.650000        1.063149
      44.750000        1.061711
      44.850000        1.063450
      44.950000        1.063459
      45.050000        1.061904
      45.150000        1.062714
      45.250000        1.062957
      45.350000        1.061377
      45.450000        1.062522
      45.550000        1.061804
      45.650000        1.061450
      45.750000        1.061342
      45.850000        1.061083
      45.950000        1.060805
      46.050000        1.060469
      46.150000        1.060816
      46.250000        1.060908
      46.350000        1.060423
      46.450000        1.059967
      46.550000        1.060093
      46.650000        1.059879
      46.750000        1.060609
      46.850000        1.060017
      46.950000        1.059388
      47.050000        1.058909
      47.150000        1.059726
      47.250000        1.058424
      47.350000        1.059350
      47.450000        1.059162
      47.550000        1.058768
      47.650000        1.059448
      47.750000        1.058581
      47.850000        1.057471
      47.950000        1.058795
      48.050000        1.057952
      48.150000        1.057329
      48.250000        1.058002
      48.350000        1.056567
      48.450000        1.056611
      48.550000        1.056013
      48.650000        1.055926
      48.750000        1.055582
      48.850000        1.056593
      48.950000        1.056028
      49.050000        1.055169
      49.150000        1.056904
      49.250000        1.055048
      49.350000        1.055165
      49.450000        1.055536
      49.550000        1.055415
      49.650000        1.055344
      49.750000        1.054694
      49.850000        1.054631
      49.950000        1.054736
      50.050000        1.054461
      50.150000        1.054793
      50.250000        1.054044
      50.350000        1.052950
      50.450000        1.054114
      50.550000        1.053867
      50.650000        1.053740
      50.750000        1.052285
      50.850000        1.053086
      50.950000        1.053128
      51.050000        1.052386
      51.150000        1.052105
      51.250000        1.052413
      51.350000        1.051973
      51.450000        1.051558
      51.550000        1.051699
      51.650000        1.050517
      51.750000        1.051422
      51.850000        1.051378
      51.950000        1.050363
      52.050000        1.050784
      52.150000        1.049950
      52.250000        1.049999
      52.350000        1.049281
      52.450000        1.049498
      52.550000        1.049794
      52.650000        1.048406
      52.750000        1.049104
      52.850000        1.048530
      52.950000        1.048987
      53.050000        1.049089
      53.150000        1.047698
      53.250000        1.047684
      53.350000        1.049093
      53.450000        1.047808
      53.550000        1.047319
      53.650000        1.046957
      53.750000        1.047817
      53.850000        1.045678
      53.950000        1.047536
      54.050000        1.047157
      54.150000        1.046558
      54.250000        1.047372
      54.350000        1.046077
      54.450000        1.046529
      54.550000        1.045304
      54.650000        1.046338
      54.750000        1.045451
      54.850000        1.045445
      54.950000        1.045676
      55.050000        1.045264
      55.150000        1.045038
      55.250000        1.045608
      55.350000        1.044732
      55.450000        1.044007
      55.550000        1.044086
      55.650000        1.043578
      55.750000        1.042589
      55.850000        1.042990
      55.950000        1.042976
      56.050000        1.042031
      56.150000        1.042175
      56.250000        1.043006
      56.350000        1.040996
      56.450000        1.042348
      56.550000        1.041891
      56.650000        1.040243
      56.750000        1.040652
      56.850000        1.041827
      56.950000        1.041175
      57.050000        1.040068
      57.150000        1.039796
      57.250000        1.039915
      57.350000        1.039204
      57.450000        1.039808
      57.550000        1.038333
      57.650000        1.038446
      57.750000        1.038428
      57.850000        1.037822
      57.950000        1.038447
      58.050000        1.036647
      58.150000        1.037312
      58.250000        1.036451
      58.350000        1.037171
      58.450000        1.036683
      58.550000        1.035604
      58.650000        1.035016
      58.750000        1.035394
      58.850000        1.034488
      58.950000        1.036357
      59.050000        1.035512
      59.150000        1.034930
      59.250000        1.035193
      59.350000        1.035099
      59.450000        1.034395
      59.550000        1.034487
      59.650000        1.035106
      59.750000        1.034541
      59.850000        1.033278
      59.950000        1.033178
      60.050000        1.033073
      60.150000        1.032947
      60.250000        1.032541
      60.350000        1.032886
      60.450000        1.032582
      60.550000        1.033163
      60.650000        1.031580
      60.750000        1.032235
      60.850000        1.032650
      60.950000        1.032333
      61.050000        1.032285
      61.150000        1.031219
      61.250000        1.031944
      61.350000        1.031183
      61.450000        1.030499
      61.550000        1.030323
      61.650000        1.031498
      61.750000        1.030999
      61.850000        1.030036
      61.950000        1.030255
      62.050000        1.031007
      62.150000        1.030848
      62.250000        1.029923
      62.350000        1.029806
      62.450000        1.028619
      62.550000        1.029801
      62.650000        1.029665
      62.750000        1.028775
      62.850000        1.029893
      62.950000        1.028672
      63.050000        1.029320
      63.150000        1.028083
      63.250000        1.028935
      63.350000        1.028412
      63.450000        1.028668
      63.550000        1.028515
      63.650000        1.028727
      63.750000        1.028558
      63.850000        1.027305
      63.950000        1.028663
      64.050000        1.028192
      64.150000        1.027639
      64.250000        1.027392
      64.350000        1.027583
      64.450000        1.027518
      64.550000        1.027090
      64.650000        1.026659
      64.750000        1.027332
      64.850000        1.026742
      64.950000        1.026373
      65.050000        1.026948
      65.150000        1.026319
      65.250000        1.026471
      65.350000        1.026552
      65.450000        1.026688
      65.550000        1.026285
      65.650000        1.026093
      65.750000        1.025565
      65.850000        1.025790
      65.950000        1.025460
      66.050000        1.024723
      66.150000        1.025063
      66.250000        1.024616
      66.350000        1.025742
      66.450000        1.024928
      66.550000        1.025570
      66.650000        1.025006
      66.750000        1.024667
      66.850000        1.024507
      66.950000        1.024331
      67.050000        1.023782
      67.150000        1.024373
      67.250000        1.024132
      67.350000        1.023479
      67.450000        1.023147
      67.550000        1.023253
      67.650000        1.023755
      67.750000        1.023006
      67.850000        1.023496
      67.950000        1.023383
      68.050000        1.022512
      68.150000        1.023040
      68.250000        1.023073
      68.350000        1.022261
      68.450000        1.022573
      68.550000        1.022707
      68.650000        1.022399
      68.750000        1.022185
      68.850000        1.023002
      68.950000        1.022205
      69.050000        1.022235
      69.150000        1.021596
      69.250000        1.021130
      69.350000        1.021527
      69.450000        1.020996
      69.550000        1.021630
      69.650000        1.021083
      69.750000        1.020867
      69.850000        1.021233
      69.950000        1.020367
