#Distance_(Ang) :1-1276_=>_:MG
       0.050000       0.000000
       0.150000       0.000000
       0.250000       0.000000
       0.350000       0.000000
       0.450000       0.000000
       0.550000       0.000000
       0.650000       0.000000
       0.750000       0.000000
       0.850000       0.000000
       0.950000       0.000000
       1.050000       0.000000
       1.150000       0.000000
       1.250000       0.000000
       1.350000       0.000000
       1.450000       0.000000
       1.550000       0.000000
       1.650000       0.000000
       1.750000       0.007695
       1.850000       2.786425
       1.950000       3.433559
       2.050000       0.514063
       2.150000       0.086675
       2.250000       0.004655
       2.350000       0.000000
       2.450000       0.000000
       2.550000       0.000000
       2.650000       0.000000
       2.750000       0.000000
       2.850000       0.005804
       2.950000       0.032501
       3.050000       0.176517
       3.150000       0.399072
       3.250000       0.656063
       3.350000       1.308475
       3.450000       0.780897
       3.550000       0.821690
       3.650000       1.264415
       3.750000       1.781180
       3.850000       2.381068
       3.950000       3.157389
       4.050000       3.992080
       4.150000       4.781948
       4.250000       4.970204
       4.350000       4.739343
       4.450000       4.127209
       4.550000       3.950071
       4.650000       3.880120
       4.750000       3.843489
       4.850000       4.001620
       4.950000       4.109974
       5.050000       4.275706
       5.150000       4.446328
       5.250000       4.529991
       5.350000       4.697684
       5.450000       4.782678
       5.550000       4.913393
       5.650000       4.889184
       5.750000       4.852027
       5.850000       5.080398
       5.950000       5.270165
       6.050000       5.388257
       6.150000       5.419703
       6.250000       5.338984
       6.350000       5.511989
       6.450000       5.504826
       6.550000       5.541680
       6.650000       5.446273
       6.750000       5.386811
       6.850000       5.311226
       6.950000       5.261968
       7.050000       5.293813
       7.150000       5.183352
       7.250000       5.199804
       7.350000       5.223048
       7.450000       5.234826
       7.550000       5.258762
       7.650000       5.286111
       7.750000       5.332546
       7.850000       5.422218
       7.950000       5.437345
       8.050000       5.452597
       8.150000       5.521421
       8.250000       5.598717
       8.350000       5.582509
       8.450000       5.573969
       8.550000       5.540653
       8.650000       5.615121
       8.750000       5.603888
       8.850000       5.572766
       8.950000       5.569387
       9.050000       5.557025
       9.150000       5.556446
       9.250000       5.498208
       9.350000       5.456188
       9.450000       5.443388
       9.550000       5.462663
       9.650000       5.465630
       9.750000       5.396740
       9.850000       5.471067
       9.950000       5.426570
      10.050000       5.446153
      10.150000       5.473982
      10.250000       5.435975
      10.350000       5.446525
      10.450000       5.419414
      10.550000       5.436821
      10.650000       5.465091
      10.750000       5.453366
      10.850000       5.452757
      10.950000       5.434090
      11.050000       5.441523
      11.150000       5.449206
      11.250000       5.447439
      11.350000       5.420673
      11.450000       5.410728
      11.550000       5.407263
      11.650000       5.411746
      11.750000       5.439481
      11.850000       5.453650
      11.950000       5.464715
      12.050000       5.465842
      12.150000       5.488706
      12.250000       5.502716
      12.350000       5.460741
      12.450000       5.453565
      12.550000       5.494913
      12.650000       5.459446
      12.750000       5.490001
      12.850000       5.431867
      12.950000       5.457703
      13.050000       5.445756
      13.150000       5.444990
      13.250000       5.460902
      13.350000       5.449849
      13.450000       5.454417
      13.550000       5.424791
      13.650000       5.469285
      13.750000       5.486273
      13.850000       5.482581
      13.950000       5.472012
      14.050000       5.463774
      14.150000       5.497643
      14.250000       5.482742
      14.350000       5.501414
      14.450000       5.493758
      14.550000       5.507727
      14.650000       5.500851
      14.750000       5.492969
      14.850000       5.498267
      14.950000       5.522831
      15.050000       5.556770
      15.150000       5.535690
      15.250000       5.515901
      15.350000       5.515630
      15.450000       5.527609
      15.550000       5.520791
      15.650000       5.497430
      15.750000       5.529076
      15.850000       5.509634
      15.950000       5.497316
      16.050000       5.511474
      16.150000       5.483227
      16.250000       5.458738
      16.350000       5.463064
      16.450000       5.457939
      16.550000       5.446829
      16.650000       5.474479
      16.750000       5.425607
      16.850000       5.400448
      16.950000       5.413983
      17.050000       5.396719
      17.150000       5.413497
      17.250000       5.384581
      17.350000       5.396768
      17.450000       5.380403
      17.550000       5.346049
      17.650000       5.324308
      17.750000       5.342495
      17.850000       5.326550
      17.950000       5.307507
      18.050000       5.295696
      18.150000       5.300590
      18.250000       5.289962
      18.350000       5.253791
      18.450000       5.239858
      18.550000       5.236994
      18.650000       5.232286
      18.750000       5.212205
      18.850000       5.184139
      18.950000       5.179544
      19.050000       5.177987
      19.150000       5.171915
      19.250000       5.159584
      19.350000       5.130085
      19.450000       5.133860
      19.550000       5.108528
      19.650000       5.103062
      19.750000       5.076112
      19.850000       5.070503
      19.950000       5.070378
      20.050000       5.039902
      20.150000       5.048891
      20.250000       5.019000
      20.350000       5.036979
      20.450000       5.001009
      20.550000       5.008274
      20.650000       4.993366
      20.750000       4.997326
      20.850000       5.009007
      20.950000       4.973816
      21.050000       4.971978
      21.150000       4.948118
      21.250000       4.969919
      21.350000       4.950328
      21.450000       4.942772
      21.550000       4.944921
      21.650000       4.928715
      21.750000       4.947960
      21.850000       4.932776
      21.950000       4.914320
      22.050000       4.915145
      22.150000       4.896089
      22.250000       4.913489
      22.350000       4.893576
      22.450000       4.881366
      22.550000       4.883891
      22.650000       4.887605
      22.750000       4.874867
      22.850000       4.853361
      22.950000       4.853391
      23.050000       4.818617
      23.150000       4.806576
      23.250000       4.808765
      23.350000       4.805480
      23.450000       4.809535
      23.550000       4.796445
      23.650000       4.778235
      23.750000       4.759841
      23.850000       4.748645
      23.950000       4.743963
      24.050000       4.718410
      24.150000       4.726527
      24.250000       4.711289
      24.350000       4.686123
      24.450000       4.692256
      24.550000       4.681303
      24.650000       4.682153
      24.750000       4.676487
      24.850000       4.666053
      24.950000       4.657655
      25.050000       4.645473
      25.150000       4.655299
      25.250000       4.650566
      25.350000       4.624010
      25.450000       4.632229
      25.550000       4.611037
      25.650000       4.618183
      25.750000       4.612471
      25.850000       4.605462
      25.950000       4.606254
      26.050000       4.597692
      26.150000       4.594929
      26.250000       4.579612
      26.350000       4.574115
      26.450000       4.577308
      26.550000       4.559567
      26.650000       4.561236
      26.750000       4.557120
      26.850000       4.539401
      26.950000       4.549320
      27.050000       4.532015
      27.150000       4.557553
      27.250000       4.517012
      27.350000       4.517770
      27.450000       4.516332
      27.550000       4.501070
      27.650000       4.496156
      27.750000       4.495328
      27.850000       4.493009
      27.950000       4.458291
      28.050000       4.465567
      28.150000       4.465934
      28.250000       4.466331
      28.350000       4.463112
      28.450000       4.445470
      28.550000       4.421642
      28.650000       4.432288
      28.750000       4.428135
      28.850000       4.425887
      28.950000       4.409679
      29.050000       4.402593
      29.150000       4.401003
      29.250000       4.377675
      29.350000       4.388695
      29.450000       4.364187
      29.550000       4.364169
      29.650000       4.357348
      29.750000       4.326879
      29.850000       4.332144
      29.950000       4.318189
      30.050000       4.314688
      30.150000       4.296270
      30.250000       4.288786
      30.350000       4.282613
      30.450000       4.267318
      30.550000       4.258790
      30.650000       4.222924
      30.750000       4.242012
      30.850000       4.214086
      30.950000       4.210973
      31.050000       4.195042
      31.150000       4.182038
      31.250000       4.171255
      31.350000       4.154560
      31.450000       4.146970
      31.550000       4.144159
      31.650000       4.124045
      31.750000       4.115108
      31.850000       4.098161
      31.950000       4.080814
      32.050000       4.075109
      32.150000       4.063701
      32.250000       4.055492
      32.350000       4.028416
      32.450000       4.034451
      32.550000       4.012859
      32.650000       4.007376
      32.750000       3.991278
      32.850000       3.991706
      32.950000       3.972044
      33.050000       3.967236
      33.150000       3.959317
      33.250000       3.944869
      33.350000       3.928736
      33.450000       3.928497
      33.550000       3.907633
      33.650000       3.886122
      33.750000       3.898135
      33.850000       3.883640
      33.950000       3.863147
      34.050000       3.866392
      34.150000       3.854709
      34.250000       3.833606
      34.350000       3.830050
      34.450000       3.811005
      34.550000       3.790720
      34.650000       3.787511
      34.750000       3.788010
      34.850000       3.771316
      34.950000       3.763267
      35.050000       3.744344
      35.150000       3.747141
      35.250000       3.727257
      35.350000       3.715317
      35.450000       3.701113
      35.550000       3.696429
      35.650000       3.687146
      35.750000       3.668306
      35.850000       3.664040
      35.950000       3.654555
      36.050000       3.637772
      36.150000       3.641003
      36.250000       3.633780
      36.350000       3.619517
      36.450000       3.609792
      36.550000       3.602312
      36.650000       3.590262
      36.750000       3.579558
      36.850000       3.561858
      36.950000       3.552843
      37.050000       3.551652
      37.150000       3.536975
      37.250000       3.527880
      37.350000       3.510693
      37.450000       3.503314
      37.550000       3.496700
      37.650000       3.479319
      37.750000       3.478058
      37.850000       3.460795
      37.950000       3.452652
      38.050000       3.449534
      38.150000       3.437790
      38.250000       3.423549
      38.350000       3.419625
      38.450000       3.408392
      38.550000       3.398150
      38.650000       3.388778
      38.750000       3.379118
      38.850000       3.372818
      38.950000       3.360410
      39.050000       3.350286
      39.150000       3.338247
      39.250000       3.333862
      39.350000       3.322485
      39.450000       3.310666
      39.550000       3.302972
      39.650000       3.291250
      39.750000       3.280470
      39.850000       3.269464
      39.950000       3.268059
      40.050000       3.250530
      40.150000       3.252236
      40.250000       3.238987
      40.350000       3.226780
      40.450000       3.225199
      40.550000       3.209325
      40.650000       3.193364
      40.750000       3.191187
      40.850000       3.191088
      40.950000       3.178497
      41.050000       3.163417
      41.150000       3.153109
      41.250000       3.147444
      41.350000       3.132616
      41.450000       3.122454
      41.550000       3.119917
      41.650000       3.109234
      41.750000       3.103044
      41.850000       3.095195
      41.950000       3.080514
      42.050000       3.071377
      42.150000       3.069849
      42.250000       3.055357
      42.350000       3.048226
      42.450000       3.037470
      42.550000       3.028257
      42.650000       3.018393
      42.750000       3.011623
      42.850000       3.006603
      42.950000       2.994774
      43.050000       2.981183
      43.150000       2.968234
      43.250000       2.964882
      43.350000       2.956634
      43.450000       2.931324
      43.550000       2.928032
      43.650000       2.924430
      43.750000       2.919216
      43.850000       2.910134
      43.950000       2.898066
      44.050000       2.889284
      44.150000       2.881749
      44.250000       2.870007
      44.350000       2.862623
      44.450000       2.855170
      44.550000       2.848471
      44.650000       2.828451
      44.750000       2.832009
      44.850000       2.821699
      44.950000       2.810477
      45.050000       2.806097
      45.150000       2.798152
      45.250000       2.786151
      45.350000       2.782321
      45.450000       2.768577
      45.550000       2.758312
      45.650000       2.749167
      45.750000       2.743574
      45.850000       2.739356
      45.950000       2.733798
      46.050000       2.718814
      46.150000       2.711295
      46.250000       2.704579
      46.350000       2.697548
      46.450000       2.691127
      46.550000       2.680618
      46.650000       2.670481
      46.750000       2.662391
      46.850000       2.654420
      46.950000       2.648094
      47.050000       2.644942
      47.150000       2.634307
      47.250000       2.623925
      47.350000       2.620164
      47.450000       2.615445
      47.550000       2.600786
      47.650000       2.597547
      47.750000       2.581306
      47.850000       2.577518
      47.950000       2.567684
      48.050000       2.567929
      48.150000       2.559500
      48.250000       2.548301
      48.350000       2.539132
      48.450000       2.539547
      48.550000       2.528453
      48.650000       2.518746
      48.750000       2.509700
      48.850000       2.500502
      48.950000       2.496841
      49.050000       2.492327
      49.150000       2.487807
      49.250000       2.478028
      49.350000       2.469893
      49.450000       2.459920
      49.550000       2.456734
      49.650000       2.449618
      49.750000       2.444669
      49.850000       2.436366
      49.950000       2.427251
      50.050000       2.419136
      50.150000       2.409398
      50.250000       2.405864
      50.350000       2.399004
      50.450000       2.387987
      50.550000       2.380744
      50.650000       2.377457
      50.750000       2.370074
      50.850000       2.359305
      50.950000       2.354733
      51.050000       2.350322
      51.150000       2.336676
      51.250000       2.335287
      51.350000       2.328966
      51.450000       2.317333
      51.550000       2.317674
      51.650000       2.307709
      51.750000       2.297822
      51.850000       2.292361
      51.950000       2.282912
      52.050000       2.277365
      52.150000       2.273256
      52.250000       2.266005
      52.350000       2.254432
      52.450000       2.250725
      52.550000       2.243006
      52.650000       2.231489
      52.750000       2.226883
      52.850000       2.219923
      52.950000       2.216131
      53.050000       2.203914
      53.150000       2.199876
      53.250000       2.193185
      53.350000       2.181936
      53.450000       2.176846
      53.550000       2.168814
      53.650000       2.165855
      53.750000       2.152353
      53.850000       2.148765
      53.950000       2.140094
      54.050000       2.131528
      54.150000       2.125574
      54.250000       2.116495
      54.350000       2.115055
      54.450000       2.106536
      54.550000       2.099250
      54.650000       2.088309
      54.750000       2.082496
      54.850000       2.074850
      54.950000       2.067904
      55.050000       2.062565
      55.150000       2.051592
      55.250000       2.048432
      55.350000       2.044689
      55.450000       2.034660
      55.550000       2.029277
      55.650000       2.023238
      55.750000       2.015688
      55.850000       2.005278
      55.950000       1.997729
      56.050000       1.991883
      56.150000       1.989534
      56.250000       1.982477
      56.350000       1.975234
      56.450000       1.969810
      56.550000       1.959882
      56.650000       1.956066
      56.750000       1.950717
      56.850000       1.943044
      56.950000       1.932919
      57.050000       1.925705
      57.150000       1.919751
      57.250000       1.915822
      57.350000       1.906616
      57.450000       1.894850
      57.550000       1.893404
      57.650000       1.886926
      57.750000       1.881222
      57.850000       1.874357
      57.950000       1.861385
      58.050000       1.860259
      58.150000       1.850848
      58.250000       1.847912
      58.350000       1.842149
      58.450000       1.833967
      58.550000       1.828237
      58.650000       1.815694
      58.750000       1.814716
      58.850000       1.802548
      58.950000       1.798177
      59.050000       1.793845
      59.150000       1.779527
      59.250000       1.779060
      59.350000       1.772646
      59.450000       1.765767
      59.550000       1.760861
      59.650000       1.754026
      59.750000       1.741581
      59.850000       1.738236
      59.950000       1.731801
      60.050000       1.724134
      60.150000       1.721694
      60.250000       1.715388
      60.350000       1.708841
      60.450000       1.702837
      60.550000       1.697356
      60.650000       1.688953
      60.750000       1.681466
      60.850000       1.678422
      60.950000       1.673471
      61.050000       1.667355
      61.150000       1.663131
      61.250000       1.651723
      61.350000       1.650115
      61.450000       1.641043
      61.550000       1.637380
      61.650000       1.632776
      61.750000       1.627030
      61.850000       1.621073
      61.950000       1.615358
      62.050000       1.611791
      62.150000       1.607037
      62.250000       1.598976
      62.350000       1.594553
      62.450000       1.587625
      62.550000       1.581217
      62.650000       1.579535
      62.750000       1.573515
      62.850000       1.570385
      62.950000       1.564174
      63.050000       1.557420
      63.150000       1.556960
      63.250000       1.550098
      63.350000       1.544830
      63.450000       1.540931
      63.550000       1.537148
      63.650000       1.532620
      63.750000       1.523997
      63.850000       1.522787
      63.950000       1.515417
      64.050000       1.514098
      64.150000       1.511180
      64.250000       1.504346
      64.350000       1.498055
      64.450000       1.494506
      64.550000       1.490850
      64.650000       1.484499
      64.750000       1.480237
      64.850000       1.476726
      64.950000       1.468233
      65.050000       1.470805
      65.150000       1.462685
      65.250000       1.459305
      65.350000       1.454966
      65.450000       1.449775
      65.550000       1.446340
      65.650000       1.444320
      65.750000       1.438131
      65.850000       1.435035
      65.950000       1.430355
      66.050000       1.422386
      66.150000       1.423053
      66.250000       1.414983
      66.350000       1.411162
      66.450000       1.408763
      66.550000       1.401831
      66.650000       1.399106
      66.750000       1.393991
      66.850000       1.389219
      66.950000       1.386147
      67.050000       1.378875
      67.150000       1.379206
      67.250000       1.374572
      67.350000       1.370067
      67.450000       1.366805
      67.550000       1.360148
      67.650000       1.356174
      67.750000       1.353596
      67.850000       1.346405
      67.950000       1.341375
      68.050000       1.336826
      68.150000       1.332529
      68.250000       1.325300
      68.350000       1.321863
      68.450000       1.319036
      68.550000       1.313758
      68.650000       1.309606
      68.750000       1.304943
      68.850000       1.302995
      68.950000       1.297456
      69.050000       1.293230
      69.150000       1.287537
      69.250000       1.286144
      69.350000       1.279688
      69.450000       1.277744
      69.550000       1.271873
      69.650000       1.268058
      69.750000       1.263102
      69.850000       1.261219
      69.950000       1.255860
