#Distance_(Ang) :1-1276_=>_:Na+
       0.050000        0.000000
       0.150000        0.000000
       0.250000        0.000000
       0.350000        0.000000
       0.450000        0.000000
       0.550000        0.000000
       0.650000        0.000000
       0.750000        0.000000
       0.850000        0.000000
       0.950000        0.000000
       1.050000        0.000000
       1.150000        0.000000
       1.250000        0.000000
       1.350000        0.000000
       1.450000        0.000000
       1.550000        0.000000
       1.650000        0.000000
       1.750000        0.000000
       1.850000        0.000000
       1.950000        0.001347
       2.050000        0.155162
       2.150000        0.837165
       2.250000        1.014108
       2.350000        0.623476
       2.450000        0.321367
       2.550000        0.216456
       2.650000        0.189004
       2.750000        0.157225
       2.850000        0.172028
       2.950000        0.209998
       3.050000        0.270229
       3.150000        0.356576
       3.250000        0.461930
       3.350000        0.553497
       3.450000        0.588000
       3.550000        0.581013
       3.650000        0.555958
       3.750000        0.573504
       3.850000        0.626913
       3.950000        0.683712
       4.050000        0.779951
       4.150000        0.863309
       4.250000        0.931669
       4.350000        0.977747
       4.450000        1.026806
       4.550000        1.051853
       4.650000        1.023879
       4.750000        1.002638
       4.850000        0.986070
       4.950000        0.976698
       5.050000        0.993798
       5.150000        0.996809
       5.250000        1.013057
       5.350000        1.017115
       5.450000        1.030657
       5.550000        1.048669
       5.650000        1.058834
       5.750000        1.083182
       5.850000        1.101244
       5.950000        1.097935
       6.050000        1.108934
       6.150000        1.129928
       6.250000        1.126884
       6.350000        1.133801
       6.450000        1.141453
       6.550000        1.146482
       6.650000        1.150636
       6.750000        1.153406
       6.850000        1.152268
       6.950000        1.159749
       7.050000        1.162154
       7.150000        1.159229
       7.250000        1.164808
       7.350000        1.152907
       7.450000        1.168383
       7.550000        1.161344
       7.650000        1.176589
       7.750000        1.172986
       7.850000        1.177910
       7.950000        1.193238
       8.050000        1.192507
       8.150000        1.197647
       8.250000        1.204949
       8.350000        1.196487
       8.450000        1.204657
       8.550000        1.212212
       8.650000        1.213827
       8.750000        1.224329
       8.850000        1.222071
       8.950000        1.217305
       9.050000        1.223530
       9.150000        1.223942
       9.250000        1.218474
       9.350000        1.222010
       9.450000        1.234549
       9.550000        1.226081
       9.650000        1.225479
       9.750000        1.230670
       9.850000        1.232961
       9.950000        1.232411
      10.050000        1.238383
      10.150000        1.235356
      10.250000        1.239100
      10.350000        1.247762
      10.450000        1.246149
      10.550000        1.244374
      10.650000        1.250189
      10.750000        1.255544
      10.850000        1.258069
      10.950000        1.258548
      11.050000        1.255084
      11.150000        1.255970
      11.250000        1.260606
      11.350000        1.265587
      11.450000        1.259022
      11.550000        1.260717
      11.650000        1.263854
      11.750000        1.270294
      11.850000        1.270283
      11.950000        1.272773
      12.050000        1.275928
      12.150000        1.275575
      12.250000        1.280280
      12.350000        1.283826
      12.450000        1.286725
      12.550000        1.288718
      12.650000        1.289916
      12.750000        1.292946
      12.850000        1.292345
      12.950000        1.297191
      13.050000        1.299292
      13.150000        1.301377
      13.250000        1.304924
      13.350000        1.298361
      13.450000        1.300536
      13.550000        1.305969
      13.650000        1.303536
      13.750000        1.309424
      13.850000        1.311335
      13.950000        1.315680
      14.050000        1.319847
      14.150000        1.322669
      14.250000        1.322626
      14.350000        1.328997
      14.450000        1.328671
      14.550000        1.326604
      14.650000        1.331529
      14.750000        1.338051
      14.850000        1.337658
      14.950000        1.333802
      15.050000        1.345337
      15.150000        1.341352
      15.250000        1.339863
      15.350000        1.342045
      15.450000        1.341583
      15.550000        1.350420
      15.650000        1.345762
      15.750000        1.349781
      15.850000        1.348719
      15.950000        1.351597
      16.050000        1.351516
      16.150000        1.350096
      16.250000        1.352549
      16.350000        1.357524
      16.450000        1.350956
      16.550000        1.358799
      16.650000        1.354034
      16.750000        1.358912
      16.850000        1.358856
      16.950000        1.355904
      17.050000        1.358115
      17.150000        1.358834
      17.250000        1.355826
      17.350000        1.354024
      17.450000        1.357582
      17.550000        1.359154
      17.650000        1.360487
      17.750000        1.359380
      17.850000        1.358252
      17.950000        1.358731
      18.050000        1.360172
      18.150000        1.353036
      18.250000        1.356298
      18.350000        1.357281
      18.450000        1.353572
      18.550000        1.355322
      18.650000        1.354745
      18.750000        1.354319
      18.850000        1.352435
      18.950000        1.355132
      19.050000        1.354002
      19.150000        1.353076
      19.250000        1.348668
      19.350000        1.349456
      19.450000        1.348051
      19.550000        1.347150
      19.650000        1.345750
      19.750000        1.347236
      19.850000        1.348352
      19.950000        1.344690
      20.050000        1.345848
      20.150000        1.342316
      20.250000        1.341984
      20.350000        1.344022
      20.450000        1.340079
      20.550000        1.341131
      20.650000        1.340181
      20.750000        1.337178
      20.850000        1.337989
      20.950000        1.333333
      21.050000        1.338824
      21.150000        1.336043
      21.250000        1.332665
      21.350000        1.334700
      21.450000        1.334925
      21.550000        1.330987
      21.650000        1.330631
      21.750000        1.328785
      21.850000        1.329390
      21.950000        1.328885
      22.050000        1.328275
      22.150000        1.326312
      22.250000        1.324485
      22.350000        1.323451
      22.450000        1.323215
      22.550000        1.322344
      22.650000        1.318867
      22.750000        1.320912
      22.850000        1.317802
      22.950000        1.316239
      23.050000        1.316748
      23.150000        1.316422
      23.250000        1.316866
      23.350000        1.317500
      23.450000        1.318277
      23.550000        1.314538
      23.650000        1.312076
      23.750000        1.313321
      23.850000        1.313059
      23.950000        1.311812
      24.050000        1.310669
      24.150000        1.310098
      24.250000        1.309382
      24.350000        1.308951
      24.450000        1.306825
      24.550000        1.305832
      24.650000        1.306589
      24.750000        1.306606
      24.850000        1.305223
      24.950000        1.303223
      25.050000        1.305647
      25.150000        1.302768
      25.250000        1.301391
      25.350000        1.303190
      25.450000        1.302346
      25.550000        1.303645
      25.650000        1.301810
      25.750000        1.302526
      25.850000        1.302250
      25.950000        1.304168
      26.050000        1.301796
      26.150000        1.301453
      26.250000        1.301448
      26.350000        1.301545
      26.450000        1.299158
      26.550000        1.299710
      26.650000        1.300333
      26.750000        1.300246
      26.850000        1.298341
      26.950000        1.299698
      27.050000        1.301895
      27.150000        1.299463
      27.250000        1.297780
      27.350000        1.297567
      27.450000        1.300107
      27.550000        1.296967
      27.650000        1.297823
      27.750000        1.294849
      27.850000        1.297744
      27.950000        1.298169
      28.050000        1.293433
      28.150000        1.296591
      28.250000        1.296291
      28.350000        1.296096
      28.450000        1.294020
      28.550000        1.293633
      28.650000        1.295098
      28.750000        1.294310
      28.850000        1.291526
      28.950000        1.293945
      29.050000        1.293832
      29.150000        1.294447
      29.250000        1.292143
      29.350000        1.294767
      29.450000        1.292097
      29.550000        1.291726
      29.650000        1.291454
      29.750000        1.289902
      29.850000        1.288891
      29.950000        1.289162
      30.050000        1.288456
      30.150000        1.288060
      30.250000        1.287812
      30.350000        1.289701
      30.450000        1.288425
      30.550000        1.286949
      30.650000        1.285039
      30.750000        1.288519
      30.850000        1.285153
      30.950000        1.284362
      31.050000        1.285168
      31.150000        1.283441
      31.250000        1.283773
      31.350000        1.284187
      31.450000        1.282559
      31.550000        1.281729
      31.650000        1.281330
      31.750000        1.281238
      31.850000        1.280978
      31.950000        1.280272
      32.050000        1.280056
      32.150000        1.279666
      32.250000        1.278131
      32.350000        1.276216
      32.450000        1.274851
      32.550000        1.276460
      32.650000        1.278592
      32.750000        1.277264
      32.850000        1.273716
      32.950000        1.274928
      33.050000        1.273743
      33.150000        1.275004
      33.250000        1.270990
      33.350000        1.271994
      33.450000        1.270434
      33.550000        1.270928
      33.650000        1.268020
      33.750000        1.269089
      33.850000        1.267979
      33.950000        1.266457
      34.050000        1.266004
      34.150000        1.264974
      34.250000        1.263770
      34.350000        1.264474
      34.450000        1.264035
      34.550000        1.262778
      34.650000        1.261094
      34.750000        1.261553
      34.850000        1.260185
      34.950000        1.260455
      35.050000        1.259001
      35.150000        1.257727
      35.250000        1.257395
      35.350000        1.257204
      35.450000        1.255984
      35.550000        1.255344
      35.650000        1.254211
      35.750000        1.254518
      35.850000        1.254593
      35.950000        1.252917
      36.050000        1.251436
      36.150000        1.252707
      36.250000        1.248784
      36.350000        1.250623
      36.450000        1.248779
      36.550000        1.248375
      36.650000        1.248632
      36.750000        1.248633
      36.850000        1.246796
      36.950000        1.247559
      37.050000        1.245721
      37.150000        1.244331
      37.250000        1.243148
      37.350000        1.243331
      37.450000        1.243255
      37.550000        1.241832
      37.650000        1.241882
      37.750000        1.239589
      37.850000        1.238849
      37.950000        1.238944
      38.050000        1.237203
      38.150000        1.236515
      38.250000        1.236031
      38.350000        1.236154
      38.450000        1.233501
      38.550000        1.233671
      38.650000        1.232309
      38.750000        1.230846
      38.850000        1.232164
      38.950000        1.230273
      39.050000        1.229891
      39.150000        1.229487
      39.250000        1.229186
      39.350000        1.228640
      39.450000        1.227626
      39.550000        1.225867
      39.650000        1.227353
      39.750000        1.225342
      39.850000        1.225054
      39.950000        1.225769
      40.050000        1.224616
      40.150000        1.221979
      40.250000        1.223787
      40.350000        1.221199
      40.450000        1.221361
      40.550000        1.221326
      40.650000        1.219163
      40.750000        1.220227
      40.850000        1.218347
      40.950000        1.218588
      41.050000        1.217288
      41.150000        1.217716
      41.250000        1.216264
      41.350000        1.216338
      41.450000        1.215180
      41.550000        1.213104
      41.650000        1.212776
      41.750000        1.213606
      41.850000        1.213130
      41.950000        1.209963
      42.050000        1.211018
      42.150000        1.209162
      42.250000        1.208429
      42.350000        1.208285
      42.450000        1.207797
      42.550000        1.206295
      42.650000        1.206463
      42.750000        1.203552
      42.850000        1.205490
      42.950000        1.202881
      43.050000        1.203836
      43.150000        1.202108
      43.250000        1.201406
      43.350000        1.199223
      43.450000        1.198739
      43.550000        1.197833
      43.650000        1.199822
      43.750000        1.196639
      43.850000        1.195519
      43.950000        1.194737
      44.050000        1.195332
      44.150000        1.193439
      44.250000        1.192811
      44.350000        1.192814
      44.450000        1.192375
      44.550000        1.190455
      44.650000        1.189988
      44.750000        1.190434
      44.850000        1.190255
      44.950000        1.188517
      45.050000        1.187781
      45.150000        1.187876
      45.250000        1.187097
      45.350000        1.186081
      45.450000        1.185625
      45.550000        1.184948
      45.650000        1.182957
      45.750000        1.183091
      45.850000        1.183552
      45.950000        1.183127
      46.050000        1.182652
      46.150000        1.180989
      46.250000        1.181364
      46.350000        1.180405
      46.450000        1.179077
      46.550000        1.178578
      46.650000        1.177743
      46.750000        1.176165
      46.850000        1.176703
      46.950000        1.175332
      47.050000        1.175136
      47.150000        1.174858
      47.250000        1.175694
      47.350000        1.173813
      47.450000        1.172116
      47.550000        1.171032
      47.650000        1.169480
      47.750000        1.169392
      47.850000        1.169210
      47.950000        1.167844
      48.050000        1.168938
      48.150000        1.166754
      48.250000        1.165602
      48.350000        1.166443
      48.450000        1.164336
      48.550000        1.163609
      48.650000        1.163407
      48.750000        1.163071
      48.850000        1.162574
      48.950000        1.161858
      49.050000        1.160445
      49.150000        1.160872
      49.250000        1.159835
      49.350000        1.158336
      49.450000        1.158211
      49.550000        1.158149
      49.650000        1.156902
      49.750000        1.156361
      49.850000        1.156392
      49.950000        1.155176
      50.050000        1.155676
      50.150000        1.153771
      50.250000        1.153821
      50.350000        1.153899
      50.450000        1.151650
      50.550000        1.150074
      50.650000        1.150565
      50.750000        1.149629
      50.850000        1.149656
      50.950000        1.149588
      51.050000        1.147371
      51.150000        1.147298
      51.250000        1.146548
      51.350000        1.146185
      51.450000        1.145815
      51.550000        1.143685
      51.650000        1.144131
      51.750000        1.143462
      51.850000        1.141800
      51.950000        1.142855
      52.050000        1.140800
      52.150000        1.141402
      52.250000        1.139817
      52.350000        1.140286
      52.450000        1.137617
      52.550000        1.137610
      52.650000        1.138616
      52.750000        1.137440
      52.850000        1.136971
      52.950000        1.136115
      53.050000        1.135735
      53.150000        1.134819
      53.250000        1.134170
      53.350000        1.132448
      53.450000        1.131907
      53.550000        1.131579
      53.650000        1.131357
      53.750000        1.131027
      53.850000        1.129443
      53.950000        1.129083
      54.050000        1.128236
      54.150000        1.127321
      54.250000        1.126087
      54.350000        1.126717
      54.450000        1.125654
      54.550000        1.125086
      54.650000        1.124344
      54.750000        1.122551
      54.850000        1.122543
      54.950000        1.122548
      55.050000        1.121382
      55.150000        1.119971
      55.250000        1.120681
      55.350000        1.118601
      55.450000        1.118599
      55.550000        1.118025
      55.650000        1.117315
      55.750000        1.116368
      55.850000        1.115910
      55.950000        1.113977
      56.050000        1.114080
      56.150000        1.113482
      56.250000        1.112297
      56.350000        1.111239
      56.450000        1.111630
      56.550000        1.110984
      56.650000        1.111246
      56.750000        1.109103
      56.850000        1.108870
      56.950000        1.107908
      57.050000        1.106964
      57.150000        1.106381
      57.250000        1.105556
      57.350000        1.105294
      57.450000        1.105008
      57.550000        1.103531
      57.650000        1.102672
      57.750000        1.102318
      57.850000        1.101052
      57.950000        1.100240
      58.050000        1.099998
      58.150000        1.098239
      58.250000        1.098386
      58.350000        1.097314
      58.450000        1.097547
      58.550000        1.095919
      58.650000        1.094925
      58.750000        1.095787
      58.850000        1.094482
      58.950000        1.094164
      59.050000        1.092807
      59.150000        1.092723
      59.250000        1.092078
      59.350000        1.090676
      59.450000        1.090017
      59.550000        1.090654
      59.650000        1.089543
      59.750000        1.087917
      59.850000        1.088046
      59.950000        1.086798
      60.050000        1.086167
      60.150000        1.085711
      60.250000        1.084255
      60.350000        1.084605
      60.450000        1.083778
      60.550000        1.083135
      60.650000        1.082265
      60.750000        1.082672
      60.850000        1.081532
      60.950000        1.080091
      61.050000        1.079878
      61.150000        1.079803
      61.250000        1.078520
      61.350000        1.077540
      61.450000        1.077666
      61.550000        1.078178
      61.650000        1.076635
      61.750000        1.075651
      61.850000        1.075453
      61.950000        1.075625
      62.050000        1.074594
      62.150000        1.073179
      62.250000        1.072894
      62.350000        1.072865
      62.450000        1.072259
      62.550000        1.071795
      62.650000        1.071132
      62.750000        1.071701
      62.850000        1.070412
      62.950000        1.070756
      63.050000        1.070008
      63.150000        1.068487
      63.250000        1.068197
      63.350000        1.068623
      63.450000        1.067781
      63.550000        1.067375
      63.650000        1.067284
      63.750000        1.066629
      63.850000        1.066128
      63.950000        1.066389
      64.050000        1.064709
      64.150000        1.064452
      64.250000        1.063892
      64.350000        1.063833
      64.450000        1.063363
      64.550000        1.062230
      64.650000        1.062507
      64.750000        1.060215
      64.850000        1.061593
      64.950000        1.059578
      65.050000        1.060908
      65.150000        1.059753
      65.250000        1.059003
      65.350000        1.059351
      65.450000        1.058542
      65.550000        1.057986
      65.650000        1.057275
      65.750000        1.056557
      65.850000        1.055889
      65.950000        1.055766
      66.050000        1.054907
      66.150000        1.055084
      66.250000        1.054454
      66.350000        1.053670
      66.450000        1.053341
      66.550000        1.052996
      66.650000        1.052562
      66.750000        1.052521
      66.850000        1.051328
      66.950000        1.052238
      67.050000        1.050791
      67.150000        1.049734
      67.250000        1.049315
      67.350000        1.048713
      67.450000        1.048873
      67.550000        1.048303
      67.650000        1.048407
      67.750000        1.047051
      67.850000        1.047251
      67.950000        1.046068
      68.050000        1.046836
      68.150000        1.045051
      68.250000        1.044714
      68.350000        1.044745
      68.450000        1.044392
      68.550000        1.044094
      68.650000        1.042523
      68.750000        1.042421
      68.850000        1.042057
      68.950000        1.041654
      69.050000        1.040511
      69.150000        1.041599
      69.250000        1.040243
      69.350000        1.040102
      69.450000        1.040120
      69.550000        1.038477
      69.650000        1.038566
      69.750000        1.037920
      69.850000        1.038218
      69.950000        1.037000
