#Distance_(Ang) :1-1276_=>_:Na+
       0.050000        0.000000
       0.150000        0.000000
       0.250000        0.000000
       0.350000        0.000000
       0.450000        0.000000
       0.550000        0.000000
       0.650000        0.000000
       0.750000        0.000000
       0.850000        0.000000
       0.950000        0.000000
       1.050000        0.000000
       1.150000        0.000000
       1.250000        0.000000
       1.350000        0.000000
       1.450000        0.000000
       1.550000        0.000000
       1.650000        0.000000
       1.750000        0.000000
       1.850000        0.000000
       1.950000        0.001561
       2.050000        0.126541
       2.150000        0.736148
       2.250000        0.968893
       2.350000        0.625411
       2.450000        0.319780
       2.550000        0.239495
       2.650000        0.209684
       2.750000        0.165776
       2.850000        0.173040
       2.950000        0.235684
       3.050000        0.300270
       3.150000        0.392130
       3.250000        0.497186
       3.350000        0.591228
       3.450000        0.618743
       3.550000        0.614734
       3.650000        0.578839
       3.750000        0.615579
       3.850000        0.660762
       3.950000        0.747829
       4.050000        0.836873
       4.150000        0.927799
       4.250000        0.999104
       4.350000        1.055864
       4.450000        1.101044
       4.550000        1.137507
       4.650000        1.123124
       4.750000        1.116450
       4.850000        1.090794
       4.950000        1.104604
       5.050000        1.114778
       5.150000        1.138914
       5.250000        1.136598
       5.350000        1.160924
       5.450000        1.174947
       5.550000        1.192861
       5.650000        1.210296
       5.750000        1.230734
       5.850000        1.242733
       5.950000        1.261624
       6.050000        1.260010
       6.150000        1.281742
       6.250000        1.283467
       6.350000        1.287058
       6.450000        1.298864
       6.550000        1.303305
       6.650000        1.299776
       6.750000        1.301654
       6.850000        1.295113
       6.950000        1.301176
       7.050000        1.307092
       7.150000        1.311955
       7.250000        1.313827
       7.350000        1.296991
       7.450000        1.307999
       7.550000        1.303359
       7.650000        1.301310
       7.750000        1.317632
       7.850000        1.317659
       7.950000        1.325617
       8.050000        1.326766
       8.150000        1.335340
       8.250000        1.334249
       8.350000        1.334469
       8.450000        1.338761
       8.550000        1.340968
       8.650000        1.338090
       8.750000        1.348033
       8.850000        1.339934
       8.950000        1.339198
       9.050000        1.342268
       9.150000        1.339170
       9.250000        1.333830
       9.350000        1.333718
       9.450000        1.337102
       9.550000        1.338677
       9.650000        1.332684
       9.750000        1.333820
       9.850000        1.329276
       9.950000        1.332347
      10.050000        1.328735
      10.150000        1.327953
      10.250000        1.329645
      10.350000        1.331009
      10.450000        1.330399
      10.550000        1.331074
      10.650000        1.334280
      10.750000        1.335602
      10.850000        1.331366
      10.950000        1.331435
      11.050000        1.330734
      11.150000        1.329441
      11.250000        1.330813
      11.350000        1.326760
      11.450000        1.328456
      11.550000        1.327739
      11.650000        1.329613
      11.750000        1.335631
      11.850000        1.335911
      11.950000        1.333755
      12.050000        1.337357
      12.150000        1.337644
      12.250000        1.342215
      12.350000        1.341708
      12.450000        1.345454
      12.550000        1.345497
      12.650000        1.351933
      12.750000        1.348318
      12.850000        1.346279
      12.950000        1.354395
      13.050000        1.354883
      13.150000        1.356362
      13.250000        1.356879
      13.350000        1.354144
      13.450000        1.358697
      13.550000        1.358524
      13.650000        1.358242
      13.750000        1.364883
      13.850000        1.367401
      13.950000        1.364301
      14.050000        1.366725
      14.150000        1.371859
      14.250000        1.375006
      14.350000        1.374002
      14.450000        1.377221
      14.550000        1.373025
      14.650000        1.379096
      14.750000        1.381675
      14.850000        1.378675
      14.950000        1.381529
      15.050000        1.380770
      15.150000        1.382213
      15.250000        1.383226
      15.350000        1.385205
      15.450000        1.391569
      15.550000        1.382524
      15.650000        1.386722
      15.750000        1.389100
      15.850000        1.390240
      15.950000        1.389378
      16.050000        1.386200
      16.150000        1.387818
      16.250000        1.390200
      16.350000        1.388593
      16.450000        1.386267
      16.550000        1.389096
      16.650000        1.392078
      16.750000        1.391513
      16.850000        1.389901
      16.950000        1.388844
      17.050000        1.387632
      17.150000        1.389325
      17.250000        1.388171
      17.350000        1.388983
      17.450000        1.391262
      17.550000        1.388838
      17.650000        1.389761
      17.750000        1.391508
      17.850000        1.387654
      17.950000        1.390226
      18.050000        1.385798
      18.150000        1.389821
      18.250000        1.390668
      18.350000        1.388958
      18.450000        1.388411
      18.550000        1.387672
      18.650000        1.386838
      18.750000        1.384712
      18.850000        1.384190
      18.950000        1.386570
      19.050000        1.385980
      19.150000        1.382330
      19.250000        1.383270
      19.350000        1.381432
      19.450000        1.381398
      19.550000        1.382702
      19.650000        1.382573
      19.750000        1.381590
      19.850000        1.376751
      19.950000        1.380577
      20.050000        1.373324
      20.150000        1.377666
      20.250000        1.374197
      20.350000        1.377426
      20.450000        1.371229
      20.550000        1.376781
      20.650000        1.371508
      20.750000        1.372227
      20.850000        1.370517
      20.950000        1.369707
      21.050000        1.372791
      21.150000        1.368260
      21.250000        1.368696
      21.350000        1.367393
      21.450000        1.368498
      21.550000        1.369874
      21.650000        1.366401
      21.750000        1.366045
      21.850000        1.366082
      21.950000        1.364945
      22.050000        1.364745
      22.150000        1.362233
      22.250000        1.362828
      22.350000        1.360146
      22.450000        1.361939
      22.550000        1.361537
      22.650000        1.359324
      22.750000        1.358290
      22.850000        1.357339
      22.950000        1.355311
      23.050000        1.357061
      23.150000        1.355909
      23.250000        1.357225
      23.350000        1.358514
      23.450000        1.356363
      23.550000        1.353934
      23.650000        1.353744
      23.750000        1.352006
      23.850000        1.350905
      23.950000        1.353279
      24.050000        1.352064
      24.150000        1.352538
      24.250000        1.349913
      24.350000        1.352457
      24.450000        1.349952
      24.550000        1.349539
      24.650000        1.349236
      24.750000        1.350645
      24.850000        1.348768
      24.950000        1.347323
      25.050000        1.346982
      25.150000        1.346527
      25.250000        1.347580
      25.350000        1.347091
      25.450000        1.346801
      25.550000        1.346609
      25.650000        1.348130
      25.750000        1.346796
      25.850000        1.345103
      25.950000        1.342643
      26.050000        1.344413
      26.150000        1.346996
      26.250000        1.344828
      26.350000        1.345371
      26.450000        1.347351
      26.550000        1.343863
      26.650000        1.343276
      26.750000        1.343569
      26.850000        1.346729
      26.950000        1.344361
      27.050000        1.344648
      27.150000        1.345770
      27.250000        1.343880
      27.350000        1.345029
      27.450000        1.341923
      27.550000        1.341979
      27.650000        1.342809
      27.750000        1.342065
      27.850000        1.345228
      27.950000        1.340905
      28.050000        1.344497
      28.150000        1.344013
      28.250000        1.342881
      28.350000        1.343131
      28.450000        1.341305
      28.550000        1.342396
      28.650000        1.340955
      28.750000        1.340693
      28.850000        1.341262
      28.950000        1.339494
      29.050000        1.342354
      29.150000        1.340771
      29.250000        1.339101
      29.350000        1.340002
      29.450000        1.340556
      29.550000        1.337156
      29.650000        1.338602
      29.750000        1.338065
      29.850000        1.335287
      29.950000        1.336046
      30.050000        1.336736
      30.150000        1.337754
      30.250000        1.337736
      30.350000        1.334673
      30.450000        1.333764
      30.550000        1.334812
      30.650000        1.332764
      30.750000        1.333506
      30.850000        1.334149
      30.950000        1.335520
      31.050000        1.331306
      31.150000        1.333543
      31.250000        1.332764
      31.350000        1.332170
      31.450000        1.329535
      31.550000        1.329075
      31.650000        1.328459
      31.750000        1.328914
      31.850000        1.327831
      31.950000        1.327438
      32.050000        1.327567
      32.150000        1.326966
      32.250000        1.324631
      32.350000        1.325654
      32.450000        1.324087
      32.550000        1.324090
      32.650000        1.320484
      32.750000        1.321400
      32.850000        1.321697
      32.950000        1.320994
      33.050000        1.320175
      33.150000        1.317244
      33.250000        1.317119
      33.350000        1.316261
      33.450000        1.314114
      33.550000        1.314520
      33.650000        1.313565
      33.750000        1.312254
      33.850000        1.314605
      33.950000        1.311103
      34.050000        1.311358
      34.150000        1.311004
      34.250000        1.308784
      34.350000        1.308770
      34.450000        1.306912
      34.550000        1.308732
      34.650000        1.305771
      34.750000        1.307074
      34.850000        1.304396
      34.950000        1.303706
      35.050000        1.303682
      35.150000        1.302152
      35.250000        1.302256
      35.350000        1.301629
      35.450000        1.301480
      35.550000        1.299079
      35.650000        1.299245
      35.750000        1.299229
      35.850000        1.297028
      35.950000        1.295987
      36.050000        1.295791
      36.150000        1.297399
      36.250000        1.294997
      36.350000        1.294203
      36.450000        1.292651
      36.550000        1.293688
      36.650000        1.291621
      36.750000        1.290370
      36.850000        1.290047
      36.950000        1.290122
      37.050000        1.289203
      37.150000        1.287448
      37.250000        1.287191
      37.350000        1.287212
      37.450000        1.286717
      37.550000        1.286343
      37.650000        1.285206
      37.750000        1.284090
      37.850000        1.283015
      37.950000        1.283105
      38.050000        1.283770
      38.150000        1.282554
      38.250000        1.280943
      38.350000        1.279878
      38.450000        1.278803
      38.550000        1.279646
      38.650000        1.278502
      38.750000        1.276094
      38.850000        1.276572
      38.950000        1.274812
      39.050000        1.275228
      39.150000        1.274525
      39.250000        1.274140
      39.350000        1.271941
      39.450000        1.271980
      39.550000        1.272042
      39.650000        1.269408
      39.750000        1.270026
      39.850000        1.269261
      39.950000        1.267608
      40.050000        1.268180
      40.150000        1.266747
      40.250000        1.265831
      40.350000        1.268023
      40.450000        1.265482
      40.550000        1.263068
      40.650000        1.262280
      40.750000        1.262117
      40.850000        1.263253
      40.950000        1.261897
      41.050000        1.261008
      41.150000        1.259481
      41.250000        1.258958
      41.350000        1.259664
      41.450000        1.257666
      41.550000        1.257170
      41.650000        1.255518
      41.750000        1.256289
      41.850000        1.254756
      41.950000        1.254455
      42.050000        1.254080
      42.150000        1.252441
      42.250000        1.252637
      42.350000        1.252486
      42.450000        1.250408
      42.550000        1.251105
      42.650000        1.249779
      42.750000        1.248362
      42.850000        1.247444
      42.950000        1.248830
      43.050000        1.246015
      43.150000        1.245130
      43.250000        1.243967
      43.350000        1.245237
      43.450000        1.242427
      43.550000        1.241147
      43.650000        1.241590
      43.750000        1.240748
      43.850000        1.240871
      43.950000        1.238950
      44.050000        1.238397
      44.150000        1.235540
      44.250000        1.235112
      44.350000        1.235765
      44.450000        1.234271
      44.550000        1.232888
      44.650000        1.232676
      44.750000        1.233033
      44.850000        1.232517
      44.950000        1.230482
      45.050000        1.230331
      45.150000        1.229298
      45.250000        1.229448
      45.350000        1.227754
      45.450000        1.227693
      45.550000        1.228153
      45.650000        1.225062
      45.750000        1.225722
      45.850000        1.224914
      45.950000        1.224184
      46.050000        1.222074
      46.150000        1.221473
      46.250000        1.220349
      46.350000        1.220081
      46.450000        1.218534
      46.550000        1.218863
      46.650000        1.218416
      46.750000        1.216686
      46.850000        1.215439
      46.950000        1.216310
      47.050000        1.214247
      47.150000        1.213522
      47.250000        1.213268
      47.350000        1.212299
      47.450000        1.212220
      47.550000        1.211196
      47.650000        1.208958
      47.750000        1.209214
      47.850000        1.207126
      47.950000        1.207664
      48.050000        1.207899
      48.150000        1.206144
      48.250000        1.204743
      48.350000        1.203147
      48.450000        1.203408
      48.550000        1.202209
      48.650000        1.201834
      48.750000        1.200787
      48.850000        1.200654
      48.950000        1.198284
      49.050000        1.197351
      49.150000        1.197399
      49.250000        1.196239
      49.350000        1.195844
      49.450000        1.194709
      49.550000        1.193643
      49.650000        1.192795
      49.750000        1.192334
      49.850000        1.191654
      49.950000        1.190410
      50.050000        1.189849
      50.150000        1.189418
      50.250000        1.188276
      50.350000        1.187393
      50.450000        1.186598
      50.550000        1.186038
      50.650000        1.184767
      50.750000        1.184423
      50.850000        1.183382
      50.950000        1.181879
      51.050000        1.180742
      51.150000        1.181434
      51.250000        1.179818
      51.350000        1.178380
      51.450000        1.177852
      51.550000        1.177747
      51.650000        1.176032
      51.750000        1.175422
      51.850000        1.175650
      51.950000        1.173979
      52.050000        1.172196
      52.150000        1.171368
      52.250000        1.171302
      52.350000        1.171057
      52.450000        1.169150
      52.550000        1.168211
      52.650000        1.167931
      52.750000        1.165510
      52.850000        1.165049
      52.950000        1.165728
      53.050000        1.164573
      53.150000        1.163205
      53.250000        1.162261
      53.350000        1.162284
      53.450000        1.161793
      53.550000        1.160847
      53.650000        1.159236
      53.750000        1.159055
      53.850000        1.158079
      53.950000        1.156939
      54.050000        1.155045
      54.150000        1.155891
      54.250000        1.153867
      54.350000        1.153840
      54.450000        1.152849
      54.550000        1.152034
      54.650000        1.150787
      54.750000        1.150947
      54.850000        1.149166
      54.950000        1.149041
      55.050000        1.148371
      55.150000        1.147595
      55.250000        1.145725
      55.350000        1.145217
      55.450000        1.144722
      55.550000        1.144123
      55.650000        1.143126
      55.750000        1.143183
      55.850000        1.142039
      55.950000        1.139872
      56.050000        1.139699
      56.150000        1.139719
      56.250000        1.138184
      56.350000        1.137076
      56.450000        1.137066
      56.550000        1.135976
      56.650000        1.134948
      56.750000        1.134734
      56.850000        1.134089
      56.950000        1.132247
      57.050000        1.132170
      57.150000        1.130223
      57.250000        1.129391
      57.350000        1.129297
      57.450000        1.128091
      57.550000        1.127063
      57.650000        1.127068
      57.750000        1.126228
      57.850000        1.125499
      57.950000        1.123433
      58.050000        1.123222
      58.150000        1.122313
      58.250000        1.122009
      58.350000        1.120480
      58.450000        1.119093
      58.550000        1.119038
      58.650000        1.117690
      58.750000        1.116883
      58.850000        1.116429
      58.950000        1.115900
      59.050000        1.115242
      59.150000        1.114549
      59.250000        1.113271
      59.350000        1.111220
      59.450000        1.110835
      59.550000        1.110100
      59.650000        1.109582
      59.750000        1.109142
      59.850000        1.108285
      59.950000        1.106936
      60.050000        1.105998
      60.150000        1.106336
      60.250000        1.104924
      60.350000        1.103419
      60.450000        1.102470
      60.550000        1.102529
      60.650000        1.102018
      60.750000        1.100789
      60.850000        1.100836
      60.950000        1.099354
      61.050000        1.097904
      61.150000        1.097872
      61.250000        1.097853
      61.350000        1.096866
      61.450000        1.097053
      61.550000        1.095415
      61.650000        1.094749
      61.750000        1.094620
      61.850000        1.093570
      61.950000        1.092053
      62.050000        1.091684
      62.150000        1.091466
      62.250000        1.090231
      62.350000        1.090608
      62.450000        1.089364
      62.550000        1.089088
      62.650000        1.087002
      62.750000        1.087837
      62.850000        1.087011
      62.950000        1.086564
      63.050000        1.085159
      63.150000        1.084611
      63.250000        1.084931
      63.350000        1.084306
      63.450000        1.083701
      63.550000        1.083233
      63.650000        1.082022
      63.750000        1.081920
      63.850000        1.081592
      63.950000        1.080713
      64.050000        1.080157
      64.150000        1.078575
      64.250000        1.078777
      64.350000        1.078008
      64.450000        1.077847
      64.550000        1.076427
      64.650000        1.076900
      64.750000        1.076737
      64.850000        1.075146
      64.950000        1.074712
      65.050000        1.074515
      65.150000        1.075172
      65.250000        1.073005
      65.350000        1.072708
      65.450000        1.073135
      65.550000        1.071449
      65.650000        1.071286
      65.750000        1.070332
      65.850000        1.070124
      65.950000        1.069960
      66.050000        1.068864
      66.150000        1.068643
      66.250000        1.068244
      66.350000        1.067229
      66.450000        1.066683
      66.550000        1.066368
      66.650000        1.065599
      66.750000        1.065500
      66.850000        1.064888
      66.950000        1.063834
      67.050000        1.065224
      67.150000        1.063706
      67.250000        1.062836
      67.350000        1.062616
      67.450000        1.061869
      67.550000        1.061060
      67.650000        1.061317
      67.750000        1.060365
      67.850000        1.059157
      67.950000        1.058915
      68.050000        1.058690
      68.150000        1.058795
      68.250000        1.056443
      68.350000        1.057271
      68.450000        1.057567
      68.550000        1.056343
      68.650000        1.054917
      68.750000        1.055684
      68.850000        1.054822
      68.950000        1.053473
      69.050000        1.054253
      69.150000        1.053320
      69.250000        1.052879
      69.350000        1.051692
      69.450000        1.051718
      69.550000        1.050490
      69.650000        1.050128
      69.750000        1.049994
      69.850000        1.048365
      69.950000        1.049246
