#Distance_(Ang) :1-1276_=>_:Na+
       0.050000        0.000000
       0.150000        0.000000
       0.250000        0.000000
       0.350000        0.000000
       0.450000        0.000000
       0.550000        0.000000
       0.650000        0.000000
       0.750000        0.000000
       0.850000        0.000000
       0.950000        0.000000
       1.050000        0.000000
       1.150000        0.000000
       1.250000        0.000000
       1.350000        0.000000
       1.450000        0.000000
       1.550000        0.000000
       1.650000        0.000000
       1.750000        0.000000
       1.850000        0.000000
       1.950000        0.001895
       2.050000        0.148823
       2.150000        0.856171
       2.250000        1.039460
       2.350000        0.649230
       2.450000        0.354897
       2.550000        0.252852
       2.650000        0.227516
       2.750000        0.173360
       2.850000        0.196313
       2.950000        0.242498
       3.050000        0.321390
       3.150000        0.394939
       3.250000        0.507268
       3.350000        0.590196
       3.450000        0.647724
       3.550000        0.629798
       3.650000        0.599791
       3.750000        0.615047
       3.850000        0.679045
       3.950000        0.772097
       4.050000        0.869064
       4.150000        0.965946
       4.250000        1.030019
       4.350000        1.087671
       4.450000        1.120918
       4.550000        1.145503
       4.650000        1.139919
       4.750000        1.122923
       4.850000        1.107025
       4.950000        1.119660
       5.050000        1.135178
       5.150000        1.140928
       5.250000        1.143269
       5.350000        1.161626
       5.450000        1.172188
       5.550000        1.190368
       5.650000        1.215245
       5.750000        1.230346
       5.850000        1.252536
       5.950000        1.273027
       6.050000        1.270374
       6.150000        1.289200
       6.250000        1.298328
       6.350000        1.297545
       6.450000        1.306910
       6.550000        1.318127
       6.650000        1.311511
       6.750000        1.325361
       6.850000        1.312500
       6.950000        1.320404
       7.050000        1.318359
       7.150000        1.325373
       7.250000        1.323441
       7.350000        1.325096
       7.450000        1.324122
       7.550000        1.328159
       7.650000        1.338390
       7.750000        1.339693
       7.850000        1.336635
       7.950000        1.335853
       8.050000        1.355907
       8.150000        1.367020
       8.250000        1.369056
       8.350000        1.367144
       8.450000        1.372837
       8.550000        1.378087
       8.650000        1.373203
       8.750000        1.379091
       8.850000        1.384477
       8.950000        1.380720
       9.050000        1.376252
       9.150000        1.380976
       9.250000        1.379942
       9.350000        1.383575
       9.450000        1.379714
       9.550000        1.385607
       9.650000        1.384778
       9.750000        1.382772
       9.850000        1.379183
       9.950000        1.376252
      10.050000        1.381545
      10.150000        1.379203
      10.250000        1.381104
      10.350000        1.382868
      10.450000        1.388448
      10.550000        1.385014
      10.650000        1.388327
      10.750000        1.403760
      10.850000        1.389699
      10.950000        1.393237
      11.050000        1.384402
      11.150000        1.394343
      11.250000        1.392682
      11.350000        1.394189
      11.450000        1.391069
      11.550000        1.398187
      11.650000        1.393154
      11.750000        1.399164
      11.850000        1.400136
      11.950000        1.397587
      12.050000        1.406685
      12.150000        1.410667
      12.250000        1.411743
      12.350000        1.412421
      12.450000        1.411629
      12.550000        1.420254
      12.650000        1.420902
      12.750000        1.421558
      12.850000        1.425887
      12.950000        1.416416
      13.050000        1.421948
      13.150000        1.430488
      13.250000        1.428609
      13.350000        1.430872
      13.450000        1.425888
      13.550000        1.426008
      13.650000        1.430386
      13.750000        1.433554
      13.850000        1.430874
      13.950000        1.439257
      14.050000        1.438703
      14.150000        1.444735
      14.250000        1.449296
      14.350000        1.448988
      14.450000        1.447481
      14.550000        1.453698
      14.650000        1.451863
      14.750000        1.460451
      14.850000        1.457632
      14.950000        1.457728
      15.050000        1.462503
      15.150000        1.462662
      15.250000        1.468657
      15.350000        1.467270
      15.450000        1.467155
      15.550000        1.467956
      15.650000        1.467220
      15.750000        1.468992
      15.850000        1.470167
      15.950000        1.468326
      16.050000        1.471232
      16.150000        1.470272
      16.250000        1.472898
      16.350000        1.473794
      16.450000        1.473870
      16.550000        1.475100
      16.650000        1.475989
      16.750000        1.477211
      16.850000        1.479737
      16.950000        1.479953
      17.050000        1.479255
      17.150000        1.475799
      17.250000        1.477677
      17.350000        1.477881
      17.450000        1.477886
      17.550000        1.476318
      17.650000        1.476357
      17.750000        1.479812
      17.850000        1.476649
      17.950000        1.481874
      18.050000        1.478999
      18.150000        1.477605
      18.250000        1.478427
      18.350000        1.478321
      18.450000        1.472441
      18.550000        1.478409
      18.650000        1.479122
      18.750000        1.477267
      18.850000        1.475304
      18.950000        1.473944
      19.050000        1.474589
      19.150000        1.475118
      19.250000        1.474911
      19.350000        1.472999
      19.450000        1.475130
      19.550000        1.470814
      19.650000        1.470798
      19.750000        1.471322
      19.850000        1.468711
      19.950000        1.468904
      20.050000        1.471744
      20.150000        1.466417
      20.250000        1.464791
      20.350000        1.468742
      20.450000        1.467623
      20.550000        1.466554
      20.650000        1.464657
      20.750000        1.461546
      20.850000        1.462915
      20.950000        1.463517
      21.050000        1.458572
      21.150000        1.461712
      21.250000        1.456527
      21.350000        1.459083
      21.450000        1.457740
      21.550000        1.457543
      21.650000        1.455906
      21.750000        1.456348
      21.850000        1.456439
      21.950000        1.454628
      22.050000        1.453684
      22.150000        1.455183
      22.250000        1.450529
      22.350000        1.452506
      22.450000        1.451457
      22.550000        1.449470
      22.650000        1.448535
      22.750000        1.448849
      22.850000        1.450342
      22.950000        1.448105
      23.050000        1.446314
      23.150000        1.444948
      23.250000        1.447095
      23.350000        1.444893
      23.450000        1.446301
      23.550000        1.446294
      23.650000        1.443261
      23.750000        1.441876
      23.850000        1.440670
      23.950000        1.440001
      24.050000        1.441117
      24.150000        1.441729
      24.250000        1.439447
      24.350000        1.439145
      24.450000        1.439668
      24.550000        1.439358
      24.650000        1.438539
      24.750000        1.437194
      24.850000        1.436293
      24.950000        1.437798
      25.050000        1.436281
      25.150000        1.437549
      25.250000        1.436148
      25.350000        1.435699
      25.450000        1.435519
      25.550000        1.435964
      25.650000        1.435131
      25.750000        1.433240
      25.850000        1.433404
      25.950000        1.431239
      26.050000        1.432557
      26.150000        1.431833
      26.250000        1.433305
      26.350000        1.432613
      26.450000        1.431709
      26.550000        1.432474
      26.650000        1.431566
      26.750000        1.432083
      26.850000        1.430612
      26.950000        1.430526
      27.050000        1.429784
      27.150000        1.430436
      27.250000        1.432485
      27.350000        1.430681
      27.450000        1.431641
      27.550000        1.428112
      27.650000        1.429130
      27.750000        1.429309
      27.850000        1.428377
      27.950000        1.429290
      28.050000        1.429740
      28.150000        1.427730
      28.250000        1.427683
      28.350000        1.427605
      28.450000        1.426310
      28.550000        1.424388
      28.650000        1.425983
      28.750000        1.422899
      28.850000        1.424498
      28.950000        1.422078
      29.050000        1.423596
      29.150000        1.422893
      29.250000        1.423047
      29.350000        1.420862
      29.450000        1.420584
      29.550000        1.419759
      29.650000        1.420713
      29.750000        1.420783
      29.850000        1.416992
      29.950000        1.417268
      30.050000        1.416228
      30.150000        1.414949
      30.250000        1.414724
      30.350000        1.414846
      30.450000        1.414329
      30.550000        1.413651
      30.650000        1.411828
      30.750000        1.412143
      30.850000        1.412209
      30.950000        1.409011
      31.050000        1.408669
      31.150000        1.410417
      31.250000        1.409747
      31.350000        1.410585
      31.450000        1.406263
      31.550000        1.407095
      31.650000        1.406014
      31.750000        1.403842
      31.850000        1.404867
      31.950000        1.401625
      32.050000        1.400967
      32.150000        1.402653
      32.250000        1.402023
      32.350000        1.399771
      32.450000        1.398844
      32.550000        1.397158
      32.650000        1.395509
      32.750000        1.392141
      32.850000        1.393613
      32.950000        1.395258
      33.050000        1.392660
      33.150000        1.393022
      33.250000        1.389945
      33.350000        1.388932
      33.450000        1.387528
      33.550000        1.386659
      33.650000        1.385164
      33.750000        1.385610
      33.850000        1.383063
      33.950000        1.382785
      34.050000        1.382604
      34.150000        1.380342
      34.250000        1.378251
      34.350000        1.380271
      34.450000        1.377207
      34.550000        1.376372
      34.650000        1.375951
      34.750000        1.376118
      34.850000        1.374877
      34.950000        1.372572
      35.050000        1.371072
      35.150000        1.370059
      35.250000        1.368583
      35.350000        1.368650
      35.450000        1.368708
      35.550000        1.365720
      35.650000        1.366131
      35.750000        1.363439
      35.850000        1.361428
      35.950000        1.361951
      36.050000        1.359434
      36.150000        1.361962
      36.250000        1.356817
      36.350000        1.356896
      36.450000        1.357210
      36.550000        1.355083
      36.650000        1.354060
      36.750000        1.353737
      36.850000        1.353249
      36.950000        1.350336
      37.050000        1.349503
      37.150000        1.348509
      37.250000        1.349658
      37.350000        1.346801
      37.450000        1.346016
      37.550000        1.345777
      37.650000        1.344363
      37.750000        1.342323
      37.850000        1.343240
      37.950000        1.341646
      38.050000        1.339856
      38.150000        1.339515
      38.250000        1.338985
      38.350000        1.337075
      38.450000        1.336108
      38.550000        1.335539
      38.650000        1.333788
      38.750000        1.332880
      38.850000        1.332391
      38.950000        1.330112
      39.050000        1.328628
      39.150000        1.330145
      39.250000        1.325606
      39.350000        1.326499
      39.450000        1.326931
      39.550000        1.325148
      39.650000        1.324883
      39.750000        1.321365
      39.850000        1.321671
      39.950000        1.320121
      40.050000        1.319241
      40.150000        1.319534
      40.250000        1.318837
      40.350000        1.316235
      40.450000        1.316268
      40.550000        1.314321
      40.650000        1.314261
      40.750000        1.312467
      40.850000        1.312550
      40.950000        1.311394
      41.050000        1.310241
      41.150000        1.310932
      41.250000        1.309539
      41.350000        1.307666
      41.450000        1.306950
      41.550000        1.306865
      41.650000        1.305742
      41.750000        1.301739
      41.850000        1.302843
      41.950000        1.300872
      42.050000        1.301838
      42.150000        1.299585
      42.250000        1.299112
      42.350000        1.298634
      42.450000        1.297452
      42.550000        1.297378
      42.650000        1.296600
      42.750000        1.293697
      42.850000        1.294693
      42.950000        1.292090
      43.050000        1.292852
      43.150000        1.291498
      43.250000        1.289459
      43.350000        1.287413
      43.450000        1.287506
      43.550000        1.287529
      43.650000        1.286113
      43.750000        1.285253
      43.850000        1.284116
      43.950000        1.283152
      44.050000        1.282047
      44.150000        1.280844
      44.250000        1.280763
      44.350000        1.279641
      44.450000        1.278192
      44.550000        1.276381
      44.650000        1.276592
      44.750000        1.275082
      44.850000        1.273326
      44.950000        1.274513
      45.050000        1.272960
      45.150000        1.271086
      45.250000        1.270663
      45.350000        1.270887
      45.450000        1.269317
      45.550000        1.267667
      45.650000        1.265155
      45.750000        1.265985
      45.850000        1.264479
      45.950000        1.264560
      46.050000        1.263370
      46.150000        1.262890
      46.250000        1.261696
      46.350000        1.260300
      46.450000        1.259406
      46.550000        1.257758
      46.650000        1.257477
      46.750000        1.256543
      46.850000        1.255734
      46.950000        1.254576
      47.050000        1.253710
      47.150000        1.253531
      47.250000        1.252045
      47.350000        1.249604
      47.450000        1.250883
      47.550000        1.248177
      47.650000        1.247825
      47.750000        1.247080
      47.850000        1.245106
      47.950000        1.246133
      48.050000        1.243917
      48.150000        1.243397
      48.250000        1.241050
      48.350000        1.240925
      48.450000        1.240353
      48.550000        1.239904
      48.650000        1.238393
      48.750000        1.237831
      48.850000        1.236900
      48.950000        1.235131
      49.050000        1.234925
      49.150000        1.232871
      49.250000        1.230812
      49.350000        1.231443
      49.450000        1.230159
      49.550000        1.229231
      49.650000        1.229890
      49.750000        1.228114
      49.850000        1.226679
      49.950000        1.225065
      50.050000        1.225824
      50.150000        1.224710
      50.250000        1.223563
      50.350000        1.222438
      50.450000        1.221196
      50.550000        1.219948
      50.650000        1.219091
      50.750000        1.218790
      50.850000        1.216990
      50.950000        1.215149
      51.050000        1.213521
      51.150000        1.213046
      51.250000        1.212053
      51.350000        1.211127
      51.450000        1.210664
      51.550000        1.210026
      51.650000        1.208460
      51.750000        1.207428
      51.850000        1.207056
      51.950000        1.205655
      52.050000        1.204835
      52.150000        1.204277
      52.250000        1.202895
      52.350000        1.202412
      52.450000        1.201141
      52.550000        1.198421
      52.650000        1.198471
      52.750000        1.196512
      52.850000        1.196431
      52.950000        1.194735
      53.050000        1.194595
      53.150000        1.193932
      53.250000        1.192943
      53.350000        1.192440
      53.450000        1.191110
      53.550000        1.190591
      53.650000        1.188274
      53.750000        1.187742
      53.850000        1.186256
      53.950000        1.186142
      54.050000        1.185084
      54.150000        1.183155
      54.250000        1.182940
      54.350000        1.182991
      54.450000        1.181356
      54.550000        1.180018
      54.650000        1.179213
      54.750000        1.177772
      54.850000        1.176856
      54.950000        1.174415
      55.050000        1.175197
      55.150000        1.173673
      55.250000        1.173052
      55.350000        1.171794
      55.450000        1.171125
      55.550000        1.170161
      55.650000        1.169778
      55.750000        1.168109
      55.850000        1.166283
      55.950000        1.166663
      56.050000        1.164820
      56.150000        1.165065
      56.250000        1.163556
      56.350000        1.162209
      56.450000        1.162506
      56.550000        1.160480
      56.650000        1.158467
      56.750000        1.158684
      56.850000        1.157604
      56.950000        1.156002
      57.050000        1.154765
      57.150000        1.154131
      57.250000        1.153607
      57.350000        1.153836
      57.450000        1.151096
      57.550000        1.150019
      57.650000        1.149232
      57.750000        1.148493
      57.850000        1.147857
      57.950000        1.146494
      58.050000        1.145860
      58.150000        1.144628
      58.250000        1.143939
      58.350000        1.142315
      58.450000        1.141588
      58.550000        1.139575
      58.650000        1.138881
      58.750000        1.139158
      58.850000        1.137762
      58.950000        1.136984
      59.050000        1.134803
      59.150000        1.134518
      59.250000        1.133360
      59.350000        1.131790
      59.450000        1.132674
      59.550000        1.131036
      59.650000        1.129415
      59.750000        1.128147
      59.850000        1.127749
      59.950000        1.126529
      60.050000        1.126041
      60.150000        1.123751
      60.250000        1.123698
      60.350000        1.123375
      60.450000        1.122002
      60.550000        1.120396
      60.650000        1.120143
      60.750000        1.119265
      60.850000        1.117655
      60.950000        1.117091
      61.050000        1.116566
      61.150000        1.114937
      61.250000        1.114229
      61.350000        1.114113
      61.450000        1.113342
      61.550000        1.112215
      61.650000        1.110567
      61.750000        1.110584
      61.850000        1.109769
      61.950000        1.107954
      62.050000        1.107929
      62.150000        1.107506
      62.250000        1.106284
      62.350000        1.104517
      62.450000        1.104236
      62.550000        1.104322
      62.650000        1.102705
      62.750000        1.102294
      62.850000        1.101969
      62.950000        1.100383
      63.050000        1.101041
      63.150000        1.099572
      63.250000        1.099307
      63.350000        1.097673
      63.450000        1.097427
      63.550000        1.096476
      63.650000        1.095804
      63.750000        1.094906
      63.850000        1.094916
      63.950000        1.093627
      64.050000        1.092729
      64.150000        1.092506
      64.250000        1.090708
      64.350000        1.091158
      64.450000        1.089845
      64.550000        1.088989
      64.650000        1.088574
      64.750000        1.087806
      64.850000        1.086886
      64.950000        1.085836
      65.050000        1.085421
      65.150000        1.084710
      65.250000        1.084581
      65.350000        1.083232
      65.450000        1.082917
      65.550000        1.082648
      65.650000        1.081961
      65.750000        1.080939
      65.850000        1.080108
      65.950000        1.078503
      66.050000        1.079380
      66.150000        1.078420
      66.250000        1.077632
      66.350000        1.076754
      66.450000        1.075900
      66.550000        1.075860
      66.650000        1.074624
      66.750000        1.074825
      66.850000        1.073513
      66.950000        1.072360
      67.050000        1.071609
      67.150000        1.072185
      67.250000        1.070664
      67.350000        1.070026
      67.450000        1.069547
      67.550000        1.069295
      67.650000        1.068912
      67.750000        1.066676
      67.850000        1.066508
      67.950000        1.066344
      68.050000        1.065338
      68.150000        1.065497
      68.250000        1.063866
      68.350000        1.063117
      68.450000        1.063158
      68.550000        1.062409
      68.650000        1.061701
      68.750000        1.061191
      68.850000        1.060312
      68.950000        1.059689
      69.050000        1.059440
      69.150000        1.058661
      69.250000        1.057855
      69.350000        1.056297
      69.450000        1.056445
      69.550000        1.055761
      69.650000        1.054794
      69.750000        1.054087
      69.850000        1.054000
      69.950000        1.052852
