#Distance_(Ang) :1-1276_=>_:Na+
       0.050000        0.000000
       0.150000        0.000000
       0.250000        0.000000
       0.350000        0.000000
       0.450000        0.000000
       0.550000        0.000000
       0.650000        0.000000
       0.750000        0.000000
       0.850000        0.000000
       0.950000        0.000000
       1.050000        0.000000
       1.150000        0.000000
       1.250000        0.000000
       1.350000        0.000000
       1.450000        0.000000
       1.550000        0.000000
       1.650000        0.000000
       1.750000        0.000000
       1.850000        0.000000
       1.950000        0.002384
       2.050000        0.217044
       2.150000        1.186374
       2.250000        1.498325
       2.350000        0.949367
       2.450000        0.505278
       2.550000        0.369369
       2.650000        0.316598
       2.750000        0.252495
       2.850000        0.265913
       2.950000        0.350130
       3.050000        0.463172
       3.150000        0.588865
       3.250000        0.726183
       3.350000        0.870475
       3.450000        0.906297
       3.550000        0.890494
       3.650000        0.863782
       3.750000        0.890840
       3.850000        0.968069
       3.950000        1.090031
       4.050000        1.247347
       4.150000        1.373353
       4.250000        1.469308
       4.350000        1.564784
       4.450000        1.621198
       4.550000        1.650207
       4.650000        1.642928
       4.750000        1.615070
       4.850000        1.591262
       4.950000        1.595737
       5.050000        1.615158
       5.150000        1.624467
       5.250000        1.635495
       5.350000        1.665502
       5.450000        1.680674
       5.550000        1.694903
       5.650000        1.728580
       5.750000        1.770343
       5.850000        1.773577
       5.950000        1.798193
       6.050000        1.818644
       6.150000        1.829836
       6.250000        1.831601
       6.350000        1.841689
       6.450000        1.838691
       6.550000        1.858069
       6.650000        1.847968
       6.750000        1.857271
       6.850000        1.851809
       6.950000        1.858164
       7.050000        1.855291
       7.150000        1.855193
       7.250000        1.851648
       7.350000        1.846859
       7.450000        1.858597
       7.550000        1.850533
       7.650000        1.865314
       7.750000        1.884027
       7.850000        1.879445
       7.950000        1.888919
       8.050000        1.896829
       8.150000        1.896591
       8.250000        1.908217
       8.350000        1.904370
       8.450000        1.893987
       8.550000        1.895196
       8.650000        1.907877
       8.750000        1.909785
       8.850000        1.908119
       8.950000        1.901227
       9.050000        1.901026
       9.150000        1.903888
       9.250000        1.899767
       9.350000        1.900100
       9.450000        1.904111
       9.550000        1.904929
       9.650000        1.900362
       9.750000        1.900621
       9.850000        1.904668
       9.950000        1.888141
      10.050000        1.894224
      10.150000        1.895578
      10.250000        1.893692
      10.350000        1.893230
      10.450000        1.897235
      10.550000        1.896788
      10.650000        1.894745
      10.750000        1.894839
      10.850000        1.887516
      10.950000        1.889113
      11.050000        1.895073
      11.150000        1.887534
      11.250000        1.885694
      11.350000        1.879109
      11.450000        1.885065
      11.550000        1.887160
      11.650000        1.883979
      11.750000        1.889730
      11.850000        1.888254
      11.950000        1.893132
      12.050000        1.897277
      12.150000        1.900925
      12.250000        1.900149
      12.350000        1.895298
      12.450000        1.900360
      12.550000        1.908201
      12.650000        1.905423
      12.750000        1.907152
      12.850000        1.909746
      12.950000        1.910977
      13.050000        1.908271
      13.150000        1.907262
      13.250000        1.908164
      13.350000        1.908151
      13.450000        1.912632
      13.550000        1.912648
      13.650000        1.911491
      13.750000        1.910738
      13.850000        1.914306
      13.950000        1.921908
      14.050000        1.921627
      14.150000        1.919114
      14.250000        1.922741
      14.350000        1.923360
      14.450000        1.924236
      14.550000        1.922455
      14.650000        1.931144
      14.750000        1.925158
      14.850000        1.932534
      14.950000        1.932662
      15.050000        1.928118
      15.150000        1.935869
      15.250000        1.929230
      15.350000        1.934857
      15.450000        1.930661
      15.550000        1.935502
      15.650000        1.934001
      15.750000        1.928311
      15.850000        1.932713
      15.950000        1.932862
      16.050000        1.932191
      16.150000        1.930875
      16.250000        1.928103
      16.350000        1.931753
      16.450000        1.929392
      16.550000        1.928479
      16.650000        1.929582
      16.750000        1.930648
      16.850000        1.928050
      16.950000        1.922915
      17.050000        1.924782
      17.150000        1.925679
      17.250000        1.921592
      17.350000        1.925014
      17.450000        1.918081
      17.550000        1.916686
      17.650000        1.916357
      17.750000        1.915415
      17.850000        1.914622
      17.950000        1.912459
      18.050000        1.914202
      18.150000        1.913990
      18.250000        1.910812
      18.350000        1.910677
      18.450000        1.905182
      18.550000        1.902236
      18.650000        1.904603
      18.750000        1.905613
      18.850000        1.900500
      18.950000        1.896678
      19.050000        1.900064
      19.150000        1.897705
      19.250000        1.894008
      19.350000        1.893174
      19.450000        1.888548
      19.550000        1.886515
      19.650000        1.893083
      19.750000        1.889406
      19.850000        1.888285
      19.950000        1.888562
      20.050000        1.880933
      20.150000        1.884044
      20.250000        1.880653
      20.350000        1.879292
      20.450000        1.879635
      20.550000        1.874829
      20.650000        1.874292
      20.750000        1.871570
      20.850000        1.871219
      20.950000        1.869132
      21.050000        1.870147
      21.150000        1.867793
      21.250000        1.866515
      21.350000        1.866253
      21.450000        1.861288
      21.550000        1.860685
      21.650000        1.861178
      21.750000        1.859954
      21.850000        1.854714
      21.950000        1.853165
      22.050000        1.853226
      22.150000        1.853276
      22.250000        1.849246
      22.350000        1.847404
      22.450000        1.845608
      22.550000        1.845828
      22.650000        1.837708
      22.750000        1.836890
      22.850000        1.839103
      22.950000        1.838280
      23.050000        1.833293
      23.150000        1.832874
      23.250000        1.832893
      23.350000        1.832293
      23.450000        1.828174
      23.550000        1.828756
      23.650000        1.824998
      23.750000        1.826713
      23.850000        1.822641
      23.950000        1.821880
      24.050000        1.819049
      24.150000        1.818473
      24.250000        1.816369
      24.350000        1.818150
      24.450000        1.810838
      24.550000        1.810522
      24.650000        1.811392
      24.750000        1.810500
      24.850000        1.807423
      24.950000        1.803710
      25.050000        1.804295
      25.150000        1.804606
      25.250000        1.802905
      25.350000        1.801237
      25.450000        1.801038
      25.550000        1.802869
      25.650000        1.797467
      25.750000        1.795173
      25.850000        1.797283
      25.950000        1.796539
      26.050000        1.794395
      26.150000        1.792686
      26.250000        1.793473
      26.350000        1.789615
      26.450000        1.791935
      26.550000        1.786984
      26.650000        1.784723
      26.750000        1.784127
      26.850000        1.783954
      26.950000        1.783115
      27.050000        1.782185
      27.150000        1.780237
      27.250000        1.781104
      27.350000        1.778371
      27.450000        1.776176
      27.550000        1.775570
      27.650000        1.775365
      27.750000        1.770931
      27.850000        1.771864
      27.950000        1.771760
      28.050000        1.768970
      28.150000        1.764057
      28.250000        1.767588
      28.350000        1.763736
      28.450000        1.762497
      28.550000        1.762174
      28.650000        1.757517
      28.750000        1.760081
      28.850000        1.758919
      28.950000        1.753957
      29.050000        1.751213
      29.150000        1.751610
      29.250000        1.748137
      29.350000        1.749430
      29.450000        1.745104
      29.550000        1.743367
      29.650000        1.742665
      29.750000        1.740750
      29.850000        1.739115
      29.950000        1.738117
      30.050000        1.736559
      30.150000        1.734508
      30.250000        1.731907
      30.350000        1.730071
      30.450000        1.727731
      30.550000        1.727931
      30.650000        1.725207
      30.750000        1.724007
      30.850000        1.719638
      30.950000        1.717934
      31.050000        1.718075
      31.150000        1.714803
      31.250000        1.714289
      31.350000        1.711753
      31.450000        1.709121
      31.550000        1.708575
      31.650000        1.706794
      31.750000        1.702978
      31.850000        1.700887
      31.950000        1.699779
      32.050000        1.699546
      32.150000        1.694770
      32.250000        1.693301
      32.350000        1.689647
      32.450000        1.687433
      32.550000        1.685218
      32.650000        1.685057
      32.750000        1.681745
      32.850000        1.678362
      32.950000        1.676792
      33.050000        1.675821
      33.150000        1.672177
      33.250000        1.669034
      33.350000        1.666732
      33.450000        1.666603
      33.550000        1.664718
      33.650000        1.662664
      33.750000        1.658108
      33.850000        1.657636
      33.950000        1.654684
      34.050000        1.652630
      34.150000        1.650344
      34.250000        1.648102
      34.350000        1.644076
      34.450000        1.641770
      34.550000        1.641484
      34.650000        1.638804
      34.750000        1.635998
      34.850000        1.635849
      34.950000        1.633647
      35.050000        1.632265
      35.150000        1.628335
      35.250000        1.624662
      35.350000        1.623455
      35.450000        1.622839
      35.550000        1.619589
      35.650000        1.618518
      35.750000        1.616673
      35.850000        1.615410
      35.950000        1.614089
      36.050000        1.609365
      36.150000        1.606760
      36.250000        1.605254
      36.350000        1.602939
      36.450000        1.601626
      36.550000        1.599056
      36.650000        1.598000
      36.750000        1.596130
      36.850000        1.592790
      36.950000        1.590898
      37.050000        1.589638
      37.150000        1.587036
      37.250000        1.582754
      37.350000        1.583902
      37.450000        1.581513
      37.550000        1.578827
      37.650000        1.577494
      37.750000        1.574222
      37.850000        1.574821
      37.950000        1.571431
      38.050000        1.570420
      38.150000        1.566950
      38.250000        1.565695
      38.350000        1.564649
      38.450000        1.561363
      38.550000        1.561226
      38.650000        1.557485
      38.750000        1.558584
      38.850000        1.553899
      38.950000        1.552577
      39.050000        1.550889
      39.150000        1.548688
      39.250000        1.546530
      39.350000        1.545523
      39.450000        1.543657
      39.550000        1.541948
      39.650000        1.539707
      39.750000        1.537389
      39.850000        1.536912
      39.950000        1.533361
      40.050000        1.533870
      40.150000        1.531342
      40.250000        1.528342
      40.350000        1.526974
      40.450000        1.524793
      40.550000        1.524710
      40.650000        1.522955
      40.750000        1.519706
      40.850000        1.518830
      40.950000        1.517613
      41.050000        1.514502
      41.150000        1.513885
      41.250000        1.510726
      41.350000        1.507609
      41.450000        1.509293
      41.550000        1.507049
      41.650000        1.504416
      41.750000        1.502851
      41.850000        1.502237
      41.950000        1.499181
      42.050000        1.497418
      42.150000        1.496300
      42.250000        1.494650
      42.350000        1.492436
      42.450000        1.491032
      42.550000        1.489171
      42.650000        1.486052
      42.750000        1.485819
      42.850000        1.483768
      42.950000        1.481723
      43.050000        1.479478
      43.150000        1.478594
      43.250000        1.475958
      43.350000        1.474252
      43.450000        1.472370
      43.550000        1.470596
      43.650000        1.468360
      43.750000        1.466765
      43.850000        1.465888
      43.950000        1.462895
      44.050000        1.462425
      44.150000        1.460943
      44.250000        1.459061
      44.350000        1.457853
      44.450000        1.455144
      44.550000        1.454077
      44.650000        1.452536
      44.750000        1.451871
      44.850000        1.448508
      44.950000        1.447772
      45.050000        1.446510
      45.150000        1.443443
      45.250000        1.443350
      45.350000        1.441306
      45.450000        1.439114
      45.550000        1.437458
      45.650000        1.435165
      45.750000        1.433557
      45.850000        1.432420
      45.950000        1.431606
      46.050000        1.428397
      46.150000        1.428337
      46.250000        1.426197
      46.350000        1.425006
      46.450000        1.421720
      46.550000        1.420507
      46.650000        1.419178
      46.750000        1.417840
      46.850000        1.415937
      46.950000        1.413594
      47.050000        1.411898
      47.150000        1.409657
      47.250000        1.409948
      47.350000        1.406953
      47.450000        1.405093
      47.550000        1.402417
      47.650000        1.400683
      47.750000        1.399466
      47.850000        1.398818
      47.950000        1.397137
      48.050000        1.393612
      48.150000        1.392604
      48.250000        1.390982
      48.350000        1.390677
      48.450000        1.387530
      48.550000        1.385478
      48.650000        1.383645
      48.750000        1.382164
      48.850000        1.380066
      48.950000        1.380048
      49.050000        1.377166
      49.150000        1.375206
      49.250000        1.374085
      49.350000        1.372552
      49.450000        1.369677
      49.550000        1.369347
      49.650000        1.367381
      49.750000        1.365385
      49.850000        1.363815
      49.950000        1.361399
      50.050000        1.360498
      50.150000        1.357055
      50.250000        1.357283
      50.350000        1.356325
      50.450000        1.353826
      50.550000        1.350948
      50.650000        1.350942
      50.750000        1.348842
      50.850000        1.345911
      50.950000        1.344139
      51.050000        1.343361
      51.150000        1.341976
      51.250000        1.340161
      51.350000        1.337541
      51.450000        1.337216
      51.550000        1.335979
      51.650000        1.333651
      51.750000        1.331500
      51.850000        1.329934
      51.950000        1.329499
      52.050000        1.327997
      52.150000        1.325447
      52.250000        1.321906
      52.350000        1.321060
      52.450000        1.319208
      52.550000        1.318205
      52.650000        1.317188
      52.750000        1.315417
      52.850000        1.314593
      52.950000        1.312766
      53.050000        1.311154
      53.150000        1.309549
      53.250000        1.307467
      53.350000        1.305264
      53.450000        1.304175
      53.550000        1.302235
      53.650000        1.302031
      53.750000        1.299993
      53.850000        1.297917
      53.950000        1.296003
      54.050000        1.295291
      54.150000        1.293585
      54.250000        1.291701
      54.350000        1.290258
      54.450000        1.289449
      54.550000        1.287524
      54.650000        1.285955
      54.750000        1.283203
      54.850000        1.282385
      54.950000        1.280772
      55.050000        1.278855
      55.150000        1.278261
      55.250000        1.276332
      55.350000        1.273971
      55.450000        1.272881
      55.550000        1.272231
      55.650000        1.270040
      55.750000        1.268105
      55.850000        1.266901
      55.950000        1.265442
      56.050000        1.264014
      56.150000        1.262006
      56.250000        1.260076
      56.350000        1.259078
      56.450000        1.256142
      56.550000        1.255168
      56.650000        1.255010
      56.750000        1.252239
      56.850000        1.251049
      56.950000        1.249875
      57.050000        1.247764
      57.150000        1.245853
      57.250000        1.243967
      57.350000        1.243296
      57.450000        1.241044
      57.550000        1.240203
      57.650000        1.238015
      57.750000        1.236131
      57.850000        1.235852
      57.950000        1.233481
      58.050000        1.231010
      58.150000        1.229720
      58.250000        1.228456
      58.350000        1.227477
      58.450000        1.224433
      58.550000        1.222794
      58.650000        1.221848
      58.750000        1.220317
      58.850000        1.219095
      58.950000        1.216939
      59.050000        1.215541
      59.150000        1.213526
      59.250000        1.212139
      59.350000        1.210327
      59.450000        1.208831
      59.550000        1.207078
      59.650000        1.205289
      59.750000        1.203027
      59.850000        1.201751
      59.950000        1.201071
      60.050000        1.198775
      60.150000        1.198048
      60.250000        1.196062
      60.350000        1.194508
      60.450000        1.191955
      60.550000        1.190347
      60.650000        1.190420
      60.750000        1.188793
      60.850000        1.187413
      60.950000        1.186000
      61.050000        1.181968
      61.150000        1.181702
      61.250000        1.181117
      61.350000        1.178577
      61.450000        1.178433
      61.550000        1.176680
      61.650000        1.174621
      61.750000        1.172851
      61.850000        1.171398
      61.950000        1.170593
      62.050000        1.168846
      62.150000        1.168576
      62.250000        1.166159
      62.350000        1.165346
      62.450000        1.164266
      62.550000        1.163316
      62.650000        1.162087
      62.750000        1.160093
      62.850000        1.159068
      62.950000        1.157470
      63.050000        1.157297
      63.150000        1.155251
      63.250000        1.154931
      63.350000        1.153231
      63.450000        1.152555
      63.550000        1.149430
      63.650000        1.149031
      63.750000        1.148235
      63.850000        1.145785
      63.950000        1.144870
      64.050000        1.144369
      64.150000        1.143372
      64.250000        1.141637
      64.350000        1.139942
      64.450000        1.139407
      64.550000        1.138709
      64.650000        1.136797
      64.750000        1.136167
      64.850000        1.134146
      64.950000        1.132851
      65.050000        1.131384
      65.150000        1.130444
      65.250000        1.129720
      65.350000        1.127850
      65.450000        1.127391
      65.550000        1.126265
      65.650000        1.125261
      65.750000        1.124266
      65.850000        1.122743
      65.950000        1.121353
      66.050000        1.119760
      66.150000        1.119122
      66.250000        1.116932
      66.350000        1.115773
      66.450000        1.115580
      66.550000        1.113808
      66.650000        1.112897
      66.750000        1.111309
      66.850000        1.111281
      66.950000        1.109508
      67.050000        1.108394
      67.150000        1.107048
      67.250000        1.105606
      67.350000        1.104663
      67.450000        1.103292
      67.550000        1.103186
      67.650000        1.100600
      67.750000        1.099186
      67.850000        1.099360
      67.950000        1.098213
      68.050000        1.096788
      68.150000        1.094961
      68.250000        1.094565
      68.350000        1.093174
      68.450000        1.091251
      68.550000        1.091157
      68.650000        1.089437
      68.750000        1.088582
      68.850000        1.087194
      68.950000        1.086210
      69.050000        1.085439
      69.150000        1.084419
      69.250000        1.083578
      69.350000        1.081853
      69.450000        1.081116
      69.550000        1.079750
      69.650000        1.077879
      69.750000        1.077424
      69.850000        1.076069
      69.950000        1.075372
