#Distance_(Ang) :1-1276_=>_:Na+
       0.050000        0.000000
       0.150000        0.000000
       0.250000        0.000000
       0.350000        0.000000
       0.450000        0.000000
       0.550000        0.000000
       0.650000        0.000000
       0.750000        0.000000
       0.850000        0.000000
       0.950000        0.000000
       1.050000        0.000000
       1.150000        0.000000
       1.250000        0.000000
       1.350000        0.000000
       1.450000        0.000000
       1.550000        0.000000
       1.650000        0.000000
       1.750000        0.000000
       1.850000        0.000000
       1.950000        0.000000
       2.050000        0.086612
       2.150000        0.516720
       2.250000        0.668627
       2.350000        0.443589
       2.450000        0.254670
       2.550000        0.178156
       2.650000        0.135706
       2.750000        0.124963
       2.850000        0.126925
       2.950000        0.169864
       3.050000        0.235840
       3.150000        0.302870
       3.250000        0.387745
       3.350000        0.467308
       3.450000        0.478787
       3.550000        0.451843
       3.650000        0.436534
       3.750000        0.441466
       3.850000        0.481218
       3.950000        0.543451
       4.050000        0.611015
       4.150000        0.682778
       4.250000        0.748612
       4.350000        0.777455
       4.450000        0.800787
       4.550000        0.811328
       4.650000        0.788647
       4.750000        0.789279
       4.850000        0.781883
       4.950000        0.782351
       5.050000        0.784045
       5.150000        0.807094
       5.250000        0.824139
       5.350000        0.831652
       5.450000        0.849217
       5.550000        0.861048
       5.650000        0.878897
       5.750000        0.890762
       5.850000        0.901516
       5.950000        0.890158
       6.050000        0.905309
       6.150000        0.918262
       6.250000        0.920247
       6.350000        0.919676
       6.450000        0.924786
       6.550000        0.925277
       6.650000        0.922616
       6.750000        0.917897
       6.850000        0.913116
       6.950000        0.916975
       7.050000        0.920284
       7.150000        0.917004
       7.250000        0.920008
       7.350000        0.921215
       7.450000        0.922696
       7.550000        0.933504
       7.650000        0.938349
       7.750000        0.940776
       7.850000        0.948153
       7.950000        0.947070
       8.050000        0.953020
       8.150000        0.954914
       8.250000        0.949345
       8.350000        0.945379
       8.450000        0.948592
       8.550000        0.936348
       8.650000        0.942537
       8.750000        0.943874
       8.850000        0.943824
       8.950000        0.944602
       9.050000        0.950307
       9.150000        0.942842
       9.250000        0.934213
       9.350000        0.938664
       9.450000        0.942253
       9.550000        0.944524
       9.650000        0.945434
       9.750000        0.946528
       9.850000        0.938682
       9.950000        0.940818
      10.050000        0.944254
      10.150000        0.940365
      10.250000        0.944018
      10.350000        0.941178
      10.450000        0.949281
      10.550000        0.942194
      10.650000        0.940663
      10.750000        0.940099
      10.850000        0.938470
      10.950000        0.940261
      11.050000        0.934361
      11.150000        0.939087
      11.250000        0.943063
      11.350000        0.937789
      11.450000        0.944539
      11.550000        0.943055
      11.650000        0.943681
      11.750000        0.944394
      11.850000        0.947661
      11.950000        0.948962
      12.050000        0.950791
      12.150000        0.952917
      12.250000        0.949205
      12.350000        0.949251
      12.450000        0.952121
      12.550000        0.955556
      12.650000        0.955930
      12.750000        0.957368
      12.850000        0.959348
      12.950000        0.959685
      13.050000        0.957927
      13.150000        0.960061
      13.250000        0.961497
      13.350000        0.965109
      13.450000        0.968669
      13.550000        0.964140
      13.650000        0.964242
      13.750000        0.970301
      13.850000        0.966850
      13.950000        0.972192
      14.050000        0.973695
      14.150000        0.976093
      14.250000        0.973548
      14.350000        0.977469
      14.450000        0.980282
      14.550000        0.976146
      14.650000        0.981904
      14.750000        0.983467
      14.850000        0.984209
      14.950000        0.985096
      15.050000        0.986874
      15.150000        0.987080
      15.250000        0.992650
      15.350000        0.988503
      15.450000        0.992974
      15.550000        0.991746
      15.650000        0.990349
      15.750000        0.990961
      15.850000        0.992378
      15.950000        0.992348
      16.050000        0.995130
      16.150000        0.990727
      16.250000        0.997349
      16.350000        0.993841
      16.450000        0.996447
      16.550000        0.995893
      16.650000        0.994660
      16.750000        0.996913
      16.850000        0.997192
      16.950000        0.999005
      17.050000        0.994764
      17.150000        0.995054
      17.250000        0.998033
      17.350000        0.995180
      17.450000        0.996068
      17.550000        0.996460
      17.650000        0.997533
      17.750000        0.995678
      17.850000        0.999104
      17.950000        0.996231
      18.050000        0.997221
      18.150000        0.996180
      18.250000        0.998909
      18.350000        0.996478
      18.450000        0.999361
      18.550000        0.999092
      18.650000        0.999335
      18.750000        0.999414
      18.850000        0.999441
      18.950000        0.996298
      19.050000        0.995371
      19.150000        0.995367
      19.250000        0.995603
      19.350000        0.998474
      19.450000        0.997745
      19.550000        0.994067
      19.650000        0.994351
      19.750000        0.997891
      19.850000        0.996468
      19.950000        0.995419
      20.050000        0.997345
      20.150000        0.997569
      20.250000        0.994757
      20.350000        0.996257
      20.450000        0.994362
      20.550000        0.997333
      20.650000        0.996756
      20.750000        0.995425
      20.850000        0.995638
      20.950000        0.996618
      21.050000        0.996197
      21.150000        0.994886
      21.250000        0.998393
      21.350000        0.993635
      21.450000        0.996930
      21.550000        0.993868
      21.650000        0.995778
      21.750000        0.995041
      21.850000        0.996257
      21.950000        0.995002
      22.050000        0.994134
      22.150000        0.993216
      22.250000        0.992734
      22.350000        0.991770
      22.450000        0.996252
      22.550000        0.993887
      22.650000        0.994437
      22.750000        0.996827
      22.850000        0.994603
      22.950000        0.994018
      23.050000        0.993822
      23.150000        0.992070
      23.250000        0.994722
      23.350000        0.995221
      23.450000        0.996135
      23.550000        0.996277
      23.650000        0.994777
      23.750000        0.998062
      23.850000        0.995751
      23.950000        0.995580
      24.050000        0.998149
      24.150000        0.998667
      24.250000        1.000017
      24.350000        0.999653
      24.450000        0.999358
      24.550000        1.000150
      24.650000        0.999021
      24.750000        0.999574
      24.850000        1.002856
      24.950000        1.001362
      25.050000        1.002435
      25.150000        1.001914
      25.250000        1.002826
      25.350000        0.999702
      25.450000        1.004169
      25.550000        1.003464
      25.650000        1.002438
      25.750000        1.003562
      25.850000        1.004745
      25.950000        1.005047
      26.050000        1.005017
      26.150000        1.004236
      26.250000        1.007342
      26.350000        1.005799
      26.450000        1.006528
      26.550000        1.004326
      26.650000        1.006540
      26.750000        1.006611
      26.850000        1.008744
      26.950000        1.009721
      27.050000        1.008879
      27.150000        1.009362
      27.250000        1.007268
      27.350000        1.008775
      27.450000        1.009676
      27.550000        1.010288
      27.650000        1.011549
      27.750000        1.012151
      27.850000        1.011699
      27.950000        1.012848
      28.050000        1.012265
      28.150000        1.011844
      28.250000        1.012120
      28.350000        1.013978
      28.450000        1.013734
      28.550000        1.012938
      28.650000        1.016205
      28.750000        1.016415
      28.850000        1.014594
      28.950000        1.016542
      29.050000        1.017265
      29.150000        1.018270
      29.250000        1.017451
      29.350000        1.019336
      29.450000        1.018522
      29.550000        1.017698
      29.650000        1.020609
      29.750000        1.020258
      29.850000        1.020222
      29.950000        1.021535
      30.050000        1.021353
      30.150000        1.020902
      30.250000        1.021441
      30.350000        1.022952
      30.450000        1.020007
      30.550000        1.022007
      30.650000        1.023020
      30.750000        1.023673
      30.850000        1.022907
      30.950000        1.023975
      31.050000        1.024143
      31.150000        1.022886
      31.250000        1.024048
      31.350000        1.023985
      31.450000        1.022525
      31.550000        1.022547
      31.650000        1.023441
      31.750000        1.023963
      31.850000        1.022496
      31.950000        1.023547
      32.050000        1.024088
      32.150000        1.024621
      32.250000        1.024837
      32.350000        1.022275
      32.450000        1.024203
      32.550000        1.023953
      32.650000        1.024795
      32.750000        1.024787
      32.850000        1.024340
      32.950000        1.024425
      33.050000        1.025332
      33.150000        1.024816
      33.250000        1.025763
      33.350000        1.027349
      33.450000        1.028062
      33.550000        1.026051
      33.650000        1.025183
      33.750000        1.025369
      33.850000        1.026110
      33.950000        1.026423
      34.050000        1.025123
      34.150000        1.025378
      34.250000        1.026853
      34.350000        1.025870
      34.450000        1.024740
      34.550000        1.024823
      34.650000        1.027786
      34.750000        1.025860
      34.850000        1.025881
      34.950000        1.025671
      35.050000        1.025196
      35.150000        1.023834
      35.250000        1.025386
      35.350000        1.027147
      35.450000        1.024556
      35.550000        1.027114
      35.650000        1.024381
      35.750000        1.025256
      35.850000        1.026284
      35.950000        1.025607
      36.050000        1.023871
      36.150000        1.026530
      36.250000        1.026173
      36.350000        1.026394
      36.450000        1.026518
      36.550000        1.025196
      36.650000        1.025535
      36.750000        1.027289
      36.850000        1.026322
      36.950000        1.025042
      37.050000        1.024927
      37.150000        1.025513
      37.250000        1.026192
      37.350000        1.026077
      37.450000        1.024618
      37.550000        1.026967
      37.650000        1.025127
      37.750000        1.024689
      37.850000        1.026165
      37.950000        1.026065
      38.050000        1.025872
      38.150000        1.025191
      38.250000        1.025594
      38.350000        1.026086
      38.450000        1.025824
      38.550000        1.026368
      38.650000        1.025495
      38.750000        1.025281
      38.850000        1.025129
      38.950000        1.025087
      39.050000        1.026279
      39.150000        1.024794
      39.250000        1.023853
      39.350000        1.024187
      39.450000        1.025520
      39.550000        1.024839
      39.650000        1.023648
      39.750000        1.024652
      39.850000        1.025052
      39.950000        1.025295
      40.050000        1.023929
      40.150000        1.025603
      40.250000        1.023998
      40.350000        1.024311
      40.450000        1.024641
      40.550000        1.024370
      40.650000        1.023593
      40.750000        1.024615
      40.850000        1.024798
      40.950000        1.025681
      41.050000        1.024957
      41.150000        1.025808
      41.250000        1.023708
      41.350000        1.025247
      41.450000        1.024894
      41.550000        1.024670
      41.650000        1.024876
      41.750000        1.026440
      41.850000        1.025113
      41.950000        1.025780
      42.050000        1.026775
      42.150000        1.024965
      42.250000        1.024499
      42.350000        1.024050
      42.450000        1.024973
      42.550000        1.025746
      42.650000        1.025954
      42.750000        1.024251
      42.850000        1.025037
      42.950000        1.025081
      43.050000        1.025139
      43.150000        1.025705
      43.250000        1.025351
      43.350000        1.025954
      43.450000        1.025982
      43.550000        1.025103
      43.650000        1.025126
      43.750000        1.025895
      43.850000        1.026389
      43.950000        1.025720
      44.050000        1.024799
      44.150000        1.024697
      44.250000        1.025157
      44.350000        1.025154
      44.450000        1.025776
      44.550000        1.024809
      44.650000        1.025480
      44.750000        1.025127
      44.850000        1.025910
      44.950000        1.024818
      45.050000        1.024736
      45.150000        1.025766
      45.250000        1.025777
      45.350000        1.025185
      45.450000        1.025417
      45.550000        1.024244
      45.650000        1.024926
      45.750000        1.024975
      45.850000        1.025393
      45.950000        1.025894
      46.050000        1.025132
      46.150000        1.024678
      46.250000        1.025000
      46.350000        1.025241
      46.450000        1.024468
      46.550000        1.024523
      46.650000        1.025482
      46.750000        1.024520
      46.850000        1.025527
      46.950000        1.024645
      47.050000        1.024853
      47.150000        1.024679
      47.250000        1.024366
      47.350000        1.023710
      47.450000        1.025798
      47.550000        1.025421
      47.650000        1.026116
      47.750000        1.024950
      47.850000        1.025588
      47.950000        1.024336
      48.050000        1.024223
      48.150000        1.024992
      48.250000        1.024601
      48.350000        1.024612
      48.450000        1.024156
      48.550000        1.024530
      48.650000        1.024928
      48.750000        1.024209
      48.850000        1.025202
      48.950000        1.025280
      49.050000        1.023173
      49.150000        1.025182
      49.250000        1.025654
      49.350000        1.024352
      49.450000        1.024391
      49.550000        1.024532
      49.650000        1.023822
      49.750000        1.024307
      49.850000        1.024878
      49.950000        1.024304
      50.050000        1.024495
      50.150000        1.023213
      50.250000        1.024659
      50.350000        1.023876
      50.450000        1.024555
      50.550000        1.023939
      50.650000        1.023440
      50.750000        1.023571
      50.850000        1.024302
      50.950000        1.022996
      51.050000        1.023485
      51.150000        1.023353
      51.250000        1.021594
      51.350000        1.023966
      51.450000        1.023187
      51.550000        1.023440
      51.650000        1.022897
      51.750000        1.023709
      51.850000        1.022632
      51.950000        1.023402
      52.050000        1.021878
      52.150000        1.022771
      52.250000        1.022451
      52.350000        1.022784
      52.450000        1.022843
      52.550000        1.022132
      52.650000        1.022665
      52.750000        1.022644
      52.850000        1.022428
      52.950000        1.021717
      53.050000        1.021371
      53.150000        1.021494
      53.250000        1.021468
      53.350000        1.021686
      53.450000        1.021373
      53.550000        1.021616
      53.650000        1.022478
      53.750000        1.021140
      53.850000        1.021766
      53.950000        1.022085
      54.050000        1.021253
      54.150000        1.020460
      54.250000        1.021568
      54.350000        1.021411
      54.450000        1.021551
      54.550000        1.021929
      54.650000        1.021728
      54.750000        1.021570
      54.850000        1.021574
      54.950000        1.020811
      55.050000        1.021685
      55.150000        1.021751
      55.250000        1.021473
      55.350000        1.021550
      55.450000        1.021370
      55.550000        1.019776
      55.650000        1.020303
      55.750000        1.020083
      55.850000        1.020766
      55.950000        1.021477
      56.050000        1.020384
      56.150000        1.020547
      56.250000        1.020521
      56.350000        1.019973
      56.450000        1.019947
      56.550000        1.020554
      56.650000        1.020003
      56.750000        1.019360
      56.850000        1.019893
      56.950000        1.019849
      57.050000        1.019839
      57.150000        1.019309
      57.250000        1.019792
      57.350000        1.018806
      57.450000        1.019056
      57.550000        1.018511
      57.650000        1.019307
      57.750000        1.018326
      57.850000        1.018465
      57.950000        1.018124
      58.050000        1.018342
      58.150000        1.018010
      58.250000        1.017984
      58.350000        1.017600
      58.450000        1.018737
      58.550000        1.017892
      58.650000        1.017890
      58.750000        1.017462
      58.850000        1.017447
      58.950000        1.017339
      59.050000        1.016240
      59.150000        1.017231
      59.250000        1.016957
      59.350000        1.017174
      59.450000        1.017030
      59.550000        1.016520
      59.650000        1.016278
      59.750000        1.017154
      59.850000        1.016665
      59.950000        1.015807
      60.050000        1.016416
      60.150000        1.016705
      60.250000        1.016421
      60.350000        1.016329
      60.450000        1.016569
      60.550000        1.016599
      60.650000        1.016370
      60.750000        1.015998
      60.850000        1.015639
      60.950000        1.015387
      61.050000        1.015647
      61.150000        1.015154
      61.250000        1.015558
      61.350000        1.015092
      61.450000        1.014952
      61.550000        1.014720
      61.650000        1.015660
      61.750000        1.014919
      61.850000        1.015517
      61.950000        1.014825
      62.050000        1.015064
      62.150000        1.015529
      62.250000        1.015563
      62.350000        1.015014
      62.450000        1.014825
      62.550000        1.014907
      62.650000        1.015280
      62.750000        1.015770
      62.850000        1.015015
      62.950000        1.015287
      63.050000        1.014848
      63.150000        1.015545
      63.250000        1.015784
      63.350000        1.015799
      63.450000        1.014103
      63.550000        1.014427
      63.650000        1.014315
      63.750000        1.015070
      63.850000        1.015042
      63.950000        1.015362
      64.050000        1.015042
      64.150000        1.015190
      64.250000        1.014816
      64.350000        1.013904
      64.450000        1.013706
      64.550000        1.014571
      64.650000        1.014526
      64.750000        1.014118
      64.850000        1.014467
      64.950000        1.014241
      65.050000        1.014281
      65.150000        1.013372
      65.250000        1.014854
      65.350000        1.014833
      65.450000        1.014067
      65.550000        1.014704
      65.650000        1.013941
      65.750000        1.013788
      65.850000        1.013934
      65.950000        1.014342
      66.050000        1.013838
      66.150000        1.013993
      66.250000        1.013493
      66.350000        1.014038
      66.450000        1.013306
      66.550000        1.014142
      66.650000        1.013670
      66.750000        1.014134
      66.850000        1.013489
      66.950000        1.013688
      67.050000        1.013028
      67.150000        1.012787
      67.250000        1.013244
      67.350000        1.013605
      67.450000        1.013123
      67.550000        1.013940
      67.650000        1.013452
      67.750000        1.012713
      67.850000        1.012782
      67.950000        1.013332
      68.050000        1.012754
      68.150000        1.012825
      68.250000        1.012687
      68.350000        1.013251
      68.450000        1.012468
      68.550000        1.011862
      68.650000        1.012120
      68.750000        1.012183
      68.850000        1.012753
      68.950000        1.012045
      69.050000        1.012001
      69.150000        1.012462
      69.250000        1.012249
      69.350000        1.011585
      69.450000        1.011832
      69.550000        1.011513
      69.650000        1.010916
      69.750000        1.011552
      69.850000        1.011416
      69.950000        1.011326
