#Distance_(Ang) :1-1276_=>_:CA
       0.050000       0.000000
       0.150000       0.000000
       0.250000       0.000000
       0.350000       0.000000
       0.450000       0.000000
       0.550000       0.000000
       0.650000       0.000000
       0.750000       0.000000
       0.850000       0.000000
       0.950000       0.000000
       1.050000       0.000000
       1.150000       0.000000
       1.250000       0.000000
       1.350000       0.000000
       1.450000       0.000000
       1.550000       0.000000
       1.650000       0.000000
       1.750000       0.000000
       1.850000       0.000000
       1.950000       0.000000
       2.050000       0.000000
       2.150000       0.009924
       2.250000       3.755609
       2.350000      22.374706
       2.450000      16.595281
       2.550000       4.787403
       2.650000       1.186814
       2.750000       0.732023
       2.850000       1.833809
       2.950000       1.088935
       3.050000       0.372083
       3.150000       0.428980
       3.250000       0.709937
       3.350000       1.254159
       3.450000       2.066507
       3.550000       3.112657
       3.650000       5.101030
       3.750000       7.746110
       3.850000       6.514604
       3.950000       4.347159
       4.050000       4.473914
       4.150000       5.269382
       4.250000       6.214240
       4.350000       7.490619
       4.450000       8.338361
       4.550000       9.222868
       4.650000      10.098664
       4.750000      10.305175
       4.850000       8.950096
       4.950000       7.147600
       5.050000       6.090530
       5.150000       5.858230
       5.250000       5.739659
       5.350000       5.731752
       5.450000       5.758486
       5.550000       5.881375
       5.650000       6.018863
       5.750000       6.191728
       5.850000       6.460039
       5.950000       6.964727
       6.050000       7.551739
       6.150000       7.817246
       6.250000       7.879189
       6.350000       8.019356
       6.450000       8.199558
       6.550000       8.253047
       6.650000       8.154611
       6.750000       8.069531
       6.850000       7.939732
       6.950000       7.858232
       7.050000       7.650735
       7.150000       7.307294
       7.250000       7.035820
       7.350000       6.848883
       7.450000       6.767753
       7.550000       6.740452
       7.650000       6.699016
       7.750000       6.712800
       7.850000       6.651076
       7.950000       6.569987
       8.050000       6.546154
       8.150000       6.498174
       8.250000       6.507432
       8.350000       6.431323
       8.450000       6.470139
       8.550000       6.542213
       8.650000       6.587848
       8.750000       6.592812
       8.850000       6.712642
       8.950000       6.740982
       9.050000       6.811315
       9.150000       6.735467
       9.250000       6.732431
       9.350000       6.672292
       9.450000       6.642806
       9.550000       6.649699
       9.650000       6.687071
       9.750000       6.770481
       9.850000       6.868900
       9.950000       6.945794
      10.050000       6.921927
      10.150000       6.926893
      10.250000       6.969022
      10.350000       7.031509
      10.450000       7.070592
      10.550000       7.115502
      10.650000       7.132002
      10.750000       7.224389
      10.850000       7.269822
      10.950000       7.306700
      11.050000       7.291248
      11.150000       7.297890
      11.250000       7.305401
      11.350000       7.284367
      11.450000       7.216248
      11.550000       7.181220
      11.650000       7.212623
      11.750000       7.190078
      11.850000       7.215694
      11.950000       7.208069
      12.050000       7.204758
      12.150000       7.214117
      12.250000       7.191500
      12.350000       7.190425
      12.450000       7.203357
      12.550000       7.185348
      12.650000       7.167771
      12.750000       7.161870
      12.850000       7.151641
      12.950000       7.145888
      13.050000       7.073882
      13.150000       7.088582
      13.250000       7.029612
      13.350000       7.029046
      13.450000       7.038710
      13.550000       6.994928
      13.650000       7.025846
      13.750000       6.994214
      13.850000       6.988805
      13.950000       7.002244
      14.050000       7.020482
      14.150000       7.035776
      14.250000       7.042468
      14.350000       7.063914
      14.450000       7.072056
      14.550000       7.078922
      14.650000       7.082686
      14.750000       7.117824
      14.850000       7.122732
      14.950000       7.132644
      15.050000       7.144478
      15.150000       7.156867
      15.250000       7.150934
      15.350000       7.158222
      15.450000       7.161647
      15.550000       7.153745
      15.650000       7.149894
      15.750000       7.123511
      15.850000       7.118551
      15.950000       7.100089
      16.050000       7.091131
      16.150000       7.044752
      16.250000       7.051081
      16.350000       6.995530
      16.450000       7.002732
      16.550000       6.970348
      16.650000       6.937536
      16.750000       6.886365
      16.850000       6.876927
      16.950000       6.866984
      17.050000       6.853801
      17.150000       6.796484
      17.250000       6.790025
      17.350000       6.770510
      17.450000       6.731909
      17.550000       6.710049
      17.650000       6.706727
      17.750000       6.656938
      17.850000       6.636737
      17.950000       6.611650
      18.050000       6.570046
      18.150000       6.553964
      18.250000       6.524369
      18.350000       6.508230
      18.450000       6.477050
      18.550000       6.453289
      18.650000       6.452075
      18.750000       6.408494
      18.850000       6.401142
      18.950000       6.375103
      19.050000       6.363220
      19.150000       6.351961
      19.250000       6.327796
      19.350000       6.329320
      19.450000       6.302259
      19.550000       6.317943
      19.650000       6.310867
      19.750000       6.291245
      19.850000       6.311587
      19.950000       6.288847
      20.050000       6.280575
      20.150000       6.264347
      20.250000       6.248866
      20.350000       6.248110
      20.450000       6.255858
      20.550000       6.212941
      20.650000       6.231783
      20.750000       6.216040
      20.850000       6.197168
      20.950000       6.175887
      21.050000       6.169732
      21.150000       6.151781
      21.250000       6.137654
      21.350000       6.125813
      21.450000       6.085805
      21.550000       6.093488
      21.650000       6.089807
      21.750000       6.066742
      21.850000       6.059765
      21.950000       6.027341
      22.050000       6.015073
      22.150000       6.010532
      22.250000       5.998302
      22.350000       5.994184
      22.450000       5.959706
      22.550000       5.948412
      22.650000       5.942928
      22.750000       5.912409
      22.850000       5.924884
      22.950000       5.909089
      23.050000       5.889181
      23.150000       5.885044
      23.250000       5.870518
      23.350000       5.860774
      23.450000       5.840461
      23.550000       5.842746
      23.650000       5.826855
      23.750000       5.792767
      23.850000       5.786058
      23.950000       5.777872
      24.050000       5.764254
      24.150000       5.747183
      24.250000       5.729878
      24.350000       5.708835
      24.450000       5.704506
      24.550000       5.682524
      24.650000       5.683119
      24.750000       5.665160
      24.850000       5.667821
      24.950000       5.647195
      25.050000       5.649019
      25.150000       5.626842
      25.250000       5.618816
      25.350000       5.619301
      25.450000       5.598172
      25.550000       5.595468
      25.650000       5.578285
      25.750000       5.566152
      25.850000       5.567145
      25.950000       5.542271
      26.050000       5.542692
      26.150000       5.540476
      26.250000       5.538414
      26.350000       5.524329
      26.450000       5.515683
      26.550000       5.500046
      26.650000       5.492692
      26.750000       5.483478
      26.850000       5.472416
      26.950000       5.482980
      27.050000       5.465947
      27.150000       5.456271
      27.250000       5.440300
      27.350000       5.434817
      27.450000       5.437612
      27.550000       5.424096
      27.650000       5.405758
      27.750000       5.404174
      27.850000       5.390168
      27.950000       5.391743
      28.050000       5.368491
      28.150000       5.363562
      28.250000       5.356301
      28.350000       5.360515
      28.450000       5.335457
      28.550000       5.329850
      28.650000       5.325987
      28.750000       5.305327
      28.850000       5.298221
      28.950000       5.299493
      29.050000       5.276784
      29.150000       5.266681
      29.250000       5.248369
      29.350000       5.250891
      29.450000       5.232104
      29.550000       5.222470
      29.650000       5.205389
      29.750000       5.212255
      29.850000       5.184526
      29.950000       5.174998
      30.050000       5.165708
      30.150000       5.156360
      30.250000       5.146448
      30.350000       5.132803
      30.450000       5.118565
      30.550000       5.106660
      30.650000       5.100162
      30.750000       5.090681
      30.850000       5.071799
      30.950000       5.063256
      31.050000       5.062967
      31.150000       5.046774
      31.250000       5.017627
      31.350000       5.016521
      31.450000       4.998757
      31.550000       4.994715
      31.650000       4.973239
      31.750000       4.961284
      31.850000       4.943377
      31.950000       4.925905
      32.050000       4.918233
      32.150000       4.901106
      32.250000       4.885311
      32.350000       4.866545
      32.450000       4.856926
      32.550000       4.842306
      32.650000       4.832134
      32.750000       4.806473
      32.850000       4.796775
      32.950000       4.780405
      33.050000       4.768799
      33.150000       4.749512
      33.250000       4.734585
      33.350000       4.715851
      33.450000       4.706601
      33.550000       4.705005
      33.650000       4.683349
      33.750000       4.671034
      33.850000       4.649158
      33.950000       4.639365
      34.050000       4.630975
      34.150000       4.612181
      34.250000       4.612172
      34.350000       4.591515
      34.450000       4.590602
      34.550000       4.574834
      34.650000       4.547349
      34.750000       4.551325
      34.850000       4.543108
      34.950000       4.520971
      35.050000       4.518478
      35.150000       4.495244
      35.250000       4.488345
      35.350000       4.475540
      35.450000       4.467948
      35.550000       4.453453
      35.650000       4.445219
      35.750000       4.424753
      35.850000       4.417715
      35.950000       4.406955
      36.050000       4.389459
      36.150000       4.375449
      36.250000       4.358407
      36.350000       4.356066
      36.450000       4.346069
      36.550000       4.331120
      36.650000       4.318778
      36.750000       4.307114
      36.850000       4.291026
      36.950000       4.284262
      37.050000       4.269842
      37.150000       4.256146
      37.250000       4.247974
      37.350000       4.229402
      37.450000       4.226256
      37.550000       4.210400
      37.650000       4.195767
      37.750000       4.190324
      37.850000       4.183389
      37.950000       4.165923
      38.050000       4.151386
      38.150000       4.137718
      38.250000       4.121614
      38.350000       4.108380
      38.450000       4.103452
      38.550000       4.084331
      38.650000       4.074079
      38.750000       4.059472
      38.850000       4.054081
      38.950000       4.040173
      39.050000       4.027100
      39.150000       4.007541
      39.250000       3.998941
      39.350000       3.992648
      39.450000       3.969107
      39.550000       3.969562
      39.650000       3.940961
      39.750000       3.936289
      39.850000       3.924754
      39.950000       3.915106
      40.050000       3.898879
      40.150000       3.891436
      40.250000       3.881703
      40.350000       3.861287
      40.450000       3.847990
      40.550000       3.834624
      40.650000       3.826838
      40.750000       3.814180
      40.850000       3.804761
      40.950000       3.795568
      41.050000       3.786682
      41.150000       3.776453
      41.250000       3.756862
      41.350000       3.743779
      41.450000       3.729935
      41.550000       3.721450
      41.650000       3.711915
      41.750000       3.699352
      41.850000       3.685615
      41.950000       3.669962
      42.050000       3.660433
      42.150000       3.641992
      42.250000       3.635668
      42.350000       3.624189
      42.450000       3.613019
      42.550000       3.595510
      42.650000       3.582789
      42.750000       3.574254
      42.850000       3.553435
      42.950000       3.540887
      43.050000       3.524310
      43.150000       3.518875
      43.250000       3.507740
      43.350000       3.495851
      43.450000       3.481622
      43.550000       3.475202
      43.650000       3.457892
      43.750000       3.446111
      43.850000       3.436393
      43.950000       3.421557
      44.050000       3.411807
      44.150000       3.404963
      44.250000       3.395621
      44.350000       3.388573
      44.450000       3.377469
      44.550000       3.369562
      44.650000       3.358813
      44.750000       3.346071
      44.850000       3.333957
      44.950000       3.334624
      45.050000       3.316403
      45.150000       3.310199
      45.250000       3.297165
      45.350000       3.287315
      45.450000       3.279166
      45.550000       3.274102
      45.650000       3.258516
      45.750000       3.248953
      45.850000       3.238849
      45.950000       3.231815
      46.050000       3.222754
      46.150000       3.209745
      46.250000       3.201739
      46.350000       3.191441
      46.450000       3.184014
      46.550000       3.171772
      46.650000       3.159158
      46.750000       3.148515
      46.850000       3.135218
      46.950000       3.130610
      47.050000       3.116851
      47.150000       3.102842
      47.250000       3.098178
      47.350000       3.087159
      47.450000       3.072453
      47.550000       3.067124
      47.650000       3.052847
      47.750000       3.047305
      47.850000       3.032998
      47.950000       3.024124
      48.050000       3.016116
      48.150000       2.999271
      48.250000       2.995939
      48.350000       2.984421
      48.450000       2.972468
      48.550000       2.964172
      48.650000       2.955783
      48.750000       2.950013
      48.850000       2.936232
      48.950000       2.923737
      49.050000       2.913906
      49.150000       2.913286
      49.250000       2.898647
      49.350000       2.888814
      49.450000       2.879137
      49.550000       2.866355
      49.650000       2.864644
      49.750000       2.856931
      49.850000       2.843425
      49.950000       2.835284
      50.050000       2.821826
      50.150000       2.816872
      50.250000       2.805682
      50.350000       2.797738
      50.450000       2.788468
      50.550000       2.782145
      50.650000       2.770908
      50.750000       2.761214
      50.850000       2.748521
      50.950000       2.738012
      51.050000       2.732023
      51.150000       2.723659
      51.250000       2.710641
      51.350000       2.701894
      51.450000       2.693847
      51.550000       2.684325
      51.650000       2.671357
      51.750000       2.663437
      51.850000       2.648981
      51.950000       2.641626
      52.050000       2.632154
      52.150000       2.622601
      52.250000       2.610131
      52.350000       2.596521
      52.450000       2.593481
      52.550000       2.585798
      52.650000       2.579453
      52.750000       2.564773
      52.850000       2.551816
      52.950000       2.543772
      53.050000       2.537502
      53.150000       2.526821
      53.250000       2.517501
      53.350000       2.508429
      53.450000       2.502401
      53.550000       2.490928
      53.650000       2.483663
      53.750000       2.472500
      53.850000       2.464795
      53.950000       2.454514
      54.050000       2.449078
      54.150000       2.439549
      54.250000       2.432256
      54.350000       2.422751
      54.450000       2.414010
      54.550000       2.402318
      54.650000       2.394168
      54.750000       2.384257
      54.850000       2.372555
      54.950000       2.367307
      55.050000       2.361958
      55.150000       2.351806
      55.250000       2.338494
      55.350000       2.330233
      55.450000       2.323771
      55.550000       2.314084
      55.650000       2.301951
      55.750000       2.294290
      55.850000       2.288532
      55.950000       2.275486
      56.050000       2.262476
      56.150000       2.258562
      56.250000       2.246166
      56.350000       2.240139
      56.450000       2.231177
      56.550000       2.219446
      56.650000       2.208939
      56.750000       2.199650
      56.850000       2.188746
      56.950000       2.178834
      57.050000       2.170565
      57.150000       2.158886
      57.250000       2.154052
      57.350000       2.148263
      57.450000       2.134859
      57.550000       2.126334
      57.650000       2.118388
      57.750000       2.108877
      57.850000       2.099729
      57.950000       2.088630
      58.050000       2.081644
      58.150000       2.076598
      58.250000       2.065693
      58.350000       2.056073
      58.450000       2.048233
      58.550000       2.041152
      58.650000       2.030586
      58.750000       2.023472
      58.850000       2.014964
      58.950000       2.007741
      59.050000       1.999834
      59.150000       1.995333
      59.250000       1.984471
      59.350000       1.979558
      59.450000       1.969475
      59.550000       1.958268
      59.650000       1.956342
      59.750000       1.949580
      59.850000       1.943220
      59.950000       1.932327
      60.050000       1.925555
      60.150000       1.919892
      60.250000       1.912890
      60.350000       1.903292
      60.450000       1.898647
      60.550000       1.893419
      60.650000       1.884230
      60.750000       1.878127
      60.850000       1.871055
      60.950000       1.864971
      61.050000       1.859156
      61.150000       1.852202
      61.250000       1.847127
      61.350000       1.841583
      61.450000       1.834824
      61.550000       1.825798
      61.650000       1.823958
      61.750000       1.815570
      61.850000       1.809540
      61.950000       1.802262
      62.050000       1.799656
      62.150000       1.792861
      62.250000       1.784543
      62.350000       1.779799
      62.450000       1.774667
      62.550000       1.772313
      62.650000       1.763836
      62.750000       1.758316
      62.850000       1.751540
      62.950000       1.747627
      63.050000       1.740691
      63.150000       1.734840
      63.250000       1.730879
      63.350000       1.723822
      63.450000       1.720440
      63.550000       1.713321
      63.650000       1.706424
      63.750000       1.702098
      63.850000       1.694278
      63.950000       1.687095
      64.050000       1.682854
      64.150000       1.675795
      64.250000       1.671414
      64.350000       1.666296
      64.450000       1.661780
      64.550000       1.651841
      64.650000       1.648746
      64.750000       1.640245
      64.850000       1.636704
      64.950000       1.630512
      65.050000       1.623060
      65.150000       1.617025
      65.250000       1.614318
      65.350000       1.603253
      65.450000       1.599861
      65.550000       1.592818
      65.650000       1.587515
      65.750000       1.581551
      65.850000       1.573723
      65.950000       1.570414
      66.050000       1.564138
      66.150000       1.556485
      66.250000       1.549848
      66.350000       1.542550
      66.450000       1.539460
      66.550000       1.532279
      66.650000       1.527012
      66.750000       1.521362
      66.850000       1.512998
      66.950000       1.506943
      67.050000       1.503827
      67.150000       1.497222
      67.250000       1.491638
      67.350000       1.486163
      67.450000       1.479292
      67.550000       1.471702
      67.650000       1.468646
      67.750000       1.459975
      67.850000       1.456161
      67.950000       1.447827
      68.050000       1.443819
      68.150000       1.438306
      68.250000       1.433128
      68.350000       1.423310
      68.450000       1.417630
      68.550000       1.415957
      68.650000       1.406509
      68.750000       1.400779
      68.850000       1.397430
      68.950000       1.389709
      69.050000       1.385350
      69.150000       1.377279
      69.250000       1.370194
      69.350000       1.366120
      69.450000       1.358802
      69.550000       1.351222
      69.650000       1.346186
      69.750000       1.339206
      69.850000       1.333022
      69.950000       1.329054
