#Distance_(Ang) :1-1276_=>_:Na+
       0.050000        0.000000
       0.150000        0.000000
       0.250000        0.000000
       0.350000        0.000000
       0.450000        0.000000
       0.550000        0.000000
       0.650000        0.000000
       0.750000        0.000000
       0.850000        0.000000
       0.950000        0.000000
       1.050000        0.000000
       1.150000        0.000000
       1.250000        0.000000
       1.350000        0.000000
       1.450000        0.000000
       1.550000        0.000000
       1.650000        0.000000
       1.750000        0.000000
       1.850000        0.000000
       1.950000        0.001053
       2.050000        0.139505
       2.150000        0.915549
       2.250000        1.126781
       2.350000        0.698633
       2.450000        0.353212
       2.550000        0.254612
       2.650000        0.229145
       2.750000        0.165440
       2.850000        0.178985
       2.950000        0.224676
       3.050000        0.300683
       3.150000        0.398466
       3.250000        0.486864
       3.350000        0.608552
       3.450000        0.645460
       3.550000        0.629124
       3.650000        0.598613
       3.750000        0.618551
       3.850000        0.679519
       3.950000        0.773387
       4.050000        0.870359
       4.150000        0.961013
       4.250000        1.047682
       4.350000        1.100566
       4.450000        1.137175
       4.550000        1.157466
       4.650000        1.170014
       4.750000        1.128619
       4.850000        1.103674
       4.950000        1.122172
       5.050000        1.134113
       5.150000        1.144894
       5.250000        1.156102
       5.350000        1.159718
       5.450000        1.153286
       5.550000        1.187831
       5.650000        1.189369
       5.750000        1.214722
       5.850000        1.233870
       5.950000        1.247005
       6.050000        1.250660
       6.150000        1.262992
       6.250000        1.272856
       6.350000        1.276689
       6.450000        1.279655
       6.550000        1.282295
       6.650000        1.295519
       6.750000        1.287395
       6.850000        1.295289
       6.950000        1.304802
       7.050000        1.305441
       7.150000        1.300865
       7.250000        1.307656
       7.350000        1.298177
       7.450000        1.296453
       7.550000        1.310442
       7.650000        1.316773
       7.750000        1.313927
       7.850000        1.319963
       7.950000        1.331174
       8.050000        1.339929
       8.150000        1.346288
       8.250000        1.351300
       8.350000        1.345749
       8.450000        1.348101
       8.550000        1.356475
       8.650000        1.356876
       8.750000        1.360871
       8.850000        1.369954
       8.950000        1.371484
       9.050000        1.366782
       9.150000        1.377573
       9.250000        1.373611
       9.350000        1.373058
       9.450000        1.375495
       9.550000        1.370388
       9.650000        1.377085
       9.750000        1.382428
       9.850000        1.381095
       9.950000        1.386325
      10.050000        1.381034
      10.150000        1.386334
      10.250000        1.385881
      10.350000        1.387961
      10.450000        1.392026
      10.550000        1.388138
      10.650000        1.381897
      10.750000        1.386087
      10.850000        1.389364
      10.950000        1.386124
      11.050000        1.387865
      11.150000        1.390054
      11.250000        1.392542
      11.350000        1.396661
      11.450000        1.397418
      11.550000        1.395045
      11.650000        1.396218
      11.750000        1.400301
      11.850000        1.401400
      11.950000        1.404185
      12.050000        1.403562
      12.150000        1.407799
      12.250000        1.411605
      12.350000        1.416848
      12.450000        1.414112
      12.550000        1.416624
      12.650000        1.423410
      12.750000        1.423907
      12.850000        1.422401
      12.950000        1.424230
      13.050000        1.421744
      13.150000        1.426543
      13.250000        1.425005
      13.350000        1.429689
      13.450000        1.430012
      13.550000        1.436837
      13.650000        1.432814
      13.750000        1.436243
      13.850000        1.437331
      13.950000        1.438858
      14.050000        1.439774
      14.150000        1.442886
      14.250000        1.442158
      14.350000        1.450628
      14.450000        1.445789
      14.550000        1.451227
      14.650000        1.457028
      14.750000        1.456647
      14.850000        1.456257
      14.950000        1.456780
      15.050000        1.459430
      15.150000        1.456987
      15.250000        1.459766
      15.350000        1.462095
      15.450000        1.465110
      15.550000        1.464886
      15.650000        1.465104
      15.750000        1.463680
      15.850000        1.464651
      15.950000        1.466637
      16.050000        1.467223
      16.150000        1.467331
      16.250000        1.464517
      16.350000        1.468419
      16.450000        1.471810
      16.550000        1.464601
      16.650000        1.471400
      16.750000        1.472143
      16.850000        1.468089
      16.950000        1.468878
      17.050000        1.470235
      17.150000        1.474060
      17.250000        1.468772
      17.350000        1.467655
      17.450000        1.468337
      17.550000        1.470420
      17.650000        1.471463
      17.750000        1.469217
      17.850000        1.470483
      17.950000        1.467653
      18.050000        1.467327
      18.150000        1.467609
      18.250000        1.464861
      18.350000        1.466477
      18.450000        1.463475
      18.550000        1.465071
      18.650000        1.462732
      18.750000        1.459916
      18.850000        1.461071
      18.950000        1.462768
      19.050000        1.460202
      19.150000        1.460658
      19.250000        1.456983
      19.350000        1.455962
      19.450000        1.454943
      19.550000        1.458334
      19.650000        1.451589
      19.750000        1.454818
      19.850000        1.453247
      19.950000        1.452931
      20.050000        1.453742
      20.150000        1.449305
      20.250000        1.447659
      20.350000        1.448652
      20.450000        1.448125
      20.550000        1.444075
      20.650000        1.444594
      20.750000        1.443085
      20.850000        1.444891
      20.950000        1.441899
      21.050000        1.443646
      21.150000        1.437731
      21.250000        1.439519
      21.350000        1.439482
      21.450000        1.437210
      21.550000        1.439893
      21.650000        1.436588
      21.750000        1.435802
      21.850000        1.432945
      21.950000        1.433335
      22.050000        1.431383
      22.150000        1.430351
      22.250000        1.428528
      22.350000        1.427435
      22.450000        1.426949
      22.550000        1.427102
      22.650000        1.425971
      22.750000        1.424537
      22.850000        1.422883
      22.950000        1.423108
      23.050000        1.422955
      23.150000        1.420830
      23.250000        1.421757
      23.350000        1.418047
      23.450000        1.419138
      23.550000        1.416654
      23.650000        1.416288
      23.750000        1.417523
      23.850000        1.415249
      23.950000        1.415474
      24.050000        1.414173
      24.150000        1.415038
      24.250000        1.411023
      24.350000        1.413241
      24.450000        1.408970
      24.550000        1.409227
      24.650000        1.407298
      24.750000        1.407518
      24.850000        1.407030
      24.950000        1.407479
      25.050000        1.407418
      25.150000        1.406623
      25.250000        1.404546
      25.350000        1.404275
      25.450000        1.406315
      25.550000        1.402632
      25.650000        1.402890
      25.750000        1.406170
      25.850000        1.402602
      25.950000        1.403504
      26.050000        1.404167
      26.150000        1.401249
      26.250000        1.399738
      26.350000        1.405185
      26.450000        1.400917
      26.550000        1.402107
      26.650000        1.400099
      26.750000        1.400203
      26.850000        1.398670
      26.950000        1.398876
      27.050000        1.400255
      27.150000        1.398993
      27.250000        1.398044
      27.350000        1.398371
      27.450000        1.396407
      27.550000        1.396643
      27.650000        1.396246
      27.750000        1.393247
      27.850000        1.395431
      27.950000        1.392142
      28.050000        1.390543
      28.150000        1.393366
      28.250000        1.392494
      28.350000        1.390354
      28.450000        1.392221
      28.550000        1.393333
      28.650000        1.390194
      28.750000        1.391197
      28.850000        1.388760
      28.950000        1.389286
      29.050000        1.387054
      29.150000        1.388352
      29.250000        1.388901
      29.350000        1.387615
      29.450000        1.386609
      29.550000        1.385372
      29.650000        1.385941
      29.750000        1.384861
      29.850000        1.383227
      29.950000        1.382919
      30.050000        1.383494
      30.150000        1.383712
      30.250000        1.382177
      30.350000        1.382059
      30.450000        1.382001
      30.550000        1.378593
      30.650000        1.379708
      30.750000        1.377918
      30.850000        1.379203
      30.950000        1.380473
      31.050000        1.377818
      31.150000        1.377124
      31.250000        1.373163
      31.350000        1.374582
      31.450000        1.373042
      31.550000        1.373059
      31.650000        1.372934
      31.750000        1.370443
      31.850000        1.370434
      31.950000        1.368983
      32.050000        1.368688
      32.150000        1.368105
      32.250000        1.366517
      32.350000        1.366574
      32.450000        1.365265
      32.550000        1.364572
      32.650000        1.362364
      32.750000        1.360182
      32.850000        1.361522
      32.950000        1.361557
      33.050000        1.359601
      33.150000        1.357109
      33.250000        1.357357
      33.350000        1.356541
      33.450000        1.354258
      33.550000        1.354509
      33.650000        1.353942
      33.750000        1.352389
      33.850000        1.351877
      33.950000        1.349446
      34.050000        1.348693
      34.150000        1.348971
      34.250000        1.345862
      34.350000        1.347934
      34.450000        1.345410
      34.550000        1.344254
      34.650000        1.343157
      34.750000        1.341850
      34.850000        1.342405
      34.950000        1.338178
      35.050000        1.337534
      35.150000        1.337248
      35.250000        1.337203
      35.350000        1.334538
      35.450000        1.334252
      35.550000        1.332809
      35.650000        1.333815
      35.750000        1.333681
      35.850000        1.330693
      35.950000        1.329397
      36.050000        1.330418
      36.150000        1.329240
      36.250000        1.325044
      36.350000        1.326849
      36.450000        1.326638
      36.550000        1.324990
      36.650000        1.323506
      36.750000        1.322532
      36.850000        1.322045
      36.950000        1.321519
      37.050000        1.320437
      37.150000        1.319434
      37.250000        1.317714
      37.350000        1.318358
      37.450000        1.317628
      37.550000        1.315248
      37.650000        1.316632
      37.750000        1.313512
      37.850000        1.313328
      37.950000        1.311924
      38.050000        1.313669
      38.150000        1.310919
      38.250000        1.308193
      38.350000        1.308633
      38.450000        1.306061
      38.550000        1.305941
      38.650000        1.303970
      38.750000        1.303235
      38.850000        1.303447
      38.950000        1.302452
      39.050000        1.300896
      39.150000        1.301621
      39.250000        1.300693
      39.350000        1.300333
      39.450000        1.299551
      39.550000        1.296454
      39.650000        1.296303
      39.750000        1.296255
      39.850000        1.293768
      39.950000        1.294393
      40.050000        1.293864
      40.150000        1.292569
      40.250000        1.292903
      40.350000        1.291557
      40.450000        1.289732
      40.550000        1.290504
      40.650000        1.289023
      40.750000        1.287442
      40.850000        1.286620
      40.950000        1.285815
      41.050000        1.285452
      41.150000        1.285778
      41.250000        1.283844
      41.350000        1.282758
      41.450000        1.282737
      41.550000        1.284560
      41.650000        1.281986
      41.750000        1.281082
      41.850000        1.281123
      41.950000        1.281175
      42.050000        1.278003
      42.150000        1.277548
      42.250000        1.277408
      42.350000        1.274928
      42.450000        1.275828
      42.550000        1.272652
      42.650000        1.274079
      42.750000        1.272884
      42.850000        1.271747
      42.950000        1.270694
      43.050000        1.269212
      43.150000        1.268548
      43.250000        1.266809
      43.350000        1.266731
      43.450000        1.266084
      43.550000        1.266054
      43.650000        1.263999
      43.750000        1.263937
      43.850000        1.263187
      43.950000        1.262326
      44.050000        1.261566
      44.150000        1.260205
      44.250000        1.259559
      44.350000        1.259277
      44.450000        1.257661
      44.550000        1.257033
      44.650000        1.256164
      44.750000        1.254555
      44.850000        1.254926
      44.950000        1.254813
      45.050000        1.252330
      45.150000        1.252756
      45.250000        1.251842
      45.350000        1.249901
      45.450000        1.248867
      45.550000        1.249137
      45.650000        1.245679
      45.750000        1.247199
      45.850000        1.245704
      45.950000        1.245168
      46.050000        1.244118
      46.150000        1.243022
      46.250000        1.241890
      46.350000        1.242432
      46.450000        1.240889
      46.550000        1.239788
      46.650000        1.238948
      46.750000        1.236804
      46.850000        1.237268
      46.950000        1.235421
      47.050000        1.236014
      47.150000        1.234614
      47.250000        1.234462
      47.350000        1.233511
      47.450000        1.232720
      47.550000        1.230684
      47.650000        1.230369
      47.750000        1.229584
      47.850000        1.228032
      47.950000        1.227754
      48.050000        1.225303
      48.150000        1.225334
      48.250000        1.224576
      48.350000        1.224460
      48.450000        1.223768
      48.550000        1.222847
      48.650000        1.220669
      48.750000        1.219070
      48.850000        1.219373
      48.950000        1.219587
      49.050000        1.217324
      49.150000        1.216413
      49.250000        1.214667
      49.350000        1.213685
      49.450000        1.214191
      49.550000        1.213182
      49.650000        1.211572
      49.750000        1.211068
      49.850000        1.210114
      49.950000        1.209126
      50.050000        1.209212
      50.150000        1.206521
      50.250000        1.206061
      50.350000        1.205747
      50.450000        1.203820
      50.550000        1.204161
      50.650000        1.203009
      50.750000        1.201505
      50.850000        1.200835
      50.950000        1.200156
      51.050000        1.198858
      51.150000        1.199778
      51.250000        1.197953
      51.350000        1.196640
      51.450000        1.195393
      51.550000        1.195560
      51.650000        1.194155
      51.750000        1.192782
      51.850000        1.193332
      51.950000        1.192914
      52.050000        1.190270
      52.150000        1.189076
      52.250000        1.188656
      52.350000        1.188113
      52.450000        1.186992
      52.550000        1.185864
      52.650000        1.186246
      52.750000        1.184956
      52.850000        1.182922
      52.950000        1.182977
      53.050000        1.182180
      53.150000        1.181397
      53.250000        1.180351
      53.350000        1.178423
      53.450000        1.179865
      53.550000        1.177338
      53.650000        1.177108
      53.750000        1.175024
      53.850000        1.175579
      53.950000        1.174093
      54.050000        1.172492
      54.150000        1.173062
      54.250000        1.172587
      54.350000        1.169970
      54.450000        1.170181
      54.550000        1.169271
      54.650000        1.168755
      54.750000        1.166926
      54.850000        1.166838
      54.950000        1.165314
      55.050000        1.165073
      55.150000        1.164102
      55.250000        1.163527
      55.350000        1.161673
      55.450000        1.159993
      55.550000        1.160426
      55.650000        1.159461
      55.750000        1.157633
      55.850000        1.157957
      55.950000        1.156884
      56.050000        1.156806
      56.150000        1.155084
      56.250000        1.154484
      56.350000        1.153647
      56.450000        1.152963
      56.550000        1.152539
      56.650000        1.150406
      56.750000        1.151012
      56.850000        1.148897
      56.950000        1.148978
      57.050000        1.147832
      57.150000        1.146415
      57.250000        1.145290
      57.350000        1.145470
      57.450000        1.143714
      57.550000        1.142744
      57.650000        1.142414
      57.750000        1.141252
      57.850000        1.141193
      57.950000        1.139234
      58.050000        1.139351
      58.150000        1.137745
      58.250000        1.136767
      58.350000        1.136474
      58.450000        1.135218
      58.550000        1.134701
      58.650000        1.133550
      58.750000        1.132050
      58.850000        1.131625
      58.950000        1.130659
      59.050000        1.129435
      59.150000        1.128705
      59.250000        1.128319
      59.350000        1.127725
      59.450000        1.126449
      59.550000        1.125394
      59.650000        1.124451
      59.750000        1.124099
      59.850000        1.122563
      59.950000        1.122777
      60.050000        1.121473
      60.150000        1.121469
      60.250000        1.119480
      60.350000        1.118954
      60.450000        1.118211
      60.550000        1.117392
      60.650000        1.116807
      60.750000        1.116067
      60.850000        1.114480
      60.950000        1.115052
      61.050000        1.113555
      61.150000        1.112090
      61.250000        1.111697
      61.350000        1.111068
      61.450000        1.111443
      61.550000        1.109428
      61.650000        1.109064
      61.750000        1.108451
      61.850000        1.107626
      61.950000        1.106967
      62.050000        1.105794
      62.150000        1.107028
      62.250000        1.104777
      62.350000        1.104881
      62.450000        1.104567
      62.550000        1.103143
      62.650000        1.102392
      62.750000        1.101582
      62.850000        1.101051
      62.950000        1.100413
      63.050000        1.100494
      63.150000        1.098501
      63.250000        1.098478
      63.350000        1.098182
      63.450000        1.097626
      63.550000        1.096637
      63.650000        1.095960
      63.750000        1.095245
      63.850000        1.095327
      63.950000        1.094100
      64.050000        1.093743
      64.150000        1.092653
      64.250000        1.091595
      64.350000        1.090665
      64.450000        1.091199
      64.550000        1.090214
      64.650000        1.089829
      64.750000        1.089339
      64.850000        1.087551
      64.950000        1.088525
      65.050000        1.087973
      65.150000        1.087265
      65.250000        1.086556
      65.350000        1.085169
      65.450000        1.084570
      65.550000        1.083473
      65.650000        1.083783
      65.750000        1.082546
      65.850000        1.082357
      65.950000        1.081330
      66.050000        1.080665
      66.150000        1.080273
      66.250000        1.079725
      66.350000        1.079085
      66.450000        1.078310
      66.550000        1.078387
      66.650000        1.077133
      66.750000        1.076453
      66.850000        1.076553
      66.950000        1.075290
      67.050000        1.074673
      67.150000        1.073720
      67.250000        1.073526
      67.350000        1.072731
      67.450000        1.072457
      67.550000        1.071847
      67.650000        1.071245
      67.750000        1.070743
      67.850000        1.070348
      67.950000        1.069302
      68.050000        1.068413
      68.150000        1.067984
      68.250000        1.067859
      68.350000        1.067316
      68.450000        1.066781
      68.550000        1.065280
      68.650000        1.064640
      68.750000        1.064562
      68.850000        1.063928
      68.950000        1.063260
      69.050000        1.062881
      69.150000        1.062218
      69.250000        1.060705
      69.350000        1.060231
      69.450000        1.059986
      69.550000        1.059209
      69.650000        1.058490
      69.750000        1.058621
      69.850000        1.057892
      69.950000        1.057279
