#Distance_(Ang) :1-1276_=>_:MG
       0.050000       0.000000
       0.150000       0.000000
       0.250000       0.000000
       0.350000       0.000000
       0.450000       0.000000
       0.550000       0.000000
       0.650000       0.000000
       0.750000       0.000000
       0.850000       0.000000
       0.950000       0.000000
       1.050000       0.000000
       1.150000       0.000000
       1.250000       0.000000
       1.350000       0.000000
       1.450000       0.000000
       1.550000       0.000000
       1.650000       0.000000
       1.750000       0.000000
       1.850000       0.026163
       1.950000       6.493543
       2.050000       8.563035
       2.150000       0.709501
       2.250000       0.035377
       2.350000       0.010135
       2.450000       0.027973
       2.550000       0.065417
       2.650000       0.017534
       2.750000       0.020723
       2.850000       0.073044
       2.950000       0.286853
       3.050000       0.802653
       3.150000       1.670852
       3.250000       1.853657
       3.350000       1.794527
       3.450000       3.041669
       3.550000       2.789233
       3.650000       2.977978
       3.750000       3.907917
       3.850000       5.146321
       3.950000       6.634742
       4.050000       8.162127
       4.150000       9.453168
       4.250000      10.565515
       4.350000      10.784052
       4.450000      10.368724
       4.550000       9.451852
       4.650000       9.128405
       4.750000       9.318715
       4.850000       9.605665
       4.950000       9.714480
       5.050000      10.093442
       5.150000      10.307614
       5.250000      10.148181
       5.350000      10.197524
       5.450000      10.113197
       5.550000      10.227804
       5.650000      10.286652
       5.750000      10.526228
       5.850000      10.496897
       5.950000      10.769365
       6.050000      11.100202
       6.150000      11.263109
       6.250000      11.285321
       6.350000      11.289453
       6.450000      11.300015
       6.550000      11.176811
       6.650000      11.090534
       6.750000      10.905896
       6.850000      10.705760
       6.950000      10.449501
       7.050000      10.337843
       7.150000      10.303850
       7.250000      10.234560
       7.350000      10.266123
       7.450000      10.348994
       7.550000      10.294083
       7.650000      10.274451
       7.750000      10.238791
       7.850000      10.250473
       7.950000      10.181631
       8.050000      10.282331
       8.150000      10.349434
       8.250000      10.456338
       8.350000      10.488706
       8.450000      10.523679
       8.550000      10.441900
       8.650000      10.365556
       8.750000      10.172537
       8.850000      10.062018
       8.950000       9.942410
       9.050000       9.833940
       9.150000       9.805636
       9.250000       9.687931
       9.350000       9.559161
       9.450000       9.510115
       9.550000       9.423577
       9.650000       9.346739
       9.750000       9.363033
       9.850000       9.275429
       9.950000       9.226077
      10.050000       9.141151
      10.150000       9.098624
      10.250000       9.072845
      10.350000       9.038102
      10.450000       8.979339
      10.550000       8.988058
      10.650000       8.989143
      10.750000       8.927697
      10.850000       8.887425
      10.950000       8.883262
      11.050000       8.854964
      11.150000       8.792478
      11.250000       8.774325
      11.350000       8.780647
      11.450000       8.746983
      11.550000       8.759908
      11.650000       8.736870
      11.750000       8.757294
      11.850000       8.716471
      11.950000       8.733796
      12.050000       8.691753
      12.150000       8.677813
      12.250000       8.604903
      12.350000       8.537536
      12.450000       8.469554
      12.550000       8.432713
      12.650000       8.448655
      12.750000       8.420707
      12.850000       8.384060
      12.950000       8.382049
      13.050000       8.309959
      13.150000       8.268541
      13.250000       8.231695
      13.350000       8.234407
      13.450000       8.187548
      13.550000       8.209342
      13.650000       8.215199
      13.750000       8.193727
      13.850000       8.151531
      13.950000       8.170852
      14.050000       8.128967
      14.150000       8.174783
      14.250000       8.160243
      14.350000       8.114323
      14.450000       8.135963
      14.550000       8.162061
      14.650000       8.115018
      14.750000       8.117588
      14.850000       8.116967
      14.950000       8.088086
      15.050000       8.073933
      15.150000       8.045937
      15.250000       8.021781
      15.350000       8.023322
      15.450000       7.988507
      15.550000       7.976376
      15.650000       7.919609
      15.750000       7.923480
      15.850000       7.906391
      15.950000       7.868380
      16.050000       7.853341
      16.150000       7.799268
      16.250000       7.800831
      16.350000       7.787366
      16.450000       7.773650
      16.550000       7.737543
      16.650000       7.723507
      16.750000       7.706779
      16.850000       7.713878
      16.950000       7.696152
      17.050000       7.689055
      17.150000       7.644487
      17.250000       7.622067
      17.350000       7.601328
      17.450000       7.638983
      17.550000       7.594051
      17.650000       7.563623
      17.750000       7.561825
      17.850000       7.553618
      17.950000       7.514061
      18.050000       7.525256
      18.150000       7.446368
      18.250000       7.441492
      18.350000       7.450210
      18.450000       7.411437
      18.550000       7.414482
      18.650000       7.366340
      18.750000       7.361601
      18.850000       7.373057
      18.950000       7.329397
      19.050000       7.311696
      19.150000       7.300956
      19.250000       7.286085
      19.350000       7.235849
      19.450000       7.242811
      19.550000       7.239821
      19.650000       7.198505
      19.750000       7.186267
      19.850000       7.144134
      19.950000       7.132158
      20.050000       7.121513
      20.150000       7.103392
      20.250000       7.101363
      20.350000       7.088297
      20.450000       7.058014
      20.550000       7.037713
      20.650000       7.015005
      20.750000       6.986920
      20.850000       6.972339
      20.950000       6.980189
      21.050000       6.972492
      21.150000       6.948510
      21.250000       6.951322
      21.350000       6.941521
      21.450000       6.905734
      21.550000       6.916284
      21.650000       6.860445
      21.750000       6.893684
      21.850000       6.840788
      21.950000       6.835738
      22.050000       6.813850
      22.150000       6.822792
      22.250000       6.800317
      22.350000       6.782542
      22.450000       6.756328
      22.550000       6.749928
      22.650000       6.726224
      22.750000       6.723463
      22.850000       6.680075
      22.950000       6.664222
      23.050000       6.668327
      23.150000       6.658366
      23.250000       6.648475
      23.350000       6.600439
      23.450000       6.607684
      23.550000       6.588789
      23.650000       6.590013
      23.750000       6.586061
      23.850000       6.544154
      23.950000       6.528382
      24.050000       6.516207
      24.150000       6.479189
      24.250000       6.465043
      24.350000       6.468205
      24.450000       6.433607
      24.550000       6.429597
      24.650000       6.415363
      24.750000       6.387934
      24.850000       6.385865
      24.950000       6.332602
      25.050000       6.343357
      25.150000       6.323899
      25.250000       6.325217
      25.350000       6.315569
      25.450000       6.289076
      25.550000       6.280845
      25.650000       6.287117
      25.750000       6.256531
      25.850000       6.239883
      25.950000       6.249607
      26.050000       6.220211
      26.150000       6.215312
      26.250000       6.212760
      26.350000       6.207536
      26.450000       6.200277
      26.550000       6.183629
      26.650000       6.175252
      26.750000       6.170942
      26.850000       6.166105
      26.950000       6.146311
      27.050000       6.132363
      27.150000       6.126047
      27.250000       6.107763
      27.350000       6.093683
      27.450000       6.089824
      27.550000       6.079960
      27.650000       6.066740
      27.750000       6.041776
      27.850000       6.025357
      27.950000       6.015409
      28.050000       5.994123
      28.150000       5.965316
      28.250000       5.960333
      28.350000       5.926968
      28.450000       5.945363
      28.550000       5.922563
      28.650000       5.884537
      28.750000       5.881381
      28.850000       5.873647
      28.950000       5.835317
      29.050000       5.818640
      29.150000       5.803793
      29.250000       5.786003
      29.350000       5.767944
      29.450000       5.740961
      29.550000       5.738031
      29.650000       5.711171
      29.750000       5.695837
      29.850000       5.694465
      29.950000       5.666886
      30.050000       5.664319
      30.150000       5.636265
      30.250000       5.625930
      30.350000       5.608595
      30.450000       5.596751
      30.550000       5.556740
      30.650000       5.542813
      30.750000       5.534669
      30.850000       5.522690
      30.950000       5.508471
      31.050000       5.487934
      31.150000       5.484750
      31.250000       5.454954
      31.350000       5.437592
      31.450000       5.443657
      31.550000       5.406572
      31.650000       5.394869
      31.750000       5.381141
      31.850000       5.377113
      31.950000       5.348419
      32.050000       5.341232
      32.150000       5.324249
      32.250000       5.304016
      32.350000       5.289921
      32.450000       5.258952
      32.550000       5.248625
      32.650000       5.218970
      32.750000       5.194569
      32.850000       5.186811
      32.950000       5.174339
      33.050000       5.157946
      33.150000       5.124134
      33.250000       5.112680
      33.350000       5.094244
      33.450000       5.077959
      33.550000       5.066343
      33.650000       5.029503
      33.750000       5.014633
      33.850000       5.009006
      33.950000       4.982533
      34.050000       4.960108
      34.150000       4.942717
      34.250000       4.924662
      34.350000       4.911098
      34.450000       4.896711
      34.550000       4.866315
      34.650000       4.852665
      34.750000       4.826324
      34.850000       4.791080
      34.950000       4.789906
      35.050000       4.776428
      35.150000       4.750631
      35.250000       4.738987
      35.350000       4.719327
      35.450000       4.707162
      35.550000       4.672807
      35.650000       4.656609
      35.750000       4.650768
      35.850000       4.632315
      35.950000       4.629709
      36.050000       4.606049
      36.150000       4.595585
      36.250000       4.565963
      36.350000       4.556567
      36.450000       4.545545
      36.550000       4.519944
      36.650000       4.504864
      36.750000       4.482669
      36.850000       4.457276
      36.950000       4.447901
      37.050000       4.444745
      37.150000       4.410685
      37.250000       4.396765
      37.350000       4.384473
      37.450000       4.364026
      37.550000       4.356249
      37.650000       4.326694
      37.750000       4.316473
      37.850000       4.291703
      37.950000       4.284949
      38.050000       4.267142
      38.150000       4.243917
      38.250000       4.222551
      38.350000       4.204913
      38.450000       4.197881
      38.550000       4.174624
      38.650000       4.166682
      38.750000       4.134617
      38.850000       4.120436
      38.950000       4.107903
      39.050000       4.096119
      39.150000       4.076688
      39.250000       4.064466
      39.350000       4.043827
      39.450000       4.037696
      39.550000       4.032527
      39.650000       4.013110
      39.750000       3.997471
      39.850000       3.976630
      39.950000       3.971997
      40.050000       3.957358
      40.150000       3.945587
      40.250000       3.931106
      40.350000       3.911061
      40.450000       3.894963
      40.550000       3.886779
      40.650000       3.868675
      40.750000       3.848679
      40.850000       3.839406
      40.950000       3.815877
      41.050000       3.804098
      41.150000       3.782816
      41.250000       3.774761
      41.350000       3.764003
      41.450000       3.737392
      41.550000       3.719307
      41.650000       3.706496
      41.750000       3.698146
      41.850000       3.688234
      41.950000       3.670213
      42.050000       3.661433
      42.150000       3.640784
      42.250000       3.632539
      42.350000       3.621091
      42.450000       3.599913
      42.550000       3.589981
      42.650000       3.572230
      42.750000       3.571159
      42.850000       3.552888
      42.950000       3.553587
      43.050000       3.528398
      43.150000       3.513103
      43.250000       3.493477
      43.350000       3.482203
      43.450000       3.462262
      43.550000       3.457082
      43.650000       3.439926
      43.750000       3.426359
      43.850000       3.401975
      43.950000       3.390476
      44.050000       3.375463
      44.150000       3.361769
      44.250000       3.345003
      44.350000       3.330208
      44.450000       3.318550
      44.550000       3.305807
      44.650000       3.293453
      44.750000       3.277676
      44.850000       3.273223
      44.950000       3.252896
      45.050000       3.231095
      45.150000       3.231907
      45.250000       3.216987
      45.350000       3.202875
      45.450000       3.196092
      45.550000       3.178917
      45.650000       3.171801
      45.750000       3.149831
      45.850000       3.139733
      45.950000       3.122354
      46.050000       3.111137
      46.150000       3.103661
      46.250000       3.092421
      46.350000       3.081567
      46.450000       3.069672
      46.550000       3.063896
      46.650000       3.058625
      46.750000       3.039305
      46.850000       3.032582
      46.950000       3.012359
      47.050000       3.004028
      47.150000       3.004125
      47.250000       2.993023
      47.350000       2.986331
      47.450000       2.964583
      47.550000       2.956375
      47.650000       2.945188
      47.750000       2.944526
      47.850000       2.929117
      47.950000       2.921670
      48.050000       2.905565
      48.150000       2.898564
      48.250000       2.883383
      48.350000       2.870769
      48.450000       2.871355
      48.550000       2.855696
      48.650000       2.848079
      48.750000       2.841395
      48.850000       2.833626
      48.950000       2.817654
      49.050000       2.808010
      49.150000       2.804766
      49.250000       2.796932
      49.350000       2.786698
      49.450000       2.769524
      49.550000       2.774804
      49.650000       2.760477
      49.750000       2.747966
      49.850000       2.739308
      49.950000       2.728028
      50.050000       2.712918
      50.150000       2.711609
      50.250000       2.697790
      50.350000       2.690569
      50.450000       2.682350
      50.550000       2.663858
      50.650000       2.658089
      50.750000       2.651327
      50.850000       2.639377
      50.950000       2.630436
      51.050000       2.619123
      51.150000       2.616158
      51.250000       2.597042
      51.350000       2.596519
      51.450000       2.589049
      51.550000       2.579440
      51.650000       2.572441
      51.750000       2.566911
      51.850000       2.560263
      51.950000       2.548425
      52.050000       2.539088
      52.150000       2.530665
      52.250000       2.523948
      52.350000       2.524450
      52.450000       2.508936
      52.550000       2.505429
      52.650000       2.498134
      52.750000       2.486169
      52.850000       2.477884
      52.950000       2.476419
      53.050000       2.466475
      53.150000       2.454948
      53.250000       2.449803
      53.350000       2.446709
      53.450000       2.440948
      53.550000       2.432332
      53.650000       2.423561
      53.750000       2.414098
      53.850000       2.412140
      53.950000       2.403990
      54.050000       2.404074
      54.150000       2.393562
      54.250000       2.385617
      54.350000       2.379131
      54.450000       2.374788
      54.550000       2.357177
      54.650000       2.351475
      54.750000       2.347621
      54.850000       2.345328
      54.950000       2.341641
      55.050000       2.335835
      55.150000       2.322657
      55.250000       2.317627
      55.350000       2.306782
      55.450000       2.301812
      55.550000       2.293206
      55.650000       2.293677
      55.750000       2.281396
      55.850000       2.273237
      55.950000       2.269435
      56.050000       2.262474
      56.150000       2.260463
      56.250000       2.249853
      56.350000       2.248955
      56.450000       2.236490
      56.550000       2.229746
      56.650000       2.225711
      56.750000       2.221423
      56.850000       2.213411
      56.950000       2.203139
      57.050000       2.197754
      57.150000       2.189658
      57.250000       2.184765
      57.350000       2.176737
      57.450000       2.166988
      57.550000       2.157237
      57.650000       2.147421
      57.750000       2.138803
      57.850000       2.132933
      57.950000       2.124725
      58.050000       2.122411
      58.150000       2.110131
      58.250000       2.096986
      58.350000       2.090686
      58.450000       2.088179
      58.550000       2.076627
      58.650000       2.070215
      58.750000       2.058402
      58.850000       2.049402
      58.950000       2.038509
      59.050000       2.032416
      59.150000       2.027115
      59.250000       2.015351
      59.350000       2.006124
      59.450000       2.003692
      59.550000       1.992368
      59.650000       1.983145
      59.750000       1.973107
      59.850000       1.963444
      59.950000       1.958765
      60.050000       1.949725
      60.150000       1.938021
      60.250000       1.933641
      60.350000       1.929055
      60.450000       1.918429
      60.550000       1.910479
      60.650000       1.897406
      60.750000       1.895554
      60.850000       1.885991
      60.950000       1.881525
      61.050000       1.873991
      61.150000       1.866678
      61.250000       1.863718
      61.350000       1.854111
      61.450000       1.848852
      61.550000       1.839681
      61.650000       1.833700
      61.750000       1.830726
      61.850000       1.826078
      61.950000       1.818218
      62.050000       1.811278
      62.150000       1.805593
      62.250000       1.802038
      62.350000       1.794218
      62.450000       1.795549
      62.550000       1.784199
      62.650000       1.783839
      62.750000       1.775132
      62.850000       1.774558
      62.950000       1.763048
      63.050000       1.759392
      63.150000       1.754254
      63.250000       1.747925
      63.350000       1.742771
      63.450000       1.740508
      63.550000       1.733862
      63.650000       1.724969
      63.750000       1.722956
      63.850000       1.714073
      63.950000       1.706586
      64.050000       1.702187
      64.150000       1.697001
      64.250000       1.694288
      64.350000       1.688424
      64.450000       1.677245
      64.550000       1.677845
      64.650000       1.666549
      64.750000       1.666471
      64.850000       1.658037
      64.950000       1.651171
      65.050000       1.650667
      65.150000       1.640400
      65.250000       1.636125
      65.350000       1.629216
      65.450000       1.623757
      65.550000       1.622442
      65.650000       1.616305
      65.750000       1.607461
      65.850000       1.597902
      65.950000       1.591302
      66.050000       1.589312
      66.150000       1.584754
      66.250000       1.578400
      66.350000       1.574088
      66.450000       1.565655
      66.550000       1.563364
      66.650000       1.553908
      66.750000       1.549620
      66.850000       1.541961
      66.950000       1.538025
      67.050000       1.531446
      67.150000       1.527720
      67.250000       1.520470
      67.350000       1.511523
      67.450000       1.506921
      67.550000       1.504629
      67.650000       1.493269
      67.750000       1.487603
      67.850000       1.479430
      67.950000       1.473531
      68.050000       1.466320
      68.150000       1.458604
      68.250000       1.450110
      68.350000       1.444389
      68.450000       1.437065
      68.550000       1.432049
      68.650000       1.423426
      68.750000       1.415145
      68.850000       1.407781
      68.950000       1.399019
      69.050000       1.393847
      69.150000       1.387519
      69.250000       1.379467
      69.350000       1.371178
      69.450000       1.366603
      69.550000       1.361350
      69.650000       1.352371
      69.750000       1.345746
      69.850000       1.338156
      69.950000       1.333525
