#Distance_(Ang) :1-1276_=>_:Na+
       0.050000        0.000000
       0.150000        0.000000
       0.250000        0.000000
       0.350000        0.000000
       0.450000        0.000000
       0.550000        0.000000
       0.650000        0.000000
       0.750000        0.000000
       0.850000        0.000000
       0.950000        0.000000
       1.050000        0.000000
       1.150000        0.000000
       1.250000        0.000000
       1.350000        0.000000
       1.450000        0.000000
       1.550000        0.000000
       1.650000        0.000000
       1.750000        0.000000
       1.850000        0.000000
       1.950000        0.001834
       2.050000        0.203435
       2.150000        1.152720
       2.250000        1.441832
       2.350000        0.917536
       2.450000        0.495281
       2.550000        0.353707
       2.650000        0.305969
       2.750000        0.243456
       2.850000        0.267113
       2.950000        0.343636
       3.050000        0.448249
       3.150000        0.584713
       3.250000        0.737268
       3.350000        0.850332
       3.450000        0.928320
       3.550000        0.883291
       3.650000        0.854665
       3.750000        0.880416
       3.850000        0.971541
       3.950000        1.086667
       4.050000        1.241509
       4.150000        1.372692
       4.250000        1.468405
       4.350000        1.563810
       4.450000        1.617448
       4.550000        1.651774
       4.650000        1.641621
       4.750000        1.596754
       4.850000        1.584871
       4.950000        1.597542
       5.050000        1.593236
       5.150000        1.629210
       5.250000        1.641982
       5.350000        1.672650
       5.450000        1.683381
       5.550000        1.705120
       5.650000        1.746849
       5.750000        1.771232
       5.850000        1.787540
       5.950000        1.815196
       6.050000        1.824685
       6.150000        1.833210
       6.250000        1.853044
       6.350000        1.854211
       6.450000        1.870744
       6.550000        1.866894
       6.650000        1.865677
       6.750000        1.873984
       6.850000        1.870624
       6.950000        1.880137
       7.050000        1.872000
       7.150000        1.872338
       7.250000        1.870193
       7.350000        1.875011
       7.450000        1.880670
       7.550000        1.865980
       7.650000        1.884459
       7.750000        1.885286
       7.850000        1.892453
       7.950000        1.897011
       8.050000        1.900512
       8.150000        1.915599
       8.250000        1.912973
       8.350000        1.913034
       8.450000        1.913719
       8.550000        1.911358
       8.650000        1.918093
       8.750000        1.916088
       8.850000        1.915856
       8.950000        1.918674
       9.050000        1.915885
       9.150000        1.908951
       9.250000        1.912391
       9.350000        1.910190
       9.450000        1.909551
       9.550000        1.912864
       9.650000        1.913330
       9.750000        1.910646
       9.850000        1.910630
       9.950000        1.908954
      10.050000        1.911986
      10.150000        1.906209
      10.250000        1.907255
      10.350000        1.905419
      10.450000        1.906260
      10.550000        1.907002
      10.650000        1.904909
      10.750000        1.898924
      10.850000        1.905852
      10.950000        1.899140
      11.050000        1.899132
      11.150000        1.901394
      11.250000        1.895870
      11.350000        1.891522
      11.450000        1.898170
      11.550000        1.893050
      11.650000        1.900312
      11.750000        1.895379
      11.850000        1.897444
      11.950000        1.898100
      12.050000        1.904886
      12.150000        1.907223
      12.250000        1.908464
      12.350000        1.912286
      12.450000        1.906191
      12.550000        1.905467
      12.650000        1.912234
      12.750000        1.916212
      12.850000        1.916815
      12.950000        1.913178
      13.050000        1.915628
      13.150000        1.912039
      13.250000        1.912177
      13.350000        1.916918
      13.450000        1.918092
      13.550000        1.919846
      13.650000        1.921418
      13.750000        1.916471
      13.850000        1.918024
      13.950000        1.921684
      14.050000        1.920474
      14.150000        1.926787
      14.250000        1.925146
      14.350000        1.924448
      14.450000        1.924718
      14.550000        1.928672
      14.650000        1.927491
      14.750000        1.928312
      14.850000        1.933106
      14.950000        1.928411
      15.050000        1.938029
      15.150000        1.933743
      15.250000        1.932438
      15.350000        1.935548
      15.450000        1.933619
      15.550000        1.938548
      15.650000        1.934409
      15.750000        1.938984
      15.850000        1.936375
      15.950000        1.932390
      16.050000        1.934042
      16.150000        1.927991
      16.250000        1.934943
      16.350000        1.929548
      16.450000        1.931921
      16.550000        1.933437
      16.650000        1.928048
      16.750000        1.930673
      16.850000        1.926576
      16.950000        1.927433
      17.050000        1.925322
      17.150000        1.927372
      17.250000        1.925877
      17.350000        1.920865
      17.450000        1.920664
      17.550000        1.922878
      17.650000        1.923851
      17.750000        1.918515
      17.850000        1.918876
      17.950000        1.915728
      18.050000        1.913743
      18.150000        1.914564
      18.250000        1.913069
      18.350000        1.908369
      18.450000        1.910064
      18.550000        1.908166
      18.650000        1.903950
      18.750000        1.900587
      18.850000        1.902835
      18.950000        1.901606
      19.050000        1.896926
      19.150000        1.897132
      19.250000        1.895141
      19.350000        1.892257
      19.450000        1.889474
      19.550000        1.885541
      19.650000        1.887243
      19.750000        1.882896
      19.850000        1.882886
      19.950000        1.879800
      20.050000        1.880694
      20.150000        1.881102
      20.250000        1.875722
      20.350000        1.877838
      20.450000        1.871724
      20.550000        1.871461
      20.650000        1.870090
      20.750000        1.866513
      20.850000        1.865819
      20.950000        1.862094
      21.050000        1.859411
      21.150000        1.859080
      21.250000        1.857579
      21.350000        1.857165
      21.450000        1.855970
      21.550000        1.853798
      21.650000        1.847809
      21.750000        1.848750
      21.850000        1.846513
      21.950000        1.843873
      22.050000        1.839320
      22.150000        1.840656
      22.250000        1.839333
      22.350000        1.836063
      22.450000        1.832257
      22.550000        1.832886
      22.650000        1.828540
      22.750000        1.828892
      22.850000        1.827160
      22.950000        1.827688
      23.050000        1.821920
      23.150000        1.820083
      23.250000        1.820102
      23.350000        1.816090
      23.450000        1.817087
      23.550000        1.815196
      23.650000        1.812446
      23.750000        1.810845
      23.850000        1.810442
      23.950000        1.806309
      24.050000        1.805254
      24.150000        1.802693
      24.250000        1.804635
      24.350000        1.799159
      24.450000        1.798000
      24.550000        1.798678
      24.650000        1.794878
      24.750000        1.792839
      24.850000        1.795189
      24.950000        1.792279
      25.050000        1.789845
      25.150000        1.788442
      25.250000        1.787930
      25.350000        1.784828
      25.450000        1.783104
      25.550000        1.783456
      25.650000        1.781971
      25.750000        1.782743
      25.850000        1.779945
      25.950000        1.779520
      26.050000        1.777853
      26.150000        1.776337
      26.250000        1.775411
      26.350000        1.773808
      26.450000        1.773261
      26.550000        1.770788
      26.650000        1.771146
      26.750000        1.769345
      26.850000        1.767091
      26.950000        1.768585
      27.050000        1.765016
      27.150000        1.764219
      27.250000        1.763322
      27.350000        1.763404
      27.450000        1.761486
      27.550000        1.761380
      27.650000        1.759332
      27.750000        1.755334
      27.850000        1.754121
      27.950000        1.754804
      28.050000        1.754084
      28.150000        1.753101
      28.250000        1.747388
      28.350000        1.749956
      28.450000        1.746255
      28.550000        1.744957
      28.650000        1.743693
      28.750000        1.743054
      28.850000        1.739549
      28.950000        1.740794
      29.050000        1.737104
      29.150000        1.736037
      29.250000        1.733183
      29.350000        1.734242
      29.450000        1.731045
      29.550000        1.729835
      29.650000        1.728271
      29.750000        1.727456
      29.850000        1.724275
      29.950000        1.722869
      30.050000        1.721034
      30.150000        1.718917
      30.250000        1.718781
      30.350000        1.718052
      30.450000        1.715445
      30.550000        1.711869
      30.650000        1.711050
      30.750000        1.710525
      30.850000        1.707783
      30.950000        1.705636
      31.050000        1.704891
      31.150000        1.702465
      31.250000        1.703235
      31.350000        1.699700
      31.450000        1.696859
      31.550000        1.695876
      31.650000        1.692819
      31.750000        1.692379
      31.850000        1.689524
      31.950000        1.686107
      32.050000        1.686949
      32.150000        1.682781
      32.250000        1.683461
      32.350000        1.679978
      32.450000        1.678609
      32.550000        1.676585
      32.650000        1.671955
      32.750000        1.669786
      32.850000        1.668452
      32.950000        1.667607
      33.050000        1.665187
      33.150000        1.662262
      33.250000        1.659376
      33.350000        1.658309
      33.450000        1.655917
      33.550000        1.653077
      33.650000        1.651900
      33.750000        1.649396
      33.850000        1.646571
      33.950000        1.643910
      34.050000        1.644286
      34.150000        1.639268
      34.250000        1.639095
      34.350000        1.636749
      34.450000        1.633592
      34.550000        1.631817
      34.650000        1.630404
      34.750000        1.628194
      34.850000        1.625715
      34.950000        1.625170
      35.050000        1.622003
      35.150000        1.619540
      35.250000        1.617489
      35.350000        1.613777
      35.450000        1.614987
      35.550000        1.610984
      35.650000        1.610837
      35.750000        1.609288
      35.850000        1.604588
      35.950000        1.601804
      36.050000        1.602480
      36.150000        1.599340
      36.250000        1.596622
      36.350000        1.596570
      36.450000        1.594745
      36.550000        1.592852
      36.650000        1.590041
      36.750000        1.588851
      36.850000        1.586562
      36.950000        1.585078
      37.050000        1.582945
      37.150000        1.581686
      37.250000        1.580177
      37.350000        1.576152
      37.450000        1.574830
      37.550000        1.572546
      37.650000        1.571334
      37.750000        1.569825
      37.850000        1.567639
      37.950000        1.565084
      38.050000        1.562649
      38.150000        1.562255
      38.250000        1.557542
      38.350000        1.556529
      38.450000        1.556042
      38.550000        1.553064
      38.650000        1.551875
      38.750000        1.548822
      38.850000        1.547269
      38.950000        1.545736
      39.050000        1.544965
      39.150000        1.543279
      39.250000        1.539398
      39.350000        1.539503
      39.450000        1.537279
      39.550000        1.534935
      39.650000        1.533708
      39.750000        1.530733
      39.850000        1.529688
      39.950000        1.529556
      40.050000        1.526928
      40.150000        1.525721
      40.250000        1.523327
      40.350000        1.520511
      40.450000        1.519838
      40.550000        1.518387
      40.650000        1.516386
      40.750000        1.514525
      40.850000        1.512889
      40.950000        1.510910
      41.050000        1.510039
      41.150000        1.507061
      41.250000        1.504268
      41.350000        1.504920
      41.450000        1.502787
      41.550000        1.500042
      41.650000        1.501091
      41.750000        1.497885
      41.850000        1.495783
      41.950000        1.494365
      42.050000        1.493564
      42.150000        1.490119
      42.250000        1.488901
      42.350000        1.487004
      42.450000        1.485603
      42.550000        1.483654
      42.650000        1.481383
      42.750000        1.480382
      42.850000        1.478058
      42.950000        1.476022
      43.050000        1.474722
      43.150000        1.472438
      43.250000        1.471542
      43.350000        1.469286
      43.450000        1.465948
      43.550000        1.466041
      43.650000        1.464249
      43.750000        1.463171
      43.850000        1.460371
      43.950000        1.459111
      44.050000        1.458322
      44.150000        1.456119
      44.250000        1.454031
      44.350000        1.453386
      44.450000        1.449949
      44.550000        1.448764
      44.650000        1.447078
      44.750000        1.444883
      44.850000        1.442247
      44.950000        1.440378
      45.050000        1.441534
      45.150000        1.440044
      45.250000        1.436264
      45.350000        1.434687
      45.450000        1.433642
      45.550000        1.432133
      45.650000        1.429630
      45.750000        1.428195
      45.850000        1.426680
      45.950000        1.425748
      46.050000        1.423103
      46.150000        1.420628
      46.250000        1.420015
      46.350000        1.419250
      46.450000        1.416584
      46.550000        1.413251
      46.650000        1.413338
      46.750000        1.411279
      46.850000        1.408836
      46.950000        1.409221
      47.050000        1.406697
      47.150000        1.404711
      47.250000        1.401081
      47.350000        1.400319
      47.450000        1.398219
      47.550000        1.397762
      47.650000        1.395072
      47.750000        1.393981
      47.850000        1.391195
      47.950000        1.389716
      48.050000        1.388254
      48.150000        1.387664
      48.250000        1.386529
      48.350000        1.382695
      48.450000        1.380304
      48.550000        1.379020
      48.650000        1.377813
      48.750000        1.377077
      48.850000        1.374543
      48.950000        1.373032
      49.050000        1.370894
      49.150000        1.368276
      49.250000        1.367508
      49.350000        1.366495
      49.450000        1.363934
      49.550000        1.362616
      49.650000        1.361020
      49.750000        1.359585
      49.850000        1.356110
      49.950000        1.354511
      50.050000        1.353986
      50.150000        1.351503
      50.250000        1.349090
      50.350000        1.347999
      50.450000        1.346667
      50.550000        1.344247
      50.650000        1.341690
      50.750000        1.341237
      50.850000        1.339162
      50.950000        1.338492
      51.050000        1.336915
      51.150000        1.334893
      51.250000        1.333077
      51.350000        1.330616
      51.450000        1.328929
      51.550000        1.328950
      51.650000        1.326077
      51.750000        1.324730
      51.850000        1.323332
      51.950000        1.321967
      52.050000        1.319459
      52.150000        1.317259
      52.250000        1.316418
      52.350000        1.314390
      52.450000        1.313784
      52.550000        1.310972
      52.650000        1.309937
      52.750000        1.308582
      52.850000        1.306291
      52.950000        1.304640
      53.050000        1.303953
      53.150000        1.301741
      53.250000        1.300215
      53.350000        1.298636
      53.450000        1.296403
      53.550000        1.295066
      53.650000        1.295419
      53.750000        1.292372
      53.850000        1.289755
      53.950000        1.288700
      54.050000        1.287378
      54.150000        1.285555
      54.250000        1.284093
      54.350000        1.281997
      54.450000        1.281307
      54.550000        1.279846
      54.650000        1.278146
      54.750000        1.276348
      54.850000        1.274162
      54.950000        1.273296
      55.050000        1.271163
      55.150000        1.269126
      55.250000        1.267677
      55.350000        1.266727
      55.450000        1.264052
      55.550000        1.263148
      55.650000        1.261672
      55.750000        1.261145
      55.850000        1.259593
      55.950000        1.257058
      56.050000        1.255800
      56.150000        1.253394
      56.250000        1.252096
      56.350000        1.251017
      56.450000        1.248125
      56.550000        1.247068
      56.650000        1.246103
      56.750000        1.244893
      56.850000        1.241590
      56.950000        1.240209
      57.050000        1.239354
      57.150000        1.237455
      57.250000        1.235029
      57.350000        1.234852
      57.450000        1.233443
      57.550000        1.231628
      57.650000        1.228549
      57.750000        1.227979
      57.850000        1.226628
      57.950000        1.223997
      58.050000        1.223882
      58.150000        1.220912
      58.250000        1.219252
      58.350000        1.218935
      58.450000        1.216897
      58.550000        1.214020
      58.650000        1.213553
      58.750000        1.211217
      58.850000        1.209623
      58.950000        1.209159
      59.050000        1.206260
      59.150000        1.204568
      59.250000        1.203034
      59.350000        1.201791
      59.450000        1.200616
      59.550000        1.199423
      59.650000        1.197641
      59.750000        1.195685
      59.850000        1.194203
      59.950000        1.193219
      60.050000        1.191362
      60.150000        1.189262
      60.250000        1.187460
      60.350000        1.186492
      60.450000        1.184548
      60.550000        1.183100
      60.650000        1.181893
      60.750000        1.179813
      60.850000        1.179222
      60.950000        1.177602
      61.050000        1.176566
      61.150000        1.174519
      61.250000        1.174156
      61.350000        1.171902
      61.450000        1.170156
      61.550000        1.169434
      61.650000        1.167177
      61.750000        1.166695
      61.850000        1.165145
      61.950000        1.164346
      62.050000        1.162379
      62.150000        1.160642
      62.250000        1.160238
      62.350000        1.157911
      62.450000        1.157741
      62.550000        1.156493
      62.650000        1.154558
      62.750000        1.154340
      62.850000        1.152270
      62.950000        1.151082
      63.050000        1.150321
      63.150000        1.148707
      63.250000        1.147168
      63.350000        1.146426
      63.450000        1.145182
      63.550000        1.144328
      63.650000        1.142292
      63.750000        1.141105
      63.850000        1.139980
      63.950000        1.139925
      64.050000        1.137245
      64.150000        1.136197
      64.250000        1.135907
      64.350000        1.134537
      64.450000        1.133098
      64.550000        1.131662
      64.650000        1.130345
      64.750000        1.129602
      64.850000        1.128579
      64.950000        1.127640
      65.050000        1.126931
      65.150000        1.125495
      65.250000        1.123576
      65.350000        1.123340
      65.450000        1.121548
      65.550000        1.120469
      65.650000        1.119681
      65.750000        1.118122
      65.850000        1.116969
      65.950000        1.116236
      66.050000        1.114781
      66.150000        1.114419
      66.250000        1.112752
      66.350000        1.111037
      66.450000        1.110936
      66.550000        1.109423
      66.650000        1.108256
      66.750000        1.106801
      66.850000        1.105360
      66.950000        1.103768
      67.050000        1.103686
      67.150000        1.103000
      67.250000        1.101353
      67.350000        1.100311
      67.450000        1.099067
      67.550000        1.098221
      67.650000        1.097072
      67.750000        1.096347
      67.850000        1.094760
      67.950000        1.094227
      68.050000        1.093018
      68.150000        1.091475
      68.250000        1.091132
      68.350000        1.090256
      68.450000        1.088125
      68.550000        1.087663
      68.650000        1.085906
      68.750000        1.084654
      68.850000        1.083606
      68.950000        1.083090
      69.050000        1.082595
      69.150000        1.080640
      69.250000        1.079387
      69.350000        1.079291
      69.450000        1.077171
      69.550000        1.077215
      69.650000        1.075362
      69.750000        1.074101
      69.850000        1.073636
      69.950000        1.072050
