#Distance_(Ang) :1-1276_=>_:CA
       0.050000       0.000000
       0.150000       0.000000
       0.250000       0.000000
       0.350000       0.000000
       0.450000       0.000000
       0.550000       0.000000
       0.650000       0.000000
       0.750000       0.000000
       0.850000       0.000000
       0.950000       0.000000
       1.050000       0.000000
       1.150000       0.000000
       1.250000       0.000000
       1.350000       0.000000
       1.450000       0.000000
       1.550000       0.000000
       1.650000       0.000000
       1.750000       0.000000
       1.850000       0.000000
       1.950000       0.000000
       2.050000       0.000000
       2.150000       0.100556
       2.250000       6.266105
       2.350000      20.294638
       2.450000      12.707576
       2.550000       3.908841
       2.650000       1.348858
       2.750000       4.067319
       2.850000       4.256651
       2.950000       1.022978
       3.050000       0.413915
       3.150000       0.624069
       3.250000       1.103595
       3.350000       1.956251
       3.450000       2.788484
       3.550000       3.268349
       3.650000       3.827788
       3.750000       4.322457
       3.850000       3.880710
       3.950000       4.046506
       4.050000       4.944330
       4.150000       6.221534
       4.250000       8.441848
       4.350000      10.170551
       4.450000      10.150914
       4.550000      11.040019
       4.650000      12.439589
       4.750000      13.365595
       4.850000      13.030824
       4.950000      12.168863
       5.050000      11.823446
       5.150000      12.032506
       5.250000      11.816547
       5.350000      11.464449
       5.450000      11.318998
       5.550000      11.288690
       5.650000      11.317989
       5.750000      11.382744
       5.850000      11.467765
       5.950000      11.696037
       6.050000      12.079214
       6.150000      12.290252
       6.250000      12.280958
       6.350000      12.278984
       6.450000      12.563033
       6.550000      12.734594
       6.650000      12.878727
       6.750000      12.854971
       6.850000      12.916272
       6.950000      12.819112
       7.050000      12.733169
       7.150000      12.574065
       7.250000      12.388461
       7.350000      12.232265
       7.450000      12.214584
       7.550000      12.048125
       7.650000      11.913867
       7.750000      11.987524
       7.850000      12.000633
       7.950000      11.879667
       8.050000      11.869393
       8.150000      11.788298
       8.250000      11.954421
       8.350000      11.879024
       8.450000      11.982570
       8.550000      11.980137
       8.650000      12.077075
       8.750000      12.068521
       8.850000      12.122448
       8.950000      12.009555
       9.050000      12.013366
       9.150000      11.867045
       9.250000      11.795151
       9.350000      11.671326
       9.450000      11.624232
       9.550000      11.507774
       9.650000      11.411330
       9.750000      11.348143
       9.850000      11.257040
       9.950000      11.242953
      10.050000      11.264452
      10.150000      11.184925
      10.250000      11.114274
      10.350000      11.157007
      10.450000      11.083862
      10.550000      10.977112
      10.650000      10.931638
      10.750000      10.894070
      10.850000      10.895813
      10.950000      10.824639
      11.050000      10.794260
      11.150000      10.699513
      11.250000      10.689374
      11.350000      10.731177
      11.450000      10.682047
      11.550000      10.545221
      11.650000      10.566157
      11.750000      10.566367
      11.850000      10.575935
      11.950000      10.564785
      12.050000      10.532550
      12.150000      10.529355
      12.250000      10.519248
      12.350000      10.474672
      12.450000      10.484889
      12.550000      10.407517
      12.650000      10.370904
      12.750000      10.346134
      12.850000      10.344036
      12.950000      10.357037
      13.050000      10.315734
      13.150000      10.285137
      13.250000      10.251488
      13.350000      10.251058
      13.450000      10.170035
      13.550000      10.182438
      13.650000      10.149839
      13.750000      10.109870
      13.850000      10.152121
      13.950000      10.127038
      14.050000      10.072621
      14.150000      10.136618
      14.250000      10.064828
      14.350000      10.120775
      14.450000      10.131239
      14.550000      10.103252
      14.650000      10.100708
      14.750000      10.094481
      14.850000      10.100593
      14.950000      10.134053
      15.050000      10.090294
      15.150000      10.105506
      15.250000      10.105271
      15.350000      10.084230
      15.450000      10.068103
      15.550000      10.053442
      15.650000      10.085751
      15.750000      10.037258
      15.850000      10.016207
      15.950000      10.031131
      16.050000       9.994681
      16.150000       9.957555
      16.250000       9.948221
      16.350000       9.923012
      16.450000       9.920274
      16.550000       9.849656
      16.650000       9.840923
      16.750000       9.813907
      16.850000       9.793881
      16.950000       9.797793
      17.050000       9.737816
      17.150000       9.744089
      17.250000       9.750624
      17.350000       9.713088
      17.450000       9.714486
      17.550000       9.685575
      17.650000       9.697043
      17.750000       9.648560
      17.850000       9.634606
      17.950000       9.618349
      18.050000       9.611633
      18.150000       9.570530
      18.250000       9.554821
      18.350000       9.568009
      18.450000       9.541878
      18.550000       9.525389
      18.650000       9.530165
      18.750000       9.480454
      18.850000       9.449626
      18.950000       9.455314
      19.050000       9.419659
      19.150000       9.376672
      19.250000       9.396324
      19.350000       9.385785
      19.450000       9.359778
      19.550000       9.330552
      19.650000       9.334965
      19.750000       9.330086
      19.850000       9.330863
      19.950000       9.282538
      20.050000       9.279114
      20.150000       9.262402
      20.250000       9.253696
      20.350000       9.204554
      20.450000       9.204463
      20.550000       9.185722
      20.650000       9.151854
      20.750000       9.127806
      20.850000       9.107248
      20.950000       9.092721
      21.050000       9.080513
      21.150000       9.044793
      21.250000       9.042754
      21.350000       9.001406
      21.450000       9.007468
      21.550000       8.985906
      21.650000       8.959454
      21.750000       8.946866
      21.850000       8.891341
      21.950000       8.871629
      22.050000       8.889975
      22.150000       8.853743
      22.250000       8.809296
      22.350000       8.834019
      22.450000       8.796795
      22.550000       8.772026
      22.650000       8.753404
      22.750000       8.720533
      22.850000       8.719888
      22.950000       8.710080
      23.050000       8.684149
      23.150000       8.673266
      23.250000       8.648343
      23.350000       8.652068
      23.450000       8.639225
      23.550000       8.625354
      23.650000       8.592370
      23.750000       8.588217
      23.850000       8.549303
      23.950000       8.540024
      24.050000       8.507127
      24.150000       8.510201
      24.250000       8.481343
      24.350000       8.468974
      24.450000       8.459795
      24.550000       8.460148
      24.650000       8.397564
      24.750000       8.409789
      24.850000       8.384670
      24.950000       8.397024
      25.050000       8.355544
      25.150000       8.326160
      25.250000       8.342904
      25.350000       8.322544
      25.450000       8.319688
      25.550000       8.295177
      25.650000       8.293859
      25.750000       8.281212
      25.850000       8.246381
      25.950000       8.224200
      26.050000       8.249763
      26.150000       8.204015
      26.250000       8.199231
      26.350000       8.178642
      26.450000       8.179056
      26.550000       8.159869
      26.650000       8.140208
      26.750000       8.138754
      26.850000       8.112689
      26.950000       8.126460
      27.050000       8.106635
      27.150000       8.113358
      27.250000       8.086889
      27.350000       8.082964
      27.450000       8.062968
      27.550000       8.064475
      27.650000       8.052715
      27.750000       8.054072
      27.850000       8.038283
      27.950000       8.020425
      28.050000       7.991624
      28.150000       7.991445
      28.250000       7.969811
      28.350000       7.964829
      28.450000       7.961789
      28.550000       7.940979
      28.650000       7.902526
      28.750000       7.884420
      28.850000       7.878346
      28.950000       7.867520
      29.050000       7.861272
      29.150000       7.843105
      29.250000       7.804804
      29.350000       7.792482
      29.450000       7.777396
      29.550000       7.764567
      29.650000       7.764724
      29.750000       7.739678
      29.850000       7.735713
      29.950000       7.694390
      30.050000       7.705123
      30.150000       7.679243
      30.250000       7.663975
      30.350000       7.656865
      30.450000       7.635132
      30.550000       7.594252
      30.650000       7.591960
      30.750000       7.577329
      30.850000       7.558368
      30.950000       7.525895
      31.050000       7.526974
      31.150000       7.517370
      31.250000       7.481498
      31.350000       7.460772
      31.450000       7.456352
      31.550000       7.441853
      31.650000       7.415200
      31.750000       7.396391
      31.850000       7.379713
      31.950000       7.344563
      32.050000       7.348545
      32.150000       7.332163
      32.250000       7.312292
      32.350000       7.287262
      32.450000       7.286476
      32.550000       7.264989
      32.650000       7.244829
      32.750000       7.227519
      32.850000       7.224022
      32.950000       7.189314
      33.050000       7.167845
      33.150000       7.158238
      33.250000       7.146126
      33.350000       7.118856
      33.450000       7.096738
      33.550000       7.077571
      33.650000       7.067670
      33.750000       7.048459
      33.850000       7.041439
      33.950000       7.015164
      34.050000       6.993758
      34.150000       6.974942
      34.250000       6.977171
      34.350000       6.946308
      34.450000       6.922751
      34.550000       6.913885
      34.650000       6.892600
      34.750000       6.870392
      34.850000       6.858740
      34.950000       6.835331
      35.050000       6.807536
      35.150000       6.794295
      35.250000       6.769637
      35.350000       6.770974
      35.450000       6.752253
      35.550000       6.714624
      35.650000       6.701585
      35.750000       6.684104
      35.850000       6.677491
      35.950000       6.664550
      36.050000       6.629031
      36.150000       6.621511
      36.250000       6.602198
      36.350000       6.583209
      36.450000       6.567194
      36.550000       6.548708
      36.650000       6.538300
      36.750000       6.502843
      36.850000       6.498068
      36.950000       6.486657
      37.050000       6.467459
      37.150000       6.452124
      37.250000       6.429755
      37.350000       6.407947
      37.450000       6.380776
      37.550000       6.379639
      37.650000       6.347274
      37.750000       6.338934
      37.850000       6.341308
      37.950000       6.307409
      38.050000       6.285974
      38.150000       6.270041
      38.250000       6.257492
      38.350000       6.238625
      38.450000       6.226461
      38.550000       6.213477
      38.650000       6.198131
      38.750000       6.158757
      38.850000       6.147898
      38.950000       6.124223
      39.050000       6.120887
      39.150000       6.109964
      39.250000       6.081774
      39.350000       6.057989
      39.450000       6.057300
      39.550000       6.038198
      39.650000       6.029701
      39.750000       6.011676
      39.850000       5.997699
      39.950000       5.981324
      40.050000       5.968866
      40.150000       5.954727
      40.250000       5.934911
      40.350000       5.913547
      40.450000       5.904791
      40.550000       5.884943
      40.650000       5.869168
      40.750000       5.864786
      40.850000       5.848098
      40.950000       5.833443
      41.050000       5.818242
      41.150000       5.793718
      41.250000       5.783405
      41.350000       5.752957
      41.450000       5.754144
      41.550000       5.732486
      41.650000       5.718872
      41.750000       5.694755
      41.850000       5.677033
      41.950000       5.677190
      42.050000       5.655340
      42.150000       5.638190
      42.250000       5.618205
      42.350000       5.603344
      42.450000       5.573412
      42.550000       5.560763
      42.650000       5.544271
      42.750000       5.528994
      42.850000       5.509118
      42.950000       5.494935
      43.050000       5.477781
      43.150000       5.451361
      43.250000       5.435419
      43.350000       5.425420
      43.450000       5.398376
      43.550000       5.384847
      43.650000       5.372310
      43.750000       5.341711
      43.850000       5.341618
      43.950000       5.318677
      44.050000       5.307851
      44.150000       5.285679
      44.250000       5.260821
      44.350000       5.254311
      44.450000       5.232321
      44.550000       5.224071
      44.650000       5.206007
      44.750000       5.194413
      44.850000       5.162803
      44.950000       5.155013
      45.050000       5.138739
      45.150000       5.125391
      45.250000       5.104189
      45.350000       5.091082
      45.450000       5.077439
      45.550000       5.063536
      45.650000       5.032251
      45.750000       5.007677
      45.850000       5.004367
      45.950000       4.979950
      46.050000       4.960082
      46.150000       4.949393
      46.250000       4.931966
      46.350000       4.903334
      46.450000       4.902141
      46.550000       4.885619
      46.650000       4.858222
      46.750000       4.848723
      46.850000       4.819557
      46.950000       4.808615
      47.050000       4.791703
      47.150000       4.780909
      47.250000       4.760623
      47.350000       4.743306
      47.450000       4.726517
      47.550000       4.712776
      47.650000       4.694464
      47.750000       4.677777
      47.850000       4.672551
      47.950000       4.650629
      48.050000       4.638138
      48.150000       4.612631
      48.250000       4.604254
      48.350000       4.583633
      48.450000       4.564055
      48.550000       4.557353
      48.650000       4.538737
      48.750000       4.525251
      48.850000       4.507978
      48.950000       4.496014
      49.050000       4.473956
      49.150000       4.455108
      49.250000       4.436587
      49.350000       4.422878
      49.450000       4.405715
      49.550000       4.396596
      49.650000       4.373594
      49.750000       4.364876
      49.850000       4.343167
      49.950000       4.332527
      50.050000       4.314089
      50.150000       4.302726
      50.250000       4.285278
      50.350000       4.267857
      50.450000       4.253054
      50.550000       4.243274
      50.650000       4.221649
      50.750000       4.201640
      50.850000       4.194354
      50.950000       4.174466
      51.050000       4.162705
      51.150000       4.145325
      51.250000       4.134213
      51.350000       4.113676
      51.450000       4.102482
      51.550000       4.085805
      51.650000       4.075582
      51.750000       4.057410
      51.850000       4.039843
      51.950000       4.032349
      52.050000       4.021089
      52.150000       4.000760
      52.250000       3.987701
      52.350000       3.966757
      52.450000       3.952906
      52.550000       3.945750
      52.650000       3.926497
      52.750000       3.908793
      52.850000       3.899147
      52.950000       3.881182
      53.050000       3.863429
      53.150000       3.857754
      53.250000       3.844432
      53.350000       3.831615
      53.450000       3.814598
      53.550000       3.800897
      53.650000       3.781740
      53.750000       3.767824
      53.850000       3.763314
      53.950000       3.743840
      54.050000       3.731966
      54.150000       3.722999
      54.250000       3.699511
      54.350000       3.686091
      54.450000       3.674170
      54.550000       3.662899
      54.650000       3.646041
      54.750000       3.636319
      54.850000       3.624022
      54.950000       3.606222
      55.050000       3.594597
      55.150000       3.588564
      55.250000       3.574899
      55.350000       3.558119
      55.450000       3.550298
      55.550000       3.532212
      55.650000       3.518534
      55.750000       3.504193
      55.850000       3.498042
      55.950000       3.488144
      56.050000       3.471261
      56.150000       3.461428
      56.250000       3.446204
      56.350000       3.432619
      56.450000       3.417630
      56.550000       3.402188
      56.650000       3.399322
      56.750000       3.381570
      56.850000       3.364568
      56.950000       3.359021
      57.050000       3.345027
      57.150000       3.340024
      57.250000       3.319935
      57.350000       3.304098
      57.450000       3.292334
      57.550000       3.285161
      57.650000       3.262937
      57.750000       3.258801
      57.850000       3.241956
      57.950000       3.232556
      58.050000       3.219525
      58.150000       3.204026
      58.250000       3.187851
      58.350000       3.178680
      58.450000       3.166606
      58.550000       3.155748
      58.650000       3.136435
      58.750000       3.129617
      58.850000       3.109062
      58.950000       3.100777
      59.050000       3.088507
      59.150000       3.081150
      59.250000       3.069344
      59.350000       3.052410
      59.450000       3.037960
      59.550000       3.029675
      59.650000       3.016055
      59.750000       3.002385
      59.850000       2.995510
      59.950000       2.980668
      60.050000       2.970690
      60.150000       2.959512
      60.250000       2.948819
      60.350000       2.939567
      60.450000       2.925140
      60.550000       2.914611
      60.650000       2.901430
      60.750000       2.893826
      60.850000       2.879845
      60.950000       2.870188
      61.050000       2.859131
      61.150000       2.856656
      61.250000       2.840427
      61.350000       2.834668
      61.450000       2.820743
      61.550000       2.809543
      61.650000       2.797654
      61.750000       2.790965
      61.850000       2.777213
      61.950000       2.771088
      62.050000       2.767536
      62.150000       2.751974
      62.250000       2.738524
      62.350000       2.730218
      62.450000       2.724788
      62.550000       2.714932
      62.650000       2.699688
      62.750000       2.690863
      62.850000       2.679785
      62.950000       2.674613
      63.050000       2.664300
      63.150000       2.652233
      63.250000       2.642610
      63.350000       2.637323
      63.450000       2.623796
      63.550000       2.618533
      63.650000       2.612574
      63.750000       2.598479
      63.850000       2.593666
      63.950000       2.579062
      64.050000       2.571336
      64.150000       2.565623
      64.250000       2.556302
      64.350000       2.546614
      64.450000       2.534663
      64.550000       2.526927
      64.650000       2.521368
      64.750000       2.512496
      64.850000       2.499478
      64.950000       2.489810
      65.050000       2.484147
      65.150000       2.474290
      65.250000       2.460276
      65.350000       2.454615
      65.450000       2.447102
      65.550000       2.437469
      65.650000       2.427151
      65.750000       2.417280
      65.850000       2.409478
      65.950000       2.399057
      66.050000       2.392168
      66.150000       2.381924
      66.250000       2.370754
      66.350000       2.365063
      66.450000       2.356381
      66.550000       2.345074
      66.650000       2.338518
      66.750000       2.325644
      66.850000       2.316578
      66.950000       2.310408
      67.050000       2.297846
      67.150000       2.290116
      67.250000       2.278266
      67.350000       2.268676
      67.450000       2.263267
      67.550000       2.252920
      67.650000       2.239426
      67.750000       2.232887
      67.850000       2.224875
      67.950000       2.217397
      68.050000       2.210063
      68.150000       2.199003
      68.250000       2.189773
      68.350000       2.183648
      68.450000       2.170921
      68.550000       2.166096
      68.650000       2.153737
      68.750000       2.145873
      68.850000       2.137723
      68.950000       2.131165
      69.050000       2.118521
      69.150000       2.108595
      69.250000       2.103770
      69.350000       2.094935
      69.450000       2.086099
      69.550000       2.076289
      69.650000       2.065196
      69.750000       2.063073
      69.850000       2.053154
      69.950000       2.044893
      70.050000       2.034735
      70.150000       2.024954
      70.250000       2.018194
      70.350000       2.010002
      70.450000       2.001907
      70.550000       1.993608
      70.650000       1.985804
      70.750000       1.976998
      70.850000       1.966423
      70.950000       1.955327
      71.050000       1.951222
      71.150000       1.942376
      71.250000       1.931206
      71.350000       1.926798
      71.450000       1.914984
      71.550000       1.909445
      71.650000       1.901600
      71.750000       1.892824
      71.850000       1.883688
      71.950000       1.877623
      72.050000       1.870443
      72.150000       1.860603
      72.250000       1.856261
      72.350000       1.848294
      72.450000       1.837229
      72.550000       1.831957
      72.650000       1.824075
      72.750000       1.819450
      72.850000       1.806842
      72.950000       1.802820
      73.050000       1.798180
      73.150000       1.787815
      73.250000       1.781947
      73.350000       1.774262
      73.450000       1.769187
      73.550000       1.760757
      73.650000       1.751174
      73.750000       1.746439
      73.850000       1.742475
      73.950000       1.733034
      74.050000       1.729481
      74.150000       1.722701
      74.250000       1.715023
      74.350000       1.703650
      74.450000       1.697546
      74.550000       1.696677
      74.650000       1.688670
      74.750000       1.683781
      74.850000       1.674270
      74.950000       1.672238
      75.050000       1.663086
      75.150000       1.658844
      75.250000       1.647044
      75.350000       1.643756
      75.450000       1.640641
      75.550000       1.632703
      75.650000       1.627022
      75.750000       1.621785
      75.850000       1.613439
      75.950000       1.607300
      76.050000       1.604278
      76.150000       1.598211
      76.250000       1.590928
      76.350000       1.583328
      76.450000       1.576671
      76.550000       1.574695
      76.650000       1.567663
      76.750000       1.560501
      76.850000       1.556322
      76.950000       1.550576
      77.050000       1.545025
      77.150000       1.538769
      77.250000       1.530617
      77.350000       1.527806
      77.450000       1.520764
      77.550000       1.517306
      77.650000       1.512740
      77.750000       1.503441
      77.850000       1.499513
      77.950000       1.494236
      78.050000       1.486204
      78.150000       1.480667
      78.250000       1.474349
      78.350000       1.472575
      78.450000       1.463318
      78.550000       1.456077
      78.650000       1.450183
      78.750000       1.449224
      78.850000       1.439976
      78.950000       1.436664
      79.050000       1.429355
      79.150000       1.422511
      79.250000       1.417083
      79.350000       1.412762
      79.450000       1.406550
      79.550000       1.400410
      79.650000       1.394201
      79.750000       1.387103
      79.850000       1.383303
      79.950000       1.376100
      80.050000       1.372574
      80.150000       1.364721
      80.250000       1.358241
      80.350000       1.353393
      80.450000       1.347698
      80.550000       1.341608
      80.650000       1.336549
      80.750000       1.329600
      80.850000       1.324020
      80.950000       1.315468
      81.050000       1.312381
      81.150000       1.306729
      81.250000       1.299648
      81.350000       1.296713
      81.450000       1.289047
      81.550000       1.283007
      81.650000       1.279447
      81.750000       1.271376
      81.850000       1.268620
      81.950000       1.262041
      82.050000       1.257450
      82.150000       1.250229
      82.250000       1.245739
      82.350000       1.238600
      82.450000       1.233335
      82.550000       1.228388
      82.650000       1.224119
      82.750000       1.219287
      82.850000       1.211489
      82.950000       1.206644
      83.050000       1.201672
      83.150000       1.196489
      83.250000       1.194038
      83.350000       1.189025
      83.450000       1.182819
      83.550000       1.178566
      83.650000       1.174372
      83.750000       1.168352
      83.850000       1.163119
      83.950000       1.159833
      84.050000       1.154139
      84.150000       1.148478
      84.250000       1.144259
      84.350000       1.140554
      84.450000       1.134777
      84.550000       1.131398
      84.650000       1.129164
      84.750000       1.120827
      84.850000       1.118379
      84.950000       1.112216
      85.050000       1.107362
      85.150000       1.104482
      85.250000       1.098770
      85.350000       1.093883
      85.450000       1.089489
      85.550000       1.084069
      85.650000       1.081159
      85.750000       1.074923
      85.850000       1.070639
      85.950000       1.069285
      86.050000       1.062820
      86.150000       1.057323
      86.250000       1.053946
      86.350000       1.049754
      86.450000       1.045605
      86.550000       1.041679
      86.650000       1.035137
      86.750000       1.030762
      86.850000       1.027769
      86.950000       1.019930
      87.050000       1.017845
      87.150000       1.014670
      87.250000       1.010656
      87.350000       1.005499
      87.450000       1.000338
      87.550000       0.995210
      87.650000       0.992373
      87.750000       0.986574
      87.850000       0.982906
      87.950000       0.977022
      88.050000       0.972813
      88.150000       0.968492
      88.250000       0.966905
      88.350000       0.964651
      88.450000       0.956782
      88.550000       0.954467
      88.650000       0.950802
      88.750000       0.945590
      88.850000       0.939801
      88.950000       0.935368
      89.050000       0.936349
      89.150000       0.928518
      89.250000       0.922209
      89.350000       0.918724
      89.450000       0.915578
      89.550000       0.913334
      89.650000       0.907793
      89.750000       0.903303
      89.850000       0.900214
      89.950000       0.895835
      90.050000       0.892282
      90.150000       0.886036
      90.250000       0.883075
      90.350000       0.879683
      90.450000       0.873698
      90.550000       0.870015
      90.650000       0.868574
      90.750000       0.863661
      90.850000       0.859411
      90.950000       0.856246
      91.050000       0.851771
      91.150000       0.848087
      91.250000       0.844333
      91.350000       0.840197
      91.450000       0.835940
      91.550000       0.829866
      91.650000       0.829058
      91.750000       0.824460
      91.850000       0.820478
      91.950000       0.818704
      92.050000       0.813558
      92.150000       0.808740
      92.250000       0.805554
      92.350000       0.801828
      92.450000       0.798226
      92.550000       0.794027
      92.650000       0.791145
      92.750000       0.787052
      92.850000       0.783022
      92.950000       0.780261
      93.050000       0.775848
      93.150000       0.773923
      93.250000       0.768360
      93.350000       0.764928
      93.450000       0.762218
      93.550000       0.757919
      93.650000       0.755413
      93.750000       0.751797
      93.850000       0.750041
      93.950000       0.745138
      94.050000       0.743115
      94.150000       0.737651
      94.250000       0.733804
      94.350000       0.731360
      94.450000       0.727926
      94.550000       0.723457
      94.650000       0.721753
      94.750000       0.718606
      94.850000       0.716114
      94.950000       0.709539
      95.050000       0.707058
      95.150000       0.704975
      95.250000       0.701651
      95.350000       0.698908
      95.450000       0.695824
      95.550000       0.693159
      95.650000       0.688766
      95.750000       0.684468
      95.850000       0.681433
      95.950000       0.678233
      96.050000       0.675510
      96.150000       0.670393
      96.250000       0.669301
      96.350000       0.664078
      96.450000       0.660321
      96.550000       0.657070
      96.650000       0.654769
      96.750000       0.650531
      96.850000       0.647775
      96.950000       0.643710
      97.050000       0.641210
      97.150000       0.637748
      97.250000       0.634575
      97.350000       0.630037
      97.450000       0.627548
      97.550000       0.624061
      97.650000       0.621938
      97.750000       0.618717
      97.850000       0.616761
      97.950000       0.614002
      98.050000       0.609757
      98.150000       0.605774
      98.250000       0.603270
      98.350000       0.599812
      98.450000       0.597662
      98.550000       0.593720
      98.650000       0.591762
      98.750000       0.589446
      98.850000       0.586524
      98.950000       0.584430
      99.050000       0.580507
      99.150000       0.576090
      99.250000       0.574216
      99.350000       0.572695
      99.450000       0.568744
      99.550000       0.565251
      99.650000       0.564154
      99.750000       0.560853
      99.850000       0.558471
      99.950000       0.556139
