#Distance_(Ang) :1-1276_=>_:CA
       0.050000       0.000000
       0.150000       0.000000
       0.250000       0.000000
       0.350000       0.000000
       0.450000       0.000000
       0.550000       0.000000
       0.650000       0.000000
       0.750000       0.000000
       0.850000       0.000000
       0.950000       0.000000
       1.050000       0.000000
       1.150000       0.000000
       1.250000       0.000000
       1.350000       0.000000
       1.450000       0.000000
       1.550000       0.000000
       1.650000       0.000000
       1.750000       0.000000
       1.850000       0.000000
       1.950000       0.000000
       2.050000       0.000000
       2.150000       0.081581
       2.250000       6.312772
       2.350000      20.954939
       2.450000      13.313723
       2.550000       4.356571
       2.650000       1.583632
       2.750000       4.044054
       2.850000       4.418548
       2.950000       1.108627
       3.050000       0.435594
       3.150000       0.690354
       3.250000       1.201561
       3.350000       2.008582
       3.450000       3.089830
       3.550000       3.611408
       3.650000       3.970587
       3.750000       4.506380
       3.850000       4.187166
       3.950000       4.247128
       4.050000       5.137823
       4.150000       6.568251
       4.250000       8.650997
       4.350000      10.264937
       4.450000      10.312412
       4.550000      11.194473
       4.650000      12.633278
       4.750000      13.597452
       4.850000      13.419524
       4.950000      12.326522
       5.050000      11.900286
       5.150000      11.885464
       5.250000      11.598673
       5.350000      11.346576
       5.450000      11.319395
       5.550000      11.243504
       5.650000      11.333457
       5.750000      11.435343
       5.850000      11.678507
       5.950000      11.890082
       6.050000      12.249630
       6.150000      12.459567
       6.250000      12.469817
       6.350000      12.534591
       6.450000      12.617425
       6.550000      12.746847
       6.650000      12.844390
       6.750000      12.963329
       6.850000      13.102985
       6.950000      13.080205
       7.050000      12.878193
       7.150000      12.812341
       7.250000      12.573815
       7.350000      12.483561
       7.450000      12.231759
       7.550000      12.161481
       7.650000      12.135938
       7.750000      12.150882
       7.850000      12.048823
       7.950000      12.081532
       8.050000      12.063021
       8.150000      11.986576
       8.250000      11.982697
       8.350000      11.929771
       8.450000      11.947845
       8.550000      12.084802
       8.650000      12.155061
       8.750000      12.203388
       8.850000      12.084723
       8.950000      12.139658
       9.050000      12.140498
       9.150000      12.018023
       9.250000      11.909254
       9.350000      11.785407
       9.450000      11.744453
       9.550000      11.557684
       9.650000      11.482533
       9.750000      11.446494
       9.850000      11.444893
       9.950000      11.345712
      10.050000      11.349279
      10.150000      11.285286
      10.250000      11.170188
      10.350000      11.204635
      10.450000      11.114276
      10.550000      11.078114
      10.650000      11.055960
      10.750000      11.012368
      10.850000      10.987273
      10.950000      10.926359
      11.050000      10.907794
      11.150000      10.848764
      11.250000      10.732854
      11.350000      10.693067
      11.450000      10.691431
      11.550000      10.661751
      11.650000      10.665956
      11.750000      10.658246
      11.850000      10.673762
      11.950000      10.663128
      12.050000      10.608606
      12.150000      10.601309
      12.250000      10.617034
      12.350000      10.609526
      12.450000      10.591041
      12.550000      10.539049
      12.650000      10.523275
      12.750000      10.566752
      12.850000      10.523197
      12.950000      10.506815
      13.050000      10.461524
      13.150000      10.478884
      13.250000      10.423283
      13.350000      10.386130
      13.450000      10.417682
      13.550000      10.369635
      13.650000      10.333690
      13.750000      10.274724
      13.850000      10.330010
      13.950000      10.306350
      14.050000      10.272672
      14.150000      10.266425
      14.250000      10.278780
      14.350000      10.249413
      14.450000      10.231298
      14.550000      10.216274
      14.650000      10.301409
      14.750000      10.242959
      14.850000      10.252007
      14.950000      10.276106
      15.050000      10.288128
      15.150000      10.244403
      15.250000      10.240766
      15.350000      10.258057
      15.450000      10.254311
      15.550000      10.229534
      15.650000      10.227686
      15.750000      10.219545
      15.850000      10.213378
      15.950000      10.171013
      16.050000      10.170450
      16.150000      10.174099
      16.250000      10.123573
      16.350000      10.135436
      16.450000      10.096441
      16.550000      10.104017
      16.650000      10.036991
      16.750000      10.081236
      16.850000      10.006575
      16.950000      10.012532
      17.050000       9.991410
      17.150000       9.985040
      17.250000       9.970510
      17.350000       9.968356
      17.450000       9.935696
      17.550000       9.946162
      17.650000       9.883108
      17.750000       9.888215
      17.850000       9.859028
      17.950000       9.825085
      18.050000       9.825344
      18.150000       9.790279
      18.250000       9.777197
      18.350000       9.760796
      18.450000       9.710625
      18.550000       9.695303
      18.650000       9.688399
      18.750000       9.663352
      18.850000       9.661197
      18.950000       9.620372
      19.050000       9.614941
      19.150000       9.588313
      19.250000       9.594572
      19.350000       9.540054
      19.450000       9.539175
      19.550000       9.553076
      19.650000       9.502957
      19.750000       9.526018
      19.850000       9.531236
      19.950000       9.511959
      20.050000       9.492242
      20.150000       9.432200
      20.250000       9.430055
      20.350000       9.407248
      20.450000       9.415393
      20.550000       9.361930
      20.650000       9.353984
      20.750000       9.331047
      20.850000       9.339596
      20.950000       9.304588
      21.050000       9.286629
      21.150000       9.272221
      21.250000       9.229758
      21.350000       9.216509
      21.450000       9.198644
      21.550000       9.200582
      21.650000       9.170935
      21.750000       9.163247
      21.850000       9.091177
      21.950000       9.114451
      22.050000       9.087246
      22.150000       9.081381
      22.250000       9.038736
      22.350000       9.034876
      22.450000       8.990366
      22.550000       8.986239
      22.650000       8.977902
      22.750000       8.945366
      22.850000       8.943093
      22.950000       8.928195
      23.050000       8.919278
      23.150000       8.871063
      23.250000       8.866704
      23.350000       8.851493
      23.450000       8.831400
      23.550000       8.819506
      23.650000       8.787893
      23.750000       8.771412
      23.850000       8.765816
      23.950000       8.718336
      24.050000       8.698791
      24.150000       8.692654
      24.250000       8.681714
      24.350000       8.668767
      24.450000       8.653745
      24.550000       8.606064
      24.650000       8.613886
      24.750000       8.585087
      24.850000       8.592735
      24.950000       8.580357
      25.050000       8.546459
      25.150000       8.558869
      25.250000       8.563288
      25.350000       8.496844
      25.450000       8.504754
      25.550000       8.481779
      25.650000       8.489514
      25.750000       8.492666
      25.850000       8.452500
      25.950000       8.434243
      26.050000       8.445372
      26.150000       8.431815
      26.250000       8.413701
      26.350000       8.402970
      26.450000       8.388801
      26.550000       8.391318
      26.650000       8.371405
      26.750000       8.333277
      26.850000       8.339723
      26.950000       8.292368
      27.050000       8.314498
      27.150000       8.303341
      27.250000       8.295231
      27.350000       8.276474
      27.450000       8.280599
      27.550000       8.254121
      27.650000       8.243504
      27.750000       8.240184
      27.850000       8.200589
      27.950000       8.183345
      28.050000       8.192738
      28.150000       8.168750
      28.250000       8.155007
      28.350000       8.134236
      28.450000       8.117804
      28.550000       8.104200
      28.650000       8.069910
      28.750000       8.064287
      28.850000       8.057147
      28.950000       8.049483
      29.050000       8.022339
      29.150000       8.026759
      29.250000       7.996636
      29.350000       7.982245
      29.450000       7.974206
      29.550000       7.957976
      29.650000       7.954725
      29.750000       7.924241
      29.850000       7.905446
      29.950000       7.902292
      30.050000       7.891914
      30.150000       7.859180
      30.250000       7.845341
      30.350000       7.832818
      30.450000       7.818265
      30.550000       7.781019
      30.650000       7.776884
      30.750000       7.764975
      30.850000       7.751122
      30.950000       7.731736
      31.050000       7.712557
      31.150000       7.690364
      31.250000       7.663320
      31.350000       7.668202
      31.450000       7.631443
      31.550000       7.611447
      31.650000       7.588276
      31.750000       7.570484
      31.850000       7.556138
      31.950000       7.536409
      32.050000       7.521160
      32.150000       7.503044
      32.250000       7.455084
      32.350000       7.445961
      32.450000       7.421457
      32.550000       7.403495
      32.650000       7.391720
      32.750000       7.376573
      32.850000       7.325024
      32.950000       7.337338
      33.050000       7.308278
      33.150000       7.293682
      33.250000       7.293561
      33.350000       7.240076
      33.450000       7.238518
      33.550000       7.215187
      33.650000       7.198558
      33.750000       7.171518
      33.850000       7.168113
      33.950000       7.128109
      34.050000       7.103355
      34.150000       7.090825
      34.250000       7.094299
      34.350000       7.061625
      34.450000       7.041080
      34.550000       7.008691
      34.650000       6.997657
      34.750000       6.982777
      34.850000       6.971289
      34.950000       6.940193
      35.050000       6.917541
      35.150000       6.909964
      35.250000       6.892246
      35.350000       6.870961
      35.450000       6.854657
      35.550000       6.836782
      35.650000       6.818724
      35.750000       6.810231
      35.850000       6.782563
      35.950000       6.770843
      36.050000       6.749233
      36.150000       6.729161
      36.250000       6.706684
      36.350000       6.693673
      36.450000       6.680486
      36.550000       6.662313
      36.650000       6.632027
      36.750000       6.615111
      36.850000       6.605243
      36.950000       6.580397
      37.050000       6.568253
      37.150000       6.538489
      37.250000       6.525037
      37.350000       6.498280
      37.450000       6.482492
      37.550000       6.466151
      37.650000       6.455152
      37.750000       6.442929
      37.850000       6.417685
      37.950000       6.395059
      38.050000       6.370983
      38.150000       6.366809
      38.250000       6.361585
      38.350000       6.326334
      38.450000       6.313405
      38.550000       6.304575
      38.650000       6.281723
      38.750000       6.276799
      38.850000       6.252477
      38.950000       6.237077
      39.050000       6.221412
      39.150000       6.197888
      39.250000       6.189908
      39.350000       6.170610
      39.450000       6.155085
      39.550000       6.145471
      39.650000       6.123165
      39.750000       6.117427
      39.850000       6.102031
      39.950000       6.085568
      40.050000       6.059011
      40.150000       6.045093
      40.250000       6.028894
      40.350000       6.012409
      40.450000       5.996893
      40.550000       5.981829
      40.650000       5.965429
      40.750000       5.947581
      40.850000       5.934598
      40.950000       5.919050
      41.050000       5.894115
      41.150000       5.879354
      41.250000       5.862641
      41.350000       5.844559
      41.450000       5.827226
      41.550000       5.815861
      41.650000       5.798186
      41.750000       5.791881
      41.850000       5.754444
      41.950000       5.742947
      42.050000       5.727700
      42.150000       5.708967
      42.250000       5.697006
      42.350000       5.676848
      42.450000       5.659543
      42.550000       5.646034
      42.650000       5.632136
      42.750000       5.617563
      42.850000       5.593189
      42.950000       5.578149
      43.050000       5.556344
      43.150000       5.540607
      43.250000       5.527405
      43.350000       5.502955
      43.450000       5.494469
      43.550000       5.484264
      43.650000       5.456199
      43.750000       5.456256
      43.850000       5.426654
      43.950000       5.412228
      44.050000       5.391023
      44.150000       5.377025
      44.250000       5.354828
      44.350000       5.333588
      44.450000       5.316862
      44.550000       5.301757
      44.650000       5.278568
      44.750000       5.273325
      44.850000       5.259508
      44.950000       5.232625
      45.050000       5.215113
      45.150000       5.196378
      45.250000       5.168831
      45.350000       5.170850
      45.450000       5.153721
      45.550000       5.128754
      45.650000       5.115712
      45.750000       5.087598
      45.850000       5.068200
      45.950000       5.052060
      46.050000       5.035391
      46.150000       5.014458
      46.250000       5.012472
      46.350000       4.977870
      46.450000       4.957253
      46.550000       4.954744
      46.650000       4.929473
      46.750000       4.901328
      46.850000       4.903493
      46.950000       4.872631
      47.050000       4.850831
      47.150000       4.832664
      47.250000       4.825333
      47.350000       4.803788
      47.450000       4.783464
      47.550000       4.769126
      47.650000       4.757370
      47.750000       4.740346
      47.850000       4.719688
      47.950000       4.712269
      48.050000       4.695540
      48.150000       4.667884
      48.250000       4.658540
      48.350000       4.645680
      48.450000       4.622412
      48.550000       4.608905
      48.650000       4.595092
      48.750000       4.577743
      48.850000       4.563813
      48.950000       4.539650
      49.050000       4.537726
      49.150000       4.523931
      49.250000       4.506269
      49.350000       4.488623
      49.450000       4.466825
      49.550000       4.456362
      49.650000       4.437590
      49.750000       4.425687
      49.850000       4.404429
      49.950000       4.396163
      50.050000       4.377290
      50.150000       4.365787
      50.250000       4.354899
      50.350000       4.335712
      50.450000       4.309749
      50.550000       4.304241
      50.650000       4.288996
      50.750000       4.275393
      50.850000       4.252169
      50.950000       4.237923
      51.050000       4.225496
      51.150000       4.213161
      51.250000       4.195343
      51.350000       4.179654
      51.450000       4.163386
      51.550000       4.156105
      51.650000       4.139169
      51.750000       4.122549
      51.850000       4.116787
      51.950000       4.088190
      52.050000       4.080862
      52.150000       4.058073
      52.250000       4.045482
      52.350000       4.039089
      52.450000       4.023664
      52.550000       4.006469
      52.650000       3.991387
      52.750000       3.980310
      52.850000       3.961622
      52.950000       3.951737
      53.050000       3.935638
      53.150000       3.916240
      53.250000       3.907583
      53.350000       3.889537
      53.450000       3.879544
      53.550000       3.860311
      53.650000       3.849335
      53.750000       3.840284
      53.850000       3.819960
      53.950000       3.810079
      54.050000       3.792872
      54.150000       3.777452
      54.250000       3.767839
      54.350000       3.749934
      54.450000       3.738235
      54.550000       3.725093
      54.650000       3.710218
      54.750000       3.690047
      54.850000       3.689263
      54.950000       3.668568
      55.050000       3.655197
      55.150000       3.644973
      55.250000       3.625377
      55.350000       3.621502
      55.450000       3.608475
      55.550000       3.593334
      55.650000       3.575594
      55.750000       3.563332
      55.850000       3.556078
      55.950000       3.539914
      56.050000       3.534637
      56.150000       3.515142
      56.250000       3.504423
      56.350000       3.495507
      56.450000       3.479608
      56.550000       3.464904
      56.650000       3.455279
      56.750000       3.445220
      56.850000       3.427172
      56.950000       3.415212
      57.050000       3.402843
      57.150000       3.387924
      57.250000       3.375882
      57.350000       3.363922
      57.450000       3.347105
      57.550000       3.339898
      57.650000       3.327564
      57.750000       3.314296
      57.850000       3.292088
      57.950000       3.289781
      58.050000       3.273001
      58.150000       3.259289
      58.250000       3.244778
      58.350000       3.234083
      58.450000       3.217414
      58.550000       3.204606
      58.650000       3.194912
      58.750000       3.187758
      58.850000       3.171432
      58.950000       3.156630
      59.050000       3.144882
      59.150000       3.134811
      59.250000       3.115511
      59.350000       3.106141
      59.450000       3.090096
      59.550000       3.081676
      59.650000       3.064265
      59.750000       3.052039
      59.850000       3.042590
      59.950000       3.030186
      60.050000       3.017436
      60.150000       3.008795
      60.250000       2.994384
      60.350000       2.978097
      60.450000       2.971927
      60.550000       2.963384
      60.650000       2.949690
      60.750000       2.938452
      60.850000       2.928387
      60.950000       2.911105
      61.050000       2.901969
      61.150000       2.892016
      61.250000       2.879167
      61.350000       2.866181
      61.450000       2.854784
      61.550000       2.845343
      61.650000       2.831592
      61.750000       2.819581
      61.850000       2.814442
      61.950000       2.802358
      62.050000       2.791423
      62.150000       2.782052
      62.250000       2.767003
      62.350000       2.757473
      62.450000       2.748199
      62.550000       2.740054
      62.650000       2.729141
      62.750000       2.717500
      62.850000       2.708506
      62.950000       2.703990
      63.050000       2.691441
      63.150000       2.675815
      63.250000       2.668781
      63.350000       2.659425
      63.450000       2.651670
      63.550000       2.643930
      63.650000       2.625059
      63.750000       2.626959
      63.850000       2.616781
      63.950000       2.606869
      64.050000       2.591608
      64.150000       2.588866
      64.250000       2.574881
      64.350000       2.569174
      64.450000       2.556494
      64.550000       2.548689
      64.650000       2.541979
      64.750000       2.532849
      64.850000       2.520065
      64.950000       2.509028
      65.050000       2.500515
      65.150000       2.493980
      65.250000       2.482484
      65.350000       2.471582
      65.450000       2.465491
      65.550000       2.456676
      65.650000       2.443934
      65.750000       2.437125
      65.850000       2.427993
      65.950000       2.417785
      66.050000       2.413019
      66.150000       2.399533
      66.250000       2.385662
      66.350000       2.381180
      66.450000       2.372606
      66.550000       2.360252
      66.650000       2.351564
      66.750000       2.343515
      66.850000       2.332884
      66.950000       2.322312
      67.050000       2.311306
      67.150000       2.303986
      67.250000       2.297942
      67.350000       2.287665
      67.450000       2.273719
      67.550000       2.267074
      67.650000       2.258617
      67.750000       2.247726
      67.850000       2.237971
      67.950000       2.225883
      68.050000       2.220655
      68.150000       2.207646
      68.250000       2.202332
      68.350000       2.189123
      68.450000       2.182839
      68.550000       2.171188
      68.650000       2.165927
      68.750000       2.153658
      68.850000       2.143821
      68.950000       2.134199
      69.050000       2.126754
      69.150000       2.113461
      69.250000       2.108667
      69.350000       2.101363
      69.450000       2.088420
      69.550000       2.079786
      69.650000       2.075615
      69.750000       2.064884
      69.850000       2.056497
      69.950000       2.046134
      70.050000       2.036843
      70.150000       2.025224
      70.250000       2.018577
      70.350000       2.007928
      70.450000       2.002032
      70.550000       1.990071
      70.650000       1.980264
      70.750000       1.972767
      70.850000       1.961877
      70.950000       1.956269
      71.050000       1.947136
      71.150000       1.935502
      71.250000       1.932296
      71.350000       1.920612
      71.450000       1.912357
      71.550000       1.904279
      71.650000       1.896713
      71.750000       1.887576
      71.850000       1.875724
      71.950000       1.867452
      72.050000       1.863079
      72.150000       1.852833
      72.250000       1.843813
      72.350000       1.838577
      72.450000       1.829036
      72.550000       1.821368
      72.650000       1.816553
      72.750000       1.804126
      72.850000       1.798717
      72.950000       1.789540
      73.050000       1.784611
      73.150000       1.778443
      73.250000       1.767061
      73.350000       1.760761
      73.450000       1.749834
      73.550000       1.746546
      73.650000       1.739866
      73.750000       1.731724
      73.850000       1.723531
      73.950000       1.716289
      74.050000       1.707789
      74.150000       1.701681
      74.250000       1.695596
      74.350000       1.689597
      74.450000       1.681527
      74.550000       1.672090
      74.650000       1.667152
      74.750000       1.660649
      74.850000       1.654290
      74.950000       1.646100
      75.050000       1.640876
      75.150000       1.630900
      75.250000       1.627635
      75.350000       1.620961
      75.450000       1.616915
      75.550000       1.610343
      75.650000       1.604888
      75.750000       1.596193
      75.850000       1.591737
      75.950000       1.582755
      76.050000       1.576813
      76.150000       1.569751
      76.250000       1.566274
      76.350000       1.558245
      76.450000       1.549607
      76.550000       1.544650
      76.650000       1.537927
      76.750000       1.530953
      76.850000       1.524678
      76.950000       1.519597
      77.050000       1.515276
      77.150000       1.505680
      77.250000       1.502349
      77.350000       1.494917
      77.450000       1.490238
      77.550000       1.484965
      77.650000       1.479215
      77.750000       1.468610
      77.850000       1.466687
      77.950000       1.458860
      78.050000       1.454255
      78.150000       1.447057
      78.250000       1.442171
      78.350000       1.437437
      78.450000       1.430458
      78.550000       1.424167
      78.650000       1.417880
      78.750000       1.407902
      78.850000       1.404473
      78.950000       1.401920
      79.050000       1.392771
      79.150000       1.387928
      79.250000       1.382757
      79.350000       1.376952
      79.450000       1.372222
      79.550000       1.365780
      79.650000       1.359221
      79.750000       1.353477
      79.850000       1.347939
      79.950000       1.344057
      80.050000       1.335311
      80.150000       1.330476
      80.250000       1.325412
      80.350000       1.320189
      80.450000       1.314865
      80.550000       1.309247
      80.650000       1.303598
      80.750000       1.295768
      80.850000       1.291299
      80.950000       1.286910
      81.050000       1.279936
      81.150000       1.277304
      81.250000       1.270510
      81.350000       1.263189
      81.450000       1.260799
      81.550000       1.255343
      81.650000       1.250308
      81.750000       1.244988
      81.850000       1.239752
      81.950000       1.233100
      82.050000       1.230239
      82.150000       1.225233
      82.250000       1.220444
      82.350000       1.210606
      82.450000       1.206981
      82.550000       1.203082
      82.650000       1.197597
      82.750000       1.191704
      82.850000       1.187730
      82.950000       1.182929
      83.050000       1.178153
      83.150000       1.172488
      83.250000       1.167798
      83.350000       1.163605
      83.450000       1.156271
      83.550000       1.153381
      83.650000       1.148749
      83.750000       1.145909
      83.850000       1.140104
      83.950000       1.135617
      84.050000       1.130352
      84.150000       1.126777
      84.250000       1.121972
      84.350000       1.115742
      84.450000       1.110853
      84.550000       1.106832
      84.650000       1.103343
      84.750000       1.098679
      84.850000       1.094126
      84.950000       1.090661
      85.050000       1.085405
      85.150000       1.082135
      85.250000       1.077027
      85.350000       1.073198
      85.450000       1.066200
      85.550000       1.063290
      85.650000       1.057456
      85.750000       1.053850
      85.850000       1.047457
      85.950000       1.045397
      86.050000       1.042235
      86.150000       1.036817
      86.250000       1.032200
      86.350000       1.029758
      86.450000       1.025018
      86.550000       1.020065
      86.650000       1.016472
      86.750000       1.010223
      86.850000       1.007828
      86.950000       1.003387
      87.050000       0.996879
      87.150000       0.995522
      87.250000       0.992062
      87.350000       0.986483
      87.450000       0.983009
      87.550000       0.979576
      87.650000       0.972675
      87.750000       0.969721
      87.850000       0.964497
      87.950000       0.962051
      88.050000       0.955469
      88.150000       0.952216
      88.250000       0.949094
      88.350000       0.946341
      88.450000       0.938434
      88.550000       0.935868
      88.650000       0.929172
      88.750000       0.927501
      88.850000       0.923515
      88.950000       0.918186
      89.050000       0.913338
      89.150000       0.908953
      89.250000       0.905091
      89.350000       0.900102
      89.450000       0.896238
      89.550000       0.891956
      89.650000       0.887733
      89.750000       0.883509
      89.850000       0.879990
      89.950000       0.874222
      90.050000       0.871564
      90.150000       0.865638
      90.250000       0.863072
      90.350000       0.857674
      90.450000       0.854556
      90.550000       0.848635
      90.650000       0.845421
      90.750000       0.841175
      90.850000       0.837637
      90.950000       0.832455
      91.050000       0.827619
      91.150000       0.825299
      91.250000       0.818554
      91.350000       0.815836
      91.450000       0.813004
      91.550000       0.808603
      91.650000       0.803002
      91.750000       0.800294
      91.850000       0.794365
      91.950000       0.790088
      92.050000       0.787652
      92.150000       0.782542
      92.250000       0.779860
      92.350000       0.774997
      92.450000       0.772261
      92.550000       0.766615
      92.650000       0.763910
      92.750000       0.759177
      92.850000       0.756361
      92.950000       0.751556
      93.050000       0.748890
      93.150000       0.744599
      93.250000       0.741328
      93.350000       0.738903
      93.450000       0.734298
      93.550000       0.729595
      93.650000       0.725872
      93.750000       0.722288
      93.850000       0.718866
      93.950000       0.716249
      94.050000       0.712510
      94.150000       0.709287
      94.250000       0.703431
      94.350000       0.701564
      94.450000       0.697788
      94.550000       0.695274
      94.650000       0.690790
      94.750000       0.686576
      94.850000       0.685860
      94.950000       0.680849
      95.050000       0.678513
      95.150000       0.675656
      95.250000       0.671322
      95.350000       0.668536
      95.450000       0.665276
      95.550000       0.660649
      95.650000       0.657377
      95.750000       0.654433
      95.850000       0.649989
      95.950000       0.647653
      96.050000       0.644017
      96.150000       0.639136
      96.250000       0.637006
      96.350000       0.634084
      96.450000       0.629522
      96.550000       0.626584
      96.650000       0.622144
      96.750000       0.619787
      96.850000       0.617069
      96.950000       0.613352
      97.050000       0.609092
      97.150000       0.606434
      97.250000       0.603675
      97.350000       0.600593
      97.450000       0.597540
      97.550000       0.593281
      97.650000       0.590579
      97.750000       0.587485
      97.850000       0.584310
      97.950000       0.582654
      98.050000       0.578389
      98.150000       0.576186
      98.250000       0.571340
      98.350000       0.570489
      98.450000       0.565513
      98.550000       0.563228
      98.650000       0.558766
      98.750000       0.558264
      98.850000       0.553507
      98.950000       0.553759
      99.050000       0.549071
      99.150000       0.545342
      99.250000       0.544798
      99.350000       0.541285
      99.450000       0.538943
      99.550000       0.535068
      99.650000       0.533112
      99.750000       0.529511
      99.850000       0.528219
      99.950000       0.525482
