#Distance_(Ang) :1-1276_=>_:Na+
       0.050000        0.000000
       0.150000        0.000000
       0.250000        0.000000
       0.350000        0.000000
       0.450000        0.000000
       0.550000        0.000000
       0.650000        0.000000
       0.750000        0.000000
       0.850000        0.000000
       0.950000        0.000000
       1.050000        0.000000
       1.150000        0.000000
       1.250000        0.000000
       1.350000        0.000000
       1.450000        0.000000
       1.550000        0.000000
       1.650000        0.000000
       1.750000        0.000000
       1.850000        0.000000
       1.950000        0.000230
       2.050000        0.103788
       2.150000        0.607463
       2.250000        0.779243
       2.350000        0.489130
       2.450000        0.276959
       2.550000        0.200707
       2.650000        0.160901
       2.750000        0.147791
       2.850000        0.158416
       2.950000        0.197179
       3.050000        0.259603
       3.150000        0.330249
       3.250000        0.422444
       3.350000        0.501100
       3.450000        0.551440
       3.550000        0.502394
       3.650000        0.481753
       3.750000        0.484808
       3.850000        0.528032
       3.950000        0.603366
       4.050000        0.685716
       4.150000        0.777427
       4.250000        0.840450
       4.350000        0.891091
       4.450000        0.888386
       4.550000        0.891233
       4.650000        0.879850
       4.750000        0.862141
       4.850000        0.857941
       4.950000        0.875037
       5.050000        0.875591
       5.150000        0.886771
       5.250000        0.903750
       5.350000        0.912761
       5.450000        0.924283
       5.550000        0.947899
       5.650000        0.967796
       5.750000        0.986967
       5.850000        1.008010
       5.950000        1.015982
       6.050000        1.016635
       6.150000        1.028288
       6.250000        1.036013
       6.350000        1.032426
       6.450000        1.018685
       6.550000        1.017997
       6.650000        1.028318
       6.750000        1.008016
       6.850000        1.017072
       6.950000        1.020858
       7.050000        1.007067
       7.150000        1.010470
       7.250000        1.017852
       7.350000        1.009219
       7.450000        1.010308
       7.550000        1.015042
       7.650000        1.019394
       7.750000        1.030055
       7.850000        1.026027
       7.950000        1.032562
       8.050000        1.032779
       8.150000        1.038728
       8.250000        1.042800
       8.350000        1.039897
       8.450000        1.030238
       8.550000        1.028449
       8.650000        1.025800
       8.750000        1.025783
       8.850000        1.024934
       8.950000        1.026436
       9.050000        1.026575
       9.150000        1.033461
       9.250000        1.034918
       9.350000        1.031878
       9.450000        1.038769
       9.550000        1.040748
       9.650000        1.042939
       9.750000        1.044979
       9.850000        1.044392
       9.950000        1.041856
      10.050000        1.045294
      10.150000        1.046065
      10.250000        1.039919
      10.350000        1.044037
      10.450000        1.041728
      10.550000        1.035051
      10.650000        1.035809
      10.750000        1.031182
      10.850000        1.036089
      10.950000        1.024251
      11.050000        1.030857
      11.150000        1.036871
      11.250000        1.030079
      11.350000        1.033510
      11.450000        1.036758
      11.550000        1.034847
      11.650000        1.036643
      11.750000        1.044460
      11.850000        1.039283
      11.950000        1.045819
      12.050000        1.044008
      12.150000        1.050588
      12.250000        1.052700
      12.350000        1.052079
      12.450000        1.054512
      12.550000        1.051334
      12.650000        1.054458
      12.750000        1.056908
      12.850000        1.058220
      12.950000        1.058938
      13.050000        1.066119
      13.150000        1.066836
      13.250000        1.063328
      13.350000        1.064513
      13.450000        1.065319
      13.550000        1.069677
      13.650000        1.069356
      13.750000        1.067430
      13.850000        1.074403
      13.950000        1.073442
      14.050000        1.073051
      14.150000        1.077980
      14.250000        1.075781
      14.350000        1.078580
      14.450000        1.082796
      14.550000        1.083746
      14.650000        1.083262
      14.750000        1.086654
      14.850000        1.083998
      14.950000        1.088460
      15.050000        1.091916
      15.150000        1.089315
      15.250000        1.093586
      15.350000        1.091404
      15.450000        1.098746
      15.550000        1.095492
      15.650000        1.092893
      15.750000        1.093813
      15.850000        1.091346
      15.950000        1.098933
      16.050000        1.097163
      16.150000        1.101107
      16.250000        1.100037
      16.350000        1.101814
      16.450000        1.103606
      16.550000        1.104376
      16.650000        1.106634
      16.750000        1.107342
      16.850000        1.106461
      16.950000        1.109168
      17.050000        1.109711
      17.150000        1.107825
      17.250000        1.109946
      17.350000        1.110721
      17.450000        1.113211
      17.550000        1.113203
      17.650000        1.108040
      17.750000        1.110833
      17.850000        1.110439
      17.950000        1.111037
      18.050000        1.105751
      18.150000        1.110739
      18.250000        1.109794
      18.350000        1.109017
      18.450000        1.112751
      18.550000        1.110837
      18.650000        1.108903
      18.750000        1.108105
      18.850000        1.106551
      18.950000        1.104578
      19.050000        1.110583
      19.150000        1.107779
      19.250000        1.109318
      19.350000        1.109240
      19.450000        1.107360
      19.550000        1.108405
      19.650000        1.106949
      19.750000        1.107565
      19.850000        1.109593
      19.950000        1.107944
      20.050000        1.107175
      20.150000        1.106841
      20.250000        1.108615
      20.350000        1.108086
      20.450000        1.108906
      20.550000        1.109816
      20.650000        1.107714
      20.750000        1.106428
      20.850000        1.107556
      20.950000        1.107852
      21.050000        1.105496
      21.150000        1.103572
      21.250000        1.110468
      21.350000        1.107312
      21.450000        1.109075
      21.550000        1.107502
      21.650000        1.105695
      21.750000        1.107358
      21.850000        1.104563
      21.950000        1.106540
      22.050000        1.104463
      22.150000        1.103438
      22.250000        1.103358
      22.350000        1.101496
      22.450000        1.103978
      22.550000        1.104350
      22.650000        1.101621
      22.750000        1.100949
      22.850000        1.101652
      22.950000        1.101571
      23.050000        1.099198
      23.150000        1.100244
      23.250000        1.099256
      23.350000        1.100463
      23.450000        1.101041
      23.550000        1.100688
      23.650000        1.098086
      23.750000        1.101687
      23.850000        1.098075
      23.950000        1.099288
      24.050000        1.100019
      24.150000        1.098319
      24.250000        1.099782
      24.350000        1.098642
      24.450000        1.099700
      24.550000        1.099868
      24.650000        1.098603
      24.750000        1.101061
      24.850000        1.101169
      24.950000        1.101049
      25.050000        1.096569
      25.150000        1.098591
      25.250000        1.095969
      25.350000        1.098658
      25.450000        1.098850
      25.550000        1.098879
      25.650000        1.098079
      25.750000        1.100029
      25.850000        1.096931
      25.950000        1.099045
      26.050000        1.098031
      26.150000        1.101446
      26.250000        1.099909
      26.350000        1.100760
      26.450000        1.099051
      26.550000        1.099003
      26.650000        1.099918
      26.750000        1.101772
      26.850000        1.102917
      26.950000        1.102776
      27.050000        1.101130
      27.150000        1.102651
      27.250000        1.103523
      27.350000        1.104342
      27.450000        1.102841
      27.550000        1.103229
      27.650000        1.104497
      27.750000        1.104112
      27.850000        1.104061
      27.950000        1.103066
      28.050000        1.104957
      28.150000        1.104417
      28.250000        1.103504
      28.350000        1.103781
      28.450000        1.101786
      28.550000        1.103915
      28.650000        1.104012
      28.750000        1.103994
      28.850000        1.105240
      28.950000        1.102816
      29.050000        1.104025
      29.150000        1.103685
      29.250000        1.102395
      29.350000        1.104635
      29.450000        1.103742
      29.550000        1.101839
      29.650000        1.104228
      29.750000        1.102773
      29.850000        1.102344
      29.950000        1.102725
      30.050000        1.103944
      30.150000        1.104634
      30.250000        1.103565
      30.350000        1.103931
      30.450000        1.104757
      30.550000        1.104583
      30.650000        1.105173
      30.750000        1.104702
      30.850000        1.104874
      30.950000        1.106149
      31.050000        1.106765
      31.150000        1.103539
      31.250000        1.105501
      31.350000        1.104337
      31.450000        1.103839
      31.550000        1.104771
      31.650000        1.100840
      31.750000        1.102284
      31.850000        1.102220
      31.950000        1.102358
      32.050000        1.102791
      32.150000        1.100118
      32.250000        1.101437
      32.350000        1.101981
      32.450000        1.100956
      32.550000        1.099248
      32.650000        1.098094
      32.750000        1.100322
      32.850000        1.096791
      32.950000        1.097680
      33.050000        1.098734
      33.150000        1.098416
      33.250000        1.098250
      33.350000        1.100097
      33.450000        1.097206
      33.550000        1.097128
      33.650000        1.096177
      33.750000        1.096359
      33.850000        1.097253
      33.950000        1.095640
      34.050000        1.096446
      34.150000        1.095910
      34.250000        1.093998
      34.350000        1.093643
      34.450000        1.094517
      34.550000        1.094319
      34.650000        1.093800
      34.750000        1.093688
      34.850000        1.093396
      34.950000        1.091211
      35.050000        1.092456
      35.150000        1.091732
      35.250000        1.091384
      35.350000        1.092060
      35.450000        1.088973
      35.550000        1.089765
      35.650000        1.090478
      35.750000        1.091631
      35.850000        1.089299
      35.950000        1.088174
      36.050000        1.090447
      36.150000        1.089398
      36.250000        1.089877
      36.350000        1.087641
      36.450000        1.088833
      36.550000        1.086460
      36.650000        1.087647
      36.750000        1.088297
      36.850000        1.087168
      36.950000        1.086934
      37.050000        1.087857
      37.150000        1.087166
      37.250000        1.087750
      37.350000        1.087376
      37.450000        1.087548
      37.550000        1.088115
      37.650000        1.086619
      37.750000        1.086537
      37.850000        1.087735
      37.950000        1.086204
      38.050000        1.087111
      38.150000        1.086389
      38.250000        1.087268
      38.350000        1.086758
      38.450000        1.087611
      38.550000        1.087344
      38.650000        1.086391
      38.750000        1.086898
      38.850000        1.085925
      38.950000        1.086720
      39.050000        1.085513
      39.150000        1.084573
      39.250000        1.085530
      39.350000        1.086271
      39.450000        1.085250
      39.550000        1.085445
      39.650000        1.084889
      39.750000        1.085569
      39.850000        1.086100
      39.950000        1.085865
      40.050000        1.086013
      40.150000        1.086198
      40.250000        1.085768
      40.350000        1.086504
      40.450000        1.088648
      40.550000        1.085882
      40.650000        1.086822
      40.750000        1.086680
      40.850000        1.087050
      40.950000        1.085596
      41.050000        1.086106
      41.150000        1.086518
      41.250000        1.086987
      41.350000        1.087781
      41.450000        1.088078
      41.550000        1.087252
      41.650000        1.087952
      41.750000        1.086626
      41.850000        1.087635
      41.950000        1.087470
      42.050000        1.087147
      42.150000        1.086938
      42.250000        1.087124
      42.350000        1.087111
      42.450000        1.086690
      42.550000        1.087479
      42.650000        1.086598
      42.750000        1.086754
      42.850000        1.085494
      42.950000        1.086742
      43.050000        1.087266
      43.150000        1.085626
      43.250000        1.085712
      43.350000        1.085759
      43.450000        1.085784
      43.550000        1.085333
      43.650000        1.086384
      43.750000        1.086560
      43.850000        1.085796
      43.950000        1.086592
      44.050000        1.085345
      44.150000        1.084729
      44.250000        1.085335
      44.350000        1.086551
      44.450000        1.086556
      44.550000        1.085644
      44.650000        1.084957
      44.750000        1.085419
      44.850000        1.084634
      44.950000        1.085037
      45.050000        1.085275
      45.150000        1.084725
      45.250000        1.085377
      45.350000        1.084712
      45.450000        1.084352
      45.550000        1.084981
      45.650000        1.084182
      45.750000        1.083778
      45.850000        1.085103
      45.950000        1.085914
      46.050000        1.085134
      46.150000        1.085257
      46.250000        1.083925
      46.350000        1.085321
      46.450000        1.084227
      46.550000        1.084796
      46.650000        1.082296
      46.750000        1.083539
      46.850000        1.084345
      46.950000        1.082883
      47.050000        1.084531
      47.150000        1.084294
      47.250000        1.082795
      47.350000        1.082348
      47.450000        1.083574
      47.550000        1.083911
      47.650000        1.081857
      47.750000        1.081476
      47.850000        1.081435
      47.950000        1.082027
      48.050000        1.082160
      48.150000        1.081567
      48.250000        1.081877
      48.350000        1.080250
      48.450000        1.081083
      48.550000        1.080577
      48.650000        1.079362
      48.750000        1.079744
      48.850000        1.080507
      48.950000        1.079576
      49.050000        1.080526
      49.150000        1.078556
      49.250000        1.077989
      49.350000        1.078058
      49.450000        1.078022
      49.550000        1.077591
      49.650000        1.077263
      49.750000        1.076923
      49.850000        1.077221
      49.950000        1.077359
      50.050000        1.075815
      50.150000        1.076581
      50.250000        1.076846
      50.350000        1.077899
      50.450000        1.076820
      50.550000        1.075662
      50.650000        1.076830
      50.750000        1.075896
      50.850000        1.075382
      50.950000        1.076460
      51.050000        1.074730
      51.150000        1.075264
      51.250000        1.075036
      51.350000        1.075001
      51.450000        1.073681
      51.550000        1.074553
      51.650000        1.073547
      51.750000        1.073922
      51.850000        1.073041
      51.950000        1.074010
      52.050000        1.072990
      52.150000        1.073361
      52.250000        1.073211
      52.350000        1.072585
      52.450000        1.072262
      52.550000        1.072811
      52.650000        1.071839
      52.750000        1.072169
      52.850000        1.071196
      52.950000        1.071593
      53.050000        1.071231
      53.150000        1.070286
      53.250000        1.071174
      53.350000        1.069892
      53.450000        1.070281
      53.550000        1.070917
      53.650000        1.070443
      53.750000        1.070600
      53.850000        1.069423
      53.950000        1.069749
      54.050000        1.069671
      54.150000        1.069989
      54.250000        1.068595
      54.350000        1.070233
      54.450000        1.069622
      54.550000        1.068911
      54.650000        1.069235
      54.750000        1.068918
      54.850000        1.069204
      54.950000        1.068709
      55.050000        1.068906
      55.150000        1.067851
      55.250000        1.067706
      55.350000        1.066905
      55.450000        1.067734
      55.550000        1.067274
      55.650000        1.067517
      55.750000        1.067733
      55.850000        1.066831
      55.950000        1.066484
      56.050000        1.067714
      56.150000        1.066514
      56.250000        1.066188
      56.350000        1.066644
      56.450000        1.066295
      56.550000        1.066915
      56.650000        1.065234
      56.750000        1.065295
      56.850000        1.065436
      56.950000        1.064689
      57.050000        1.065074
      57.150000        1.064692
      57.250000        1.064011
      57.350000        1.064132
      57.450000        1.064234
      57.550000        1.064776
      57.650000        1.063372
      57.750000        1.064133
      57.850000        1.062814
      57.950000        1.063222
      58.050000        1.062872
      58.150000        1.061889
      58.250000        1.062047
      58.350000        1.062161
      58.450000        1.061847
      58.550000        1.062419
      58.650000        1.061034
      58.750000        1.061629
      58.850000        1.060872
      58.950000        1.060630
      59.050000        1.060779
      59.150000        1.060484
      59.250000        1.060576
      59.350000        1.060062
      59.450000        1.059850
      59.550000        1.059043
      59.650000        1.059379
      59.750000        1.059005
      59.850000        1.058394
      59.950000        1.057498
      60.050000        1.058257
      60.150000        1.057269
      60.250000        1.057023
      60.350000        1.057208
      60.450000        1.057373
      60.550000        1.056891
      60.650000        1.055460
      60.750000        1.056425
      60.850000        1.055474
      60.950000        1.056421
      61.050000        1.056138
      61.150000        1.055383
      61.250000        1.055199
      61.350000        1.055261
      61.450000        1.055730
      61.550000        1.054667
      61.650000        1.054798
      61.750000        1.054115
      61.850000        1.054740
      61.950000        1.054080
      62.050000        1.053699
      62.150000        1.054145
      62.250000        1.053986
      62.350000        1.053536
      62.450000        1.054684
      62.550000        1.053642
      62.650000        1.053070
      62.750000        1.053530
      62.850000        1.053352
      62.950000        1.053202
      63.050000        1.052889
      63.150000        1.052421
      63.250000        1.053643
      63.350000        1.052996
      63.450000        1.052862
      63.550000        1.052801
      63.650000        1.052241
      63.750000        1.052954
      63.850000        1.051676
      63.950000        1.052369
      64.050000        1.051746
      64.150000        1.051937
      64.250000        1.051642
      64.350000        1.051658
      64.450000        1.050883
      64.550000        1.051502
      64.650000        1.051148
      64.750000        1.050980
      64.850000        1.050575
      64.950000        1.050550
      65.050000        1.050263
      65.150000        1.049737
      65.250000        1.049745
      65.350000        1.049296
      65.450000        1.050320
      65.550000        1.049178
      65.650000        1.049677
      65.750000        1.048423
      65.850000        1.049064
      65.950000        1.048114
      66.050000        1.048531
      66.150000        1.048147
      66.250000        1.048564
      66.350000        1.047706
      66.450000        1.047698
      66.550000        1.048295
      66.650000        1.047650
      66.750000        1.046604
      66.850000        1.046931
      66.950000        1.046980
      67.050000        1.046276
      67.150000        1.045884
      67.250000        1.046005
      67.350000        1.046431
      67.450000        1.045268
      67.550000        1.045084
      67.650000        1.044721
      67.750000        1.045324
      67.850000        1.044930
      67.950000        1.044376
      68.050000        1.044958
      68.150000        1.045280
      68.250000        1.043943
      68.350000        1.043806
      68.450000        1.043478
      68.550000        1.043272
      68.650000        1.043134
      68.750000        1.043727
      68.850000        1.043515
      68.950000        1.043110
      69.050000        1.043472
      69.150000        1.041980
      69.250000        1.042766
      69.350000        1.041771
      69.450000        1.042218
      69.550000        1.041556
      69.650000        1.042489
      69.750000        1.041928
      69.850000        1.041745
      69.950000        1.041690
      70.050000        1.041527
      70.150000        1.040261
      70.250000        1.040791
      70.350000        1.040064
      70.450000        1.040045
      70.550000        1.039429
      70.650000        1.039539
      70.750000        1.039212
      70.850000        1.040113
      70.950000        1.038987
      71.050000        1.038916
      71.150000        1.039832
      71.250000        1.038834
      71.350000        1.038493
      71.450000        1.039276
      71.550000        1.037918
      71.650000        1.038016
      71.750000        1.038598
      71.850000        1.038023
      71.950000        1.037064
      72.050000        1.037085
      72.150000        1.037930
      72.250000        1.037557
      72.350000        1.036903
      72.450000        1.036661
      72.550000        1.036358
      72.650000        1.036562
      72.750000        1.036653
      72.850000        1.036534
      72.950000        1.036671
      73.050000        1.036552
      73.150000        1.036406
      73.250000        1.036422
      73.350000        1.035667
      73.450000        1.036519
      73.550000        1.035174
      73.650000        1.035730
      73.750000        1.035164
      73.850000        1.035688
      73.950000        1.034500
      74.050000        1.035055
      74.150000        1.034954
      74.250000        1.034587
      74.350000        1.034409
      74.450000        1.034408
      74.550000        1.035000
      74.650000        1.034689
      74.750000        1.033704
      74.850000        1.034066
      74.950000        1.034924
      75.050000        1.034347
      75.150000        1.034076
      75.250000        1.033900
      75.350000        1.033685
      75.450000        1.033510
      75.550000        1.033230
      75.650000        1.033429
      75.750000        1.033010
      75.850000        1.032949
      75.950000        1.032984
      76.050000        1.032879
      76.150000        1.032678
      76.250000        1.031559
      76.350000        1.031145
      76.450000        1.032185
      76.550000        1.032124
      76.650000        1.031823
      76.750000        1.031544
      76.850000        1.032233
      76.950000        1.032072
      77.050000        1.031158
      77.150000        1.030981
      77.250000        1.030517
      77.350000        1.031351
      77.450000        1.030692
      77.550000        1.030914
      77.650000        1.030192
      77.750000        1.030216
      77.850000        1.030157
      77.950000        1.030332
      78.050000        1.030049
      78.150000        1.030276
      78.250000        1.029401
      78.350000        1.029625
      78.450000        1.029800
      78.550000        1.029872
      78.650000        1.029204
      78.750000        1.028827
      78.850000        1.028764
      78.950000        1.029486
      79.050000        1.029110
      79.150000        1.028779
      79.250000        1.028259
      79.350000        1.029039
      79.450000        1.028582
      79.550000        1.027647
      79.650000        1.028344
      79.750000        1.028489
      79.850000        1.027393
      79.950000        1.027262
      80.050000        1.027178
      80.150000        1.027053
      80.250000        1.027453
      80.350000        1.026899
      80.450000        1.027205
      80.550000        1.026653
      80.650000        1.025806
      80.750000        1.026378
      80.850000        1.025898
      80.950000        1.025744
      81.050000        1.024876
      81.150000        1.025436
      81.250000        1.025638
      81.350000        1.024534
      81.450000        1.025185
      81.550000        1.024472
      81.650000        1.024549
      81.750000        1.024504
      81.850000        1.024132
      81.950000        1.024257
      82.050000        1.023298
      82.150000        1.023805
      82.250000        1.023354
      82.350000        1.021835
      82.450000        1.023144
      82.550000        1.022317
      82.650000        1.022329
      82.750000        1.022217
      82.850000        1.022409
      82.950000        1.022254
      83.050000        1.021810
      83.150000        1.021628
      83.250000        1.021474
      83.350000        1.020887
      83.450000        1.021533
      83.550000        1.020961
      83.650000        1.020640
      83.750000        1.021026
      83.850000        1.020310
      83.950000        1.019702
      84.050000        1.020613
      84.150000        1.019720
      84.250000        1.019838
      84.350000        1.019703
      84.450000        1.019937
      84.550000        1.019140
      84.650000        1.019279
      84.750000        1.018322
      84.850000        1.018835
      84.950000        1.018228
      85.050000        1.018247
      85.150000        1.018422
      85.250000        1.018285
      85.350000        1.017388
      85.450000        1.017389
      85.550000        1.017002
      85.650000        1.016622
      85.750000        1.017546
      85.850000        1.016847
      85.950000        1.017198
      86.050000        1.016367
      86.150000        1.016568
      86.250000        1.015991
      86.350000        1.016289
      86.450000        1.015780
      86.550000        1.015522
      86.650000        1.015605
      86.750000        1.015193
      86.850000        1.015602
      86.950000        1.015294
      87.050000        1.014803
      87.150000        1.014488
      87.250000        1.014244
      87.350000        1.014232
      87.450000        1.014592
      87.550000        1.013849
      87.650000        1.014153
      87.750000        1.013773
      87.850000        1.013308
      87.950000        1.013509
      88.050000        1.013687
      88.150000        1.013757
      88.250000        1.013921
      88.350000        1.012645
      88.450000        1.012934
      88.550000        1.012549
      88.650000        1.012453
      88.750000        1.012216
      88.850000        1.012474
      88.950000        1.011982
      89.050000        1.011676
      89.150000        1.012091
      89.250000        1.011420
      89.350000        1.011096
      89.450000        1.010912
      89.550000        1.011416
      89.650000        1.010882
      89.750000        1.010818
      89.850000        1.010617
      89.950000        1.010767
      90.050000        1.010406
      90.150000        1.010480
      90.250000        1.010540
      90.350000        1.010449
      90.450000        1.010404
      90.550000        1.010463
      90.650000        1.009800
      90.750000        1.009691
      90.850000        1.009066
      90.950000        1.009258
      91.050000        1.009206
      91.150000        1.009333
      91.250000        1.008849
      91.350000        1.008990
      91.450000        1.008373
      91.550000        1.008225
      91.650000        1.008641
      91.750000        1.008034
      91.850000        1.008881
      91.950000        1.008077
      92.050000        1.008325
      92.150000        1.008263
      92.250000        1.007468
      92.350000        1.007719
      92.450000        1.008148
      92.550000        1.007808
      92.650000        1.007449
      92.750000        1.007349
      92.850000        1.007595
      92.950000        1.007225
      93.050000        1.007023
      93.150000        1.007481
      93.250000        1.006794
      93.350000        1.006229
      93.450000        1.006040
      93.550000        1.007378
      93.650000        1.006889
      93.750000        1.006244
      93.850000        1.006542
      93.950000        1.006382
      94.050000        1.006551
      94.150000        1.006565
      94.250000        1.006357
      94.350000        1.005719
      94.450000        1.005846
      94.550000        1.005783
      94.650000        1.005769
      94.750000        1.005351
      94.850000        1.005059
      94.950000        1.005145
      95.050000        1.004875
      95.150000        1.005235
      95.250000        1.004992
      95.350000        1.004506
      95.450000        1.005084
      95.550000        1.004314
      95.650000        1.004778
      95.750000        1.004166
      95.850000        1.004872
      95.950000        1.004492
      96.050000        1.004276
      96.150000        1.003870
      96.250000        1.003607
      96.350000        1.003752
      96.450000        1.003553
      96.550000        1.003667
      96.650000        1.003212
      96.750000        1.003322
      96.850000        1.003290
      96.950000        1.002994
      97.050000        1.003196
      97.150000        1.002924
      97.250000        1.003094
      97.350000        1.002438
      97.450000        1.002372
      97.550000        1.002486
      97.650000        1.002230
      97.750000        1.002370
      97.850000        1.002438
      97.950000        1.002155
      98.050000        1.002201
      98.150000        1.002221
      98.250000        1.002474
      98.350000        1.001796
      98.450000        1.001724
      98.550000        1.001819
      98.650000        1.001163
      98.750000        1.001699
      98.850000        1.000989
      98.950000        1.001069
      99.050000        1.001425
      99.150000        1.000356
      99.250000        1.000456
      99.350000        1.000857
      99.450000        1.000524
      99.550000        1.000332
      99.650000        0.999771
      99.750000        1.000504
      99.850000        1.000508
      99.950000        1.000279
