#Distance_(Ang) :1-1276_=>_:Na+
       0.050000        0.000000
       0.150000        0.000000
       0.250000        0.000000
       0.350000        0.000000
       0.450000        0.000000
       0.550000        0.000000
       0.650000        0.000000
       0.750000        0.000000
       0.850000        0.000000
       0.950000        0.000000
       1.050000        0.000000
       1.150000        0.000000
       1.250000        0.000000
       1.350000        0.000000
       1.450000        0.000000
       1.550000        0.000000
       1.650000        0.000000
       1.750000        0.000000
       1.850000        0.000000
       1.950000        0.001382
       2.050000        0.095868
       2.150000        0.553269
       2.250000        0.704671
       2.350000        0.439802
       2.450000        0.235807
       2.550000        0.153290
       2.650000        0.127348
       2.750000        0.111538
       2.850000        0.129191
       2.950000        0.168894
       3.050000        0.231447
       3.150000        0.292376
       3.250000        0.377411
       3.350000        0.465739
       3.450000        0.502129
       3.550000        0.469583
       3.650000        0.433818
       3.750000        0.443569
       3.850000        0.492157
       3.950000        0.540764
       4.050000        0.614524
       4.150000        0.693653
       4.250000        0.754461
       4.350000        0.802990
       4.450000        0.815569
       4.550000        0.792470
       4.650000        0.804492
       4.750000        0.782623
       4.850000        0.776380
       4.950000        0.787443
       5.050000        0.797270
       5.150000        0.804625
       5.250000        0.818982
       5.350000        0.832632
       5.450000        0.835566
       5.550000        0.847504
       5.650000        0.886620
       5.750000        0.887473
       5.850000        0.910684
       5.950000        0.914230
       6.050000        0.929418
       6.150000        0.949166
       6.250000        0.940721
       6.350000        0.945955
       6.450000        0.941108
       6.550000        0.941259
       6.650000        0.931744
       6.750000        0.934123
       6.850000        0.926838
       6.950000        0.930700
       7.050000        0.936156
       7.150000        0.932070
       7.250000        0.937934
       7.350000        0.931736
       7.450000        0.937479
       7.550000        0.943422
       7.650000        0.942270
       7.750000        0.949847
       7.850000        0.949556
       7.950000        0.956186
       8.050000        0.964858
       8.150000        0.965645
       8.250000        0.964979
       8.350000        0.960649
       8.450000        0.961872
       8.550000        0.959000
       8.650000        0.958462
       8.750000        0.955925
       8.850000        0.954219
       8.950000        0.960038
       9.050000        0.959827
       9.150000        0.966847
       9.250000        0.960184
       9.350000        0.975147
       9.450000        0.972089
       9.550000        0.974553
       9.650000        0.973208
       9.750000        0.977795
       9.850000        0.973897
       9.950000        0.969798
      10.050000        0.978374
      10.150000        0.979922
      10.250000        0.972659
      10.350000        0.976443
      10.450000        0.976279
      10.550000        0.977693
      10.650000        0.977878
      10.750000        0.972610
      10.850000        0.970496
      10.950000        0.974681
      11.050000        0.971856
      11.150000        0.969524
      11.250000        0.977891
      11.350000        0.975288
      11.450000        0.974550
      11.550000        0.973199
      11.650000        0.978922
      11.750000        0.984570
      11.850000        0.987237
      11.950000        0.984561
      12.050000        0.985482
      12.150000        0.989912
      12.250000        0.989484
      12.350000        0.997596
      12.450000        0.997261
      12.550000        0.998473
      12.650000        1.001554
      12.750000        0.998412
      12.850000        1.003454
      12.950000        1.004920
      13.050000        1.009885
      13.150000        1.008708
      13.250000        1.008309
      13.350000        1.010631
      13.450000        1.014854
      13.550000        1.014177
      13.650000        1.010209
      13.750000        1.014208
      13.850000        1.018641
      13.950000        1.024652
      14.050000        1.025024
      14.150000        1.027515
      14.250000        1.032367
      14.350000        1.029064
      14.450000        1.028636
      14.550000        1.028167
      14.650000        1.027684
      14.750000        1.033962
      14.850000        1.034574
      14.950000        1.036670
      15.050000        1.039697
      15.150000        1.039024
      15.250000        1.041406
      15.350000        1.040481
      15.450000        1.041027
      15.550000        1.045212
      15.650000        1.045488
      15.750000        1.046172
      15.850000        1.047706
      15.950000        1.049069
      16.050000        1.049728
      16.150000        1.051439
      16.250000        1.052243
      16.350000        1.050703
      16.450000        1.053393
      16.550000        1.052625
      16.650000        1.052263
      16.750000        1.055663
      16.850000        1.055805
      16.950000        1.049412
      17.050000        1.053796
      17.150000        1.052977
      17.250000        1.055347
      17.350000        1.055465
      17.450000        1.055779
      17.550000        1.053873
      17.650000        1.058407
      17.750000        1.057920
      17.850000        1.058139
      17.950000        1.058370
      18.050000        1.058374
      18.150000        1.055984
      18.250000        1.054875
      18.350000        1.057803
      18.450000        1.057511
      18.550000        1.056799
      18.650000        1.057205
      18.750000        1.056179
      18.850000        1.059105
      18.950000        1.058146
      19.050000        1.056990
      19.150000        1.058119
      19.250000        1.057549
      19.350000        1.058277
      19.450000        1.057419
      19.550000        1.054995
      19.650000        1.056946
      19.750000        1.059449
      19.850000        1.058081
      19.950000        1.054838
      20.050000        1.057175
      20.150000        1.057060
      20.250000        1.057573
      20.350000        1.055230
      20.450000        1.052947
      20.550000        1.053372
      20.650000        1.052554
      20.750000        1.054161
      20.850000        1.054437
      20.950000        1.049926
      21.050000        1.052678
      21.150000        1.052298
      21.250000        1.051630
      21.350000        1.048484
      21.450000        1.053191
      21.550000        1.051101
      21.650000        1.053562
      21.750000        1.050204
      21.850000        1.049503
      21.950000        1.049307
      22.050000        1.047762
      22.150000        1.051570
      22.250000        1.049785
      22.350000        1.051104
      22.450000        1.048585
      22.550000        1.050008
      22.650000        1.048119
      22.750000        1.048398
      22.850000        1.047788
      22.950000        1.047509
      23.050000        1.049526
      23.150000        1.047835
      23.250000        1.048939
      23.350000        1.048385
      23.450000        1.048734
      23.550000        1.048346
      23.650000        1.049579
      23.750000        1.048631
      23.850000        1.048490
      23.950000        1.049876
      24.050000        1.048476
      24.150000        1.048887
      24.250000        1.050386
      24.350000        1.049592
      24.450000        1.052061
      24.550000        1.051224
      24.650000        1.051899
      24.750000        1.046762
      24.850000        1.050710
      24.950000        1.051036
      25.050000        1.048716
      25.150000        1.052257
      25.250000        1.051535
      25.350000        1.051573
      25.450000        1.050782
      25.550000        1.051065
      25.650000        1.053413
      25.750000        1.053331
      25.850000        1.057007
      25.950000        1.054071
      26.050000        1.057850
      26.150000        1.054385
      26.250000        1.057231
      26.350000        1.058454
      26.450000        1.058337
      26.550000        1.057161
      26.650000        1.058642
      26.750000        1.059668
      26.850000        1.061025
      26.950000        1.059806
      27.050000        1.059990
      27.150000        1.061131
      27.250000        1.063841
      27.350000        1.062442
      27.450000        1.062543
      27.550000        1.064352
      27.650000        1.064334
      27.750000        1.064289
      27.850000        1.065226
      27.950000        1.066192
      28.050000        1.065372
      28.150000        1.066771
      28.250000        1.065973
      28.350000        1.068484
      28.450000        1.069573
      28.550000        1.069153
      28.650000        1.069418
      28.750000        1.069689
      28.850000        1.067954
      28.950000        1.070367
      29.050000        1.071955
      29.150000        1.072213
      29.250000        1.070925
      29.350000        1.071882
      29.450000        1.071626
      29.550000        1.071511
      29.650000        1.074427
      29.750000        1.074018
      29.850000        1.073927
      29.950000        1.073096
      30.050000        1.075228
      30.150000        1.074410
      30.250000        1.076812
      30.350000        1.075858
      30.450000        1.077911
      30.550000        1.077798
      30.650000        1.075676
      30.750000        1.077201
      30.850000        1.078101
      30.950000        1.080565
      31.050000        1.078082
      31.150000        1.079123
      31.250000        1.081164
      31.350000        1.079637
      31.450000        1.080303
      31.550000        1.079070
      31.650000        1.081088
      31.750000        1.081457
      31.850000        1.081634
      31.950000        1.080477
      32.050000        1.081105
      32.150000        1.083500
      32.250000        1.081772
      32.350000        1.083190
      32.450000        1.082394
      32.550000        1.084003
      32.650000        1.082907
      32.750000        1.083286
      32.850000        1.084390
      32.950000        1.081498
      33.050000        1.084381
      33.150000        1.084773
      33.250000        1.083120
      33.350000        1.084196
      33.450000        1.084047
      33.550000        1.082684
      33.650000        1.083735
      33.750000        1.082651
      33.850000        1.084030
      33.950000        1.084853
      34.050000        1.083383
      34.150000        1.085173
      34.250000        1.084533
      34.350000        1.083699
      34.450000        1.083691
      34.550000        1.084306
      34.650000        1.083469
      34.750000        1.081485
      34.850000        1.083645
      34.950000        1.085277
      35.050000        1.083513
      35.150000        1.084926
      35.250000        1.084287
      35.350000        1.085033
      35.450000        1.082894
      35.550000        1.084609
      35.650000        1.083585
      35.750000        1.083575
      35.850000        1.085876
      35.950000        1.084312
      36.050000        1.085053
      36.150000        1.085547
      36.250000        1.083581
      36.350000        1.084555
      36.450000        1.086280
      36.550000        1.084800
      36.650000        1.084338
      36.750000        1.085565
      36.850000        1.086809
      36.950000        1.085558
      37.050000        1.086810
      37.150000        1.084536
      37.250000        1.085452
      37.350000        1.085836
      37.450000        1.084175
      37.550000        1.086841
      37.650000        1.086104
      37.750000        1.085506
      37.850000        1.085191
      37.950000        1.085654
      38.050000        1.086470
      38.150000        1.086691
      38.250000        1.085516
      38.350000        1.086781
      38.450000        1.087175
      38.550000        1.087267
      38.650000        1.086836
      38.750000        1.085645
      38.850000        1.086058
      38.950000        1.087122
      39.050000        1.086852
      39.150000        1.087153
      39.250000        1.087903
      39.350000        1.086717
      39.450000        1.086103
      39.550000        1.085840
      39.650000        1.086338
      39.750000        1.085366
      39.850000        1.085444
      39.950000        1.086524
      40.050000        1.085022
      40.150000        1.085534
      40.250000        1.086239
      40.350000        1.085210
      40.450000        1.085070
      40.550000        1.085580
      40.650000        1.085535
      40.750000        1.085605
      40.850000        1.085996
      40.950000        1.086226
      41.050000        1.085813
      41.150000        1.085269
      41.250000        1.084713
      41.350000        1.086119
      41.450000        1.082713
      41.550000        1.084429
      41.650000        1.085247
      41.750000        1.086237
      41.850000        1.084324
      41.950000        1.084476
      42.050000        1.084275
      42.150000        1.084182
      42.250000        1.082872
      42.350000        1.083995
      42.450000        1.083757
      42.550000        1.083886
      42.650000        1.083944
      42.750000        1.084743
      42.850000        1.084800
      42.950000        1.082878
      43.050000        1.083985
      43.150000        1.084135
      43.250000        1.084043
      43.350000        1.082676
      43.450000        1.084047
      43.550000        1.081605
      43.650000        1.083052
      43.750000        1.081667
      43.850000        1.083338
      43.950000        1.081257
      44.050000        1.083069
      44.150000        1.083062
      44.250000        1.080907
      44.350000        1.082091
      44.450000        1.082011
      44.550000        1.082385
      44.650000        1.081855
      44.750000        1.081727
      44.850000        1.081415
      44.950000        1.082457
      45.050000        1.082194
      45.150000        1.080849
      45.250000        1.080773
      45.350000        1.081429
      45.450000        1.081922
      45.550000        1.080748
      45.650000        1.081757
      45.750000        1.080686
      45.850000        1.082170
      45.950000        1.080461
      46.050000        1.080394
      46.150000        1.080525
      46.250000        1.080724
      46.350000        1.080328
      46.450000        1.080081
      46.550000        1.080840
      46.650000        1.079540
      46.750000        1.080542
      46.850000        1.080012
      46.950000        1.080824
      47.050000        1.079687
      47.150000        1.079676
      47.250000        1.079700
      47.350000        1.078857
      47.450000        1.079949
      47.550000        1.080635
      47.650000        1.079393
      47.750000        1.078489
      47.850000        1.078726
      47.950000        1.078358
      48.050000        1.078960
      48.150000        1.078367
      48.250000        1.078579
      48.350000        1.077183
      48.450000        1.078862
      48.550000        1.078027
      48.650000        1.078224
      48.750000        1.078544
      48.850000        1.077500
      48.950000        1.077857
      49.050000        1.078008
      49.150000        1.076508
      49.250000        1.076502
      49.350000        1.077065
      49.450000        1.076846
      49.550000        1.076213
      49.650000        1.076903
      49.750000        1.076190
      49.850000        1.075723
      49.950000        1.076954
      50.050000        1.075624
      50.150000        1.075514
      50.250000        1.075175
      50.350000        1.075304
      50.450000        1.074941
      50.550000        1.074854
      50.650000        1.075014
      50.750000        1.075206
      50.850000        1.074121
      50.950000        1.074484
      51.050000        1.074717
      51.150000        1.075185
      51.250000        1.074856
      51.350000        1.075501
      51.450000        1.074209
      51.550000        1.073159
      51.650000        1.073351
      51.750000        1.074741
      51.850000        1.073435
      51.950000        1.072630
      52.050000        1.074220
      52.150000        1.073236
      52.250000        1.072968
      52.350000        1.072046
      52.450000        1.073217
      52.550000        1.072815
      52.650000        1.071767
      52.750000        1.072964
      52.850000        1.071660
      52.950000        1.072549
      53.050000        1.072712
      53.150000        1.073098
      53.250000        1.071637
      53.350000        1.071964
      53.450000        1.070965
      53.550000        1.072032
      53.650000        1.071937
      53.750000        1.070964
      53.850000        1.071815
      53.950000        1.071633
      54.050000        1.071643
      54.150000        1.071040
      54.250000        1.072069
      54.350000        1.070333
      54.450000        1.071767
      54.550000        1.071199
      54.650000        1.071255
      54.750000        1.070597
      54.850000        1.071114
      54.950000        1.068901
      55.050000        1.070509
      55.150000        1.070639
      55.250000        1.069319
      55.350000        1.069890
      55.450000        1.069654
      55.550000        1.069386
      55.650000        1.070099
      55.750000        1.068290
      55.850000        1.069350
      55.950000        1.069484
      56.050000        1.069828
      56.150000        1.068594
      56.250000        1.068527
      56.350000        1.068011
      56.450000        1.067665
      56.550000        1.068377
      56.650000        1.067877
      56.750000        1.067123
      56.850000        1.067890
      56.950000        1.067354
      57.050000        1.066332
      57.150000        1.067289
      57.250000        1.066813
      57.350000        1.066752
      57.450000        1.066660
      57.550000        1.066885
      57.650000        1.065805
      57.750000        1.065096
      57.850000        1.065910
      57.950000        1.065684
      58.050000        1.065750
      58.150000        1.064398
      58.250000        1.065424
      58.350000        1.065477
      58.450000        1.064859
      58.550000        1.064623
      58.650000        1.063654
      58.750000        1.064235
      58.850000        1.064029
      58.950000        1.064184
      59.050000        1.063910
      59.150000        1.064619
      59.250000        1.062871
      59.350000        1.064173
      59.450000        1.063398
      59.550000        1.062512
      59.650000        1.063120
      59.750000        1.062114
      59.850000        1.062029
      59.950000        1.061015
      60.050000        1.061793
      60.150000        1.060650
      60.250000        1.059694
      60.350000        1.060886
      60.450000        1.059754
      60.550000        1.060326
      60.650000        1.059822
      60.750000        1.061519
      60.850000        1.060596
      60.950000        1.058850
      61.050000        1.059394
      61.150000        1.059193
      61.250000        1.058610
      61.350000        1.058037
      61.450000        1.059141
      61.550000        1.058363
      61.650000        1.057436
      61.750000        1.058536
      61.850000        1.058105
      61.950000        1.057519
      62.050000        1.056974
      62.150000        1.057595
      62.250000        1.057672
      62.350000        1.056806
      62.450000        1.057219
      62.550000        1.056544
      62.650000        1.056525
      62.750000        1.056370
      62.850000        1.057074
      62.950000        1.056613
      63.050000        1.056582
      63.150000        1.056044
      63.250000        1.057389
      63.350000        1.056543
      63.450000        1.056122
      63.550000        1.055702
      63.650000        1.055905
      63.750000        1.055309
      63.850000        1.056197
      63.950000        1.055232
      64.050000        1.055362
      64.150000        1.055744
      64.250000        1.056200
      64.350000        1.054603
      64.450000        1.055561
      64.550000        1.055278
      64.650000        1.055146
      64.750000        1.055266
      64.850000        1.054372
      64.950000        1.053946
      65.050000        1.053300
      65.150000        1.054233
      65.250000        1.053738
      65.350000        1.054318
      65.450000        1.053678
      65.550000        1.055302
      65.650000        1.053845
      65.750000        1.054125
      65.850000        1.052637
      65.950000        1.053039
      66.050000        1.053420
      66.150000        1.053373
      66.250000        1.053235
      66.350000        1.052742
      66.450000        1.052911
      66.550000        1.052671
      66.650000        1.053001
      66.750000        1.051998
      66.850000        1.051843
      66.950000        1.051637
      67.050000        1.052375
      67.150000        1.052001
      67.250000        1.051120
      67.350000        1.051083
      67.450000        1.051204
      67.550000        1.051993
      67.650000        1.051251
      67.750000        1.050912
      67.850000        1.051640
      67.950000        1.051438
      68.050000        1.049870
      68.150000        1.050599
      68.250000        1.050164
      68.350000        1.050186
      68.450000        1.050160
      68.550000        1.049688
      68.650000        1.049286
      68.750000        1.049982
      68.850000        1.049953
      68.950000        1.049611
      69.050000        1.049185
      69.150000        1.048966
      69.250000        1.048650
      69.350000        1.048734
      69.450000        1.049150
      69.550000        1.048171
      69.650000        1.048852
      69.750000        1.048566
      69.850000        1.047734
      69.950000        1.048040
      70.050000        1.047926
      70.150000        1.047428
      70.250000        1.047559
      70.350000        1.047687
      70.450000        1.047104
      70.550000        1.046766
      70.650000        1.047100
      70.750000        1.047347
      70.850000        1.046586
      70.950000        1.046363
      71.050000        1.046432
      71.150000        1.046856
      71.250000        1.046693
      71.350000        1.046383
      71.450000        1.046120
      71.550000        1.046428
      71.650000        1.045738
      71.750000        1.045604
      71.850000        1.045625
      71.950000        1.045712
      72.050000        1.045527
      72.150000        1.045041
      72.250000        1.045335
      72.350000        1.044361
      72.450000        1.045545
      72.550000        1.044235
      72.650000        1.044863
      72.750000        1.044023
      72.850000        1.044799
      72.950000        1.044695
      73.050000        1.044794
      73.150000        1.044523
      73.250000        1.044028
      73.350000        1.043194
      73.450000        1.044258
      73.550000        1.043890
      73.650000        1.043679
      73.750000        1.042483
      73.850000        1.043085
      73.950000        1.042977
      74.050000        1.043189
      74.150000        1.043512
      74.250000        1.043292
      74.350000        1.043010
      74.450000        1.042726
      74.550000        1.042718
      74.650000        1.042426
      74.750000        1.042356
      74.850000        1.042120
      74.950000        1.042005
      75.050000        1.042362
      75.150000        1.041641
      75.250000        1.042205
      75.350000        1.042134
      75.450000        1.041522
      75.550000        1.041792
      75.650000        1.041749
      75.750000        1.041958
      75.850000        1.041551
      75.950000        1.041435
      76.050000        1.041189
      76.150000        1.041493
      76.250000        1.041723
      76.350000        1.041416
      76.450000        1.041311
      76.550000        1.040613
      76.650000        1.041327
      76.750000        1.041405
      76.850000        1.040904
      76.950000        1.040163
      77.050000        1.041342
      77.150000        1.040449
      77.250000        1.040216
      77.350000        1.040748
      77.450000        1.039835
      77.550000        1.039409
      77.650000        1.039680
      77.750000        1.039325
      77.850000        1.039744
      77.950000        1.039745
      78.050000        1.039446
      78.150000        1.038812
      78.250000        1.038612
      78.350000        1.038026
      78.450000        1.038844
      78.550000        1.038750
      78.650000        1.037934
      78.750000        1.038009
      78.850000        1.038277
      78.950000        1.038097
      79.050000        1.037420
      79.150000        1.036916
      79.250000        1.037481
      79.350000        1.036795
      79.450000        1.035757
      79.550000        1.036295
      79.650000        1.036244
      79.750000        1.036131
      79.850000        1.036020
      79.950000        1.035516
      80.050000        1.035393
      80.150000        1.035208
      80.250000        1.036094
      80.350000        1.034887
      80.450000        1.034515
      80.550000        1.034530
      80.650000        1.034334
      80.750000        1.034193
      80.850000        1.034235
      80.950000        1.033824
      81.050000        1.034390
      81.150000        1.034145
      81.250000        1.033155
      81.350000        1.033103
      81.450000        1.033246
      81.550000        1.032886
      81.650000        1.031690
      81.750000        1.032538
      81.850000        1.031276
      81.950000        1.031300
      82.050000        1.031223
      82.150000        1.031496
      82.250000        1.031290
      82.350000        1.030988
      82.450000        1.030881
      82.550000        1.029752
      82.650000        1.030022
      82.750000        1.030073
      82.850000        1.029971
      82.950000        1.030311
      83.050000        1.029251
      83.150000        1.029248
      83.250000        1.029579
      83.350000        1.028497
      83.450000        1.028701
      83.550000        1.028499
      83.650000        1.028667
      83.750000        1.028216
      83.850000        1.027467
      83.950000        1.027643
      84.050000        1.027685
      84.150000        1.026999
      84.250000        1.026834
      84.350000        1.026934
      84.450000        1.026641
      84.550000        1.026841
      84.650000        1.026514
      84.750000        1.025853
      84.850000        1.025699
      84.950000        1.026003
      85.050000        1.025167
      85.150000        1.025388
      85.250000        1.025259
      85.350000        1.024807
      85.450000        1.025039
      85.550000        1.024453
      85.650000        1.024799
      85.750000        1.024774
      85.850000        1.024180
      85.950000        1.023930
      86.050000        1.023339
      86.150000        1.023543
      86.250000        1.023093
      86.350000        1.022583
      86.450000        1.022780
      86.550000        1.022714
      86.650000        1.022760
      86.750000        1.021918
      86.850000        1.021871
      86.950000        1.020971
      87.050000        1.021077
      87.150000        1.020496
      87.250000        1.021418
      87.350000        1.021323
      87.450000        1.021640
      87.550000        1.020485
      87.650000        1.020265
      87.750000        1.020190
      87.850000        1.020908
      87.950000        1.020023
      88.050000        1.019299
      88.150000        1.019961
      88.250000        1.019356
      88.350000        1.019797
      88.450000        1.019236
      88.550000        1.019004
      88.650000        1.018503
      88.750000        1.018838
      88.850000        1.019011
      88.950000        1.018045
      89.050000        1.018271
      89.150000        1.018395
      89.250000        1.017584
      89.350000        1.017693
      89.450000        1.016781
      89.550000        1.017215
      89.650000        1.017430
      89.750000        1.017076
      89.850000        1.017422
      89.950000        1.016773
      90.050000        1.016314
      90.150000        1.016948
      90.250000        1.016170
      90.350000        1.016351
      90.450000        1.016322
      90.550000        1.015500
      90.650000        1.015225
      90.750000        1.015052
      90.850000        1.015120
      90.950000        1.015164
      91.050000        1.015356
      91.150000        1.015045
      91.250000        1.014097
      91.350000        1.014834
      91.450000        1.014021
      91.550000        1.014674
      91.650000        1.013784
      91.750000        1.013787
      91.850000        1.014107
      91.950000        1.013657
      92.050000        1.013454
      92.150000        1.012959
      92.250000        1.013728
      92.350000        1.013567
      92.450000        1.013474
      92.550000        1.013196
      92.650000        1.012885
      92.750000        1.013133
      92.850000        1.012519
      92.950000        1.012505
      93.050000        1.012532
      93.150000        1.012121
      93.250000        1.011662
      93.350000        1.012356
      93.450000        1.012177
      93.550000        1.011665
      93.650000        1.011280
      93.750000        1.011142
      93.850000        1.010953
      93.950000        1.011029
      94.050000        1.011212
      94.150000        1.011111
      94.250000        1.010834
      94.350000        1.011109
      94.450000        1.010254
      94.550000        1.010436
      94.650000        1.010426
      94.750000        1.010331
      94.850000        1.010300
      94.950000        1.010577
      95.050000        1.009511
      95.150000        1.009658
      95.250000        1.009252
      95.350000        1.008937
      95.450000        1.009780
      95.550000        1.008785
      95.650000        1.008098
      95.750000        1.008790
      95.850000        1.009094
      95.950000        1.008183
      96.050000        1.007860
      96.150000        1.007811
      96.250000        1.008952
      96.350000        1.007767
      96.450000        1.007507
      96.550000        1.007514
      96.650000        1.007619
      96.750000        1.007183
      96.850000        1.007083
      96.950000        1.006943
      97.050000        1.006672
      97.150000        1.007050
      97.250000        1.006524
      97.350000        1.006173
      97.450000        1.006271
      97.550000        1.005969
      97.650000        1.006089
      97.750000        1.006727
      97.850000        1.005910
      97.950000        1.005499
      98.050000        1.006010
      98.150000        1.005401
      98.250000        1.004992
      98.350000        1.004703
      98.450000        1.005257
      98.550000        1.005366
      98.650000        1.004746
      98.750000        1.004763
      98.850000        1.004395
      98.950000        1.004309
      99.050000        1.003863
      99.150000        1.004158
      99.250000        1.003357
      99.350000        1.003530
      99.450000        1.004316
      99.550000        1.003166
      99.650000        1.003147
      99.750000        1.002829
      99.850000        1.002834
      99.950000        1.003234
